1398294357925,41627246797000,171538051000001,-16.557,5.096,-29.214,0
1398294357928,41627253755000,171538051000001,-15.451,5.096,-30.882,0
1398294357934,41627263581000,171538051000001,-14.642,5.096,-32.188,0
1398294357980,41627273591000,171538051000001,-13.659,4.356,-32.962,0
1398294357983,41627283601000,171538051000001,-12.251,3.695,-33.332,0
1398294357985,41627293611000,171538051000001,-11.227,2.999,-33.856,0
1398294357987,41627303620000,171538051000001,-9.977,2.59,-33.856,0
1398294357989,41627313600000,171538051000001,-8.625,2.59,-34.834,0
1398294357993,41627323609000,171538051000001,-7.969,1.742,-34.834,0
1398294358004,41627333650000,171538051000001,-6.216,1.44,-34.834,0
1398294358016,41627343629000,171538051000001,-6.216,1.44,-35.189,0
1398294358023,41627353639000,171538051000001,-5.751,1.44,-35.189,0
1398294358035,41627365205000,171538051000001,-6.614,1.837,-35.189,0
1398294358044,41627373872000,171538051000001,-7.017,1.837,-35.189,0
1398294358054,41627383668000,171538051000001,-6.379,0.796,-35.189,0
1398294358064,41627393678000,171538051000001,-7.731,1.42,-34.889,0
1398294358074,41627403718000,171538051000001,-7.073,1.074,-34.889,0
1398294358084,41627413728000,171538051000001,-7.386,1.074,-34.889,0
1398294358094,41627423738000,171538051000001,-7.809,1.074,-34.889,0
1398294358104,41627433747000,171538051000001,-7.809,1.637,-34.889,0
1398294358115,41627443757000,171538051000001,-7.809,1.637,-34.889,0
1398294358124,41627453767000,171538051000001,-7.809,1.637,-34.889,0
1398294358134,41627463746000,171538051000001,-7.809,1.637,-34.889,0
1398294358144,41627473756000,171538051000001,-7.809,1.637,-35.194,0
1398294358154,41627483796000,171538051000001,-7.498,1.637,-35.194,0
1398294358164,41627493806000,171538051000001,-7.498,1.321,-35.194,0
1398294358174,41627503816000,171538051000001,-7.128,1.321,-35.194,0
1398294358184,41627513825000,171538051000001,-7.128,1.321,-35.194,0
1398294358194,41627523805000,171538051000001,-7.128,1.321,-35.194,0
1398294358204,41627533814000,171538051000001,-7.128,1.321,-35.194,0
1398294358216,41627545411000,171538051000001,-7.128,1.321,-35.194,0
1398294358224,41627553895000,171538051000001,-7.128,1.321,-35.194,0
1398294358234,41627563874000,171538051000001,-7.128,1.321,-35.194,0
1398294358244,41627573854000,171538051000001,-7.128,1.321,-35.194,0
1398294358254,41627583863000,171538051000001,-7.128,1.321,-35.194,0
1398294358265,41627593843000,171538051000001,-7.128,1.321,-35.194,0
1398294358274,41627603883000,171538051000001,-7.128,1.321,-35.194,0
1398294358284,41627613893000,171538051000001,-6.784,1.321,-35.194,0
1398294358294,41627623872000,171538051000001,-6.784,1.321,-35.533,0
1398294358304,41627633912000,171538051000001,-6.784,1.696,-35.533,0
1398294358316,41627643891000,171538051000001,-6.39,1.696,-35.533,0
1398294358324,41627653932000,171538051000001,-6.39,1.696,-35.533,0
1398294358334,41627663941000,171538051000001,-6.39,2.011,-35.533,0
1398294358344,41627673921000,171538051000001,-6.39,2.011,-35.842,0
1398294358354,41627683930000,171538051000001,-6.39,2.011,-35.842,0
1398294358364,41627693940000,171538051000001,-6.056,2.38,-35.842,0
1398294358374,41627703950000,171538051000001,-6.056,2.38,-35.842,0
1398294358384,41627713960000,171538051000001,-6.056,2.38,-35.842,0
1398294358395,41627725526000,171538051000001,-6.056,2.38,-35.842,0
1398294358404,41627734010000,171538051000001,-6.056,2.738,-36.151,0
1398294358414,41627743989000,171538051000001,-5.715,2.738,-36.151,0
1398294358424,41627753999000,171538051000001,-5.715,2.738,-36.151,0
1398294358434,41627764009000,171538051000001,-5.715,2.738,-36.151,0
1398294358444,41627774018000,171538051000001,-5.413,2.738,-36.151,0
1398294358464,41627784150000,171538051000001,-5.413,2.738,-36.151,0
1398294358466,41627794068000,171538051000001,-5.413,2.738,-36.151,0
1398294358474,41627804078000,171538051000001,-5.413,2.738,-36.151,0
1398294358484,41627814088000,171538051000001,-5.413,2.738,-36.151,0
1398294358494,41627824250000,171538051000001,-5.413,2.738,-36.151,0
1398294358504,41627834077000,171538051000001,-5.413,2.738,-36.151,0
1398294358514,41627844087000,171538051000001,-5.413,2.738,-36.462,0
1398294358524,41627854096000,171538051000001,-5.413,2.738,-36.462,0
1398294358534,41627864106000,171538051000001,-5.413,2.738,-36.462,0
1398294358544,41627874116000,171538051000001,-5.413,2.738,-36.462,0
1398294358554,41627884126000,171538051000001,-5.11,2.738,-36.462,0
1398294358564,41627894136000,171538051000001,-5.11,2.738,-36.462,0
1398294358577,41627906556000,171538051000001,-5.11,2.738,-36.462,0
1398294358588,41627918305000,171538051000001,-5.11,2.738,-36.462,0
1398294358599,41627928529000,171538051000001,-5.11,2.738,-36.462,0
1398294358608,41627938264000,171538051000001,-5.11,2.738,-36.462,0
1398294358618,41627948426000,171538051000001,-5.11,2.738,-36.462,0
1398294358628,41627958253000,171538051000001,-5.11,2.738,-36.462,0
1398294358638,41627967835000,171538051000001,-5.43,2.738,-36.462,0
1398294358649,41627979249000,171538051000001,-5.43,2.738,-36.462,0
1398294358658,41627988008000,171538051000001,-5.43,2.738,-36.462,0
1398294358669,41627998689000,171538051000001,-5.735,2.398,-36.462,0
1398294358678,41628007966000,171538051000001,-5.735,2.398,-36.462,0
1398294358688,41628018159000,171538051000001,-5.735,2.398,-36.462,0
1398294358699,41628028504000,171538051000001,-6.06,2.398,-36.462,0
1398294358711,41628038697000,171538051000001,-6.06,2.009,-36.462,0
1398294358716,41628045777000,171538051000001,-6.06,2.009,-36.462,0
1398294358728,41628057557000,171538051000001,-6.419,2.009,-36.462,0
1398294358737,41628066438000,171538051000001,-6.419,2.009,-36.462,0
1398294358748,41628077516000,171538051000001,-6.419,2.009,-36.462,0
1398294358761,41628090974000,171538051000001,-6.782,2.009,-36.462,0
1398294358766,41628095857000,171538051000001,-6.782,2.009,-36.462,0
1398294358778,41628107575000,171538051000001,-6.782,1.701,-36.462,0
1398294358788,41628118379000,171538051000001,-7.109,1.701,-36.462,0
1398294358798,41628127839000,171538051000001,-7.109,1.701,-36.462,0
1398294358809,41628139070000,171538051000001,-7.109,1.701,-36.462,0
1398294358818,41628148377000,171538051000001,-7.109,1.701,-36.138,0
1398294358829,41628158570000,171538051000001,-7.109,1.701,-36.138,0
1398294358838,41628167634000,171538051000001,-7.109,1.701,-36.138,0
1398294358849,41628178498000,171538051000001,-7.109,1.701,-36.138,0
1398294358857,41628186524000,171538051000001,-7.109,1.701,-36.138,0
1398294358869,41628198640000,171538051000001,-7.109,1.701,-36.138,0
1398294358880,41628209199000,171538051000001,-7.109,1.701,-36.138,0
1398294358888,41628218202000,171538051000001,-7.109,1.701,-36.138,0
1398294358899,41628228791000,171538051000001,-7.109,1.701,-36.138,0
1398294358909,41628238923000,171538051000001,-7.109,2.001,-36.138,0
1398294358919,41628248506000,171538051000001,-7.109,2.001,-36.138,0
1398294358929,41628258668000,171538051000001,-7.109,2.001,-36.138,0
1398294358939,41628268403000,171538051000001,-7.109,2.001,-36.138,0
1398294358963,41628275300000,171538051000001,-7.109,2.001,-36.138,0
1398294358965,41628284761000,171538051000001,-6.771,2.001,-36.138,0
1398294358967,41628294557000,171538051000001,-6.771,2.001,-36.138,0
1398294358975,41628304597000,171538051000001,-6.771,2.345,-36.138,0
1398294358985,41628314576000,171538051000001,-6.771,2.345,-36.138,0
1398294358995,41628324586000,171538051000001,-6.771,2.345,-36.138,0
1398294359005,41628334596000,171538051000001,-6.771,2.345,-36.138,0
1398294359015,41628344636000,171538051000001,-6.771,2.345,-36.138,0
1398294359025,41628354615000,171538051000001,-6.451,2.345,-36.138,0
1398294359035,41628364625000,171538051000001,-6.451,2.676,-36.138,0
1398294359045,41628374665000,171538051000001,-6.451,2.676,-36.138,0
1398294359055,41628384645000,171538051000001,-6.451,2.676,-36.138,0
1398294359069,41628398408000,171538051000001,-6.451,2.676,-36.138,0
1398294359079,41628408814000,171538051000001,-6.451,2.676,-36.138,0
1398294359088,41628418336000,171538051000001,-6.451,2.676,-36.138,0
1398294359099,41628428987000,171538051000001,-6.451,2.676,-36.138,0
1398294359109,41628438783000,171538051000001,-6.451,2.676,-36.138,0
1398294359121,41628450563000,171538051000001,-6.451,2.676,-36.138,0
1398294359127,41628456880000,171538051000001,-6.451,2.676,-36.138,0
1398294359138,41628467897000,171538051000001,-6.451,2.676,-36.138,0
1398294359148,41628477510000,171538051000001,-6.451,2.676,-36.138,0
1398294359160,41628489961000,171538051000001,-6.451,2.676,-36.138,0
1398294359167,41628497102000,171538051000001,-6.451,2.676,-36.138,0
1398294359179,41628508637000,171538051000001,-6.451,2.676,-36.138,0
1398294359189,41628518830000,171538051000001,-6.451,2.676,-36.138,0
1398294359199,41628529023000,171538051000001,-6.451,2.676,-36.138,0
1398294359210,41628539247000,171538051000001,-6.451,2.676,-36.138,0
1398294359219,41628548951000,171538051000001,-6.451,2.676,-36.138,0
1398294359229,41628559144000,171538051000001,-6.451,2.676,-36.138,0
1398294359238,41628567964000,171538051000001,-6.451,2.676,-36.138,0
1398294359250,41628580018000,171538051000001,-6.451,2.676,-36.138,0
1398294359259,41628588441000,171538051000001,-6.143,2.676,-36.138,0
1398294359269,41628598847000,171538051000001,-6.143,2.676,-36.454,0
1398294359279,41628609284000,171538051000001,-6.143,2.676,-36.454,0
1398294359289,41628618928000,171538051000001,-6.143,2.676,-36.454,0
1398294359302,41628631745000,171538051000001,-6.143,2.676,-36.454,0
1398294359306,41628636354000,171538051000001,-6.143,2.676,-36.454,0
1398294359318,41628647859000,171538051000001,-6.143,2.676,-36.454,0
1398294359329,41628659333000,171538051000001,-6.143,2.676,-36.454,0
1398294359338,41628668092000,171538051000001,-6.143,2.676,-36.454,0
1398294359351,41628680482000,171538051000001,-6.143,2.676,-36.454,0
1398294359357,41628687318000,171538051000001,-6.143,2.676,-36.454,0
1398294359372,41628701325000,171538051000001,-6.143,2.676,-36.454,0
1398294359376,41628706300000,171538051000001,-6.143,2.676,-36.454,0
1398294359390,41628720216000,171538051000001,-6.143,2.676,-36.454,0
1398294359398,41628727601000,171538051000001,-6.143,2.676,-36.454,0
1398294359411,41628740541000,171538051000001,-6.143,2.676,-36.454,0
1398294359418,41628747468000,171538051000001,-6.143,2.676,-36.454,0
1398294359430,41628759858000,171538051000001,-6.143,2.676,-36.454,0
1398294359439,41628768647000,171538051000001,-6.143,2.676,-36.454,0
1398294359447,41628775300000,171538051000001,-6.143,2.676,-36.454,0
1398294359455,41628785066000,171538051000001,-6.143,2.676,-36.454,0
1398294359467,41628796327000,171538051000001,-6.143,2.676,-36.454,0
1398294359477,41628806611000,171538051000001,-6.143,2.676,-36.454,0
1398294359485,41628815126000,171538051000001,-6.143,2.676,-36.454,0
1398294359495,41628825074000,171538051000001,-6.143,2.676,-36.454,0
1398294359505,41628835115000,171538051000001,-6.143,2.676,-36.454,0
1398294359515,41628845094000,171538051000001,-6.143,2.676,-36.454,0
1398294359525,41628855104000,171538051000001,-6.143,2.676,-36.454,0
1398294359535,41628865113000,171538051000001,-6.143,2.676,-36.454,0
1398294359551,41628880616000,171538051000001,-6.143,2.676,-36.454,0
1398294359557,41628887452000,171538051000001,-6.143,2.676,-36.454,0
1398294359572,41628901765000,171538051000001,-6.143,2.676,-36.454,0
1398294359577,41628906526000,171538051000001,-6.143,2.676,-36.454,0
1398294359592,41628921479000,171538051000001,-6.143,2.676,-36.454,0
1398294359597,41628927125000,171538051000001,-6.143,2.676,-36.454,0
1398294359612,41628941651000,171538051000001,-6.143,2.676,-36.454,0
1398294359617,41628946656000,171538051000001,-6.143,2.676,-36.454,0
1398294359632,41628961518000,171538051000001,-6.143,2.676,-36.454,0
1398294359636,41628965669000,171538051000001,-6.143,2.676,-36.454,0
1398294359652,41628981538000,171538051000001,-6.143,2.676,-36.454,0
1398294359660,41628989137000,171538051000001,-6.445,2.676,-36.454,0
1398294359668,41628998231000,171538051000001,-6.445,2.676,-36.454,0
1398294359680,41629010255000,171538051000001,-6.445,2.676,-36.454,0
1398294359689,41629018983000,171538051000001,-6.445,2.676,-36.454,0
1398294359697,41629027223000,171538051000001,-6.445,2.676,-36.454,0
1398294359711,41629040467000,171538051000001,-6.445,2.676,-36.454,0
1398294359718,41629047547000,171538051000001,-6.445,2.676,-36.454,0
1398294359730,41629060060000,171538051000001,-6.445,2.676,-36.454,0
1398294359739,41629068299000,171538051000001,-6.445,2.992,-36.454,0
1398294359750,41629079560000,171538051000001,-6.445,2.992,-36.454,0
1398294359759,41629088624000,171538051000001,-6.445,2.992,-36.454,0
1398294359769,41629099244000,171538051000001,-6.445,2.992,-36.454,0
1398294359780,41629109925000,171538051000001,-6.445,2.992,-36.454,0
1398294359788,41629118165000,171538051000001,-6.445,2.992,-36.454,0
1398294359800,41629129945000,171538051000001,-6.445,2.992,-36.454,0
1398294359808,41629138276000,171538051000001,-6.445,2.992,-36.454,0
1398294359818,41629146791000,171538051000001,-6.445,2.992,-36.454,0
1398294359830,41629158265000,171538051000001,-6.445,2.992,-36.454,0
1398294359840,41629167512000,171538051000001,-6.445,2.992,-36.454,0
1398294359850,41629178071000,171538051000001,-6.076,2.992,-36.454,0
1398294359859,41629187104000,171538051000001,-6.076,2.992,-36.454,0
1398294359868,41629195741000,171538051000001,-6.076,2.992,-36.454,0
1398294359881,41629208253000,171538051000001,-6.076,2.992,-36.454,0
1398294359889,41629216065000,171538051000001,-5.769,2.992,-36.454,0
1398294359902,41629229127000,171538051000001,-5.769,2.992,-36.454,0
1398294359911,41629235719000,171538051000001,-5.769,2.992,-36.454,0
1398294359920,41629247102000,171538051000001,-5.769,2.992,-36.454,0
1398294359930,41629257752000,171538051000001,-5.769,2.992,-36.454,0
1398294359939,41629266236000,171538051000001,-5.769,2.992,-36.454,0
1398294359950,41629277192000,171538051000001,-5.769,2.992,-36.454,0
1398294359961,41629287080000,171538051000001,-5.769,2.992,-36.454,0
1398294359980,41629295777000,171538051000001,-5.769,2.992,-36.454,0
1398294359987,41629305787000,171538051000001,-5.769,2.992,-36.454,0
1398294359994,41629315827000,171538051000001,-5.769,2.992,-36.454,0
1398294360020,41629325807000,171538051000001,-5.769,2.992,-36.454,0
1398294360022,41629337281000,171538051000001,-5.769,2.992,-36.454,0
1398294360039,41629347444000,171538051000001,-5.769,2.992,-36.454,0
1398294360043,41629355653000,171538051000001,-5.769,2.992,-36.454,0
1398294360046,41629365632000,171538051000001,-5.769,2.992,-36.454,0
1398294360048,41629375642000,171538051000001,-5.769,2.992,-36.454,0
1398294360056,41629385621000,171538051000001,-5.769,2.992,-36.795,0
1398294360066,41629395631000,171538051000001,-5.45,2.992,-36.795,0
1398294360076,41629405641000,171538051000001,-5.45,2.992,-36.795,0
1398294360086,41629415650000,171538051000001,-5.45,2.992,-36.795,0
1398294360096,41629425660000,171538051000001,-5.45,2.992,-36.795,0
1398294360106,41629435670000,171538051000001,-5.45,2.992,-36.795,0
1398294360118,41629445802000,171538051000001,-5.45,2.992,-36.795,0
1398294360130,41629458039000,171538051000001,-5.114,2.992,-36.795,0
1398294360140,41629468385000,171538051000001,-5.114,2.992,-36.795,0
1398294360149,41629477479000,171538051000001,-5.114,2.992,-36.795,0
1398294360167,41629488832000,171538051000001,-5.114,2.659,-36.795,0
1398294360174,41629495973000,171538051000001,-5.114,2.659,-36.795,0
1398294360181,41629505982000,171538051000001,-5.114,2.659,-36.795,0
1398294360189,41629515992000,171538051000001,-5.114,2.659,-36.795,0
1398294360204,41629530000000,171538051000001,-5.114,2.659,-36.795,0
1398294360212,41629536042000,171538051000001,-5.114,2.325,-36.795,0
1398294360219,41629546022000,171538051000001,-5.114,2.325,-36.795,0
1398294360231,41629558381000,171538051000001,-5.114,2.325,-36.795,0
1398294360239,41629566529000,171538051000001,-5.453,2.325,-36.795,0
1398294360254,41629579713000,171538051000001,-5.972,2.325,-36.795,0
1398294360262,41629586061000,171538051000001,-6.311,2.325,-36.795,0
1398294360269,41629596070000,171538051000001,-6.871,2.325,-36.795,0
1398294360281,41629608399000,171538051000001,-6.871,2.012,-36.474,0
1398294360291,41629617555000,171538051000001,-7.244,2.012,-36.474,0
1398294360307,41629627717000,171538051000001,-7.244,2.012,-36.474,0
1398294360322,41629638642000,171538051000001,-7.244,2.012,-36.474,0
1398294360330,41629647035000,171538051000001,-7.244,2.012,-36.474,0
1398294360337,41629656129000,171538051000001,-7.244,2.012,-36.474,0
1398294360344,41629666139000,171538051000001,-7.244,2.012,-36.474,0
1398294360352,41629676148000,171538051000001,-7.244,2.012,-36.164,0
1398294360360,41629686830000,171538051000001,-7.595,1.661,-36.164,0
1398294360369,41629698823000,171538051000001,-7.595,1.661,-36.164,0
1398294360383,41629712464000,171538051000001,-7.595,1.661,-36.164,0
1398294360387,41629716920000,171538051000001,-7.595,1.661,-36.164,0
1398294360401,41629730928000,171538051000001,-7.595,1.661,-36.164,0
1398294360409,41629738557000,171538051000001,-7.595,1.661,-36.164,0
1398294360420,41629747560000,171538051000001,-7.899,1.661,-36.164,0
1398294360430,41629759156000,171538051000001,-7.899,1.661,-36.164,0
1398294360440,41629768220000,171538051000001,-7.899,1.661,-36.164,0
1398294360449,41629778047000,171538051000001,-7.899,1.339,-36.164,0
1398294360466,41629787843000,171538051000001,-7.899,1.339,-36.164,0
1398294360471,41629796144000,171538051000001,-7.557,1.339,-36.164,0
1398294360479,41629806153000,171538051000001,-7.557,1.339,-36.164,0
1398294360488,41629816194000,171538051000001,-7.557,1.339,-36.164,0
1398294360498,41629826203000,171538051000001,-7.144,1.339,-36.164,0
1398294360508,41629836213000,171538051000001,-7.144,1.019,-36.492,0
1398294360518,41629846192000,171538051000001,-7.144,1.019,-36.492,0
1398294360528,41629856202000,171538051000001,-6.718,1.019,-36.492,0
1398294360538,41629866242000,171538051000001,-6.718,1.019,-36.492,0
1398294360548,41629876252000,171538051000001,-6.718,1.019,-36.492,0
1398294360563,41629887788000,171538051000001,-6.408,1.019,-36.492,0
1398294360570,41629896394000,171538051000001,-6.408,1.019,-36.492,0
1398294360582,41629908998000,171538051000001,-6.408,1.019,-36.492,0
1398294360589,41629916749000,171538051000001,-5.97,1.019,-36.492,0
1398294360603,41629930055000,171538051000001,-5.97,1.019,-36.853,0
1398294360610,41629936402000,171538051000001,-5.621,1.019,-36.853,0
1398294360625,41629950898000,171538051000001,-5.621,1.019,-36.853,0
1398294360632,41629956391000,171538051000001,-5.223,1.019,-36.853,0
1398294360640,41629967134000,171538051000001,-5.223,1.019,-36.853,0
1398294360651,41629978395000,171538051000001,-4.824,1.019,-36.853,0
1398294360660,41629987123000,171538051000001,-4.824,1.319,-36.853,0
1398294360672,41629998963000,171538051000001,-4.521,1.319,-36.853,0
1398294360681,41630006990000,171538051000001,-4.521,1.319,-37.168,0
1398294360691,41630017915000,171538051000001,-4.22,1.319,-37.168,0
1398294360702,41630028565000,171538051000001,-4.22,1.319,-37.168,0
1398294360711,41630036500000,171538051000001,-4.22,1.319,-37.168,0
1398294360720,41630046510000,171538051000001,-4.22,1.319,-37.168,0
1398294360732,41630058839000,171538051000001,-3.894,1.319,-37.168,0
1398294360742,41630068696000,171538051000001,-3.894,1.319,-37.168,0
1398294360750,41630077149000,171538051000001,-3.894,1.319,-37.168,0
1398294360763,41630088716000,171538051000001,-3.894,1.319,-37.168,0
1398294360770,41630096711000,171538051000001,-3.894,0.869,-37.168,0
1398294360782,41630109071000,171538051000001,-3.894,0.439,-37.168,0
1398294360789,41630116578000,171538051000001,-3.894,0.439,-37.168,0
1398294360803,41630130250000,171538051000001,-3.894,0.439,-37.168,0
1398294360810,41630136567000,171538051000001,-3.894,0.439,-37.168,0
1398294360821,41630148530000,171538051000001,-3.894,0.439,-37.168,0
1398294360831,41630158143000,171538051000001,-4.202,0.439,-37.168,0
1398294360841,41630167878000,171538051000001,-4.202,0.439,-37.168,0
1398294360851,41630178681000,171538051000001,-4.202,0.439,-37.168,0
1398294360861,41630187898000,171538051000001,-4.588,0.08,-37.168,0
1398294360871,41630198152000,171538051000001,-4.588,0.08,-37.168,0
1398294360881,41630208558000,171538051000001,-4.588,0.08,-36.846,0
1398294360891,41630218019000,171538051000001,-4.994,0.08,-36.846,0
1398294360901,41630228303000,171538051000001,-4.994,-0.309,-36.846,0
1398294360911,41630238221000,171538051000001,-4.994,-0.309,-36.846,0
1398294360933,41630249116000,171538051000001,-4.994,-0.309,-36.846,0
1398294360941,41630258180000,171538051000001,-4.994,-0.611,-36.846,0
1398294360958,41630266725000,171538051000001,-4.994,-0.611,-36.846,0
1398294360966,41630276704000,171538051000001,-4.994,-0.611,-36.846,0
1398294360968,41630286775000,171538051000001,-4.994,-0.611,-36.846,0
1398294360970,41630296937000,171538051000001,-4.994,-0.282,-36.846,0
1398294360980,41630309266000,171538051000001,-4.994,0.064,-36.846,0
1398294360989,41630318208000,171538051000001,-4.994,1.39,-36.846,0
1398294360998,41630327241000,171538051000001,-4.994,2.873,-36.846,0
1398294361011,41630336579000,171538051000001,-5.299,3.814,-36.846,0
1398294361017,41630346559000,171538051000001,-5.299,4.693,-36.846,0
1398294361028,41630356629000,171538051000001,-5.299,5.131,-36.846,0
1398294361037,41630366639000,171538051000001,-5.299,5.747,-36.846,0
1398294361047,41630376649000,171538051000001,-5.299,5.747,-36.846,0
1398294361057,41630386628000,171538051000001,-5.299,5.747,-36.846,0
1398294361068,41630396668000,171538051000001,-5.299,5.747,-36.846,0
1398294361078,41630406678000,171538051000001,-5.299,5.104,-36.846,0
1398294361088,41630416688000,171538051000001,-5.299,5.104,-36.846,0
1398294361104,41630432160000,171538051000001,-5.642,5.104,-36.846,0
1398294361108,41630436708000,171538051000001,-5.642,4.739,-36.846,0
1398294361122,41630449250000,171538051000001,-5.642,4.739,-36.846,0
1398294361130,41630457124000,171538051000001,-6.016,4.739,-36.846,0
1398294361142,41630469239000,171538051000001,-6.016,4.739,-36.846,0
1398294361150,41630476991000,171538051000001,-6.332,4.739,-36.846,0
1398294361163,41630490327000,171538051000001,-6.332,5.128,-36.846,0
1398294361170,41630496919000,171538051000001,-6.332,5.128,-36.846,0
1398294361182,41630509217000,171538051000001,-6.332,5.128,-36.846,0
1398294361191,41630518403000,171538051000001,-6.332,5.128,-36.846,0
1398294361201,41630528413000,171538051000001,-6.332,5.128,-36.846,0
1398294361212,41630539033000,171538051000001,-6.332,5.128,-36.846,0
1398294361222,41630548707000,171538051000001,-6.332,5.128,-36.846,0
1398294361240,41630557038000,171538051000001,-6.332,5.128,-36.846,0
1398294361247,41630566987000,171538051000001,-6.332,4.801,-36.846,0
1398294361253,41630576997000,171538051000001,-6.332,4.801,-36.846,0
1398294361260,41630587007000,171538051000001,-6.332,4.437,-36.846,0
1398294361274,41630600373000,171538051000001,-6.332,4.437,-36.846,0
1398294361282,41630609101000,171538051000001,-6.332,4.096,-36.846,0
1398294361291,41630618318000,171538051000001,-6.332,4.096,-36.846,0
1398294361301,41630627503000,171538051000001,-6.332,3.771,-36.846,0
1398294361326,41630637116000,171538051000001,-6.332,3.771,-36.846,0
1398294361347,41630647950000,171538051000001,-6.013,3.436,-36.846,0
1398294361349,41630656953000,171538051000001,-6.013,3.021,-36.846,0
1398294361351,41630668855000,171538051000001,-6.013,2.694,-37.159,0
1398294361353,41630676911000,171538051000001,-6.013,2.694,-37.159,0
1398294361358,41630688264000,171538051000001,-5.656,2.122,-37.159,0
1398294361373,41630701020000,171538051000001,-5.656,2.122,-37.159,0
1398294361378,41630707460000,171538051000001,-5.656,1.696,-37.159,0
1398294361391,41630720429000,171538051000001,-5.656,1.696,-37.159,0
1398294361401,41630729554000,171538051000001,-5.332,1.696,-37.159,0
1398294361412,41630740876000,171538051000001,-5.332,1.696,-37.159,0
1398294361420,41630748078000,171538051000001,-5.332,1.696,-37.159,0
1398294361432,41630760652000,171538051000001,-5.332,1.28,-37.159,0
1398294361440,41630768556000,171538051000001,-5.332,1.28,-37.159,0
1398294361452,41630779512000,171538051000001,-4.957,1.28,-37.159,0
1398294361462,41630789979000,171538051000001,-4.957,1.28,-37.159,0
1398294361473,41630798646000,171538051000001,-4.957,0.907,-37.159,0
1398294361481,41630807252000,171538051000001,-4.957,0.907,-37.159,0
1398294361491,41630818147000,171538051000001,-4.586,0.907,-37.159,0
1398294361511,41630827272000,171538051000001,-4.586,0.907,-37.159,0
1398294361517,41630837281000,171538051000001,-4.586,0.907,-37.159,0
1398294361525,41630847291000,171538051000001,-4.586,0.907,-37.159,0
1398294361527,41630857057000,171538051000001,-4.586,0.907,-37.159,0
1398294361542,41630872071000,171538051000001,-4.284,0.907,-37.159,0
1398294361547,41630877015000,171538051000001,-4.284,0.907,-37.159,0
1398294361561,41630887422000,171538051000001,-4.284,0.907,-37.159,0
1398294361567,41630897096000,171538051000001,-4.284,0.907,-37.159,0
1398294361579,41630907167000,171538051000001,-4.284,0.907,-37.159,0
1398294361588,41630917146000,171538051000001,-4.284,0.907,-37.159,0
1398294361598,41630927156000,171538051000001,-4.284,0.907,-37.159,0
1398294361612,41630940583000,171538051000001,-4.284,1.24,-37.159,0
1398294361620,41630948579000,171538051000001,-4.284,1.24,-37.159,0
1398294361632,41630960664000,171538051000001,-4.284,1.24,-37.159,0
1398294361643,41630970887000,171538051000001,-4.284,1.24,-37.159,0
1398294361650,41630977510000,171538051000001,-4.284,1.24,-37.159,0
1398294361662,41630990663000,171538051000001,-4.284,1.24,-37.159,0
1398294361673,41630998719000,171538051000001,-4.284,1.24,-37.159,0
1398294361682,41631007936000,171538051000001,-4.284,1.589,-37.159,0
1398294361691,41631018830000,171538051000001,-4.284,1.589,-37.159,0
1398294361707,41631029695000,171538051000001,-4.284,1.589,-37.159,0
1398294361709,41631038453000,171538051000001,-4.284,1.589,-37.159,0
1398294361720,41631049439000,171538051000001,-4.284,1.589,-37.159,0
1398294361730,41631059541000,171538051000001,-4.612,1.589,-37.159,0
1398294361738,41631068360000,171538051000001,-4.612,1.589,-37.159,0
1398294361748,41631078340000,171538051000001,-4.612,1.589,-37.159,0
1398294361758,41631088044000,171538051000001,-4.612,1.589,-37.159,0
1398294361771,41631099793000,171538051000001,-4.612,1.589,-37.159,0
1398294361779,41631108583000,171538051000001,-4.612,1.589,-37.159,0
1398294361789,41631117829000,171538051000001,-4.612,1.589,-37.159,0
1398294361803,41631132844000,171538051000001,-4.612,1.589,-37.159,0
1398294361808,41631137666000,171538051000001,-4.612,1.589,-37.159,0
1398294361822,41631150941000,171538051000001,-4.943,1.589,-37.159,0
1398294361831,41631160493000,171538051000001,-4.943,1.589,-37.159,0
1398294361839,41631168428000,171538051000001,-4.943,1.589,-37.159,0
1398294361849,41631179109000,171538051000001,-4.943,1.589,-37.159,0
1398294361860,41631189515000,171538051000001,-4.943,1.589,-37.159,0
1398294361871,41631197328000,171538051000001,-4.943,1.589,-37.159,0
1398294361891,41631207368000,171538051000001,-4.943,1.589,-37.159,0
1398294361918,41631217378000,171538051000001,-4.943,1.589,-37.159,0
1398294361930,41631227418000,171538051000001,-4.943,1.589,-37.159,0
1398294361948,41631238252000,171538051000001,-4.943,1.589,-37.159,0
1398294361950,41631247407000,171538051000001,-5.258,1.91,-37.159,0
1398294361952,41631257447000,171538051000001,-5.258,1.91,-37.159,0
1398294361955,41631267427000,171538051000001,-5.258,1.91,-37.159,0
1398294361959,41631277467000,171538051000001,-5.258,1.91,-37.159,0
1398294361966,41631287446000,171538051000001,-5.258,2.229,-37.159,0
1398294361968,41631297486000,171538051000001,-5.258,2.229,-37.159,0
1398294361978,41631307466000,171538051000001,-5.258,2.229,-37.159,0
1398294361989,41631317506000,171538051000001,-5.258,2.575,-37.159,0
1398294362000,41631329042000,171538051000001,-5.258,2.575,-37.159,0
1398294362015,41631337556000,171538051000001,-5.561,2.575,-37.159,0
1398294362019,41631347505000,171538051000001,-5.561,3.019,-37.159,0
1398294362028,41631357514000,171538051000001,-5.561,3.019,-37.159,0
1398294362038,41631367555000,171538051000001,-5.561,3.341,-37.159,0
1398294362048,41631377534000,171538051000001,-5.561,3.341,-37.159,0
1398294362058,41631387574000,171538051000001,-5.561,3.675,-37.159,0
1398294362068,41631397553000,171538051000001,-5.561,3.675,-37.159,0
1398294362081,41631407594000,171538051000001,-5.561,3.675,-37.159,0
1398294362088,41631417665000,171538051000001,-5.561,4.119,-37.159,0
1398294362098,41631427583000,171538051000001,-5.561,4.119,-37.159,0
1398294362108,41631437562000,171538051000001,-5.253,4.119,-37.159,0
1398294362118,41631447724000,171538051000001,-5.253,4.541,-37.159,0
1398294362128,41631457582000,171538051000001,-5.253,4.541,-37.159,0
1398294362138,41631467591000,171538051000001,-5.253,4.541,-37.159,0
1398294362148,41631477601000,171538051000001,-4.942,4.908,-37.159,0
1398294362158,41631487611000,171538051000001,-4.942,4.908,-37.159,0
1398294362168,41631497621000,171538051000001,-4.942,4.908,-37.159,0
1398294362179,41631509187000,171538051000001,-4.942,4.908,-37.159,0
1398294362188,41631517701000,171538051000001,-4.637,5.259,-37.159,0
1398294362198,41631527650000,171538051000001,-4.637,5.259,-37.159,0
1398294362208,41631537690000,171538051000001,-4.637,5.259,-37.159,0
1398294362218,41631547669000,171538051000001,-4.637,5.259,-37.159,0
1398294362228,41631557679000,171538051000001,-4.637,5.259,-37.159,0
1398294362238,41631567720000,171538051000001,-4.328,5.259,-37.159,0
1398294362248,41631577699000,171538051000001,-4.328,5.259,-37.159,0
1398294362258,41631587739000,171538051000001,-4.328,5.259,-37.159,0
1398294362268,41631597718000,171538051000001,-4.328,5.259,-37.159,0
1398294362278,41631607728000,171538051000001,-4.328,5.259,-37.159,0
1398294362288,41631617768000,171538051000001,-4.328,5.259,-37.159,0
1398294362298,41631627748000,171538051000001,-4.328,5.259,-37.159,0
1398294362308,41631637788000,171538051000001,-4.328,5.259,-37.159,0
1398294362318,41631647767000,171538051000001,-4.328,5.259,-37.159,0
1398294362328,41631657807000,171538051000001,-4.328,5.259,-37.159,0
1398294362338,41631667787000,171538051000001,-4.328,5.259,-37.159,0
1398294362348,41631677796000,171538051000001,-4.013,5.259,-37.159,0
1398294362359,41631689363000,171538051000001,-4.013,5.259,-37.159,0
1398294362368,41631697846000,171538051000001,-4.013,5.259,-37.159,0
1398294362378,41631707826000,171538051000001,-4.013,5.259,-37.159,0
1398294362388,41631717835000,171538051000001,-4.013,5.259,-37.159,0
1398294362398,41631727845000,171538051000001,-4.013,5.259,-37.159,0
1398294362408,41631737855000,171538051000001,-4.013,5.259,-37.159,0
1398294362418,41631747865000,171538051000001,-4.013,5.259,-37.159,0
1398294362428,41631757875000,171538051000001,-4.013,5.259,-37.159,0
1398294362438,41631767884000,171538051000001,-4.013,5.259,-37.159,0
1398294362448,41631777894000,171538051000001,-4.013,5.259,-37.159,0
1398294362463,41631792634000,171538051000001,-3.707,5.259,-37.159,0
1398294362468,41631797883000,171538051000001,-3.707,5.259,-37.159,0
1398294362478,41631807893000,171538051000001,-3.707,5.259,-37.159,0
1398294362488,41631817903000,171538051000001,-3.707,5.259,-37.159,0
1398294362498,41631827943000,171538051000001,-3.707,5.259,-37.159,0
1398294362509,41631837922000,171538051000001,-3.707,5.259,-37.159,0
1398294362518,41631847932000,171538051000001,-3.707,5.259,-37.159,0
1398294362528,41631857942000,171538051000001,-3.707,5.259,-37.159,0
1398294362540,41631869508000,171538051000001,-3.707,5.259,-37.159,0
1398294362548,41631877992000,171538051000001,-3.707,5.259,-37.159,0
1398294362558,41631887971000,171538051000001,-3.707,5.259,-37.159,0
1398294362568,41631897981000,171538051000001,-3.707,5.259,-37.159,0
1398294362578,41631908174000,171538051000001,-3.707,5.259,-37.159,0
1398294362588,41631918000000,171538051000001,-3.707,5.259,-37.159,0
1398294362600,41631928071000,171538051000001,-3.707,4.94,-37.159,0
1398294362608,41631938050000,171538051000001,-3.707,4.94,-37.159,0
1398294362618,41631948060000,171538051000001,-3.707,4.94,-37.159,0
1398294362628,41631958070000,171538051000001,-3.707,4.94,-37.159,0
1398294362638,41631968080000,171538051000001,-3.707,4.94,-37.159,0
1398294362648,41631978089000,171538051000001,-3.707,4.94,-37.159,0
1398294362658,41631988099000,171538051000001,-3.707,4.94,-37.159,0
1398294362668,41631998109000,171538051000001,-3.707,4.94,-37.159,0
1398294362678,41632008119000,171538051000001,-3.707,4.637,-37.159,0
1398294362688,41632018128000,171538051000001,-3.707,4.637,-37.159,0
1398294362698,41632028138000,171538051000001,-3.707,4.637,-37.159,0
1398294362708,41632038148000,171538051000001,-3.707,4.637,-37.159,0
1398294362728,41632049745000,171538051000001,-3.707,4.637,-37.159,0
1398294362729,41632058198000,171538051000001,-3.707,4.637,-37.159,0
1398294362738,41632068208000,171538051000001,-3.707,4.637,-37.159,0
1398294362748,41632078187000,171538051000001,-4.01,4.637,-37.159,0
1398294362763,41632093019000,171538051000001,-4.01,4.637,-37.159,0
1398294362768,41632098176000,171538051000001,-4.01,4.637,-37.159,0
1398294362778,41632108186000,171538051000001,-4.01,4.637,-37.159,0
1398294362788,41632118196000,171538051000001,-4.01,4.637,-37.159,0
1398294362798,41632128205000,171538051000001,-4.01,4.637,-37.159,0
1398294362808,41632138215000,171538051000001,-4.01,4.637,-37.159,0
1398294362818,41632148225000,171538051000001,-4.01,4.637,-37.159,0
1398294362829,41632158296000,171538051000001,-4.01,4.637,-37.159,0
1398294362839,41632168336000,171538051000001,-4.01,4.637,-37.159,0
1398294362848,41632178285000,171538051000001,-4.01,4.637,-37.159,0
1398294362858,41632188264000,171538051000001,-4.01,4.637,-37.159,0
1398294362868,41632198274000,171538051000001,-4.01,4.637,-37.159,0
1398294362878,41632208283000,171538051000001,-4.01,4.637,-37.159,0
1398294362904,41632218293000,171538051000001,-4.01,4.637,-37.159,0
1398294362906,41632229859000,171538051000001,-4.01,4.637,-37.159,0
1398294362909,41632238343000,171538051000001,-4.01,4.637,-37.159,0
1398294362918,41632248323000,171538051000001,-4.01,4.637,-37.159,0
1398294362928,41632258332000,171538051000001,-4.01,4.637,-37.159,0
1398294362938,41632268342000,171538051000001,-4.01,4.637,-37.159,0
1398294362949,41632278352000,171538051000001,-4.348,4.637,-37.159,0
1398294362958,41632288362000,171538051000001,-4.348,4.637,-37.159,0
1398294362968,41632298371000,171538051000001,-4.348,4.637,-37.159,0
1398294362978,41632308381000,171538051000001,-4.675,4.637,-37.159,0
1398294362988,41632318391000,171538051000001,-4.675,4.637,-37.159,0
1398294362999,41632328401000,171538051000001,-4.675,4.637,-37.159,0
1398294363009,41632338410000,171538051000001,-4.675,4.637,-37.159,0
1398294363019,41632348420000,171538051000001,-4.675,4.637,-37.159,0
1398294363029,41632358583000,171538051000001,-4.675,4.637,-36.825,0
1398294363038,41632368409000,171538051000001,-4.977,4.637,-36.825,0
1398294363049,41632378449000,171538051000001,-4.977,4.637,-36.825,0
1398294363058,41632388429000,171538051000001,-4.977,4.637,-36.825,0
1398294363068,41632398439000,171538051000001,-4.977,4.637,-36.825,0
1398294363080,41632410005000,171538051000001,-4.977,4.637,-36.825,0
1398294363088,41632418519000,171538051000001,-4.977,4.637,-36.825,0
1398294363098,41632428498000,171538051000001,-4.977,4.637,-36.825,0
1398294363108,41632438508000,171538051000001,-4.977,4.637,-36.825,0
1398294363118,41632448518000,171538051000001,-4.977,4.637,-36.825,0
1398294363128,41632458497000,171538051000001,-4.977,4.637,-36.825,0
1398294363138,41632468507000,171538051000001,-4.977,4.637,-36.825,0
1398294363148,41632478517000,171538051000001,-4.977,4.309,-36.825,0
1398294363158,41632488526000,171538051000001,-4.977,4.309,-36.825,0
1398294363168,41632498567000,171538051000001,-4.977,4.309,-36.825,0
1398294363178,41632508576000,171538051000001,-4.977,4.309,-36.825,0
1398294363188,41632518586000,171538051000001,-4.977,4.309,-36.825,0
1398294363198,41632528596000,171538051000001,-4.977,4.309,-36.825,0
1398294363208,41632538606000,171538051000001,-4.977,4.309,-36.825,0
1398294363218,41632548616000,171538051000001,-4.977,4.309,-36.825,0
1398294363228,41632558625000,171538051000001,-4.977,4.309,-36.825,0
1398294363238,41632568635000,171538051000001,-4.977,4.309,-36.825,0
1398294363248,41632578645000,171538051000001,-4.977,4.309,-36.825,0
1398294363260,41632590180000,171538051000001,-4.977,4.309,-36.825,0
1398294363269,41632598695000,171538051000001,-4.977,4.309,-36.825,0
1398294363278,41632608674000,171538051000001,-4.977,4.309,-36.825,0
1398294363288,41632618684000,171538051000001,-4.977,4.309,-36.825,0
1398294363301,41632630555000,171538051000001,-4.977,4.611,-36.825,0
1398294363315,41632644776000,171538051000001,-4.977,4.611,-36.825,0
1398294363320,41632649476000,171538051000001,-4.977,4.611,-36.825,0
1398294363331,41632660554000,171538051000001,-4.977,4.611,-36.825,0
1398294363344,41632674012000,171538051000001,-4.977,4.934,-36.825,0
1398294363351,41632680574000,171538051000001,-4.977,4.934,-36.825,0
1398294363363,41632692994000,171538051000001,-4.977,4.934,-36.825,0
1398294363373,41632702760000,171538051000001,-4.977,4.934,-36.825,0
1398294363391,41632714112000,171538051000001,-4.977,5.273,-36.825,0
1398294363394,41632723970000,171538051000001,-4.977,5.273,-36.825,0
1398294363400,41632729402000,171538051000001,-4.977,5.273,-36.825,0
1398294363413,41632742829000,171538051000001,-4.977,5.273,-36.825,0
1398294363421,41632750550000,171538051000001,-4.647,5.273,-36.825,0
1398294363435,41632764863000,171538051000001,-4.647,5.581,-36.825,0
1398294363441,41632771119000,171538051000001,-4.647,5.581,-36.825,0
1398294363451,41632780915000,171538051000001,-4.647,5.581,-36.825,0
1398294363465,41632795198000,171538051000001,-4.647,5.581,-36.825,0
1398294363470,41632799348000,171538051000001,-4.647,5.581,-36.825,0
1398294363485,41632815370000,171538051000001,-4.647,5.935,-36.825,0
1398294363490,41632820344000,171538051000001,-4.647,5.935,-36.825,0
1398294363502,41632829621000,171538051000001,-4.647,5.935,-36.825,0
1398294363509,41632838960000,171538051000001,-4.647,5.935,-36.825,0
1398294363519,41632848939000,171538051000001,-4.647,5.935,-36.825,0
1398294363529,41632858949000,171538051000001,-4.647,5.935,-36.825,0
1398294363539,41632868959000,171538051000001,-4.647,5.935,-36.825,0
1398294363549,41632878999000,171538051000001,-4.647,5.935,-36.825,0
1398294363559,41632888978000,171538051000001,-5.004,5.935,-36.825,0
1398294363569,41632898988000,171538051000001,-5.004,5.935,-36.825,0
1398294363579,41632908998000,171538051000001,-5.004,5.935,-36.825,0
1398294363589,41632919007000,171538051000001,-5.316,5.935,-36.825,0
1398294363600,41632928987000,171538051000001,-5.316,5.935,-36.825,0
1398294363615,41632945283000,171538051000001,-5.316,5.935,-36.825,0
1398294363622,41632951661000,171538051000001,-5.316,5.935,-36.825,0
1398294363635,41632965211000,171538051000001,-5.641,5.935,-36.825,0
1398294363641,41632971284000,171538051000001,-5.641,5.935,-36.521,0
1398294363653,41632983186000,171538051000001,-5.641,5.935,-36.521,0
1398294363665,41632994477000,171538051000001,-5.641,5.935,-36.521,0
1398294363671,41633000306000,171538051000001,-5.641,5.935,-36.521,0
1398294363682,41633012391000,171538051000001,-5.641,5.935,-36.521,0
1398294363695,41633019136000,171538051000001,-5.641,5.935,-36.521,0
1398294363701,41633030030000,171538051000001,-5.641,5.566,-36.521,0
1398294363716,41633045472000,171538051000001,-5.641,5.566,-36.521,0
1398294363720,41633049592000,171538051000001,-5.641,5.566,-36.521,0
1398294363732,41633061891000,171538051000001,-5.641,5.566,-36.521,0
1398294363743,41633072297000,171538051000001,-5.641,5.265,-36.521,0
1398294363753,41633082795000,171538051000001,-5.641,5.265,-36.521,0
1398294363761,41633091004000,171538051000001,-5.641,5.265,-36.521,0
1398294363776,41633105470000,171538051000001,-5.641,5.265,-36.521,0
1398294363781,41633110749000,171538051000001,-5.328,5.265,-36.521,0
1398294363796,41633125520000,171538051000001,-5.328,4.963,-36.521,0
1398294363802,41633131196000,171538051000001,-5.328,4.963,-36.521,0
1398294363816,41633145570000,171538051000001,-5.328,4.963,-36.521,0
1398294363821,41633151216000,171538051000001,-5.328,4.963,-36.521,0
1398294363836,41633165467000,171538051000001,-5.0,4.963,-36.521,0
1398294363842,41633171540000,171538051000001,-5.0,4.963,-36.521,0
1398294363852,41633181703000,171538051000001,-5.0,4.963,-36.521,0
1398294363861,41633191102000,171538051000001,-5.0,4.963,-36.521,0
1398294363872,41633202302000,171538051000001,-5.0,4.592,-36.521,0
1398294363882,41633212312000,171538051000001,-5.0,4.592,-36.521,0
1398294363896,41633225709000,171538051000001,-5.0,4.592,-36.521,0
1398294363901,41633230897000,171538051000001,-4.679,4.592,-36.521,0
1398294363916,41633245606000,171538051000001,-4.679,4.225,-36.521,0
1398294363921,41633250703000,171538051000001,-4.679,4.225,-36.834,0
1398294363936,41633265809000,171538051000001,-4.679,4.225,-36.834,0
1398294363941,41633270875000,171538051000001,-4.679,3.91,-36.834,0
1398294363952,41633282380000,171538051000001,-4.679,3.91,-36.834,0
1398294363965,41633291932000,171538051000001,-4.679,3.91,-36.834,0
1398294363972,41633300233000,171538051000001,-4.679,3.561,-36.834,0
1398294363986,41633314057000,171538051000001,-4.679,3.561,-36.834,0
1398294363996,41633319581000,171538051000001,-4.679,3.561,-36.834,0
1398294364015,41633335786000,171538051000001,-4.679,3.199,-36.834,0
1398294364021,41633340638000,171538051000001,-4.679,3.199,-36.834,0
1398294364026,41633349610000,171538051000001,-4.679,3.199,-36.834,0
1398294364032,41633359590000,171538051000001,-4.679,2.772,-36.834,0
1398294364044,41633369660000,171538051000001,-4.679,2.772,-36.834,0
1398294364052,41633379640000,171538051000001,-4.679,2.772,-36.834,0
1398294364064,41633389649000,171538051000001,-4.679,2.772,-36.834,0
1398294364070,41633399507000,171538051000001,-4.679,2.772,-36.834,0
1398294364080,41633409516000,171538051000001,-4.679,2.772,-36.834,0
1398294364090,41633419557000,171538051000001,-4.679,2.772,-36.834,0
1398294364100,41633429566000,171538051000001,-4.679,2.772,-36.834,0
1398294364113,41633439576000,171538051000001,-4.679,2.772,-36.834,0
1398294364121,41633449647000,171538051000001,-4.679,2.772,-36.834,0
1398294364131,41633459657000,171538051000001,-4.356,2.772,-36.834,0
1398294364143,41633469636000,171538051000001,-4.356,2.772,-36.834,0
1398294364153,41633482087000,171538051000001,-4.356,3.126,-36.834,0
1398294364167,41633495088000,171538051000001,-4.356,3.126,-36.834,0
1398294364173,41633499665000,171538051000001,-4.356,3.126,-36.834,0
1398294364185,41633513551000,171538051000001,-4.356,3.48,-36.834,0
1398294364192,41633520234000,171538051000001,-4.676,3.48,-36.834,0
1398294364205,41633533387000,171538051000001,-4.676,3.793,-36.834,0
1398294364211,41633539796000,171538051000001,-4.676,3.793,-36.834,0
1398294364225,41633553437000,171538051000001,-5.099,4.115,-36.834,0
1398294364233,41633561311000,171538051000001,-5.099,4.115,-36.834,0
1398294364242,41633570741000,171538051000001,-5.099,4.446,-36.834,0
1398294364254,41633582887000,171538051000001,-5.54,4.446,-36.834,0
1398294364263,41633591554000,171538051000001,-5.54,4.446,-36.473,0
1398294364277,41633600678000,171538051000001,-5.54,4.75,-36.473,0
1398294364285,41633609956000,171538051000001,-5.943,4.75,-36.473,0
1398294364293,41633619966000,171538051000001,-5.943,4.75,-36.473,0
1398294364316,41633634339000,171538051000001,-5.943,4.75,-36.473,0
1398294364325,41633644074000,171538051000001,-5.943,4.75,-36.473,0
1398294364327,41633649934000,171538051000001,-5.943,4.75,-36.473,0
1398294364331,41633659730000,171538051000001,-5.943,4.75,-36.473,0
1398294364343,41633672517000,171538051000001,-6.243,4.75,-36.473,0
1398294364353,41633682496000,171538051000001,-6.243,4.449,-36.473,0
1398294364364,41633693452000,171538051000001,-6.243,4.449,-36.473,0
1398294364374,41633701905000,171538051000001,-6.243,4.449,-36.473,0
1398294364383,41633711854000,171538051000001,-6.243,4.449,-36.473,0
1398294364395,41633723115000,171538051000001,-6.243,4.449,-36.473,0
1398294364402,41633731111000,171538051000001,-5.834,4.449,-36.473,0
1398294364416,41633744599000,171538051000001,-5.834,4.449,-36.473,0
1398294364422,41633751344000,171538051000001,-5.834,4.104,-36.473,0
1398294364435,41633763429000,171538051000001,-5.445,4.104,-36.473,0
1398294364442,41633771058000,171538051000001,-5.445,4.104,-36.473,0
1398294364454,41633782929000,171538051000001,-5.142,4.104,-36.473,0
1398294364463,41633792512000,171538051000001,-5.142,4.104,-36.775,0
1398294364475,41633803254000,171538051000001,-4.808,4.104,-36.775,0
1398294364482,41633811189000,171538051000001,-4.808,4.104,-36.775,0
1398294364495,41633823457000,171538051000001,-4.487,4.104,-36.775,0
1398294364502,41633831178000,171538051000001,-4.487,4.104,-36.775,0
1398294364513,41633840882000,171538051000001,-4.487,4.104,-36.775,0
1398294364525,41633851777000,171538051000001,-4.487,3.802,-36.775,0
1398294364534,41633860169000,171538051000001,-4.487,3.802,-36.775,0
1398294364543,41633870179000,171538051000001,-4.487,3.802,-36.775,0
1398294364552,41633880128000,171538051000001,-4.168,3.065,-36.775,0
1398294364562,41633890138000,171538051000001,-4.168,1.91,-36.775,0
1398294364573,41633900147000,171538051000001,-4.168,1.306,-36.775,0
1398294364582,41633910157000,171538051000001,-4.168,0.836,-36.775,0
1398294364594,41633920198000,171538051000001,-3.762,0.39,-36.775,0
1398294364602,41633930207000,171538051000001,-3.762,-0.074,-36.775,0
1398294364623,41633940614000,171538051000001,-2.659,-0.386,-36.775,0
1398294364628,41633950410000,171538051000001,-1.527,-0.386,-36.775,0
1398294364636,41633960481000,171538051000001,-1.142,-0.386,-37.083,0
1398294364642,41633970216000,171538051000001,-0.604,0.454,-37.083,0
1398294364655,41633983033000,171538051000001,0.035,0.82,-37.083,0
1398294364662,41633990693000,171538051000001,0.035,0.82,-37.083,0
1398294364675,41634003083000,171538051000001,0.035,0.82,-37.083,0
1398294364682,41634010224000,171538051000001,0.035,0.82,-37.083,0
1398294364695,41634023255000,171538051000001,-0.68,0.82,-37.083,0
1398294364706,41634033540000,171538051000001,-0.68,0.82,-37.083,0
1398294364712,41634040589000,171538051000001,-1.069,0.82,-37.083,0
1398294364733,41634053590000,171538051000001,-1.069,0.82,-37.083,0
1398294364737,41634060273000,171538051000001,-1.069,1.966,-37.083,0
1398294364743,41634070252000,171538051000001,-1.069,2.662,-37.083,0
1398294364753,41634080689000,171538051000001,-1.069,2.662,-37.399,0
1398294364765,41634093202000,171538051000001,-0.476,3.141,-37.399,0
1398294364774,41634101777000,171538051000001,-0.476,3.141,-37.399,0
1398294364784,41634111543000,171538051000001,-0.476,3.831,-37.399,0
1398294364793,41634121675000,171538051000001,-0.476,4.168,-37.399,0
1398294364805,41634132905000,171538051000001,-0.476,4.614,-37.399,0
1398294364813,41634141938000,171538051000001,-0.476,4.614,-37.399,0
1398294364825,41634152772000,171538051000001,-0.476,5.111,-37.399,0
1398294364834,41634161958000,171538051000001,-0.784,5.111,-37.399,0
1398294364844,41634172059000,171538051000001,-0.784,5.111,-37.399,0
1398294364856,41634184083000,171538051000001,-1.136,5.111,-37.399,0
1398294364863,41634190370000,171538051000001,-1.136,5.111,-37.399,0
1398294364874,41634202088000,171538051000001,-1.618,5.572,-37.399,0
1398294364886,41634213655000,171538051000001,-1.618,5.572,-37.399,0
1398294364894,41634220429000,171538051000001,-1.998,5.572,-37.399,0
1398294364905,41634233308000,171538051000001,-1.998,5.572,-37.399,0
1398294364915,41634240876000,171538051000001,-2.308,5.996,-37.399,0
1398294364933,41634255494000,171538051000001,-2.308,5.996,-37.399,0
1398294364938,41634262635000,171538051000001,-2.308,5.996,-37.399,0
1398294364944,41634270448000,171538051000001,-2.716,5.996,-37.091,0
1398294364953,41634281709000,171538051000001,-2.716,6.356,-37.091,0
1398294364966,41634294557000,171538051000001,-2.716,6.356,-37.091,0
1398294364973,41634300477000,171538051000001,-3.033,6.356,-37.091,0
1398294364985,41634312806000,171538051000001,-3.033,6.356,-37.091,0
1398294364994,41634322877000,171538051000001,-3.033,6.356,-37.091,0
1398294365004,41634331330000,171538051000001,-3.033,6.356,-37.091,0
1398294365014,41634341554000,171538051000001,-3.372,6.356,-37.091,0
1398294365026,41634350587000,171538051000001,-3.372,6.356,-37.091,0
1398294365034,41634360597000,171538051000001,-3.372,5.836,-37.091,0
1398294365043,41634370606000,171538051000001,-3.372,5.349,-37.091,0
1398294365052,41634380586000,171538051000001,-3.372,4.234,-37.091,0
1398294365064,41634392182000,171538051000001,-3.372,3.512,-37.091,0
1398294365072,41634400666000,171538051000001,-3.372,2.647,-37.091,0
1398294365082,41634410646000,171538051000001,-3.372,1.889,-37.091,0
1398294365092,41634420655000,171538051000001,-3.372,1.406,-37.091,0
1398294365102,41634430665000,171538051000001,-3.372,1.406,-37.091,0
1398294365113,41634440675000,171538051000001,-3.372,1.406,-37.091,0
1398294365125,41634450654000,171538051000001,-3.372,1.406,-37.091,0
1398294365135,41634463044000,171538051000001,-3.372,2.163,-37.091,0
1398294365144,41634472871000,171538051000001,-3.372,2.568,-37.091,0
1398294365154,41634482301000,171538051000001,-3.372,2.984,-37.091,0
1398294365165,41634493501000,171538051000001,-3.057,2.984,-37.091,0
1398294365174,41634501924000,171538051000001,-3.057,2.984,-37.091,0
1398294365185,41634513551000,171538051000001,-3.057,2.984,-37.091,0
1398294365194,41634521882000,171538051000001,-2.742,2.497,-37.091,0
1398294365207,41634531526000,171538051000001,-2.742,2.497,-37.091,0
1398294365215,41634540895000,171538051000001,-2.424,2.497,-37.091,0
1398294365236,41634553834000,171538051000001,-2.424,2.195,-37.091,0
1398294365252,41634565614000,171538051000001,-1.718,2.195,-37.091,0
1398294365256,41634575776000,171538051000001,-0.939,2.195,-37.091,0
1398294365258,41634580873000,171538051000001,-0.428,2.195,-37.091,0
1398294365262,41634591218000,171538051000001,-0.428,2.99,-37.091,0
1398294365274,41634604249000,171538051000001,-0.428,3.523,-37.091,0
1398294365283,41634612886000,171538051000001,-0.428,3.523,-37.091,0
1398294365294,41634624330000,171538051000001,-0.784,3.523,-37.091,0
1398294365304,41634631867000,171538051000001,-0.784,3.523,-37.091,0
1398294365315,41634642945000,171538051000001,-0.784,3.523,-37.091,0
1398294365324,41634653108000,171538051000001,-0.784,3.523,-37.091,0
1398294365334,41634662477000,171538051000001,-1.275,4.042,-37.091,0
1398294365345,41634673524000,171538051000001,-1.815,4.042,-37.091,0
1398294365354,41634682008000,171538051000001,-2.542,4.643,-37.091,0
1398294365363,41634691896000,171538051000001,-3.231,5.075,-37.091,0
1398294365374,41634701936000,171538051000001,-4.136,5.075,-37.091,0
1398294365385,41634714051000,171538051000001,-4.762,5.075,-37.091,0
1398294365394,41634722383000,171538051000001,-5.349,5.075,-37.091,0
1398294365406,41634734193000,171538051000001,-6.828,5.485,-37.091,0
1398294365414,41634742524000,171538051000001,-6.828,5.485,-37.091,0
1398294365429,41634756440000,171538051000001,-8.053,5.485,-36.767,0
1398294365437,41634760957000,171538051000001,-8.053,5.908,-36.767,0
1398294365443,41634771058000,171538051000001,-8.874,5.908,-36.442,0
1398294365455,41634781953000,171538051000001,-9.199,5.908,-36.442,0
1398294365467,41634793275000,171538051000001,-9.199,6.224,-36.134,0
1398294365473,41634801087000,171538051000001,-9.199,6.224,-36.134,0
1398294365488,41634815126000,171538051000001,-9.68,6.224,-36.134,0
1398294365496,41634821076000,171538051000001,-9.68,6.224,-35.806,0
1398294365505,41634831117000,171538051000001,-9.68,6.224,-35.806,0
1398294365514,41634842073000,171538051000001,-9.135,6.224,-35.806,0
1398294365526,41634852723000,171538051000001,-9.135,6.224,-35.806,0
1398294365536,41634862580000,171538051000001,-9.135,6.224,-35.461,0
1398294365552,41634875917000,171538051000001,-8.813,6.224,-35.461,0
1398294365557,41634881105000,171538051000001,-8.813,6.224,-35.461,0
1398294365574,41634891145000,171538051000001,-8.813,6.224,-35.461,0
1398294365584,41634901185000,171538051000001,-8.813,6.224,-35.461,0
1398294365590,41634911195000,171538051000001,-8.813,6.224,-35.461,0
1398294365596,41634921174000,171538051000001,-8.813,6.224,-35.461,0
1398294365603,41634932557000,171538051000001,-8.813,6.224,-35.461,0
1398294365611,41634941011000,171538051000001,-8.813,6.224,-35.461,0
1398294365621,41634950990000,171538051000001,-8.813,5.871,-35.461,0
1398294365631,41634961000000,171538051000001,-8.813,5.871,-35.461,0
1398294365641,41634971009000,171538051000001,-8.813,5.871,-35.461,0
1398294365651,41634981019000,171538051000001,-8.813,5.871,-35.461,0
1398294365665,41634991944000,171538051000001,-8.235,5.871,-35.461,0
1398294365675,41635003297000,171538051000001,-7.916,5.871,-35.461,0
1398294365684,41635011933000,171538051000001,-7.594,5.552,-35.461,0
1398294365696,41635024537000,171538051000001,-7.594,5.552,-35.81,0
1398294365704,41635032868000,171538051000001,-7.257,5.552,-35.81,0
1398294365716,41635044557000,171538051000001,-7.257,5.552,-35.81,0
1398294365725,41635052674000,171538051000001,-7.257,5.552,-35.81,0
1398294365735,41635063630000,171538051000001,-7.257,5.552,-35.81,0
1398294365745,41635073731000,171538051000001,-6.787,5.552,-36.114,0
1398294365755,41635083894000,171538051000001,-6.787,5.552,-36.114,0
1398294365765,41635093537000,171538051000001,-6.787,5.552,-36.114,0
1398294365775,41635103730000,171538051000001,-6.388,5.249,-36.114,0
1398294365792,41635116578000,171538051000001,-6.388,5.249,-36.114,0
1398294365798,41635121339000,171538051000001,-6.388,5.249,-36.114,0
1398294365807,41635131410000,171538051000001,-6.083,5.249,-36.114,0
1398294365815,41635142335000,171538051000001,-6.083,5.249,-36.114,0
1398294365827,41635155000000,171538051000001,-6.083,5.249,-36.419,0
1398294365854,41635162660000,171538051000001,-6.083,5.249,-36.419,0
1398294365863,41635174562000,171538051000001,-6.083,4.916,-36.419,0
1398294365868,41635184999000,171538051000001,-6.083,4.916,-36.419,0
1398294365874,41635191438000,171538051000001,-6.083,4.916,-36.419,0
1398294365880,41635201448000,171538051000001,-5.783,4.916,-36.419,0
1398294365886,41635211457000,171538051000001,-5.783,4.916,-36.419,0
1398294365895,41635221559000,171538051000001,-5.783,4.916,-36.419,0
1398294365904,41635234132000,171538051000001,-5.783,4.916,-36.419,0
1398294365915,41635244783000,171538051000001,-5.783,4.916,-36.419,0
1398294365927,41635257112000,171538051000001,-5.783,4.916,-36.419,0
1398294365932,41635262116000,171538051000001,-5.783,4.916,-36.419,0
1398294365948,41635277589000,171538051000001,-5.783,4.916,-36.419,0
1398294365954,41635281922000,171538051000001,-5.783,4.916,-36.419,0
1398294365966,41635294435000,171538051000001,-5.783,4.916,-36.419,0
1398294365974,41635302857000,171538051000001,-5.783,4.916,-36.419,0
1398294365987,41635315431000,171538051000001,-5.783,4.916,-36.419,0
1398294365994,41635322846000,171538051000001,-5.783,4.916,-36.419,0
1398294366016,41635334809000,171538051000001,-5.783,4.916,-36.419,0
1398294366017,41635343141000,171538051000001,-5.47,4.916,-36.419,0
1398294366023,41635352906000,171538051000001,-5.47,4.916,-36.419,0
1398294366040,41635361390000,171538051000001,-5.47,4.916,-36.419,0
1398294366042,41635371339000,171538051000001,-5.47,5.256,-36.419,0
1398294366054,41635381410000,171538051000001,-5.47,5.256,-36.419,0
1398294366062,41635391389000,171538051000001,-5.47,5.256,-36.419,0
1398294366071,41635401368000,171538051000001,-5.47,5.256,-36.419,0
1398294366086,41635411378000,171538051000001,-5.47,5.256,-36.419,0
1398294366095,41635421418000,171538051000001,-5.47,5.612,-36.419,0
1398294366102,41635431397000,171538051000001,-5.47,5.612,-36.419,0
1398294366114,41635441438000,171538051000001,-5.47,5.612,-36.419,0
1398294366122,41635451448000,171538051000001,-5.47,5.612,-36.419,0
1398294366162,41635461488000,171538051000001,-5.47,5.612,-36.419,0
1398294366165,41635473908000,171538051000001,-5.47,5.612,-36.419,0
1398294366166,41635484773000,171538051000001,-5.47,5.612,-36.419,0
1398294366168,41635491548000,171538051000001,-5.47,5.946,-36.419,0
1398294366171,41635501557000,171538051000001,-5.47,5.946,-36.419,0
1398294366181,41635511476000,171538051000001,-5.47,5.946,-36.419,0
1398294366192,41635521699000,171538051000001,-5.47,5.946,-36.419,0
1398294366202,41635531556000,171538051000001,-5.47,5.946,-36.419,0
1398294366212,41635541566000,171538051000001,-5.158,5.946,-36.419,0
1398294366221,41635551545000,171538051000001,-5.158,5.946,-36.419,0
1398294366232,41635561555000,171538051000001,-5.158,5.946,-36.738,0
1398294366243,41635571534000,171538051000001,-4.78,5.946,-36.738,0
1398294366252,41635581605000,171538051000001,-4.78,5.946,-36.738,0
1398294366262,41635591554000,171538051000001,-4.78,5.946,-36.738,0
1398294366272,41635601533000,171538051000001,-4.446,5.946,-36.738,0
1398294366282,41635611543000,171538051000001,-4.446,5.946,-36.738,0
1398294366292,41635621553000,171538051000001,-4.446,5.946,-36.738,0
1398294366302,41635631562000,171538051000001,-4.446,5.946,-36.738,0
1398294366313,41635641603000,171538051000001,-4.048,5.946,-36.738,0
1398294366325,41635653138000,171538051000001,-4.048,5.946,-36.738,0
1398294366339,41635661683000,171538051000001,-4.048,5.946,-36.738,0
1398294366342,41635671632000,171538051000001,-4.048,5.645,-36.738,0
1398294366352,41635681611000,171538051000001,-4.048,5.645,-36.738,0
1398294366362,41635691621000,171538051000001,-4.048,5.645,-36.738,0
1398294366371,41635701631000,171538051000001,-3.715,5.645,-36.738,0
1398294366381,41635711640000,171538051000001,-3.715,5.645,-36.738,0
1398294366392,41635721650000,171538051000001,-3.715,5.645,-36.738,0
1398294366402,41635731660000,171538051000001,-3.715,5.645,-36.738,0
1398294366412,41635741670000,171538051000001,-3.715,5.329,-36.738,0
1398294366422,41635751679000,171538051000001,-3.715,5.329,-36.738,0
1398294366432,41635761964000,171538051000001,-3.369,5.329,-36.738,0
1398294366442,41635771699000,171538051000001,-3.369,5.329,-36.738,0
1398294366452,41635782441000,171538051000001,-3.369,5.329,-36.738,0
1398294366462,41635791719000,171538051000001,-3.369,5.329,-36.738,0
1398294366472,41635801728000,171538051000001,-3.369,5.329,-36.738,0
1398294366482,41635811738000,171538051000001,-3.021,4.998,-36.738,0
1398294366495,41635821778000,171538051000001,-3.021,4.998,-36.738,0
1398294366503,41635833314000,171538051000001,-3.021,4.998,-36.738,0
1398294366512,41635841828000,171538051000001,-2.696,4.998,-36.738,0
1398294366522,41635851777000,171538051000001,-2.696,4.998,-36.738,0
1398294366532,41635861817000,171538051000001,-2.696,4.653,-36.738,0
1398294366542,41635871797000,171538051000001,-2.696,4.653,-36.738,0
1398294366552,41635881837000,171538051000001,-2.308,4.653,-36.738,0
1398294366562,41635891816000,171538051000001,-2.308,4.653,-36.738,0
1398294366572,41635901826000,171538051000001,-2.308,4.653,-36.738,0
1398294366583,41635911836000,171538051000001,-2.308,4.653,-36.738,0
1398294366592,41635921845000,171538051000001,-2.308,4.653,-36.738,0
1398294366602,41635931855000,171538051000001,-2.308,4.653,-36.738,0
1398294366612,41635941896000,171538051000001,-2.308,4.653,-36.738,0
1398294366622,41635951875000,171538051000001,-2.308,4.653,-36.738,0
1398294366632,41635961885000,171538051000001,-2.308,4.653,-36.738,0
1398294366642,41635971894000,171538051000001,-2.308,4.653,-36.738,0
1398294366652,41635981904000,171538051000001,-2.308,4.653,-36.738,0
1398294366662,41635991914000,171538051000001,-2.308,4.653,-36.738,0
1398294366672,41636001924000,171538051000001,-2.308,4.653,-36.738,0
1398294366684,41636013490000,171538051000001,-2.308,4.653,-36.738,0
1398294366692,41636021974000,171538051000001,-2.697,4.653,-36.738,0
1398294366702,41636031953000,171538051000001,-2.697,4.653,-36.738,0
1398294366713,41636041963000,171538051000001,-2.697,4.965,-36.738,0
1398294366722,41636051972000,171538051000001,-3.016,4.965,-36.738,0
1398294366733,41636062532000,171538051000001,-3.016,4.965,-36.738,0
1398294366744,41636071992000,171538051000001,-3.016,4.965,-36.738,0
1398294366752,41636082002000,171538051000001,-3.016,4.965,-36.738,0
1398294366770,41636096406000,171538051000001,-3.33,5.274,-36.738,0
1398294366772,41636101991000,171538051000001,-3.33,5.274,-36.738,0
1398294366782,41636112031000,171538051000001,-3.33,5.274,-36.738,0
1398294366792,41636122041000,171538051000001,-3.33,5.274,-36.738,0
1398294366802,41636132051000,171538051000001,-3.33,5.274,-36.738,0
1398294366812,41636142060000,171538051000001,-3.33,5.274,-36.738,0
1398294366822,41636152131000,171538051000001,-3.33,5.274,-36.738,0
1398294366832,41636162110000,171538051000001,-3.33,5.274,-36.738,0
1398294366842,41636172151000,171538051000001,-3.33,5.274,-36.738,0
1398294366852,41636182160000,171538051000001,-3.33,5.274,-36.738,0
1398294366864,41636193727000,171538051000001,-3.33,5.274,-36.738,0
1398294366873,41636202241000,171538051000001,-3.33,5.274,-36.738,0
1398294366883,41636212586000,171538051000001,-3.33,5.274,-36.738,0
1398294366895,41636222230000,171538051000001,-3.33,5.274,-36.738,0
1398294366902,41636232209000,171538051000001,-3.33,5.274,-36.738,0
1398294366913,41636242250000,171538051000001,-3.33,5.274,-36.738,0
1398294366923,41636252259000,171538051000001,-3.33,5.274,-37.039,0
1398294366932,41636262269000,171538051000001,-3.33,5.274,-37.039,0
1398294366943,41636272248000,171538051000001,-3.33,5.274,-37.039,0
1398294366953,41636282319000,171538051000001,-3.33,5.274,-37.039,0
1398294366963,41636292268000,171538051000001,-3.33,5.274,-37.039,0
1398294366973,41636302278000,171538051000001,-3.33,5.274,-37.039,0
1398294366983,41636312318000,171538051000001,-3.33,5.274,-37.039,0
1398294366993,41636322328000,171538051000001,-3.33,5.274,-37.039,0
1398294367002,41636332307000,171538051000001,-3.33,5.274,-37.039,0
1398294367026,41636342347000,171538051000001,-3.33,5.274,-37.039,0
1398294367027,41636355866000,171538051000001,-3.33,5.274,-37.039,0
1398294367039,41636366944000,171538051000001,-3.33,5.274,-37.039,0
1398294367044,41636373872000,171538051000001,-3.646,5.612,-37.039,0
1398294367052,41636382417000,171538051000001,-3.646,5.612,-37.039,0
1398294367063,41636392335000,171538051000001,-3.646,5.612,-37.039,0
1398294367073,41636402314000,171538051000001,-3.646,5.612,-37.039,0
1398294367082,41636412324000,171538051000001,-3.953,5.612,-37.039,0
1398294367092,41636422334000,171538051000001,-3.953,5.929,-37.039,0
1398294367102,41636432344000,171538051000001,-3.953,5.929,-37.039,0
1398294367112,41636442353000,171538051000001,-3.953,5.929,-37.039,0
1398294367122,41636452363000,171538051000001,-4.283,5.929,-36.732,0
1398294367133,41636462373000,171538051000001,-4.283,5.929,-36.732,0
1398294367142,41636472352000,171538051000001,-4.283,6.265,-36.732,0
1398294367152,41636482362000,171538051000001,-4.617,6.265,-36.732,0
1398294367162,41636492402000,171538051000001,-4.617,6.265,-36.732,0
1398294367172,41636502412000,171538051000001,-4.617,6.265,-36.732,0
1398294367182,41636512391000,171538051000001,-4.933,6.265,-36.732,0
1398294367192,41636522431000,171538051000001,-4.933,6.265,-36.732,0
1398294367202,41636532411000,171538051000001,-4.933,6.622,-36.732,0
1398294367212,41636542451000,171538051000001,-4.933,6.622,-36.732,0
1398294367225,41636553987000,171538051000001,-4.933,6.622,-36.732,0
1398294367232,41636562501000,171538051000001,-5.264,6.622,-36.427,0
1398294367243,41636572450000,171538051000001,-5.264,6.622,-36.427,0
1398294367253,41636582490000,171538051000001,-5.264,6.622,-36.427,0
1398294367263,41636592500000,171538051000001,-5.264,6.622,-36.427,0
1398294367274,41636602479000,171538051000001,-5.264,6.622,-36.427,0
1398294367283,41636612519000,171538051000001,-5.264,6.622,-36.427,0
1398294367298,41636622529000,171538051000001,-5.572,6.622,-36.427,0
1398294367302,41636632539000,171538051000001,-5.572,6.622,-36.427,0
1398294367313,41636642549000,171538051000001,-5.572,6.622,-36.427,0
1398294367323,41636652558000,171538051000001,-5.572,6.622,-36.427,0
1398294367333,41636662568000,171538051000001,-5.572,6.622,-36.427,0
1398294367343,41636672578000,171538051000001,-5.877,6.622,-36.427,0
1398294367353,41636682618000,171538051000001,-5.877,6.622,-36.427,0
1398294367363,41636692597000,171538051000001,-5.877,6.622,-36.427,0
1398294367373,41636703004000,171538051000001,-5.877,6.622,-36.106,0
1398294367383,41636712800000,171538051000001,-5.877,6.622,-36.106,0
1398294367401,41636722596000,171538051000001,-5.877,6.622,-36.106,0
1398294367407,41636734162000,171538051000001,-5.877,6.622,-36.106,0
1398294367413,41636742677000,171538051000001,-5.877,6.622,-36.106,0
1398294367428,41636752656000,171538051000001,-5.877,6.622,-36.106,0
1398294367433,41636762666000,171538051000001,-5.877,6.622,-36.106,0
1398294367443,41636772676000,171538051000001,-5.877,6.622,-36.106,0
1398294367453,41636782685000,171538051000001,-5.877,6.622,-36.106,0
1398294367463,41636792695000,171538051000001,-5.877,6.622,-36.106,0
1398294367473,41636802705000,171538051000001,-5.877,6.622,-36.106,0
1398294367482,41636812715000,171538051000001,-5.877,6.622,-36.106,0
1398294367493,41636822785000,171538051000001,-5.877,6.622,-36.106,0
1398294367502,41636832704000,171538051000001,-5.877,6.622,-36.422,0
1398294367512,41636842713000,171538051000001,-5.877,6.277,-36.422,0
1398294367522,41636852723000,171538051000001,-5.5,6.277,-36.422,0
1398294367532,41636862733000,171538051000001,-5.5,6.277,-36.422,0
1398294367543,41636872743000,171538051000001,-5.5,6.277,-36.422,0
1398294367553,41636882936000,171538051000001,-5.5,6.277,-36.422,0
1398294367563,41636892762000,171538051000001,-5.125,5.941,-36.422,0
1398294367572,41636902741000,171538051000001,-5.125,5.941,-36.422,0
1398294367584,41636914308000,171538051000001,-5.125,5.941,-36.422,0
1398294367593,41636922822000,171538051000001,-5.125,5.941,-36.422,0
1398294367603,41636932801000,171538051000001,-5.125,5.941,-36.422,0
1398294367612,41636942811000,171538051000001,-5.125,5.941,-36.422,0
1398294367622,41636952821000,171538051000001,-5.125,5.625,-36.422,0
1398294367633,41636962831000,171538051000001,-5.125,5.625,-36.422,0
1398294367643,41636973207000,171538051000001,-5.125,5.625,-36.422,0
1398294367653,41636982881000,171538051000001,-5.125,5.625,-36.422,0
1398294367663,41636992860000,171538051000001,-5.125,5.625,-36.422,0
1398294367673,41637002900000,171538051000001,-5.125,5.625,-36.422,0
1398294367688,41637018159000,171538051000001,-5.125,5.625,-36.422,0
1398294367694,41637022889000,171538051000001,-5.125,5.625,-36.422,0
1398294367703,41637032899000,171538051000001,-5.125,5.625,-36.422,0
1398294367713,41637042909000,171538051000001,-5.125,5.625,-36.422,0
1398294367732,41637052949000,171538051000001,-5.125,5.625,-36.422,0
1398294367743,41637062928000,171538051000001,-5.125,5.625,-36.422,0
1398294367745,41637072938000,171538051000001,-5.125,5.625,-36.422,0
1398294367753,41637082948000,171538051000001,-5.125,5.625,-36.422,0
1398294367764,41637094514000,171538051000001,-5.442,5.625,-36.422,0
1398294367773,41637102998000,171538051000001,-5.442,5.625,-36.422,0
1398294367783,41637112977000,171538051000001,-5.442,5.625,-36.422,0
1398294367793,41637122987000,171538051000001,-5.442,5.625,-36.422,0
1398294367803,41637132997000,171538051000001,-5.442,5.625,-36.422,0
1398294367814,41637143037000,171538051000001,-5.442,5.625,-36.422,0
1398294367828,41637153016000,171538051000001,-5.442,5.625,-36.422,0
1398294367833,41637163056000,171538051000001,-5.442,5.625,-36.422,0
1398294367843,41637173066000,171538051000001,-5.442,5.625,-36.422,0
1398294367854,41637183045000,171538051000001,-5.442,5.625,-36.422,0
1398294367863,41637193086000,171538051000001,-5.442,5.314,-36.422,0
1398294367873,41637203095000,171538051000001,-5.442,5.314,-36.422,0
1398294367883,41637213075000,171538051000001,-5.442,5.314,-36.422,0
1398294367893,41637223115000,171538051000001,-5.442,5.314,-36.422,0
1398294367904,41637233094000,171538051000001,-5.442,5.314,-36.422,0
1398294367913,41637243104000,171538051000001,-5.442,5.314,-36.422,0
1398294367923,41637253114000,171538051000001,-5.442,5.314,-36.422,0
1398294367933,41637263124000,171538051000001,-5.442,5.314,-36.422,0
1398294367944,41637274659000,171538051000001,-5.442,5.314,-36.422,0
1398294367953,41637283326000,171538051000001,-5.442,5.314,-36.422,0
1398294367963,41637293183000,171538051000001,-5.442,5.314,-36.422,0
1398294367973,41637303193000,171538051000001,-5.442,5.314,-36.422,0
1398294367985,41637313386000,171538051000001,-5.442,5.314,-36.422,0
1398294368004,41637323213000,171538051000001,-5.442,5.314,-36.422,0
1398294368005,41637333375000,171538051000001,-5.442,5.314,-36.422,0
1398294368013,41637343202000,171538051000001,-5.442,5.314,-36.422,0
1398294368024,41637353242000,171538051000001,-5.442,5.314,-36.422,0
1398294368033,41637363221000,171538051000001,-5.442,5.314,-36.422,0
1398294368044,41637373231000,171538051000001,-5.442,5.314,-36.422,0
1398294368053,41637383241000,171538051000001,-5.442,5.314,-36.422,0
1398294368063,41637393251000,171538051000001,-5.442,5.314,-36.422,0
1398294368073,41637403291000,171538051000001,-5.442,5.314,-36.422,0
1398294368083,41637413270000,171538051000001,-5.442,5.314,-36.422,0
1398294368093,41637423280000,171538051000001,-5.442,5.314,-36.422,0
1398294368103,41637433320000,171538051000001,-5.442,5.314,-36.422,0
1398294368113,41637443299000,171538051000001,-5.442,5.314,-36.422,0
1398294368125,41637454866000,171538051000001,-5.442,5.314,-36.422,0
1398294368133,41637463349000,171538051000001,-5.442,5.314,-36.422,0
1398294368143,41637473329000,171538051000001,-5.442,5.314,-36.422,0
1398294368153,41637483308000,171538051000001,-5.442,5.314,-36.422,0
1398294368163,41637493348000,171538051000001,-5.442,5.314,-36.422,0
1398294368173,41637503388000,171538051000001,-5.442,5.314,-36.422,0
1398294368183,41637513368000,171538051000001,-5.442,5.314,-36.422,0
1398294368193,41637523377000,171538051000001,-5.442,5.314,-36.422,0
1398294368203,41637533418000,171538051000001,-5.442,5.314,-36.422,0
1398294368213,41637543397000,171538051000001,-5.093,5.314,-36.422,0
1398294368223,41637553407000,171538051000001,-5.093,5.314,-36.422,0
1398294368233,41637563417000,171538051000001,-5.093,5.314,-36.422,0
1398294368243,41637573426000,171538051000001,-5.093,5.314,-36.422,0
1398294368253,41637583467000,171538051000001,-5.093,5.314,-36.422,0
1398294368263,41637593476000,171538051000001,-5.093,5.314,-36.422,0
1398294368273,41637603486000,171538051000001,-5.093,5.314,-36.422,0
1398294368283,41637613496000,171538051000001,-5.093,5.314,-36.422,0
1398294368294,41637623567000,171538051000001,-5.093,5.314,-36.422,0
1398294368305,41637635041000,171538051000001,-5.093,5.314,-36.422,0
1398294368314,41637643556000,171538051000001,-5.093,5.314,-36.422,0
1398294368324,41637653504000,171538051000001,-5.093,5.314,-36.422,0
1398294368334,41637663514000,171538051000001,-5.093,5.314,-36.422,0
1398294368344,41637673616000,171538051000001,-5.093,5.314,-36.422,0
1398294368356,41637686189000,171538051000001,-5.093,5.314,-36.422,0
1398294368366,41637696137000,171538051000001,-5.093,5.314,-36.422,0
1398294368377,41637707154000,171538051000001,-5.093,5.314,-36.422,0
1398294368387,41637717317000,171538051000001,-5.093,5.314,-36.422,0
1398294368397,41637727265000,171538051000001,-5.093,5.314,-36.422,0
1398294368408,41637737794000,171538051000001,-5.093,5.314,-36.422,0
1398294368418,41637747987000,171538051000001,-5.093,5.314,-36.422,0
1398294368428,41637758027000,171538051000001,-5.093,5.314,-36.422,0
1398294368438,41637768128000,171538051000001,-5.093,4.939,-36.422,0
1398294368447,41637777314000,171538051000001,-5.093,4.939,-36.422,0
1398294368458,41637787751000,171538051000001,-5.093,4.939,-36.422,0
1398294368466,41637796113000,171538051000001,-5.093,4.939,-36.422,0
1398294368478,41637807801000,171538051000001,-5.093,4.531,-36.422,0
1398294368489,41637815980000,171538051000001,-5.093,4.531,-36.422,0
1398294368494,41637823823000,171538051000001,-5.093,4.531,-36.422,0
1398294368504,41637833772000,171538051000001,-5.093,4.199,-36.422,0
1398294368514,41637843751000,171538051000001,-5.093,4.199,-36.422,0
1398294368524,41637853791000,171538051000001,-5.093,4.199,-36.422,0
1398294368534,41637863801000,171538051000001,-5.093,4.199,-36.422,0
1398294368544,41637873811000,171538051000001,-5.093,3.828,-36.422,0
1398294368554,41637883821000,171538051000001,-5.093,3.828,-36.422,0
1398294368564,41637893830000,171538051000001,-5.093,3.828,-36.422,0
1398294368574,41637903840000,171538051000001,-5.093,3.828,-36.422,0
1398294368584,41637913850000,171538051000001,-5.093,3.485,-36.422,0
1398294368595,41637924867000,171538051000001,-5.093,3.485,-36.422,0
1398294368608,41637937562000,171538051000001,-5.093,3.485,-36.422,0
1398294368618,41637947572000,171538051000001,-5.093,3.485,-36.422,0
1398294368628,41637958345000,171538051000001,-5.093,3.175,-36.422,0
1398294368638,41637967927000,171538051000001,-5.093,3.175,-36.422,0
1398294368648,41637978150000,171538051000001,-5.093,3.175,-36.422,0
1398294368658,41637988343000,171538051000001,-5.093,3.175,-36.422,0
1398294368668,41637997407000,171538051000001,-5.093,2.833,-36.422,0
1398294368678,41638008363000,171538051000001,-5.093,2.833,-36.422,0
1398294368688,41638017976000,171538051000001,-5.093,2.833,-36.422,0
1398294368699,41638029176000,171538051000001,-5.093,2.47,-36.422,0
1398294368707,41638037416000,171538051000001,-5.093,2.47,-36.422,0
1398294368720,41638049531000,171538051000001,-5.093,2.47,-36.422,0
1398294368726,41638056459000,171538051000001,-5.093,2.099,-36.422,0
1398294368738,41638068025000,171538051000001,-5.093,2.099,-36.422,0
1398294368749,41638079255000,171538051000001,-4.76,2.099,-36.422,0
1398294368758,41638087861000,171538051000001,-4.76,1.766,-36.422,0
1398294368768,41638097718000,171538051000001,-4.76,1.766,-36.422,0
1398294368780,41638109895000,171538051000001,-4.76,1.766,-36.422,0
1398294368786,41638116090000,171538051000001,-4.421,1.766,-36.422,0
1398294368798,41638128449000,171538051000001,-4.421,1.466,-36.422,0
1398294368808,41638138398000,171538051000001,-4.421,1.466,-36.422,0
1398294368820,41638149629000,171538051000001,-4.421,1.466,-36.422,0
1398294368826,41638156373000,171538051000001,-4.104,1.466,-36.422,0
1398294368840,41638170320000,171538051000001,-4.104,1.466,-36.422,0
1398294368848,41638177949000,171538051000001,-4.104,1.466,-36.422,0
1398294368856,41638186250000,171538051000001,-3.759,1.466,-36.422,0
1398294368867,41638197328000,171538051000001,-3.759,1.466,-36.422,0
1398294368875,41638204743000,171538051000001,-3.759,1.466,-36.422,0
1398294368890,41638219911000,171538051000001,-3.759,1.466,-36.422,0
1398294368897,41638226869000,171538051000001,-3.347,1.466,-36.422,0
1398294368912,41638241487000,171538051000001,-3.347,1.811,-36.422,0
1398294368924,41638252748000,171538051000001,-3.347,1.811,-36.422,0
1398294368926,41638254640000,171538051000001,-3.347,1.811,-36.422,0
1398294368938,41638268189000,171538051000001,-2.957,1.811,-36.422,0
1398294368948,41638278352000,171538051000001,-2.957,2.125,-36.422,0
1398294368958,41638288453000,171538051000001,-2.957,2.125,-36.738,0
1398294368968,41638298371000,171538051000001,-2.957,2.125,-36.738,0
1398294368979,41638308564000,171538051000001,-2.957,2.125,-36.738,0
1398294368987,41638314607000,171538051000001,-2.957,2.464,-36.738,0
1398294368994,41638324220000,171538051000001,-2.957,2.464,-36.738,0
1398294369004,41638334199000,171538051000001,-2.957,2.464,-36.738,0
1398294369014,41638344209000,171538051000001,-2.957,2.464,-36.738,0
1398294369026,41638355805000,171538051000001,-2.957,2.777,-36.738,0
1398294369034,41638364289000,171538051000001,-2.957,2.777,-36.738,0
1398294369044,41638374269000,171538051000001,-2.957,2.777,-36.738,0
1398294369054,41638384278000,171538051000001,-2.957,2.777,-36.738,0
1398294369064,41638394288000,171538051000001,-3.327,2.777,-36.738,0
1398294369074,41638404298000,171538051000001,-3.327,2.777,-36.738,0
1398294369088,41638418183000,171538051000001,-3.327,2.777,-36.738,0
1398294369098,41638428437000,171538051000001,-3.327,2.777,-36.738,0
1398294369110,41638439729000,171538051000001,-3.327,2.777,-36.738,0
1398294369118,41638447908000,171538051000001,-3.327,2.777,-36.738,0
1398294369130,41638459962000,171538051000001,-3.327,2.777,-36.738,0
1398294369137,41638467012000,171538051000001,-3.327,2.777,-36.738,0
1398294369149,41638478547000,171538051000001,-3.642,2.436,-36.738,0
1398294369160,41638489808000,171538051000001,-3.642,2.436,-36.738,0
1398294369167,41638496858000,171538051000001,-3.642,2.436,-36.738,0
1398294369180,41638509797000,171538051000001,-3.642,2.436,-36.738,0
1398294369186,41638515870000,171538051000001,-3.642,2.099,-36.738,0
1398294369199,41638529054000,171538051000001,-3.642,2.099,-36.738,0
1398294369212,41638541383000,171538051000001,-3.642,2.099,-36.738,0
1398294369221,41638550691000,171538051000001,-3.642,2.099,-36.738,0
1398294369228,41638557557000,171538051000001,-3.642,1.768,-36.738,0
1398294369239,41638568543000,171538051000001,-3.642,1.768,-36.738,0
1398294369249,41638578767000,171538051000001,-3.642,1.768,-36.738,0
1398294369259,41638588868000,171538051000001,-3.338,1.768,-36.738,0
1398294369268,41638597718000,171538051000001,-3.338,1.768,-36.738,0
1398294369279,41638609040000,171538051000001,-3.338,1.445,-36.738,0
1398294369288,41638618104000,171538051000001,-3.338,1.445,-36.738,0
1398294369299,41638629151000,171538051000001,-3.338,1.445,-36.738,0
1398294369312,41638638551000,171538051000001,-3.338,1.445,-36.738,0
1398294369315,41638645021000,171538051000001,-3.338,1.445,-36.738,0
1398294369331,41638660829000,171538051000001,-3.338,1.445,-36.738,0
1398294369337,41638665925000,171538051000001,-3.338,1.445,-36.738,0
1398294369349,41638678895000,171538051000001,-3.338,1.445,-36.738,0
1398294369359,41638688661000,171538051000001,-3.338,1.144,-36.738,0
1398294369368,41638698457000,171538051000001,-3.338,1.144,-36.738,0
1398294369380,41638709779000,171538051000001,-3.338,1.144,-36.738,0
1398294369390,41638719331000,171538051000001,-3.338,1.144,-36.738,0
1398294369398,41638728089000,171538051000001,-3.338,1.144,-36.738,0
1398294369409,41638739167000,171538051000001,-3.338,1.144,-36.738,0
1398294369419,41638748597000,171538051000001,-3.338,1.144,-36.738,0
1398294369430,41638759828000,171538051000001,-3.338,1.144,-36.738,0
1398294369439,41638768495000,171538051000001,-3.338,1.144,-36.738,0
1398294369449,41638778840000,171538051000001,-3.338,1.144,-36.738,0
1398294369459,41638789064000,171538051000001,-3.338,1.144,-36.434,0
1398294369469,41638798860000,171538051000001,-3.338,1.144,-36.434,0
1398294369479,41638809022000,171538051000001,-3.338,1.144,-36.434,0
1398294369487,41638816804000,171538051000001,-3.338,1.144,-36.434,0
1398294369503,41638830049000,171538051000001,-3.338,1.144,-36.434,0
1398294369505,41638834809000,171538051000001,-3.338,1.144,-36.434,0
1398294369518,41638844728000,171538051000001,-3.338,1.144,-36.434,0
1398294369530,41638859712000,171538051000001,-3.338,1.144,-36.434,0
1398294369536,41638865815000,171538051000001,-3.338,1.144,-36.434,0
1398294369545,41638874726000,171538051000001,-3.338,1.144,-36.434,0
1398294369555,41638884980000,171538051000001,-3.338,1.144,-36.434,0
1398294369567,41638896302000,171538051000001,-3.338,1.144,-36.434,0
1398294369575,41638904786000,171538051000001,-3.338,1.144,-36.434,0
1398294369585,41638914765000,171538051000001,-3.338,1.144,-36.434,0
1398294369595,41638924775000,171538051000001,-3.338,1.144,-36.434,0
1398294369609,41638938935000,171538051000001,-3.338,1.144,-36.434,0
1398294369618,41638947999000,171538051000001,-3.643,1.144,-36.434,0
1398294369631,41638961427000,171538051000001,-3.643,1.144,-36.434,0
1398294369636,41638966310000,171538051000001,-3.643,1.144,-36.434,0
1398294369651,41638981111000,171538051000001,-3.643,1.144,-36.434,0
1398294369657,41638987062000,171538051000001,-3.643,1.144,-36.434,0
1398294369670,41638999879000,171538051000001,-3.643,1.144,-36.434,0
1398294369678,41639008363000,171538051000001,-3.643,1.144,-36.434,0
1398294369689,41639019349000,171538051000001,-3.643,1.144,-36.434,0
1398294369699,41639028962000,171538051000001,-3.643,1.144,-36.434,0
1398294369710,41639040193000,171538051000001,-3.643,1.144,-36.434,0
1398294369718,41639048432000,171538051000001,-3.643,1.144,-36.434,0
1398294369729,41639058808000,171538051000001,-3.643,1.144,-36.434,0
1398294369739,41639068910000,171538051000001,-3.643,1.144,-36.434,0
1398294369752,41639081697000,171538051000001,-3.643,1.144,-36.434,0
1398294369757,41639086762000,171538051000001,-3.643,1.144,-36.434,0
1398294369770,41639100221000,171538051000001,-3.948,1.144,-36.434,0
1398294369778,41639108430000,171538051000001,-3.948,1.144,-36.434,0
1398294369790,41639119538000,171538051000001,-3.948,1.144,-36.434,0
1398294369799,41639128968000,171538051000001,-3.948,1.144,-36.434,0
1398294369809,41639139039000,171538051000001,-3.948,1.144,-36.434,0
1398294369817,41639146607000,171538051000001,-3.948,1.144,-36.434,0
1398294369833,41639162934000,171538051000001,-3.948,1.144,-36.434,0
1398294369845,41639174073000,171538051000001,-3.948,1.144,-36.434,0
1398294369847,41639176057000,171538051000001,-3.948,1.144,-36.434,0
1398294369861,41639187348000,171538051000001,-3.948,1.144,-36.434,0
1398294369871,41639195741000,171538051000001,-3.948,1.144,-36.434,0
1398294369877,41639206605000,171538051000001,-3.948,1.451,-36.434,0
1398294369888,41639215058000,171538051000001,-4.281,1.451,-36.434,0
1398294369910,41639228334000,171538051000001,-4.281,1.451,-36.434,0
1398294369913,41639235047000,171538051000001,-4.281,1.451,-36.434,0
1398294369920,41639245118000,171538051000001,-4.281,1.451,-36.434,0
1398294369927,41639256715000,171538051000001,-4.281,1.451,-36.434,0
1398294369937,41639265138000,171538051000001,-4.281,1.451,-36.434,0
1398294369952,41639279206000,171538051000001,-4.585,1.451,-36.434,0
1398294369957,41639286561000,171538051000001,-4.585,1.791,-36.434,0
1398294369967,41639296510000,171538051000001,-4.585,1.791,-36.434,0
1398294369977,41639305146000,171538051000001,-4.585,1.791,-36.434,0
1398294369987,41639315248000,171538051000001,-4.585,1.791,-36.434,0
1398294369996,41639325166000,171538051000001,-4.585,1.791,-36.434,0
1398294370005,41639335145000,171538051000001,-4.898,1.791,-36.434,0
1398294370015,41639345155000,171538051000001,-4.898,1.791,-36.434,0
1398294370025,41639355195000,171538051000001,-4.898,1.791,-36.434,0
1398294370035,41639365174000,171538051000001,-4.898,1.791,-36.434,0
1398294370048,41639377442000,171538051000001,-4.898,1.791,-36.434,0
1398294370060,41639388368000,171538051000001,-4.898,1.791,-36.434,0
1398294370066,41639395234000,171538051000001,-4.898,1.791,-36.434,0
1398294370075,41639405244000,171538051000001,-4.898,2.099,-36.434,0
1398294370088,41639417939000,171538051000001,-4.898,2.099,-36.434,0
1398294370100,41639430451000,171538051000001,-4.898,2.099,-36.434,0
1398294370111,41639441041000,171538051000001,-4.898,2.099,-36.434,0
1398294370118,41639448274000,171538051000001,-4.524,2.099,-36.434,0
1398294370131,41639461427000,171538051000001,-4.524,2.099,-36.434,0
1398294370144,41639472779000,171538051000001,-4.524,2.099,-36.434,0
1398294370147,41639475312000,171538051000001,-4.524,2.099,-36.434,0
1398294370156,41639485719000,171538051000001,-4.524,2.099,-36.434,0
1398294370167,41639495332000,171538051000001,-4.173,2.099,-36.434,0
1398294370177,41639506654000,171538051000001,-4.173,2.099,-36.434,0
1398294370185,41639515321000,171538051000001,-4.173,2.099,-36.434,0
1398294370199,41639526918000,171538051000001,-4.173,2.099,-36.434,0
1398294370207,41639535401000,171538051000001,-4.173,2.099,-36.434,0
1398294370218,41639546784000,171538051000001,-4.173,2.421,-36.434,0
1398294370228,41639555421000,171538051000001,-4.173,2.421,-36.434,0
1398294370236,41639565400000,171538051000001,-4.173,2.421,-36.434,0
1398294370251,41639579621000,171538051000001,-4.173,2.421,-36.434,0
1398294370257,41639586793000,171538051000001,-3.843,2.421,-36.434,0
1398294370268,41639597352000,171538051000001,-3.843,2.421,-36.434,0
1398294370278,41639605653000,171538051000001,-3.843,2.421,-36.434,0
1398294370290,41639617066000,171538051000001,-3.843,2.421,-36.434,0
1398294370296,41639625520000,171538051000001,-3.843,2.421,-36.434,0
1398294370306,41639635469000,171538051000001,-3.506,2.421,-36.434,0
1398294370315,41639645509000,171538051000001,-3.506,2.421,-36.737,0
1398294370326,41639655488000,171538051000001,-3.506,2.421,-36.737,0
1398294370336,41639665498000,171538051000001,-3.506,2.421,-36.737,0
1398294370348,41639675538000,171538051000001,-3.506,2.421,-36.737,0
1398294370357,41639685548000,171538051000001,-3.506,2.421,-36.737,0
1398294370367,41639695558000,171538051000001,-3.506,2.421,-36.737,0
1398294370376,41639705567000,171538051000001,-3.506,2.421,-36.737,0
1398294370386,41639716004000,171538051000001,-3.195,2.421,-36.737,0
1398294370397,41639727204000,171538051000001,-3.195,2.421,-36.737,0
1398294370411,41639739778000,171538051000001,-3.195,2.421,-36.737,0
1398294370416,41639746430000,171538051000001,-3.195,2.421,-36.737,0
1398294370427,41639756990000,171538051000001,-3.195,2.421,-36.737,0
1398294370448,41639765595000,171538051000001,-3.195,2.421,-36.737,0
1398294370457,41639780610000,171538051000001,-3.195,2.421,-36.737,0
1398294370458,41639786134000,171538051000001,-3.195,2.421,-36.737,0
1398294370467,41639797151000,171538051000001,-3.195,2.421,-36.737,0
1398294370476,41639805635000,171538051000001,-3.195,2.421,-36.737,0
1398294370486,41639815614000,171538051000001,-3.195,2.421,-36.737,0
1398294370496,41639825654000,171538051000001,-3.195,2.726,-36.737,0
1398294370506,41639835633000,171538051000001,-3.195,2.726,-36.737,0
1398294370517,41639845643000,171538051000001,-3.195,2.726,-36.737,0
1398294370525,41639855683000,171538051000001,-3.5,2.726,-36.737,0
1398294370536,41639865663000,171538051000001,-3.5,2.726,-36.737,0
1398294370546,41639875672000,171538051000001,-3.5,3.067,-36.737,0
1398294370555,41639885682000,171538051000001,-3.5,3.067,-36.737,0
1398294370565,41639895692000,171538051000001,-3.5,3.067,-36.737,0
1398294370575,41639905702000,171538051000001,-3.5,3.067,-36.737,0
1398294370585,41639915681000,171538051000001,-3.5,3.067,-36.737,0
1398294370595,41639925721000,171538051000001,-3.5,3.067,-36.737,0
1398294370605,41639935731000,171538051000001,-3.5,3.067,-36.737,0
1398294370615,41639945741000,171538051000001,-3.813,3.375,-36.737,0
1398294370625,41639955751000,171538051000001,-3.813,3.375,-36.737,0
1398294370635,41639965760000,171538051000001,-3.813,3.375,-36.737,0
1398294370649,41639977326000,171538051000001,-3.813,3.375,-36.737,0
1398294370656,41639985810000,171538051000001,-3.813,3.375,-36.737,0
1398294370666,41639995729000,171538051000001,-3.813,3.375,-36.737,0
1398294370676,41640005769000,171538051000001,-3.813,3.375,-36.737,0
1398294370686,41640015779000,171538051000001,-3.813,3.375,-36.428,0
1398294370697,41640025788000,171538051000001,-3.813,3.375,-36.428,0
1398294370706,41640035798000,171538051000001,-3.813,3.375,-36.428,0
1398294370716,41640045808000,171538051000001,-3.813,3.375,-36.428,0
1398294370726,41640055970000,171538051000001,-3.813,3.375,-36.428,0
1398294370736,41640065827000,171538051000001,-3.813,3.375,-36.428,0
1398294370750,41640080354000,171538051000001,-3.813,3.375,-36.428,0
1398294370756,41640085847000,171538051000001,-3.813,3.375,-36.428,0
1398294370767,41640095857000,171538051000001,-3.813,3.375,-36.428,0
1398294370776,41640105897000,171538051000001,-3.813,3.375,-36.428,0
1398294370788,41640115876000,171538051000001,-3.813,3.375,-36.428,0
1398294370797,41640125917000,171538051000001,-3.813,3.375,-36.428,0
1398294370806,41640135896000,171538051000001,-3.813,3.375,-36.428,0
1398294370816,41640145906000,171538051000001,-3.813,3.375,-36.428,0
1398294370828,41640157472000,171538051000001,-3.813,3.375,-36.428,0
1398294370836,41640165956000,171538051000001,-3.813,3.375,-36.428,0
1398294370846,41640175935000,171538051000001,-3.813,3.375,-36.428,0
1398294370856,41640185945000,171538051000001,-3.813,3.375,-36.428,0
1398294370866,41640195954000,171538051000001,-3.813,3.375,-36.428,0
1398294370876,41640205964000,171538051000001,-3.813,3.375,-36.428,0
1398294370886,41640215974000,171538051000001,-3.446,3.05,-36.428,0
1398294370896,41640225984000,171538051000001,-3.446,3.05,-36.428,0
1398294370906,41640235993000,171538051000001,-3.446,3.05,-36.428,0
1398294370918,41640246003000,171538051000001,-3.446,3.05,-36.428,0
1398294370926,41640256013000,171538051000001,-3.117,3.05,-36.428,0
1398294370936,41640266023000,171538051000001,-3.117,2.696,-36.428,0
1398294370947,41640276033000,171538051000001,-3.117,2.696,-36.428,0
1398294370956,41640286042000,171538051000001,-3.117,2.696,-36.428,0
1398294370966,41640296052000,171538051000001,-3.117,2.696,-36.428,0
1398294370976,41640306062000,171538051000001,-3.117,2.696,-36.428,0
1398294370988,41640316072000,171538051000001,-3.117,2.696,-36.428,0
1398294371000,41640326081000,171538051000001,-3.117,2.696,-36.428,0
1398294371008,41640337647000,171538051000001,-3.117,2.696,-36.428,0
1398294371016,41640346131000,171538051000001,-3.117,2.696,-36.428,0
1398294371026,41640356111000,171538051000001,-2.778,2.696,-36.428,0
1398294371036,41640366120000,171538051000001,-2.778,2.696,-36.428,0
1398294371046,41640376130000,171538051000001,-2.778,2.696,-36.428,0
1398294371056,41640386140000,171538051000001,-2.778,2.696,-36.428,0
1398294371066,41640396150000,171538051000001,-2.778,2.696,-36.428,0
1398294371076,41640406159000,171538051000001,-2.778,2.696,-36.428,0
1398294371086,41640416169000,171538051000001,-2.778,2.696,-36.428,0
1398294371096,41640426179000,171538051000001,-2.778,2.696,-36.428,0
1398294371106,41640436158000,171538051000001,-2.778,2.696,-36.428,0
1398294371116,41640446168000,171538051000001,-2.778,3.021,-36.428,0
1398294371126,41640456208000,171538051000001,-2.778,3.021,-36.428,0
1398294371136,41640466218000,171538051000001,-2.778,3.021,-36.428,0
1398294371146,41640476228000,171538051000001,-2.778,3.356,-36.428,0
1398294371156,41640486238000,171538051000001,-2.778,3.356,-36.428,0
1398294371166,41640496247000,171538051000001,-2.778,3.356,-36.428,0
1398294371176,41640506257000,171538051000001,-2.778,3.356,-36.428,0
1398294371188,41640517976000,171538051000001,-2.778,3.739,-36.428,0
1398294371196,41640526307000,171538051000001,-3.089,3.739,-36.428,0
1398294371206,41640536286000,171538051000001,-3.089,3.739,-36.428,0
1398294371216,41640546296000,171538051000001,-3.089,3.739,-36.428,0
1398294371226,41640556306000,171538051000001,-3.089,4.089,-36.428,0
1398294371236,41640566316000,171538051000001,-3.089,4.089,-36.428,0
1398294371246,41640576325000,171538051000001,-3.089,4.089,-36.428,0
1398294371256,41640586335000,171538051000001,-3.459,4.089,-36.428,0
1398294371266,41640596345000,171538051000001,-3.459,4.414,-36.428,0
1398294371276,41640606355000,171538051000001,-3.459,4.414,-36.428,0
1398294371286,41640616517000,171538051000001,-3.459,4.414,-36.428,0
1398294371300,41640628999000,171538051000001,-3.459,4.414,-36.428,0
1398294371313,41640642762000,171538051000001,-3.459,4.414,-36.428,0
1398294371318,41640647767000,171538051000001,-3.773,4.414,-36.428,0
1398294371366,41640661317000,171538051000001,-3.773,4.414,-36.428,0
1398294371371,41640667237000,171538051000001,-3.773,4.414,-36.428,0
1398294371373,41640676515000,171538051000001,-3.773,4.414,-36.428,0
1398294371377,41640686555000,171538051000001,-3.773,4.745,-36.428,0
1398294371380,41640698243000,171538051000001,-3.773,4.745,-36.428,0
1398294371384,41640706574000,171538051000001,-3.773,4.745,-36.428,0
1398294371387,41640716584000,171538051000001,-3.773,4.745,-36.428,0
1398294371399,41640726838000,171538051000001,-3.773,4.745,-36.428,0
1398294371407,41640736573000,171538051000001,-3.773,4.745,-36.428,0
1398294371419,41640746980000,171538051000001,-3.773,4.745,-36.428,0
1398294371429,41640756562000,171538051000001,-3.773,4.745,-36.428,0
1398294371439,41640766572000,171538051000001,-3.773,4.745,-36.428,0
1398294371448,41640776582000,171538051000001,-3.773,4.745,-36.428,0
1398294371463,41640786592000,171538051000001,-4.075,4.745,-36.428,0
1398294371467,41640796571000,171538051000001,-4.075,4.745,-36.428,0
1398294371479,41640806611000,171538051000001,-4.075,4.745,-36.428,0
1398294371495,41640816651000,171538051000001,-4.075,4.745,-36.428,0
1398294371497,41640826631000,171538051000001,-4.075,4.745,-36.428,0
1398294371507,41640836640000,171538051000001,-4.075,4.745,-36.428,0
1398294371517,41640846681000,171538051000001,-4.075,4.745,-36.428,0
1398294371528,41640856629000,171538051000001,-4.075,4.745,-36.428,0
1398294371537,41640866639000,171538051000001,-4.075,4.745,-36.428,0
1398294371548,41640878205000,171538051000001,-4.376,4.745,-36.428,0
1398294371557,41640886689000,171538051000001,-4.376,4.745,-36.428,0
1398294371567,41640896668000,171538051000001,-4.376,4.745,-36.428,0
1398294371580,41640906678000,171538051000001,-4.376,4.745,-36.428,0
1398294371586,41640916719000,171538051000001,-4.376,4.745,-36.428,0
1398294371597,41640926728000,171538051000001,-4.376,4.745,-36.428,0
1398294371606,41640936708000,171538051000001,-4.376,4.745,-36.428,0
1398294371616,41640946717000,171538051000001,-4.376,4.745,-36.428,0
1398294371626,41640956758000,171538051000001,-4.376,4.745,-36.428,0
1398294371637,41640966920000,171538051000001,-4.376,4.745,-36.428,0
1398294371647,41640976747000,171538051000001,-4.376,4.745,-36.428,0
1398294371656,41640986756000,171538051000001,-4.376,4.745,-36.428,0
1398294371667,41640996766000,171538051000001,-4.376,4.745,-36.428,0
1398294371677,41641006806000,171538051000001,-4.682,4.745,-36.428,0
1398294371686,41641016816000,171538051000001,-4.682,4.745,-36.126,0
1398294371697,41641026826000,171538051000001,-4.682,4.745,-36.126,0
1398294371707,41641036805000,171538051000001,-4.682,4.745,-36.126,0
1398294371717,41641046815000,171538051000001,-4.682,4.745,-36.126,0
1398294371728,41641058381000,171538051000001,-4.682,4.745,-36.126,0
1398294371737,41641066865000,171538051000001,-4.682,4.745,-36.126,0
1398294371749,41641076875000,171538051000001,-4.682,4.745,-36.126,0
1398294371757,41641086885000,171538051000001,-4.682,4.745,-36.126,0
1398294371767,41641096894000,171538051000001,-4.682,4.745,-36.126,0
1398294371778,41641106904000,171538051000001,-4.682,4.745,-36.126,0
1398294371787,41641116914000,171538051000001,-4.682,4.745,-36.126,0
1398294371797,41641126924000,171538051000001,-4.682,4.745,-36.126,0
1398294371807,41641136903000,171538051000001,-4.682,4.745,-36.126,0
1398294371817,41641146913000,171538051000001,-4.682,4.745,-36.126,0
1398294371829,41641156983000,171538051000001,-4.682,4.745,-36.126,0
1398294371837,41641166963000,171538051000001,-5.01,4.745,-36.126,0
1398294371847,41641176972000,171538051000001,-5.01,4.745,-36.126,0
1398294371857,41641186982000,171538051000001,-5.01,4.745,-36.126,0
1398294371867,41641196992000,171538051000001,-5.01,4.745,-36.126,0
1398294371877,41641206971000,171538051000001,-5.01,4.745,-36.126,0
1398294371887,41641216981000,171538051000001,-5.01,4.745,-36.126,0
1398294371897,41641226991000,171538051000001,-5.01,4.745,-36.126,0
1398294371910,41641238557000,171538051000001,-5.01,4.745,-36.126,0
1398294371917,41641247071000,171538051000001,-5.01,4.745,-36.126,0
1398294371927,41641257051000,171538051000001,-5.01,4.745,-36.126,0
1398294371937,41641267060000,171538051000001,-5.01,4.745,-36.126,0
1398294371947,41641277070000,171538051000001,-5.01,4.745,-36.126,0
1398294371957,41641287080000,171538051000001,-5.01,4.745,-36.126,0
1398294371967,41641297090000,171538051000001,-5.349,4.745,-36.126,0
1398294371977,41641307099000,171538051000001,-5.349,4.745,-36.126,0
1398294371987,41641317109000,171538051000001,-5.349,4.745,-36.126,0
1398294371997,41641327119000,171538051000001,-5.349,4.745,-36.126,0
1398294372007,41641337098000,171538051000001,-5.349,4.745,-36.126,0
1398294372017,41641347138000,171538051000001,-5.349,4.745,-36.126,0
1398294372027,41641357148000,171538051000001,-5.349,4.745,-36.126,0
1398294372037,41641367158000,171538051000001,-5.349,4.745,-36.126,0
1398294372047,41641377168000,171538051000001,-5.349,4.745,-36.126,0
1398294372057,41641387147000,171538051000001,-5.349,4.745,-36.126,0
1398294372067,41641397157000,171538051000001,-5.349,4.745,-36.126,0
1398294372077,41641407167000,171538051000001,-5.349,4.745,-36.126,0
1398294372089,41641418733000,171538051000001,-5.349,4.745,-36.126,0
1398294372097,41641427247000,171538051000001,-5.349,4.745,-36.126,0
1398294372107,41641437226000,171538051000001,-5.349,4.745,-36.126,0
1398294372117,41641447206000,171538051000001,-5.349,4.431,-36.126,0
1398294372127,41641457215000,171538051000001,-5.036,4.431,-36.126,0
1398294372137,41641467225000,171538051000001,-5.036,4.431,-36.126,0
1398294372150,41641479402000,171538051000001,-5.036,4.431,-36.126,0
1398294372163,41641492951000,171538051000001,-5.036,4.431,-36.126,0
1398294372169,41641498597000,171538051000001,-5.036,4.431,-36.126,0
1398294372179,41641508912000,171538051000001,-5.036,4.431,-36.126,0
1398294372193,41641522950000,171538051000001,-4.724,4.431,-36.126,0
1398294372199,41641528688000,171538051000001,-4.724,4.431,-36.126,0
1398294372212,41641541719000,171538051000001,-4.724,4.431,-36.126,0
1398294372222,41641551698000,171538051000001,-4.724,4.113,-36.126,0
1398294372233,41641562928000,171538051000001,-4.724,4.113,-36.126,0
1398294372240,41641569642000,171538051000001,-4.724,4.113,-36.126,0
1398294372250,41641577333000,171538051000001,-4.724,4.113,-36.126,0
1398294372266,41641588990000,171538051000001,-4.724,4.113,-36.126,0
1398294372288,41641598878000,171538051000001,-4.724,4.113,-36.126,0
1398294372303,41641607392000,171538051000001,-5.027,4.113,-36.126,0
1398294372314,41641619294000,171538051000001,-5.027,4.113,-36.126,0
1398294372319,41641627351000,171538051000001,-5.027,4.113,-36.126,0
1398294372321,41641637422000,171538051000001,-5.027,4.113,-36.126,0
1398294372323,41641647401000,171538051000001,-5.027,4.113,-36.126,0
1398294372331,41641658357000,171538051000001,-5.027,3.813,-36.126,0
1398294372338,41641667390000,171538051000001,-5.027,3.813,-36.126,0
1398294372348,41641677430000,171538051000001,-5.027,3.813,-36.126,0
1398294372360,41641687409000,171538051000001,-5.027,3.813,-36.126,0
1398294372367,41641697419000,171538051000001,-5.027,3.813,-36.126,0
1398294372378,41641707917000,171538051000001,-5.349,3.813,-36.126,0
1398294372393,41641719911000,171538051000001,-5.349,3.813,-36.126,0
1398294372397,41641727449000,171538051000001,-5.349,3.813,-36.126,0
1398294372408,41641737458000,171538051000001,-5.349,3.813,-36.126,0
1398294372417,41641747438000,171538051000001,-5.349,3.813,-36.126,0
1398294372427,41641757478000,171538051000001,-5.349,3.813,-36.126,0
1398294372437,41641767457000,171538051000001,-5.349,3.813,-36.126,0
1398294372449,41641779054000,171538051000001,-5.349,3.813,-36.126,0
1398294372459,41641787538000,171538051000001,-5.349,3.813,-36.126,0
1398294372467,41641797517000,171538051000001,-5.349,3.813,-36.126,0
1398294372478,41641807771000,171538051000001,-5.349,3.813,-36.126,0
1398294372487,41641817536000,171538051000001,-5.349,3.813,-36.126,0
1398294372497,41641827546000,171538051000001,-5.349,3.813,-36.126,0
1398294372507,41641837556000,171538051000001,-5.349,3.813,-36.126,0
1398294372517,41641847566000,171538051000001,-5.349,3.813,-36.126,0
1398294372527,41641857575000,171538051000001,-5.349,3.813,-36.126,0
1398294372537,41641867585000,171538051000001,-5.349,3.813,-36.126,0
1398294372548,41641877778000,171538051000001,-5.029,3.813,-36.126,0
1398294372557,41641887605000,171538051000001,-5.029,3.813,-36.126,0
1398294372567,41641897615000,171538051000001,-5.029,3.813,-36.126,0
1398294372577,41641907624000,171538051000001,-5.029,3.813,-36.126,0
1398294372587,41641917634000,171538051000001,-4.647,3.485,-36.126,0
1398294372606,41641933442000,171538051000001,-4.647,3.485,-36.126,0
1398294372609,41641938874000,171538051000001,-4.647,3.485,-36.126,0
1398294372623,41641953218000,171538051000001,-4.647,3.485,-36.126,0
1398294372632,41641961335000,171538051000001,-4.647,3.164,-36.488,0
1398294372640,41641969850000,171538051000001,-4.269,3.164,-36.488,0
1398294372650,41641979981000,171538051000001,-4.269,3.164,-36.488,0
1398294372664,41641993470000,171538051000001,-4.269,3.164,-36.488,0
1398294372668,41641997743000,171538051000001,-4.269,2.861,-36.488,0
1398294372679,41642008485000,171538051000001,-4.269,2.861,-36.488,0
1398294372694,41642024110000,171538051000001,-3.883,2.861,-36.488,0
1398294372700,41642027864000,171538051000001,-3.883,2.861,-36.488,0
1398294372714,41642038240000,171538051000001,-3.883,2.861,-36.488,0
1398294372718,41642047792000,171538051000001,-3.883,2.508,-36.488,0
1398294372748,41642057771000,171538051000001,-3.883,2.508,-36.488,0
1398294372754,41642067781000,171538051000001,-3.883,2.508,-36.488,0
1398294372759,41642077790000,171538051000001,-3.883,2.508,-36.488,0
1398294372764,41642087831000,171538051000001,-3.572,2.508,-36.801,0
1398294372768,41642097840000,171538051000001,-3.572,2.508,-36.801,0
1398294372778,41642107820000,171538051000001,-3.572,2.508,-36.801,0
1398294372788,41642117829000,171538051000001,-3.572,2.508,-36.801,0
1398294372798,41642127839000,171538051000001,-3.572,2.508,-36.801,0
1398294372810,41642139405000,171538051000001,-3.572,2.201,-36.801,0
1398294372821,41642147920000,171538051000001,-3.572,2.201,-36.801,0
1398294372831,41642157868000,171538051000001,-3.572,2.201,-36.801,0
1398294372838,41642167878000,171538051000001,-3.572,2.201,-36.801,0
1398294372848,41642177888000,171538051000001,-3.572,2.201,-36.801,0
1398294372858,41642187898000,171538051000001,-3.572,2.201,-36.801,0
1398294372868,41642197908000,171538051000001,-3.572,2.201,-36.801,0
1398294372878,41642207887000,171538051000001,-3.572,2.201,-36.801,0
1398294372888,41642217897000,171538051000001,-3.572,2.201,-36.801,0
1398294372902,41642232575000,171538051000001,-3.572,2.201,-36.801,0
1398294372908,41642237886000,171538051000001,-3.572,2.201,-36.482,0
1398294372918,41642247956000,171538051000001,-3.889,2.201,-36.482,0
1398294372930,41642257936000,171538051000001,-3.889,2.201,-36.482,0
1398294372938,41642267976000,171538051000001,-3.889,2.201,-36.482,0
1398294372948,41642277955000,171538051000001,-3.889,2.201,-36.482,0
1398294372958,41642287965000,171538051000001,-3.889,2.201,-36.482,0
1398294372969,41642297975000,171538051000001,-3.889,2.201,-36.482,0
1398294372978,41642308015000,171538051000001,-4.22,2.201,-36.482,0
1398294372992,41642319520000,171538051000001,-4.22,2.201,-36.482,0
1398294372998,41642328218000,171538051000001,-4.22,2.201,-36.482,0
1398294373008,41642338014000,171538051000001,-4.22,2.201,-36.482,0
1398294373018,41642348023000,171538051000001,-4.557,2.201,-36.166,0
1398294373028,41642358033000,171538051000001,-4.557,2.201,-36.166,0
1398294373038,41642368012000,171538051000001,-4.557,2.201,-36.166,0
1398294373048,41642378022000,171538051000001,-4.557,2.201,-36.166,0
1398294373058,41642388032000,171538051000001,-4.557,2.201,-36.166,0
1398294373068,41642398072000,171538051000001,-4.557,2.201,-36.166,0
1398294373078,41642408082000,171538051000001,-4.557,2.201,-36.166,0
1398294373088,41642418092000,171538051000001,-4.557,2.201,-36.166,0
1398294373098,41642428102000,171538051000001,-4.557,2.201,-36.166,0
1398294373108,41642438111000,171538051000001,-4.557,2.201,-36.166,0
1398294373118,41642448091000,171538051000001,-4.557,2.201,-36.166,0
1398294373128,41642458131000,171538051000001,-4.557,2.201,-36.166,0
1398294373138,41642468141000,171538051000001,-4.873,2.201,-36.166,0
1398294373148,41642478150000,171538051000001,-4.873,2.201,-36.166,0
1398294373158,41642488160000,171538051000001,-4.873,2.201,-36.166,0
1398294373170,41642499726000,171538051000001,-4.873,2.201,-36.166,0
1398294373178,41642508210000,171538051000001,-4.873,2.201,-36.166,0
1398294373188,41642518189000,171538051000001,-4.873,2.201,-36.166,0
1398294373198,41642528199000,171538051000001,-4.873,2.201,-35.858,0
1398294373213,41642543031000,171538051000001,-4.873,2.201,-35.858,0
1398294373218,41642548249000,171538051000001,-4.873,2.201,-35.858,0
1398294373228,41642558229000,171538051000001,-5.229,2.201,-35.858,0
1398294373238,41642568238000,171538051000001,-5.229,2.201,-35.858,0
1398294373248,41642578248000,171538051000001,-5.229,2.201,-35.858,0
1398294373258,41642588258000,171538051000001,-5.229,2.201,-35.858,0
1398294373268,41642598237000,171538051000001,-5.229,2.201,-35.858,0
1398294373278,41642608247000,171538051000001,-5.229,1.84,-35.858,0
1398294373288,41642618287000,171538051000001,-5.229,1.84,-35.858,0
1398294373298,41642628297000,171538051000001,-5.229,1.84,-35.858,0
1398294373309,41642638307000,171538051000001,-5.229,1.84,-35.858,0
1398294373319,41642648347000,171538051000001,-5.229,1.84,-35.858,0
1398294373329,41642658357000,171538051000001,-5.229,1.516,-35.858,0
1398294373340,41642668336000,171538051000001,-5.229,1.516,-35.858,0
1398294373350,41642679902000,171538051000001,-5.229,1.516,-35.858,0
1398294373359,41642688417000,171538051000001,-5.229,1.516,-35.858,0
1398294373369,41642698457000,171538051000001,-5.229,1.516,-35.858,0
1398294373383,41642708375000,171538051000001,-5.229,1.516,-35.858,0
1398294373388,41642718354000,171538051000001,-5.229,1.516,-35.858,0
1398294373398,41642728395000,171538051000001,-5.229,1.516,-35.858,0
1398294373408,41642738404000,171538051000001,-5.229,1.516,-35.858,0
1398294373418,41642748414000,171538051000001,-5.229,1.516,-35.858,0
1398294373429,41642758424000,171538051000001,-5.229,1.516,-35.858,0
1398294373439,41642768403000,171538051000001,-5.229,1.516,-35.858,0
1398294373448,41642778596000,171538051000001,-5.229,1.516,-35.858,0
1398294373458,41642788423000,171538051000001,-5.229,1.516,-35.858,0
1398294373468,41642798432000,171538051000001,-5.229,1.516,-35.858,0
1398294373480,41642808503000,171538051000001,-5.229,1.516,-35.858,0
1398294373489,41642818482000,171538051000001,-5.229,1.516,-35.858,0
1398294373499,41642828492000,171538051000001,-5.229,1.516,-35.858,0
1398294373508,41642838502000,171538051000001,-5.229,1.516,-35.858,0
1398294373518,41642848481000,171538051000001,-5.229,1.516,-35.858,0
1398294373531,41642860047000,171538051000001,-5.229,1.516,-35.858,0
1398294373538,41642868562000,171538051000001,-5.229,1.516,-35.858,0
1398294373548,41642878511000,171538051000001,-5.229,1.516,-35.858,0
1398294373559,41642888551000,171538051000001,-5.229,1.85,-35.858,0
1398294373568,41642898530000,171538051000001,-5.229,1.85,-35.858,0
1398294373579,41642908570000,171538051000001,-5.229,1.85,-35.858,0
1398294373588,41642918550000,171538051000001,-5.229,1.85,-35.858,0
1398294373598,41642928559000,171538051000001,-5.229,1.85,-35.858,0
1398294373608,41642938569000,171538051000001,-5.229,2.197,-35.858,0
1398294373618,41642948609000,171538051000001,-5.229,2.197,-35.858,0
1398294373629,41642958619000,171538051000001,-5.229,2.197,-35.858,0
1398294373638,41642968629000,171538051000001,-5.229,2.197,-35.858,0
1398294373649,41642978639000,171538051000001,-5.229,2.197,-35.858,0
1398294373659,41642988648000,171538051000001,-5.229,2.549,-35.858,0
1398294373669,41642998658000,171538051000001,-5.229,2.549,-35.858,0
1398294373679,41643008668000,171538051000001,-5.229,2.549,-35.858,0
1398294373689,41643018678000,171538051000001,-5.229,2.549,-35.858,0
1398294373699,41643028688000,171538051000001,-5.229,2.549,-36.16,0
1398294373710,41643040223000,171538051000001,-5.229,2.549,-36.16,0
1398294373719,41643048738000,171538051000001,-4.882,2.549,-36.16,0
1398294373729,41643058717000,171538051000001,-4.882,2.549,-36.16,0
1398294373739,41643068727000,171538051000001,-4.882,2.549,-36.16,0
1398294373749,41643078736000,171538051000001,-4.882,2.549,-36.16,0
1398294373759,41643088777000,171538051000001,-4.882,2.885,-36.16,0
1398294373769,41643098786000,171538051000001,-4.882,2.885,-36.16,0
1398294373779,41643108766000,171538051000001,-4.882,2.885,-36.16,0
1398294373789,41643118745000,171538051000001,-4.882,2.885,-36.16,0
1398294373799,41643128755000,171538051000001,-4.882,2.885,-36.16,0
1398294373809,41643138764000,171538051000001,-4.882,2.885,-36.16,0
1398294373819,41643148805000,171538051000001,-4.882,2.885,-36.16,0
1398294373829,41643159150000,171538051000001,-4.882,2.885,-36.16,0
1398294373842,41643168855000,171538051000001,-4.882,2.885,-36.16,0
1398294373849,41643178803000,171538051000001,-4.882,2.885,-36.16,0
1398294373859,41643188813000,171538051000001,-4.882,2.885,-36.16,0
1398294373869,41643198823000,171538051000001,-4.882,2.885,-36.16,0
1398294373879,41643208833000,171538051000001,-4.882,3.195,-36.16,0
1398294373890,41643220399000,171538051000001,-4.882,3.195,-36.16,0
1398294373899,41643228883000,171538051000001,-4.882,3.195,-36.16,0
1398294373909,41643238893000,171538051000001,-4.882,3.195,-36.16,0
1398294373919,41643248872000,171538051000001,-4.882,3.195,-36.16,0
1398294373929,41643258912000,171538051000001,-4.882,3.195,-36.16,0
1398294373943,41643268891000,171538051000001,-4.882,3.195,-36.16,0
1398294373949,41643278901000,171538051000001,-4.882,3.195,-36.16,0
1398294373959,41643288941000,171538051000001,-4.882,3.195,-36.16,0
1398294373969,41643298921000,171538051000001,-4.882,3.195,-36.16,0
1398294373979,41643308961000,171538051000001,-4.882,3.195,-36.16,0
1398294373989,41643318940000,171538051000001,-4.882,3.195,-36.16,0
1398294373999,41643328950000,171538051000001,-4.882,3.195,-36.16,0
1398294374009,41643338960000,171538051000001,-4.533,3.195,-36.16,0
1398294374019,41643348970000,171538051000001,-4.533,3.195,-36.16,0
1398294374029,41643359040000,171538051000001,-4.533,3.195,-36.16,0
1398294374042,41643369020000,171538051000001,-4.533,3.195,-36.16,0
1398294374049,41643379029000,171538051000001,-4.533,3.195,-36.16,0
1398294374063,41643389039000,171538051000001,-4.533,3.195,-36.16,0
1398294374071,41643400575000,171538051000001,-4.533,3.195,-36.16,0
1398294374079,41643409089000,171538051000001,-4.533,3.195,-36.16,0
1398294374089,41643419038000,171538051000001,-4.533,3.195,-36.16,0
1398294374099,41643429048000,171538051000001,-4.533,3.195,-36.16,0
1398294374109,41643439088000,171538051000001,-4.533,3.195,-36.16,0
1398294374119,41643449067000,171538051000001,-4.533,3.195,-36.16,0
1398294374134,41643459107000,171538051000001,-4.533,3.195,-36.16,0
1398294374140,41643469087000,171538051000001,-4.533,3.195,-36.16,0
1398294374149,41643479096000,171538051000001,-4.533,3.195,-36.16,0
1398294374159,41643489137000,171538051000001,-4.533,3.195,-36.16,0
1398294374169,41643499147000,171538051000001,-4.533,3.195,-36.16,0
1398294374179,41643509156000,171538051000001,-4.533,3.195,-36.16,0
1398294374189,41643519136000,171538051000001,-4.533,3.195,-36.16,0
1398294374200,41643529145000,171538051000001,-4.533,3.195,-36.16,0
1398294374211,41643539186000,171538051000001,-4.533,3.195,-36.16,0
1398294374220,41643549195000,171538051000001,-4.533,3.195,-36.16,0
1398294374230,41643559205000,171538051000001,-4.533,3.195,-36.16,0
1398294374239,41643569276000,171538051000001,-4.533,3.195,-36.16,0
1398294374251,41643580781000,171538051000001,-4.533,3.195,-36.16,0
1398294374259,41643589265000,171538051000001,-4.533,2.868,-36.16,0
1398294374270,41643599183000,171538051000001,-4.533,2.868,-36.16,0
1398294374279,41643609223000,171538051000001,-4.533,2.868,-36.16,0
1398294374289,41643619203000,171538051000001,-4.533,2.868,-36.16,0
1398294374299,41643629212000,171538051000001,-4.533,2.868,-36.16,0
1398294374309,41643639253000,171538051000001,-4.533,2.566,-36.16,0
1398294374319,41643649262000,171538051000001,-4.533,2.566,-36.16,0
1398294374329,41643659303000,171538051000001,-4.533,2.566,-36.16,0
1398294374339,41643669343000,171538051000001,-4.533,2.566,-36.16,0
1398294374349,41643679505000,171538051000001,-4.533,2.566,-36.16,0
1398294374359,41643689332000,171538051000001,-4.533,2.566,-36.16,0
1398294374369,41643699372000,171538051000001,-4.533,2.566,-36.16,0
1398294374379,41643709352000,171538051000001,-4.533,2.566,-36.16,0
1398294374389,41643719361000,171538051000001,-4.533,2.566,-36.16,0
1398294374399,41643729371000,171538051000001,-4.533,2.566,-36.16,0
1398294374409,41643739411000,171538051000001,-4.533,2.566,-36.16,0
1398294374420,41643749391000,171538051000001,-4.533,2.566,-36.16,0
1398294374431,41643760987000,171538051000001,-4.533,2.566,-36.16,0
1398294374444,41643773591000,171538051000001,-4.533,2.566,-36.16,0
1398294374449,41643779389000,171538051000001,-4.533,2.566,-36.16,0
1398294374460,41643789430000,171538051000001,-4.533,2.566,-36.16,0
1398294374470,41643799439000,171538051000001,-4.533,2.566,-36.16,0
1398294374480,41643809419000,171538051000001,-4.533,2.566,-36.16,0
1398294374490,41643819428000,171538051000001,-4.533,2.566,-36.16,0
1398294374499,41643829438000,171538051000001,-4.533,2.566,-36.16,0
1398294374510,41643839479000,171538051000001,-4.533,2.566,-36.16,0
1398294374520,41643849458000,171538051000001,-4.533,2.873,-36.16,0
1398294374530,41643859468000,171538051000001,-4.212,2.873,-36.16,0
1398294374540,41643869477000,171538051000001,-4.212,2.873,-36.16,0
1398294374550,41643879487000,171538051000001,-4.212,2.873,-36.16,0
1398294374560,41643889497000,171538051000001,-4.212,2.873,-36.16,0
1398294374570,41643899507000,171538051000001,-4.212,2.873,-36.16,0
1398294374580,41643909516000,171538051000001,-4.212,2.873,-36.16,0
1398294374590,41643919526000,171538051000001,-4.212,2.873,-36.16,0
1398294374600,41643929536000,171538051000001,-4.212,2.873,-36.16,0
1398294374611,41643941102000,171538051000001,-4.212,2.873,-36.16,0
1398294374620,41643949616000,171538051000001,-4.212,2.873,-36.474,0
1398294374630,41643959565000,171538051000001,-4.212,2.873,-36.474,0
1398294374640,41643969575000,171538051000001,-4.212,2.873,-36.474,0
1398294374650,41643979585000,171538051000001,-4.212,2.873,-36.474,0
1398294374660,41643989595000,171538051000001,-4.212,2.873,-36.474,0
1398294374670,41643999604000,171538051000001,-4.212,2.873,-36.474,0
1398294374680,41644009614000,171538051000001,-4.212,2.873,-36.474,0
1398294374690,41644019624000,171538051000001,-3.904,2.563,-36.474,0
1398294374700,41644029634000,171538051000001,-3.904,2.563,-36.474,0
1398294374710,41644039643000,171538051000001,-3.904,2.563,-36.474,0
1398294374725,41644049684000,171538051000001,-3.904,2.563,-36.474,0
1398294374730,41644059724000,171538051000001,-3.904,2.563,-36.474,0
1398294374740,41644069703000,171538051000001,-3.904,2.563,-36.474,0
1398294374752,41644081880000,171538051000001,-3.584,2.563,-36.474,0
1398294374760,41644089723000,171538051000001,-3.584,2.226,-36.474,0
1398294374770,41644099732000,171538051000001,-3.584,2.226,-36.474,0
1398294374780,41644109773000,171538051000001,-3.584,2.226,-36.474,0
1398294374793,41644121308000,171538051000001,-3.584,2.226,-36.474,0
1398294374800,41644129975000,171538051000001,-3.584,2.226,-36.474,0
1398294374810,41644139772000,171538051000001,-3.273,2.226,-36.474,0
1398294374826,41644149781000,171538051000001,-3.273,1.898,-36.474,0
1398294374831,41644160554000,171538051000001,-3.273,1.898,-36.474,0
1398294374846,41644169801000,171538051000001,-3.273,1.898,-36.474,0
1398294374850,41644179811000,171538051000001,-3.273,1.898,-36.474,0
1398294374860,41644189851000,171538051000001,-3.273,1.898,-36.474,0
1398294374873,41644200471000,171538051000001,-3.273,1.898,-36.474,0
1398294374880,41644209840000,171538051000001,-3.273,1.898,-36.474,0
1398294374891,41644219880000,171538051000001,-3.273,1.898,-36.474,0
1398294374900,41644229890000,171538051000001,-3.273,1.898,-36.474,0
1398294374910,41644239900000,171538051000001,-3.273,1.898,-36.474,0
1398294374920,41644249879000,171538051000001,-3.273,1.898,-36.474,0
1398294374930,41644259889000,171538051000001,-2.972,1.898,-36.474,0
1398294374940,41644269929000,171538051000001,-2.972,1.898,-36.474,0
1398294374950,41644279878000,171538051000001,-2.972,1.898,-36.474,0
1398294374961,41644289918000,171538051000001,-2.972,1.898,-36.474,0
1398294374972,41644301515000,171538051000001,-2.972,1.898,-36.474,0
1398294374980,41644309968000,171538051000001,-2.972,1.898,-36.474,0
1398294374990,41644319947000,171538051000001,-2.972,1.898,-36.474,0
1398294375001,41644329927000,171538051000001,-2.972,1.898,-36.474,0
1398294375010,41644339967000,171538051000001,-2.972,1.898,-36.474,0
1398294375020,41644349977000,171538051000001,-2.972,1.898,-36.474,0
1398294375030,41644359956000,171538051000001,-3.306,1.898,-36.474,0
1398294375040,41644369996000,171538051000001,-3.306,2.235,-36.474,0
1398294375056,41644380067000,171538051000001,-3.306,2.235,-36.474,0
1398294375064,41644390077000,171538051000001,-3.306,2.235,-36.474,0
1398294375070,41644400086000,171538051000001,-3.677,2.548,-36.474,0
1398294375080,41644410066000,171538051000001,-3.677,2.548,-36.474,0
1398294375090,41644420075000,171538051000001,-3.677,2.548,-36.474,0
1398294375100,41644430085000,171538051000001,-4.06,2.89,-36.474,0
1398294375110,41644440064000,171538051000001,-4.06,2.89,-36.474,0
1398294375120,41644450105000,171538051000001,-4.06,2.89,-36.474,0
1398294375130,41644460115000,171538051000001,-4.06,2.89,-36.474,0
1398294375140,41644470094000,171538051000001,-4.06,3.198,-36.474,0
1398294375152,41644481660000,171538051000001,-4.06,3.198,-36.474,0
1398294375161,41644490144000,171538051000001,-4.06,3.198,-36.474,0
1398294375171,41644500154000,171538051000001,-4.06,3.198,-36.474,0
1398294375180,41644510133000,171538051000001,-4.364,3.198,-36.474,0
1398294375191,41644520143000,171538051000001,-4.364,3.55,-36.474,0
1398294375201,41644530152000,171538051000001,-4.364,3.55,-36.474,0
1398294375210,41644540193000,171538051000001,-4.364,3.55,-36.474,0
1398294375221,41644550172000,171538051000001,-4.364,3.55,-36.474,0
1398294375230,41644560182000,171538051000001,-4.364,3.55,-36.474,0
1398294375240,41644570191000,171538051000001,-4.364,3.55,-36.474,0
1398294375250,41644580354000,171538051000001,-4.364,3.55,-36.474,0
1398294375260,41644590211000,171538051000001,-4.364,3.55,-36.474,0
1398294375270,41644600251000,171538051000001,-4.364,3.55,-36.474,0
1398294375288,41644610261000,171538051000001,-4.364,3.55,-36.474,0
1398294375294,41644620271000,171538051000001,-4.364,3.55,-36.474,0
1398294375300,41644630281000,171538051000001,-4.364,3.55,-36.474,0
1398294375310,41644640260000,171538051000001,-4.364,3.55,-36.474,0
1398294375320,41644650270000,171538051000001,-4.364,3.55,-36.474,0
1398294375332,41644661836000,171538051000001,-4.364,3.55,-36.474,0
1398294375340,41644670320000,171538051000001,-4.364,3.55,-36.474,0
1398294375352,41644680299000,171538051000001,-4.364,3.55,-36.474,0
1398294375360,41644690278000,171538051000001,-4.364,3.245,-36.474,0
1398294375370,41644700288000,171538051000001,-4.69,3.245,-36.474,0
1398294375380,41644710298000,171538051000001,-4.69,3.245,-36.474,0
1398294375390,41644720277000,171538051000001,-4.69,3.245,-36.474,0
1398294375401,41644730531000,171538051000001,-4.69,3.245,-36.474,0
1398294375410,41644740296000,171538051000001,-4.69,3.245,-36.474,0
1398294375420,41644750337000,171538051000001,-4.69,3.245,-36.474,0
1398294375430,41644760346000,171538051000001,-4.69,2.906,-36.474,0
1398294375440,41644770356000,171538051000001,-4.69,2.906,-36.474,0
1398294375451,41644780335000,171538051000001,-4.69,2.906,-36.474,0
1398294375460,41644790406000,171538051000001,-4.69,2.906,-36.474,0
1398294375471,41644800447000,171538051000001,-4.69,2.906,-36.474,0
1398294375481,41644810426000,171538051000001,-4.69,2.906,-36.474,0
1398294375490,41644820436000,171538051000001,-4.69,2.906,-36.474,0
1398294375502,41644830476000,171538051000001,-4.69,2.906,-36.474,0
1398294375518,41644842042000,171538051000001,-4.69,2.906,-36.474,0
1398294375521,41644850526000,171538051000001,-4.69,2.906,-36.474,0
1398294375530,41644860475000,171538051000001,-4.69,2.906,-36.474,0
1398294375540,41644870484000,171538051000001,-4.69,2.906,-36.474,0
1398294375550,41644880494000,171538051000001,-4.69,2.906,-36.474,0
1398294375560,41644890504000,171538051000001,-4.69,2.906,-36.474,0
1398294375571,41644900514000,171538051000001,-4.69,2.906,-36.474,0
1398294375580,41644910523000,171538051000001,-4.69,2.906,-36.474,0
1398294375591,41644920533000,171538051000001,-4.69,2.906,-36.474,0
1398294375600,41644930512000,171538051000001,-4.69,2.906,-36.474,0
1398294375610,41644940522000,171538051000001,-4.69,2.906,-36.474,0
1398294375621,41644950563000,171538051000001,-5.021,2.906,-36.474,0
1398294375631,41644960572000,171538051000001,-5.021,2.906,-36.474,0
1398294375641,41644970582000,171538051000001,-5.021,2.906,-36.134,0
1398294375651,41644980592000,171538051000001,-5.021,2.906,-36.134,0
1398294375661,41644990602000,171538051000001,-5.021,2.906,-36.134,0
1398294375672,41645002442000,171538051000001,-5.021,2.906,-36.134,0
1398294375680,41645010591000,171538051000001,-5.021,2.906,-36.134,0
1398294375692,41645022157000,171538051000001,-5.021,2.906,-36.134,0
1398294375700,41645030641000,171538051000001,-5.021,2.906,-36.134,0
1398294375710,41645040620000,171538051000001,-5.021,2.906,-36.134,0
1398294375720,41645050630000,171538051000001,-5.021,2.906,-36.134,0
1398294375731,41645060639000,171538051000001,-5.021,2.906,-36.134,0
1398294375741,41645070649000,171538051000001,-5.021,3.213,-36.134,0
1398294375751,41645080659000,171538051000001,-5.021,3.213,-36.134,0
1398294375760,41645090669000,171538051000001,-5.021,3.213,-36.134,0
1398294375774,41645100678000,171538051000001,-5.021,3.213,-36.134,0
1398294375783,41645113374000,171538051000001,-5.021,3.213,-36.134,0
1398294375794,41645124269000,171538051000001,-5.021,3.213,-36.134,0
1398294375804,41645134248000,171538051000001,-5.021,3.213,-36.134,0
1398294375814,41645144288000,171538051000001,-5.021,3.213,-36.134,0
1398294375824,41645153749000,171538051000001,-5.021,3.213,-36.134,0
1398294375834,41645164369000,171538051000001,-5.021,3.213,-36.134,0
1398294375844,41645174256000,171538051000001,-5.021,3.213,-36.134,0
1398294375855,41645185365000,171538051000001,-5.021,3.213,-36.134,0
1398294375865,41645194825000,171538051000001,-5.021,3.213,-36.134,0
1398294375874,41645203401000,171538051000001,-5.021,3.213,-36.134,0
1398294375883,41645213166000,171538051000001,-4.687,3.213,-36.134,0
1398294375894,41645224336000,171538051000001,-4.687,3.213,-36.134,0
1398294375904,41645234315000,171538051000001,-4.687,3.213,-36.134,0
1398294375914,41645244264000,171538051000001,-4.687,3.213,-36.134,0
1398294375925,41645254579000,171538051000001,-4.687,3.213,-36.134,0
1398294375934,41645264375000,171538051000001,-4.687,3.213,-36.134,0
1398294375944,41645274262000,171538051000001,-4.687,3.213,-36.134,0
1398294375956,41645286439000,171538051000001,-4.351,3.213,-36.134,0
1398294375965,41645294557000,171538051000001,-4.351,3.518,-36.134,0
1398294375982,41645311738000,171538051000001,-4.351,3.518,-36.134,0
1398294375986,41645315614000,171538051000001,-4.351,3.518,-36.134,0
1398294375992,41645323182000,171538051000001,-4.351,3.518,-36.134,0
1398294376003,41645333253000,171538051000001,-4.351,3.518,-36.134,0
1398294376014,41645343782000,171538051000001,-4.351,3.518,-36.454,0
1398294376024,41645350984000,171538051000001,-4.031,3.518,-36.454,0
1398294376036,41645361024000,171538051000001,-4.031,3.518,-36.454,0
1398294376046,41645371003000,171538051000001,-4.031,3.518,-36.454,0
1398294376086,41645382539000,171538051000001,-4.031,3.518,-36.454,0
1398294376088,41645391084000,171538051000001,-4.031,3.518,-36.454,0
1398294376090,41645401063000,171538051000001,-4.031,3.518,-36.454,0
1398294376097,41645411073000,171538051000001,-4.031,3.518,-36.454,0
1398294376105,41645421052000,171538051000001,-4.031,3.518,-36.454,0
1398294376108,41645431092000,171538051000001,-4.031,3.518,-36.454,0
1398294376111,41645441072000,171538051000001,-4.031,3.518,-36.454,0
1398294376121,41645451081000,171538051000001,-4.031,3.518,-36.454,0
1398294376132,41645461091000,171538051000001,-4.031,3.518,-36.454,0
1398294376141,41645471101000,171538051000001,-4.031,3.518,-36.454,0
1398294376151,41645481080000,171538051000001,-4.031,3.518,-36.454,0
1398294376161,41645491090000,171538051000001,-4.031,3.201,-36.454,0
1398294376171,41645501130000,171538051000001,-4.031,3.201,-36.454,0
1398294376182,41645512239000,171538051000001,-4.031,3.201,-36.454,0
1398294376195,41645525422000,171538051000001,-4.031,3.201,-36.454,0
1398294376202,41645531098000,171538051000001,-4.031,3.201,-36.454,0
1398294376216,41645543519000,171538051000001,-4.031,3.201,-36.454,0
1398294376223,41645553163000,171538051000001,-4.031,3.201,-36.454,0
1398294376234,41645563996000,171538051000001,-4.031,3.201,-36.454,0
1398294376248,41645577668000,171538051000001,-4.031,3.201,-36.454,0
1398294376253,41645583467000,171538051000001,-4.031,3.201,-36.454,0
1398294376267,41645597596000,171538051000001,-4.031,3.201,-36.454,0
1398294376273,41645603242000,171538051000001,-4.031,3.201,-36.454,0
1398294376292,41645619477000,171538051000001,-4.031,3.201,-36.454,0
1398294376294,41645623902000,171538051000001,-4.031,3.201,-36.454,0
1398294376305,41645634706000,171538051000001,-4.031,3.201,-36.454,0
1398294376313,41645643159000,171538051000001,-3.715,3.201,-36.454,0
1398294376326,41645653077000,171538051000001,-3.715,3.201,-36.454,0
1398294376334,41645664369000,171538051000001,-3.715,3.201,-36.454,0
1398294376345,41645674745000,171538051000001,-3.715,3.201,-36.454,0
1398294376352,41645681703000,171538051000001,-3.715,3.201,-36.454,0
1398294376364,41645693940000,171538051000001,-3.715,3.201,-36.454,0
1398294376373,41645703279000,171538051000001,-3.715,3.201,-36.454,0
1398294376385,41645714875000,171538051000001,-3.715,3.201,-36.454,0
1398294376394,41645723939000,171538051000001,-3.715,3.201,-36.454,0
1398294376405,41645734864000,171538051000001,-3.715,3.201,-36.454,0
1398294376418,41645743989000,171538051000001,-3.715,3.201,-36.454,0
1398294376423,41645753083000,171538051000001,-4.06,3.201,-36.454,0
1398294376438,41645762330000,171538051000001,-4.06,3.201,-36.454,0
1398294376443,41645771882000,171538051000001,-4.06,3.201,-36.454,0
1398294376454,41645781373000,171538051000001,-4.06,3.201,-36.454,0
1398294376476,41645793366000,171538051000001,-4.06,3.201,-36.454,0
1398294376477,41645801393000,171538051000001,-4.393,3.201,-36.454,0
1398294376489,41645811402000,171538051000001,-4.393,3.201,-36.454,0
1398294376492,41645821412000,171538051000001,-4.393,3.201,-36.454,0
1398294376502,41645831880000,171538051000001,-4.393,3.201,-36.454,0
1398294376515,41645841432000,171538051000001,-4.393,3.201,-36.454,0
1398294376523,41645851564000,171538051000001,-4.393,3.201,-36.454,0
1398294376533,41645861451000,171538051000001,-4.393,3.201,-36.454,0
1398294376542,41645871461000,171538051000001,-4.721,3.201,-36.454,0
1398294376552,41645881440000,171538051000001,-4.721,3.201,-36.454,0
1398294376561,41645891450000,171538051000001,-4.721,3.201,-36.454,0
1398294376572,41645901460000,171538051000001,-4.721,3.201,-36.454,0
1398294376584,41645911470000,171538051000001,-4.721,3.201,-36.454,0
1398294376599,41645925782000,171538051000001,-4.721,3.201,-36.454,0
1398294376602,41645931581000,171538051000001,-4.721,3.201,-36.454,0
1398294376613,41645941590000,171538051000001,-4.721,3.201,-36.454,0
1398294376625,41645951570000,171538051000001,-4.721,3.201,-36.454,0
1398294376632,41645961579000,171538051000001,-4.721,3.201,-36.454,0
1398294376641,41645971559000,171538051000001,-4.721,3.201,-36.454,0
1398294376652,41645981568000,171538051000001,-4.721,3.201,-36.454,0
1398294376661,41645991578000,171538051000001,-4.721,3.201,-36.454,0
1398294376672,41646001588000,171538051000001,-4.721,3.201,-36.454,0
1398294376681,41646011598000,171538051000001,-4.721,3.201,-36.454,0
1398294376696,41646021607000,171538051000001,-4.721,3.201,-36.454,0
1398294376704,41646031617000,171538051000001,-4.721,3.201,-36.454,0
1398294376711,41646041596000,171538051000001,-4.721,3.201,-36.454,0
1398294376722,41646051606000,171538051000001,-4.721,3.201,-36.454,0
1398294376731,41646061616000,171538051000001,-4.721,3.201,-36.454,0
1398294376741,41646071626000,171538051000001,-4.721,3.201,-36.454,0
1398294376752,41646081636000,171538051000001,-4.721,3.201,-36.454,0
1398294376761,41646091645000,171538051000001,-4.721,3.201,-36.454,0
1398294376773,41646103211000,171538051000001,-4.721,3.201,-36.454,0
1398294376782,41646111726000,171538051000001,-4.721,3.201,-36.454,0
1398294376791,41646121675000,171538051000001,-4.721,3.201,-36.454,0
1398294376802,41646131928000,171538051000001,-4.418,3.201,-36.454,0
1398294376811,41646141694000,171538051000001,-4.418,3.201,-36.454,0
1398294376822,41646151765000,171538051000001,-4.418,2.899,-36.454,0
1398294376832,41646161714000,171538051000001,-4.418,2.899,-36.454,0
1398294376842,41646171723000,171538051000001,-4.061,2.899,-36.454,0
1398294376852,41646181733000,171538051000001,-4.061,2.899,-36.454,0
1398294376862,41646191804000,171538051000001,-4.061,2.899,-36.454,0
1398294376872,41646201783000,171538051000001,-4.061,2.899,-36.454,0
1398294376882,41646211824000,171538051000001,-3.726,2.899,-36.454,0
1398294376898,41646226197000,171538051000001,-3.726,2.597,-36.454,0
1398294376902,41646231782000,171538051000001,-3.726,2.597,-36.454,0
1398294376912,41646241731000,171538051000001,-3.726,2.597,-36.454,0
1398294376922,41646251802000,171538051000001,-3.726,2.597,-36.454,0
1398294376932,41646261811000,171538051000001,-3.726,2.597,-36.454,0
1398294376942,41646271791000,171538051000001,-3.726,2.597,-36.454,0
1398294376954,41646283357000,171538051000001,-3.421,2.597,-36.454,0
1398294376962,41646291841000,171538051000001,-3.421,2.597,-36.454,0
1398294376972,41646301820000,171538051000001,-3.421,2.597,-36.454,0
1398294376982,41646311830000,171538051000001,-3.421,2.597,-36.454,0
1398294376992,41646321839000,171538051000001,-3.421,2.597,-36.454,0
1398294377002,41646331849000,171538051000001,-3.421,2.288,-36.454,0
1398294377012,41646341828000,171538051000001,-3.421,2.288,-36.454,0
1398294377022,41646351838000,171538051000001,-3.421,2.288,-36.454,0
1398294377032,41646361878000,171538051000001,-3.421,2.288,-36.454,0
1398294377042,41646371888000,171538051000001,-3.421,2.288,-36.454,0
1398294377053,41646381898000,171538051000001,-3.421,2.288,-36.454,0
1398294377062,41646391877000,171538051000001,-3.421,2.288,-36.454,0
1398294377072,41646402040000,171538051000001,-3.421,2.288,-36.454,0
1398294377083,41646411927000,171538051000001,-3.421,2.288,-36.454,0
1398294377092,41646421937000,171538051000001,-3.421,2.288,-36.454,0
1398294377102,41646431947000,171538051000001,-3.421,2.288,-36.454,0
1398294377114,41646441957000,171538051000001,-3.421,2.288,-36.454,0
1398294377122,41646451966000,171538051000001,-3.421,2.288,-36.454,0
1398294377134,41646463502000,171538051000001,-3.421,1.953,-36.454,0
1398294377142,41646472016000,171538051000001,-3.421,1.953,-36.454,0
1398294377156,41646481996000,171538051000001,-3.421,1.953,-36.454,0
1398294377163,41646491975000,171538051000001,-3.421,1.953,-36.454,0
1398294377172,41646502015000,171538051000001,-3.421,1.953,-36.454,0
1398294377182,41646512025000,171538051000001,-3.421,1.953,-36.454,0
1398294377192,41646522035000,171538051000001,-3.421,1.953,-36.454,0
1398294377207,41646536653000,171538051000001,-3.421,1.953,-36.454,0
1398294377213,41646542054000,171538051000001,-3.421,1.953,-36.454,0
1398294377222,41646552064000,171538051000001,-3.421,1.953,-36.454,0
1398294377232,41646562074000,171538051000001,-3.111,1.953,-36.454,0
1398294377242,41646572084000,171538051000001,-3.111,1.953,-36.454,0
1398294377252,41646582093000,171538051000001,-3.111,1.953,-36.454,0
1398294377262,41646592073000,171538051000001,-3.111,1.953,-36.454,0
1398294377272,41646602510000,171538051000001,-3.111,1.953,-36.454,0
1398294377282,41646612123000,171538051000001,-3.111,1.953,-36.454,0
1398294377292,41646622132000,171538051000001,-3.111,1.953,-36.454,0
1398294377302,41646632142000,171538051000001,-3.111,1.953,-36.454,0
1398294377314,41646643708000,171538051000001,-3.111,1.626,-36.454,0
1398294377322,41646652223000,171538051000001,-3.111,1.626,-36.454,0
1398294377332,41646662171000,171538051000001,-3.111,1.626,-36.454,0
1398294377342,41646672181000,171538051000001,-3.111,1.626,-36.454,0
1398294377352,41646682191000,171538051000001,-3.111,1.626,-36.454,0
1398294377362,41646692201000,171538051000001,-3.111,1.626,-36.454,0
1398294377372,41646702210000,171538051000001,-3.111,1.626,-36.454,0
1398294377384,41646712190000,171538051000001,-3.111,1.626,-36.454,0
1398294377392,41646722230000,171538051000001,-3.111,1.242,-36.454,0
1398294377402,41646732240000,171538051000001,-3.111,1.242,-36.454,0
1398294377413,41646742219000,171538051000001,-3.111,1.242,-36.454,0
1398294377422,41646752259000,171538051000001,-3.111,1.242,-36.454,0
1398294377432,41646762269000,171538051000001,-3.111,1.242,-36.454,0
1398294377442,41646772248000,171538051000001,-3.111,0.901,-36.454,0
1398294377452,41646782258000,171538051000001,-3.111,0.901,-36.454,0
1398294377465,41646792298000,171538051000001,-3.111,0.901,-36.454,0
1398294377473,41646802339000,171538051000001,-3.111,0.901,-36.454,0
1398294377482,41646812318000,171538051000001,-3.111,0.901,-36.454,0
1398294377494,41646823854000,171538051000001,-3.111,0.901,-36.454,0
1398294377502,41646832368000,171538051000001,-3.111,0.901,-36.454,0
1398294377512,41646842317000,171538051000001,-3.111,0.901,-36.454,0
1398294377522,41646852357000,171538051000001,-3.111,0.901,-36.454,0
1398294377532,41646862336000,171538051000001,-3.111,0.901,-36.454,0
1398294377545,41646872376000,171538051000001,-3.111,0.901,-36.454,0
1398294377559,41646882417000,171538051000001,-3.111,0.901,-36.454,0
1398294377563,41646892396000,171538051000001,-3.111,0.901,-36.454,0
1398294377573,41646902406000,171538051000001,-3.111,0.901,-36.454,0
1398294377583,41646912416000,171538051000001,-3.111,0.901,-36.454,0
1398294377593,41646922425000,171538051000001,-3.111,0.901,-36.454,0
1398294377603,41646932435000,171538051000001,-3.111,0.901,-36.454,0
1398294377613,41646942445000,171538051000001,-3.111,0.901,-36.454,0
1398294377623,41646952455000,171538051000001,-3.111,1.272,-36.454,0
1398294377633,41646962464000,171538051000001,-3.111,1.272,-36.454,0
1398294377642,41646972444000,171538051000001,-3.111,1.272,-36.454,0
1398294377652,41646982453000,171538051000001,-3.111,1.272,-36.454,0
1398294377663,41646992768000,171538051000001,-3.48,1.605,-36.454,0
1398294377674,41647004029000,171538051000001,-3.48,1.605,-36.454,0
1398294377683,41647012544000,171538051000001,-3.48,1.605,-36.454,0
1398294377692,41647022492000,171538051000001,-3.48,1.605,-36.454,0
1398294377703,41647032533000,171538051000001,-3.48,1.605,-36.454,0
1398294377713,41647042543000,171538051000001,-3.48,1.969,-36.454,0
1398294377723,41647052552000,171538051000001,-3.48,1.969,-36.454,0
1398294377733,41647062562000,171538051000001,-3.782,1.969,-36.454,0
1398294377749,41647072572000,171538051000001,-3.782,1.969,-36.454,0
1398294377753,41647082582000,171538051000001,-3.782,1.969,-36.454,0
1398294377763,41647092591000,171538051000001,-3.782,1.969,-36.454,0
1398294377773,41647102601000,171538051000001,-3.782,1.969,-36.454,0
1398294377783,41647112611000,171538051000001,-3.782,2.273,-36.454,0
1398294377793,41647122621000,171538051000001,-3.782,2.273,-36.119,0
1398294377803,41647132630000,171538051000001,-3.782,2.273,-36.119,0
1398294377813,41647142640000,171538051000001,-3.782,2.273,-36.119,0
1398294377823,41647152833000,171538051000001,-3.782,2.273,-36.119,0
1398294377833,41647162660000,171538051000001,-3.782,2.273,-36.119,0
1398294377843,41647172669000,171538051000001,-3.782,2.273,-36.119,0
1398294377854,41647184236000,171538051000001,-3.782,2.273,-36.119,0
1398294377863,41647192720000,171538051000001,-4.083,2.273,-36.119,0
1398294377875,41647204652000,171538051000001,-4.083,2.273,-36.119,0
1398294377886,41647215730000,171538051000001,-4.083,2.273,-36.119,0
1398294377893,41647223329000,171538051000001,-4.083,2.273,-36.119,0
1398294377904,41647234193000,171538051000001,-4.083,2.273,-36.119,0
1398294377915,41647245362000,171538051000001,-4.083,2.273,-36.119,0
1398294377925,41647254426000,171538051000001,-4.083,2.273,-36.119,0
1398294377935,41647265382000,171538051000001,-4.083,2.273,-36.119,0
1398294377946,41647275270000,171538051000001,-4.083,2.273,-36.119,0
1398294377955,41647285249000,171538051000001,-4.083,2.273,-36.119,0
1398294377965,41647295259000,171538051000001,-4.083,2.273,-36.119,0
1398294377976,41647306001000,171538051000001,-4.083,2.273,-36.119,0
1398294377985,41647315248000,171538051000001,-4.083,2.273,-36.119,0
1398294377995,41647325288000,171538051000001,-4.083,2.273,-36.119,0
1398294378005,41647335237000,171538051000001,-4.083,2.273,-36.119,0
1398294378015,41647345277000,171538051000001,-4.083,2.587,-36.119,0
1398294378026,41647355439000,171538051000001,-4.083,2.587,-36.119,0
1398294378038,41647367311000,171538051000001,-4.083,2.587,-36.119,0
1398294378048,41647373658000,171538051000001,-4.083,2.587,-36.119,0
1398294378056,41647385285000,171538051000001,-4.083,2.587,-36.119,0
1398294378067,41647392884000,171538051000001,-4.402,2.587,-36.119,0
1398294378074,41647403169000,171538051000001,-4.402,2.587,-36.119,0
1398294378083,41647412934000,171538051000001,-4.402,2.587,-36.119,0
1398294378116,41647422914000,171538051000001,-4.402,2.587,-36.119,0
1398294378121,41647432954000,171538051000001,-4.402,2.587,-36.119,0
1398294378133,41647442964000,171538051000001,-4.402,2.587,-36.119,0
1398294378136,41647452973000,171538051000001,-4.402,2.587,-36.119,0
1398294378139,41647463014000,171538051000001,-4.402,2.587,-36.119,0
1398294378144,41647472993000,171538051000001,-4.733,2.587,-36.119,0
1398294378161,41647483033000,171538051000001,-4.733,2.587,-36.119,0
1398294378167,41647493196000,171538051000001,-4.733,2.587,-36.119,0
1398294378174,41647503297000,171538051000001,-4.733,2.587,-36.119,0
1398294378184,41647513032000,171538051000001,-4.733,2.587,-36.119,0
1398294378194,41647523042000,171538051000001,-4.733,2.587,-36.119,0
1398294378204,41647533082000,171538051000001,-4.733,2.587,-36.119,0
1398294378215,41647544587000,171538051000001,-4.733,2.587,-36.119,0
1398294378223,41647553071000,171538051000001,-4.733,2.587,-36.119,0
1398294378233,41647563050000,171538051000001,-4.733,2.587,-36.119,0
1398294378243,41647573060000,171538051000001,-4.733,2.587,-36.119,0
1398294378253,41647583070000,171538051000001,-4.733,2.587,-36.119,0
1398294378263,41647593080000,171538051000001,-4.733,2.587,-36.119,0
1398294378273,41647603089000,171538051000001,-4.733,2.587,-36.119,0
1398294378287,41647613130000,171538051000001,-4.733,2.587,-36.119,0
1398294378297,41647623170000,171538051000001,-4.733,2.587,-36.119,0
1398294378304,41647633149000,171538051000001,-4.733,2.587,-36.119,0
1398294378313,41647643128000,171538051000001,-4.733,2.587,-36.119,0
1398294378323,41647653169000,171538051000001,-4.733,2.587,-36.119,0
1398294378333,41647663148000,171538051000001,-4.733,2.587,-36.119,0
1398294378343,41647673158000,171538051000001,-4.733,2.587,-36.119,0
1398294378353,41647683168000,171538051000001,-4.733,2.587,-36.119,0
1398294378363,41647693208000,171538051000001,-4.733,2.587,-36.119,0
1398294378373,41647703187000,171538051000001,-4.733,2.587,-36.119,0
1398294378383,41647713197000,171538051000001,-4.733,2.587,-36.119,0
1398294378395,41647724763000,171538051000001,-4.733,2.587,-36.119,0
1398294378403,41647733247000,171538051000001,-4.374,2.587,-36.119,0
1398294378413,41647743226000,171538051000001,-4.374,2.587,-36.119,0
1398294378423,41647753236000,171538051000001,-4.374,2.587,-36.119,0
1398294378438,41647767274000,171538051000001,-4.374,2.587,-36.119,0
1398294378443,41647773194000,171538051000001,-4.374,2.587,-36.119,0
1398294378453,41647783265000,171538051000001,-4.374,2.587,-36.119,0
1398294378465,41647793305000,171538051000001,-4.374,2.587,-36.119,0
1398294378474,41647803315000,171538051000001,-4.374,2.587,-36.119,0
1398294378484,41647813325000,171538051000001,-4.374,2.587,-36.119,0
1398294378495,41647823335000,171538051000001,-4.374,2.587,-36.119,0
1398294378503,41647833345000,171538051000001,-4.374,2.587,-36.119,0
1398294378513,41647843354000,171538051000001,-4.374,2.587,-36.119,0
1398294378523,41647853334000,171538051000001,-4.374,2.587,-36.119,0
1398294378535,41647863404000,171538051000001,-4.374,2.587,-36.119,0
1398294378548,41647873384000,171538051000001,-4.374,2.587,-36.119,0
1398294378553,41647883393000,171538051000001,-4.374,2.587,-36.119,0
1398294378563,41647893403000,171538051000001,-4.374,2.587,-36.119,0
1398294378575,41647904939000,171538051000001,-4.374,2.587,-36.119,0
1398294378583,41647913392000,171538051000001,-4.374,2.27,-36.119,0
1398294378593,41647923371000,171538051000001,-4.76,2.27,-36.119,0
1398294378603,41647933381000,171538051000001,-4.76,2.27,-36.119,0
1398294378613,41647943391000,171538051000001,-4.76,2.27,-36.119,0
1398294378624,41647953401000,171538051000001,-4.76,2.27,-36.119,0
1398294378634,41647963410000,171538051000001,-4.76,1.937,-36.119,0
1398294378643,41647973420000,171538051000001,-4.76,1.937,-36.119,0
1398294378654,41647983430000,171538051000001,-4.76,1.937,-36.119,0
1398294378664,41647993470000,171538051000001,-4.76,1.573,-36.119,0
1398294378673,41648003449000,171538051000001,-4.76,1.573,-36.119,0
1398294378684,41648013459000,171538051000001,-4.76,1.573,-36.119,0
1398294378694,41648023469000,171538051000001,-4.76,1.213,-36.119,0
1398294378709,41648033509000,171538051000001,-5.107,1.213,-36.119,0
1398294378722,41648043519000,171538051000001,-5.107,1.213,-36.119,0
1398294378725,41648053498000,171538051000001,-5.107,1.213,-36.119,0
1398294378733,41648063508000,171538051000001,-5.107,0.845,-35.809,0
1398294378746,41648074433000,171538051000001,-5.107,0.845,-35.809,0
1398294378755,41648085084000,171538051000001,-5.107,0.845,-35.809,0
1398294378764,41648093568000,171538051000001,-5.107,0.498,-35.809,0
1398294378774,41648103547000,171538051000001,-5.107,0.498,-35.809,0
1398294378784,41648113557000,171538051000001,-5.107,0.498,-35.809,0
1398294378793,41648123567000,171538051000001,-5.107,0.498,-35.809,0
1398294378803,41648133576000,171538051000001,-5.107,0.498,-35.809,0
1398294378813,41648143556000,171538051000001,-5.107,0.498,-35.809,0
1398294378824,41648153596000,171538051000001,-5.107,0.178,-35.809,0
1398294378833,41648163606000,171538051000001,-5.107,0.178,-35.809,0
1398294378844,41648173799000,171538051000001,-5.107,0.178,-35.809,0
1398294378853,41648183625000,171538051000001,-5.107,0.178,-35.809,0
1398294378864,41648193635000,171538051000001,-5.107,0.178,-35.809,0
1398294378875,41648203645000,171538051000001,-5.107,0.178,-35.809,0
1398294378884,41648213655000,171538051000001,-5.107,0.178,-35.809,0
1398294378894,41648223664000,171538051000001,-4.734,0.178,-35.809,0
1398294378904,41648233674000,171538051000001,-4.734,0.178,-35.809,0
1398294378914,41648243684000,171538051000001,-4.734,0.178,-35.809,0
1398294378925,41648253694000,171538051000001,-4.321,0.178,-35.809,0
1398294378935,41648265260000,171538051000001,-4.321,0.178,-35.809,0
1398294378944,41648273744000,171538051000001,-4.02,0.178,-35.809,0
1398294378955,41648283753000,171538051000001,-4.02,0.178,-36.116,0
1398294378964,41648293855000,171538051000001,-4.02,0.178,-36.116,0
1398294378974,41648303742000,171538051000001,-4.02,0.178,-36.116,0
1398294378984,41648313752000,171538051000001,-3.66,0.178,-36.116,0
1398294378994,41648323762000,171538051000001,-3.66,0.178,-36.116,0
1398294379004,41648333772000,171538051000001,-3.66,0.178,-36.116,0
1398294379014,41648343782000,171538051000001,-3.66,0.178,-36.116,0
1398294379024,41648353791000,171538051000001,-3.66,0.178,-36.116,0
1398294379034,41648363801000,171538051000001,-3.66,0.178,-36.116,0
1398294379049,41648373811000,171538051000001,-3.66,0.178,-36.116,0
1398294379054,41648383821000,171538051000001,-3.66,0.178,-36.116,0
1398294379064,41648393830000,171538051000001,-3.359,0.178,-36.116,0
1398294379074,41648403901000,171538051000001,-3.359,0.544,-36.116,0
1398294379091,41648413911000,171538051000001,-3.359,0.544,-36.116,0
1398294379094,41648423890000,171538051000001,-3.359,0.544,-36.116,0
1398294379104,41648433869000,171538051000001,-3.359,0.544,-36.116,0
1398294379116,41648445436000,171538051000001,-3.359,0.848,-36.116,0
1398294379124,41648453919000,171538051000001,-3.359,0.848,-36.116,0
1398294379134,41648463899000,171538051000001,-3.733,0.848,-36.116,0
1398294379144,41648473908000,171538051000001,-3.733,0.848,-36.116,0
1398294379154,41648483918000,171538051000001,-3.733,0.848,-36.116,0
1398294379164,41648493928000,171538051000001,-3.733,1.184,-36.116,0
1398294379175,41648503938000,171538051000001,-3.733,1.184,-36.116,0
1398294379184,41648513948000,171538051000001,-4.058,1.184,-36.116,0
1398294379195,41648524201000,171538051000001,-4.058,1.184,-36.116,0
1398294379204,41648533967000,171538051000001,-4.058,1.184,-36.116,0
1398294379214,41648543946000,171538051000001,-4.058,1.184,-36.116,0
1398294379224,41648553987000,171538051000001,-4.058,1.184,-36.116,0
1398294379234,41648563996000,171538051000001,-4.362,1.184,-36.116,0
1398294379245,41648574006000,171538051000001,-4.362,1.184,-36.116,0
1398294379254,41648583985000,171538051000001,-4.362,1.184,-36.116,0
1398294379265,41648594026000,171538051000001,-4.362,1.184,-36.116,0
1398294379274,41648604035000,171538051000001,-4.362,1.184,-36.116,0
1398294379284,41648614045000,171538051000001,-4.362,1.184,-36.116,0
1398294379296,41648625764000,171538051000001,-4.362,1.184,-36.116,0
1398294379304,41648634095000,171538051000001,-4.362,1.184,-36.116,0
1398294379314,41648644044000,171538051000001,-4.362,1.184,-36.116,0
1398294379324,41648654084000,171538051000001,-4.362,1.489,-36.116,0
1398294379334,41648664094000,171538051000001,-4.362,1.489,-36.116,0
1398294379344,41648674104000,171538051000001,-4.362,1.489,-36.116,0
1398294379359,41648688935000,171538051000001,-3.999,1.489,-36.116,0
1398294379364,41648694184000,171538051000001,-3.999,1.489,-36.116,0
1398294379374,41648704133000,171538051000001,-3.999,1.489,-36.116,0
1398294379384,41648714143000,171538051000001,-3.999,1.489,-36.116,0
1398294379394,41648724183000,171538051000001,-3.999,1.489,-36.116,0
1398294379404,41648734162000,171538051000001,-3.999,1.489,-36.116,0
1398294379414,41648744203000,171538051000001,-3.999,1.489,-36.116,0
1398294379425,41648754182000,171538051000001,-3.999,1.489,-36.116,0
1398294379434,41648764161000,171538051000001,-3.651,1.489,-36.116,0
1398294379447,41648774201000,171538051000001,-3.651,1.489,-36.116,0
1398294379454,41648784211000,171538051000001,-3.651,1.489,-36.116,0
1398294379464,41648794251000,171538051000001,-3.651,1.489,-36.116,0
1398294379479,41648805787000,171538051000001,-3.651,1.489,-36.116,0
1398294379484,41648814271000,171538051000001,-3.651,1.489,-36.116,0
1398294379494,41648824250000,171538051000001,-3.651,1.489,-36.116,0
1398294379504,41648834260000,171538051000001,-3.651,1.489,-36.116,0
1398294379514,41648844270000,171538051000001,-3.651,1.489,-36.116,0
1398294379524,41648854280000,171538051000001,-3.651,1.489,-36.116,0
1398294379534,41648864289000,171538051000001,-3.651,1.489,-36.116,0
1398294379544,41648874299000,171538051000001,-3.651,1.489,-36.116,0
1398294379554,41648884309000,171538051000001,-3.651,1.489,-36.116,0
1398294379564,41648894319000,171538051000001,-3.964,1.184,-36.116,0
1398294379574,41648904328000,171538051000001,-3.964,1.184,-36.116,0
1398294379584,41648914308000,171538051000001,-3.964,1.184,-36.116,0
1398294379594,41648924317000,171538051000001,-3.964,1.184,-36.116,0
1398294379604,41648934327000,171538051000001,-3.964,1.184,-36.116,0
1398294379614,41648944337000,171538051000001,-3.964,1.184,-36.116,0
1398294379624,41648954347000,171538051000001,-3.964,1.184,-36.116,0
1398294379637,41648964356000,171538051000001,-3.964,1.184,-36.116,0
1398294379645,41648974427000,171538051000001,-3.964,1.184,-36.116,0
1398294379664,41648985993000,171538051000001,-3.964,1.184,-36.116,0
1398294379667,41648996064000,171538051000001,-3.964,1.184,-36.116,0
1398294379675,41649004487000,171538051000001,-3.964,1.184,-36.116,0
1398294379685,41649014466000,171538051000001,-4.286,0.865,-36.116,0
1398294379695,41649024476000,171538051000001,-4.286,0.865,-36.116,0
1398294379705,41649034486000,171538051000001,-4.286,0.865,-36.116,0
1398294379715,41649044496000,171538051000001,-4.286,0.865,-36.116,0
1398294379725,41649054475000,171538051000001,-4.286,0.865,-36.116,0
1398294379734,41649064485000,171538051000001,-4.286,0.865,-36.116,0
1398294379748,41649074708000,171538051000001,-4.286,0.865,-36.116,0
1398294379755,41649084565000,171538051000001,-4.286,0.865,-36.116,0
1398294379765,41649094544000,171538051000001,-4.286,0.865,-36.116,0
1398294379775,41649104554000,171538051000001,-4.286,0.865,-36.116,0
1398294379785,41649114595000,171538051000001,-4.286,0.865,-36.116,0
1398294379795,41649124574000,171538051000001,-4.286,0.865,-36.116,0
1398294379805,41649134584000,171538051000001,-4.286,0.865,-36.116,0
1398294379815,41649144624000,171538051000001,-4.286,0.865,-36.116,0
1398294379826,41649154634000,171538051000001,-4.286,0.865,-36.116,0
1398294379836,41649166169000,171538051000001,-4.286,0.865,-36.116,0
1398294379845,41649174653000,171538051000001,-4.286,0.865,-36.116,0
1398294379855,41649184663000,171538051000001,-4.286,0.55,-36.116,0
1398294379865,41649194673000,171538051000001,-4.286,0.55,-36.116,0
1398294379875,41649204652000,171538051000001,-4.286,0.55,-36.116,0
1398294379885,41649214662000,171538051000001,-4.286,0.55,-36.116,0
1398294379896,41649224671000,171538051000001,-4.286,0.55,-36.116,0
1398294379905,41649234681000,171538051000001,-4.286,0.55,-36.116,0
1398294379915,41649244721000,171538051000001,-4.286,0.55,-36.116,0
1398294379925,41649254731000,171538051000001,-4.286,0.55,-36.116,0
1398294379936,41649264741000,171538051000001,-4.286,0.55,-36.116,0
1398294379946,41649274751000,171538051000001,-4.286,0.55,-36.116,0
1398294379955,41649284730000,171538051000001,-4.286,0.25,-36.116,0
1398294379965,41649294770000,171538051000001,-4.286,0.25,-36.116,0
1398294379975,41649304750000,171538051000001,-4.286,0.25,-36.116,0
1398294379985,41649314759000,171538051000001,-4.286,0.25,-36.116,0
1398294379997,41649324800000,171538051000001,-4.286,0.25,-36.116,0
1398294380010,41649334809000,171538051000001,-4.286,0.25,-36.116,0
1398294380017,41649346345000,171538051000001,-4.286,0.25,-36.116,0
1398294380026,41649354829000,171538051000001,-4.286,-0.085,-36.116,0
1398294380035,41649364839000,171538051000001,-4.286,-0.085,-36.116,0
1398294380045,41649374757000,171538051000001,-4.286,-0.085,-36.116,0
1398294380055,41649384767000,171538051000001,-4.286,-0.085,-36.116,0
1398294380065,41649394776000,171538051000001,-4.286,-0.085,-36.116,0
1398294380075,41649404786000,171538051000001,-4.286,-0.085,-36.116,0
1398294380085,41649414796000,171538051000001,-4.286,-0.428,-36.116,0
1398294380095,41649424806000,171538051000001,-4.286,-0.428,-36.116,0
1398294380105,41649434846000,171538051000001,-4.286,-0.428,-36.116,0
1398294380115,41649444825000,171538051000001,-4.286,-0.428,-36.116,0
1398294380125,41649454835000,171538051000001,-4.286,-0.428,-36.116,0
1398294380135,41649464845000,171538051000001,-3.968,-0.778,-36.116,0
1398294380145,41649474855000,171538051000001,-3.968,-0.778,-36.116,0
1398294380155,41649484864000,171538051000001,-3.968,-0.778,-36.116,0
1398294380165,41649494874000,171538051000001,-3.657,-0.778,-36.116,0
1398294380177,41649504914000,171538051000001,-3.657,-1.176,-36.116,0
1398294380185,41649514924000,171538051000001,-3.657,-1.176,-36.116,0
1398294380196,41649526460000,171538051000001,-3.657,-1.176,-36.116,0
1398294380205,41649534974000,171538051000001,-3.323,-1.176,-36.116,0
1398294380215,41649544984000,171538051000001,-3.323,-1.176,-36.116,0
1398294380226,41649555024000,171538051000001,-3.323,-1.176,-36.116,0
1398294380235,41649565003000,171538051000001,-3.323,-1.176,-36.116,0
1398294380245,41649575013000,171538051000001,-3.323,-1.176,-36.116,0
1398294380255,41649585023000,171538051000001,-3.323,-1.176,-36.116,0
1398294380265,41649595002000,171538051000001,-2.98,-1.176,-36.116,0
1398294380278,41649605073000,171538051000001,-2.98,-1.176,-36.116,0
1398294380285,41649614991000,171538051000001,-2.98,-1.176,-36.116,0
1398294380296,41649625001000,171538051000001,-2.98,-1.176,-36.116,0
1398294380305,41649635011000,171538051000001,-2.98,-1.176,-36.116,0
1398294380315,41649645021000,171538051000001,-2.673,-1.176,-36.116,0
1398294380325,41649655030000,171538051000001,-2.673,-0.814,-36.116,0
1398294380335,41649665040000,171538051000001,-2.673,-0.814,-36.116,0
1398294380345,41649675050000,171538051000001,-2.673,-0.814,-36.116,0
1398294380356,41649685090000,171538051000001,-2.673,-0.814,-36.116,0
1398294380365,41649695069000,171538051000001,-2.673,-0.415,-36.116,0
1398294380377,41649706666000,171538051000001,-2.673,-0.415,-36.116,0
1398294380385,41649715150000,171538051000001,-2.673,-0.415,-36.116,0
1398294380395,41649725099000,171538051000001,-2.673,-0.415,-36.116,0
1398294380405,41649735108000,171538051000001,-2.673,-0.074,-36.116,0
1398294380415,41649745118000,171538051000001,-2.673,-0.074,-36.116,0
1398294380425,41649755158000,171538051000001,-2.673,-0.074,-36.116,0
1398294380435,41649765138000,171538051000001,-2.673,-0.074,-36.116,0
1398294380445,41649775147000,171538051000001,-2.673,-0.074,-36.116,0
1398294380455,41649785188000,171538051000001,-2.673,0.26,-36.116,0
1398294380465,41649795167000,171538051000001,-2.673,0.26,-36.116,0
1398294380475,41649805177000,171538051000001,-2.673,0.26,-36.116,0
1398294380485,41649815187000,171538051000001,-2.673,0.26,-36.116,0
1398294380495,41649825196000,171538051000001,-2.673,0.26,-36.116,0
1398294380505,41649835206000,171538051000001,-2.673,0.26,-36.116,0
1398294380515,41649845216000,171538051000001,-2.673,0.26,-36.116,0
1398294380527,41649855226000,171538051000001,-2.673,0.582,-36.116,0
1398294380535,41649865235000,171538051000001,-2.673,0.582,-36.116,0
1398294380549,41649875276000,171538051000001,-2.673,0.582,-36.116,0
1398294380563,41649886811000,171538051000001,-2.673,0.582,-36.116,0
1398294380565,41649895326000,171538051000001,-2.673,0.582,-36.116,0
1398294380575,41649905274000,171538051000001,-2.673,0.582,-36.116,0
1398294380588,41649917695000,171538051000001,-2.673,0.582,-36.116,0
1398294380595,41649925294000,171538051000001,-2.673,0.582,-36.116,0
1398294380605,41649935304000,171538051000001,-2.673,0.582,-36.116,0
1398294380615,41649945314000,171538051000001,-2.673,0.582,-36.116,0
1398294380625,41649955354000,171538051000001,-2.673,0.582,-36.116,0
1398294380637,41649965333000,171538051000001,-2.673,0.582,-36.116,0
1398294380645,41649975343000,171538051000001,-2.673,0.582,-36.116,0
1398294380655,41649985353000,171538051000001,-2.673,0.904,-36.116,0
1398294380665,41649995362000,171538051000001,-3.016,0.904,-36.116,0
1398294380675,41650005372000,171538051000001,-3.016,0.904,-36.116,0
1398294380685,41650015412000,171538051000001,-3.016,0.904,-36.116,0
1398294380695,41650025422000,171538051000001,-3.016,0.904,-36.116,0
1398294380705,41650035401000,171538051000001,-3.016,0.904,-36.116,0
1398294380715,41650045442000,171538051000001,-3.39,1.234,-36.116,0
1398294380725,41650055421000,171538051000001,-3.39,1.234,-36.116,0
1398294380737,41650066987000,171538051000001,-3.39,1.234,-36.116,0
1398294380745,41650075501000,171538051000001,-3.726,1.234,-36.116,0
1398294380755,41650085450000,171538051000001,-3.726,1.234,-36.116,0
1398294380765,41650095460000,171538051000001,-3.726,1.562,-36.116,0
1398294380775,41650105470000,171538051000001,-4.028,1.562,-36.116,0
1398294380785,41650115480000,171538051000001,-4.028,1.562,-36.116,0
1398294380795,41650125489000,171538051000001,-4.028,1.562,-36.116,0
1398294380805,41650135499000,171538051000001,-4.417,1.893,-36.116,0
1398294380815,41650145509000,171538051000001,-4.417,1.893,-36.116,0
1398294380829,41650158601000,171538051000001,-4.417,1.893,-36.116,0
1398294380841,41650170594000,171538051000001,-4.786,1.893,-36.116,0
1398294380848,41650178132000,171538051000001,-4.786,2.278,-35.812,0
1398294380863,41650192720000,171538051000001,-4.786,2.278,-35.812,0
1398294380866,41650195802000,171538051000001,-4.786,2.278,-35.812,0
1398294380878,41650205598000,171538051000001,-5.126,2.278,-35.812,0
1398294380892,41650220735000,171538051000001,-5.126,2.278,-35.812,0
1398294380897,41650225617000,171538051000001,-5.126,2.632,-35.812,0
1398294380917,41650235627000,171538051000001,-5.126,2.632,-35.812,0
1398294380922,41650247193000,171538051000001,-5.126,2.632,-35.812,0
1398294380929,41650255769000,171538051000001,-5.126,2.632,-35.812,0
1398294380943,41650265687000,171538051000001,-5.441,2.632,-35.812,0
1398294380949,41650275697000,171538051000001,-5.441,2.632,-35.812,0
1398294380956,41650285676000,171538051000001,-5.441,2.632,-35.812,0
1398294380966,41650295686000,171538051000001,-5.441,2.96,-35.812,0
1398294380976,41650305696000,171538051000001,-5.441,2.96,-35.812,0
1398294380989,41650315736000,171538051000001,-5.441,2.96,-35.812,0
1398294380996,41650325715000,171538051000001,-5.441,2.96,-35.812,0
1398294381006,41650335725000,171538051000001,-5.441,2.96,-35.812,0
1398294381023,41650350221000,171538051000001,-5.441,2.96,-35.812,0
1398294381025,41650355714000,171538051000001,-5.441,2.96,-35.812,0
1398294381035,41650365754000,171538051000001,-5.441,2.96,-35.812,0
1398294381045,41650375733000,171538051000001,-5.441,2.96,-35.812,0
1398294381055,41650385743000,171538051000001,-5.441,2.96,-35.812,0
1398294381066,41650395783000,171538051000001,-5.784,2.96,-35.812,0
1398294381077,41650405793000,171538051000001,-5.784,2.96,-35.812,0
1398294381093,41650416017000,171538051000001,-5.784,2.96,-35.812,0
1398294381097,41650427369000,171538051000001,-5.784,2.96,-35.812,0
1398294381106,41650435884000,171538051000001,-5.784,2.96,-35.812,0
1398294381116,41650445832000,171538051000001,-5.784,2.96,-35.812,0
1398294381126,41650455842000,171538051000001,-5.784,2.96,-35.812,0
1398294381136,41650465821000,171538051000001,-5.784,2.96,-35.812,0
1398294381146,41650475862000,171538051000001,-5.784,2.96,-35.812,0
1398294381156,41650485871000,171538051000001,-5.784,2.96,-35.812,0
1398294381166,41650495851000,171538051000001,-5.784,2.96,-35.812,0
1398294381176,41650505891000,171538051000001,-5.784,2.96,-35.812,0
1398294381186,41650515901000,171538051000001,-5.784,2.96,-35.812,0
1398294381200,41650530335000,171538051000001,-5.784,2.96,-35.812,0
1398294381206,41650535890000,171538051000001,-5.784,2.96,-35.812,0
1398294381216,41650545899000,171538051000001,-5.784,2.96,-35.812,0
1398294381226,41650555909000,171538051000001,-5.784,2.96,-35.812,0
1398294381239,41650565980000,171538051000001,-5.784,2.96,-35.812,0
1398294381246,41650575959000,171538051000001,-5.784,2.96,-35.812,0
1398294381256,41650585939000,171538051000001,-5.784,2.96,-35.812,0
1398294381266,41650595918000,171538051000001,-5.784,2.96,-35.812,0
1398294381278,41650607484000,171538051000001,-5.784,2.96,-35.812,0
1398294381286,41650615998000,171538051000001,-5.476,2.96,-35.812,0
1398294381296,41650626130000,171538051000001,-5.476,2.96,-35.812,0
1398294381306,41650636018000,171538051000001,-5.476,2.96,-35.812,0
1398294381316,41650645967000,171538051000001,-5.476,2.96,-35.812,0
1398294381326,41650656007000,171538051000001,-5.476,2.96,-35.812,0
1398294381348,41650666871000,171538051000001,-5.476,2.96,-35.812,0
1398294381349,41650676057000,171538051000001,-5.476,2.96,-35.812,0
1398294381356,41650686036000,171538051000001,-5.476,2.96,-35.812,0
1398294381366,41650696046000,171538051000001,-5.476,2.96,-35.812,0
1398294381376,41650706025000,171538051000001,-5.476,2.96,-35.812,0
1398294381386,41650716035000,171538051000001,-5.476,2.96,-35.812,0
1398294381396,41650726075000,171538051000001,-5.476,2.96,-35.812,0
1398294381406,41650736054000,171538051000001,-5.476,2.96,-35.812,0
1398294381416,41650746064000,171538051000001,-5.476,2.96,-35.812,0
1398294381426,41650756105000,171538051000001,-5.476,2.96,-35.812,0
1398294381436,41650766114000,171538051000001,-5.476,2.96,-35.812,0
1398294381446,41650776124000,171538051000001,-5.476,2.96,-35.812,0
1398294381458,41650787660000,171538051000001,-5.476,2.96,-35.812,0
1398294381466,41650796205000,171538051000001,-5.476,2.96,-35.812,0
1398294381476,41650806153000,171538051000001,-5.476,2.96,-35.812,0
1398294381486,41650816163000,171538051000001,-5.476,2.96,-35.812,0
1398294381496,41650826173000,171538051000001,-5.476,2.96,-35.812,0
1398294381506,41650836183000,171538051000001,-5.476,2.96,-35.812,0
1398294381516,41650846192000,171538051000001,-5.476,2.96,-35.812,0
1398294381526,41650856202000,171538051000001,-5.476,2.96,-35.812,0
1398294381536,41650866395000,171538051000001,-5.476,2.96,-35.812,0
1398294381546,41650876222000,171538051000001,-5.476,2.96,-35.812,0
1398294381556,41650886262000,171538051000001,-5.848,2.96,-35.812,0
1398294381573,41650896241000,171538051000001,-5.848,2.96,-35.812,0
1398294381579,41650906251000,171538051000001,-5.848,2.96,-35.812,0
1398294381587,41650916261000,171538051000001,-5.848,2.96,-35.812,0
1398294381596,41650926240000,171538051000001,-5.848,2.96,-35.812,0
1398294381607,41650936280000,171538051000001,-5.848,2.96,-35.812,0
1398294381618,41650946260000,171538051000001,-5.848,2.96,-35.812,0
1398294381626,41650956269000,171538051000001,-5.848,2.96,-35.812,0
1398294381638,41650967805000,171538051000001,-5.848,2.96,-35.812,0
1398294381646,41650976319000,171538051000001,-5.848,2.96,-35.812,0
1398294381658,41650986299000,171538051000001,-5.848,2.96,-35.812,0
1398294381666,41650996339000,171538051000001,-5.848,2.96,-35.812,0
1398294381676,41651006318000,171538051000001,-5.848,2.96,-35.812,0
1398294381686,41651016358000,171538051000001,-5.848,2.96,-35.812,0
1398294381696,41651026338000,171538051000001,-5.848,2.96,-35.812,0
1398294381706,41651036347000,171538051000001,-5.519,2.96,-35.812,0
1398294381716,41651046357000,171538051000001,-5.519,2.96,-35.812,0
1398294381728,41651056397000,171538051000001,-5.519,2.96,-35.812,0
1398294381737,41651066407000,171538051000001,-5.519,2.96,-35.812,0
1398294381746,41651076387000,171538051000001,-5.519,2.96,-35.812,0
1398294381756,41651086396000,171538051000001,-5.519,2.96,-35.812,0
1398294381766,41651096406000,171538051000001,-5.519,2.96,-35.812,0
1398294381776,41651106416000,171538051000001,-5.519,2.96,-35.812,0
1398294381786,41651116426000,171538051000001,-5.519,2.96,-35.812,0
1398294381796,41651126435000,171538051000001,-5.216,2.96,-35.812,0
1398294381806,41651136476000,171538051000001,-5.216,2.96,-35.812,0
1398294381818,41651148011000,171538051000001,-5.216,2.96,-35.812,0
1398294381826,41651156526000,171538051000001,-5.216,2.96,-35.812,0
1398294381836,41651166474000,171538051000001,-5.216,2.96,-35.812,0
1398294381846,41651176484000,171538051000001,-5.216,2.96,-35.812,0
1398294381856,41651186494000,171538051000001,-5.216,2.96,-35.812,0
1398294381866,41651196504000,171538051000001,-5.216,2.96,-35.812,0
1398294381876,41651206513000,171538051000001,-5.216,2.96,-35.812,0
1398294381887,41651216554000,171538051000001,-5.216,2.96,-35.812,0
1398294381896,41651226564000,171538051000001,-5.216,2.96,-35.812,0
1398294381907,41651236573000,171538051000001,-5.216,2.653,-35.812,0
1398294381916,41651246553000,171538051000001,-5.216,2.653,-35.812,0
1398294381927,41651256593000,171538051000001,-5.216,2.653,-35.812,0
1398294381936,41651266572000,171538051000001,-5.216,2.653,-35.812,0
1398294381946,41651276582000,171538051000001,-5.216,2.653,-35.812,0
1398294381956,41651286622000,171538051000001,-5.216,2.653,-35.812,0
1398294381966,41651296632000,171538051000001,-5.216,2.653,-35.812,0
1398294381977,41651306642000,171538051000001,-5.216,2.653,-35.812,0
1398294381987,41651316804000,171538051000001,-5.216,2.653,-35.812,0
1398294381998,41651328187000,171538051000001,-5.216,2.653,-35.812,0
1398294382007,41651336732000,171538051000001,-5.216,2.339,-35.812,0
1398294382017,41651346681000,171538051000001,-5.216,2.339,-35.812,0
1398294382030,41651359345000,171538051000001,-5.216,2.339,-35.812,0
1398294382043,41651372926000,171538051000001,-5.216,2.339,-35.812,0
1398294382049,41651378999000,171538051000001,-5.216,2.339,-35.812,0
1398294382063,41651393006000,171538051000001,-5.216,2.339,-35.812,0
1398294382069,41651398927000,171538051000001,-5.216,2.339,-35.812,0
1398294382083,41651412873000,171538051000001,-5.216,2.339,-35.812,0
1398294382089,41651418885000,171538051000001,-5.216,2.339,-35.812,0
1398294382103,41651433229000,171538051000001,-5.216,2.339,-35.812,0
1398294382108,41651438386000,171538051000001,-5.216,2.339,-35.812,0
1398294382129,41651458619000,171538051000001,-5.216,2.339,-35.812,0
1398294382131,41651460847000,171538051000001,-5.216,2.339,-35.812,0
1398294382139,41651469300000,171538051000001,-5.216,2.339,-35.812,0
1398294382153,41651482759000,171538051000001,-5.216,2.339,-35.812,0
1398294382158,41651488374000,171538051000001,-5.216,2.339,-35.812,0
1398294382173,41651502961000,171538051000001,-5.216,2.033,-35.812,0
1398294382181,41651510926000,171538051000001,-5.216,2.033,-35.812,0
1398294382189,41651519258000,171538051000001,-5.216,2.033,-35.812,0
1398294382198,41651528016000,171538051000001,-5.216,2.033,-35.812,0
1398294382209,41651539247000,171538051000001,-5.216,2.033,-35.812,0
1398294382220,41651548341000,171538051000001,-5.216,2.033,-35.812,0
1398294382229,41651558595000,171538051000001,-5.216,2.033,-35.812,0
1398294382239,41651566957000,171538051000001,-5.216,2.033,-35.812,0
1398294382249,41651576936000,171538051000001,-5.216,2.033,-35.812,0
1398294382257,41651586946000,171538051000001,-5.216,2.033,-35.812,0
1398294382267,41651596955000,171538051000001,-5.216,2.033,-35.812,0
1398294382277,41651606965000,171538051000001,-5.216,2.033,-35.812,0
1398294382288,41651616975000,171538051000001,-5.216,2.033,-35.812,0
1398294382303,41651626985000,171538051000001,-5.216,1.713,-35.812,0
1398294382307,41651637025000,171538051000001,-5.216,1.713,-35.812,0
1398294382320,41651646974000,171538051000001,-5.216,1.713,-35.812,0
1398294382330,41651657044000,171538051000001,-5.216,1.713,-35.812,0
1398294382342,41651667054000,171538051000001,-5.216,1.713,-35.812,0
1398294382351,41651677033000,171538051000001,-5.216,1.713,-35.812,0
1398294382359,41651688600000,171538051000001,-5.216,1.396,-35.812,0
1398294382371,41651697084000,171538051000001,-5.216,1.396,-35.812,0
1398294382380,41651707063000,171538051000001,-5.216,1.396,-35.812,0
1398294382387,41651717042000,171538051000001,-5.216,1.396,-35.812,0
1398294382397,41651727082000,171538051000001,-4.901,1.396,-35.812,0
1398294382407,41651737092000,171538051000001,-4.901,1.086,-35.812,0
1398294382417,41651747102000,171538051000001,-4.901,1.086,-35.812,0
1398294382431,41651760896000,171538051000001,-4.901,1.086,-35.812,0
1398294382437,41651767213000,171538051000001,-4.901,1.086,-35.812,0
1398294382447,41651777070000,171538051000001,-4.901,1.086,-35.812,0
1398294382457,41651787080000,171538051000001,-4.901,0.775,-35.812,0
1398294382467,41651797090000,171538051000001,-4.901,0.775,-35.812,0
1398294382477,41651807099000,171538051000001,-4.58,0.775,-35.812,0
1398294382487,41651817109000,171538051000001,-4.58,0.775,-35.812,0
1398294382497,41651827119000,171538051000001,-4.58,0.775,-35.812,0
1398294382508,41651837129000,171538051000001,-4.58,0.775,-35.812,0
1398294382518,41651847138000,171538051000001,-4.58,0.775,-35.812,0
1398294382527,41651857148000,171538051000001,-4.58,0.775,-35.812,0
1398294382539,41651868714000,171538051000001,-4.58,0.775,-35.812,0
1398294382547,41651877198000,171538051000001,-4.58,0.775,-35.812,0
1398294382558,41651887208000,171538051000001,-4.58,0.775,-35.812,0
1398294382567,41651897187000,171538051000001,-4.58,0.775,-35.812,0
1398294382577,41651907197000,171538051000001,-4.58,0.775,-35.812,0
1398294382587,41651917207000,171538051000001,-4.58,0.775,-35.812,0
1398294382597,41651927217000,171538051000001,-4.58,0.775,-35.812,0
1398294382607,41651937226000,171538051000001,-4.58,0.775,-35.812,0
1398294382617,41651947236000,171538051000001,-4.28,0.474,-35.812,0
1398294382627,41651957276000,171538051000001,-4.28,0.474,-35.812,0
1398294382637,41651967256000,171538051000001,-4.28,0.474,-35.812,0
1398294382647,41651977265000,171538051000001,-4.28,0.474,-35.812,0
1398294382657,41651987306000,171538051000001,-4.28,0.474,-35.812,0
1398294382667,41651997285000,171538051000001,-4.28,0.474,-35.812,0
1398294382677,41652007295000,171538051000001,-4.28,0.474,-35.812,0
1398294382687,41652017304000,171538051000001,-4.28,0.474,-35.812,0
1398294382697,41652027314000,171538051000001,-4.28,0.474,-35.812,0
1398294382707,41652037355000,171538051000001,-4.28,0.474,-35.812,0
1398294382719,41652048860000,171538051000001,-4.28,0.474,-35.812,0
1398294382727,41652057374000,171538051000001,-4.28,0.474,-35.812,0
1398294382738,41652068177000,171538051000001,-4.28,0.474,-35.812,0
1398294382747,41652077363000,171538051000001,-4.28,0.474,-35.812,0
1398294382776,41652087373000,171538051000001,-4.28,0.474,-35.812,0
1398294382778,41652097383000,171538051000001,-4.28,0.474,-35.812,0
1398294382779,41652107392000,171538051000001,-4.28,0.474,-35.812,0
1398294382787,41652117402000,171538051000001,-4.28,0.474,-35.812,0
1398294382797,41652127412000,171538051000001,-4.28,0.474,-35.812,0
1398294382807,41652137452000,171538051000001,-4.28,0.474,-35.812,0
1398294382817,41652147431000,171538051000001,-4.28,0.474,-35.812,0
1398294382827,41652157441000,171538051000001,-4.28,0.474,-35.812,0
1398294382837,41652167451000,171538051000001,-4.28,0.474,-35.812,0
1398294382847,41652177461000,171538051000001,-4.28,0.474,-35.812,0
1398294382857,41652187470000,171538051000001,-4.28,0.474,-35.812,0
1398294382867,41652197480000,171538051000001,-4.28,0.474,-35.812,0
1398294382878,41652207551000,171538051000001,-4.28,0.474,-35.812,0
1398294382893,41652217744000,171538051000001,-4.28,0.474,-35.812,0
1398294382899,41652229096000,171538051000001,-4.28,0.474,-35.812,0
1398294382908,41652237580000,171538051000001,-3.97,0.474,-35.812,0
1398294382917,41652247529000,171538051000001,-3.97,0.474,-35.812,0
1398294382927,41652257569000,171538051000001,-3.97,0.474,-35.812,0
1398294382937,41652267579000,171538051000001,-3.97,0.775,-35.812,0
1398294382947,41652277558000,171538051000001,-3.97,0.775,-35.812,0
1398294382957,41652287568000,171538051000001,-3.97,0.775,-35.812,0
1398294382967,41652297578000,171538051000001,-3.97,0.775,-35.812,0
1398294382977,41652307618000,171538051000001,-3.97,0.775,-35.812,0
1398294382988,41652317628000,171538051000001,-3.97,0.775,-35.812,0
1398294383001,41652327638000,171538051000001,-3.97,0.775,-35.812,0
1398294383007,41652337617000,171538051000001,-3.97,0.775,-35.812,0
1398294383018,41652347627000,171538051000001,-3.97,0.775,-35.812,0
1398294383027,41652357637000,171538051000001,-3.97,0.775,-35.812,0
1398294383040,41652367646000,171538051000001,-3.97,0.775,-35.812,0
1398294383048,41652377656000,171538051000001,-3.97,0.775,-35.812,0
1398294383058,41652387666000,171538051000001,-3.97,0.775,-35.812,0
1398294383068,41652397706000,171538051000001,-3.97,0.775,-35.812,0
1398294383079,41652409211000,171538051000001,-3.97,0.775,-35.812,0
1398294383088,41652417726000,171538051000001,-3.97,0.775,-35.812,0
1398294383098,41652427705000,171538051000001,-3.97,0.775,-35.812,0
1398294383108,41652437715000,171538051000001,-3.97,0.775,-35.812,0
1398294383118,41652447724000,171538051000001,-3.97,0.775,-35.812,0
1398294383128,41652457734000,171538051000001,-3.97,0.775,-35.812,0
1398294383138,41652467744000,171538051000001,-3.97,0.775,-35.812,0
1398294383148,41652477723000,171538051000001,-3.97,0.775,-35.812,0
1398294383158,41652487763000,171538051000001,-3.97,0.775,-35.812,0
1398294383168,41652497773000,171538051000001,-3.97,0.775,-35.812,0
1398294383177,41652507783000,171538051000001,-3.97,0.775,-35.812,0
1398294383188,41652517793000,171538051000001,-3.97,0.775,-35.812,0
1398294383199,41652527803000,171538051000001,-3.663,0.775,-35.812,0
1398294383208,41652537812000,171538051000001,-3.663,0.775,-35.812,0
1398294383218,41652547822000,171538051000001,-3.663,0.775,-35.812,0
1398294383229,41652557832000,171538051000001,-3.324,0.775,-35.812,0
1398294383238,41652567842000,171538051000001,-3.324,0.775,-35.812,0
1398294383249,41652577851000,171538051000001,-3.324,0.775,-35.812,0
1398294383260,41652589387000,171538051000001,-2.995,0.775,-35.812,0
1398294383268,41652597901000,171538051000001,-2.995,0.775,-35.812,0
1398294383279,41652607881000,171538051000001,-2.995,0.775,-35.812,0
1398294383288,41652617890000,171538051000001,-2.679,0.775,-35.812,0
1398294383298,41652627900000,171538051000001,-2.679,0.462,-35.812,0
1398294383308,41652637910000,171538051000001,-2.679,0.462,-35.812,0
1398294383318,41652647920000,171538051000001,-2.371,0.462,-35.812,0
1398294383328,41652657929000,171538051000001,-2.371,0.462,-35.812,0
1398294383338,41652668122000,171538051000001,-2.371,0.462,-35.812,0
1398294383351,41652677949000,171538051000001,-2.371,0.462,-35.812,0
1398294383358,41652687959000,171538051000001,-2.04,0.462,-35.812,0
1398294383368,41652697969000,171538051000001,-2.04,0.462,-36.119,0
1398294383378,41652707978000,171538051000001,-2.04,0.462,-36.119,0
1398294383388,41652717958000,171538051000001,-2.04,0.462,-36.119,0
1398294383398,41652727998000,171538051000001,-2.04,0.462,-36.119,0
1398294383408,41652738008000,171538051000001,-2.04,0.462,-36.119,0
1398294383418,41652748017000,171538051000001,-2.04,0.462,-36.119,0
1398294383429,41652758027000,171538051000001,-2.04,0.462,-36.119,0
1398294383440,41652769593000,171538051000001,-2.04,0.462,-36.119,0
1398294383448,41652778077000,171538051000001,-2.04,0.462,-36.119,0
1398294383458,41652788056000,171538051000001,-2.04,0.462,-36.119,0
1398294383468,41652798036000,171538051000001,-2.04,0.462,-36.119,0
1398294383479,41652808076000,171538051000001,-2.04,0.462,-36.119,0
1398294383488,41652818086000,171538051000001,-2.04,0.462,-36.119,0
1398294383498,41652828095000,171538051000001,-2.04,0.462,-36.119,0
1398294383508,41652838105000,171538051000001,-2.04,0.462,-36.119,0
1398294383518,41652848115000,171538051000001,-2.04,0.462,-36.119,0
1398294383529,41652858094000,171538051000001,-2.406,0.462,-36.119,0
1398294383538,41652868135000,171538051000001,-2.406,0.462,-36.119,0
1398294383548,41652878144000,171538051000001,-2.406,0.462,-36.119,0
1398294383558,41652888154000,171538051000001,-2.406,0.462,-36.119,0
1398294383568,41652898164000,171538051000001,-2.406,0.462,-36.119,0
1398294383583,41652908174000,171538051000001,-2.406,0.462,-36.119,0
1398294383588,41652918183000,171538051000001,-2.406,0.079,-36.119,0
1398294383600,41652928437000,171538051000001,-2.784,0.079,-36.119,0
1398294383608,41652938203000,171538051000001,-2.784,0.079,-36.119,0
1398294383620,41652949739000,171538051000001,-2.784,0.079,-36.119,0
1398294383628,41652958253000,171538051000001,-2.784,0.079,-36.119,0
1398294383638,41652968232000,171538051000001,-2.784,0.079,-36.119,0
1398294383648,41652978242000,171538051000001,-3.091,0.079,-36.119,0
1398294383658,41652988221000,171538051000001,-3.091,-0.248,-36.119,0
1398294383668,41652998262000,171538051000001,-3.091,-0.248,-36.119,0
1398294383679,41653008271000,171538051000001,-3.091,-0.248,-36.119,0
1398294383688,41653018281000,171538051000001,-3.091,-0.248,-36.119,0
1398294383698,41653028291000,171538051000001,-3.091,-0.248,-36.119,0
1398294383708,41653038301000,171538051000001,-3.091,-0.248,-36.119,0
1398294383719,41653048310000,171538051000001,-3.091,-0.248,-36.119,0
1398294383729,41653058320000,171538051000001,-3.091,-0.248,-36.119,0
1398294383739,41653068330000,171538051000001,-3.091,-0.248,-36.119,0
1398294383748,41653078340000,171538051000001,-3.091,-0.248,-36.119,0
1398294383758,41653088319000,171538051000001,-3.091,-0.248,-36.119,0
1398294383768,41653098329000,171538051000001,-3.091,-0.248,-36.119,0
1398294383778,41653108338000,171538051000001,-3.091,-0.248,-36.119,0
1398294383788,41653118531000,171538051000001,-3.091,-0.248,-35.815,0
1398294383800,41653129914000,171538051000001,-3.091,-0.248,-35.815,0
1398294383808,41653138398000,171538051000001,-3.091,-0.248,-35.815,0
1398294383820,41653148408000,171538051000001,-3.091,-0.616,-35.815,0
1398294383833,41653158418000,171538051000001,-3.091,-0.616,-35.815,0
1398294383838,41653168428000,171538051000001,-3.091,-0.616,-35.815,0
1398294383850,41653178437000,171538051000001,-3.091,-0.616,-35.815,0
1398294383858,41653188447000,171538051000001,-3.091,-0.616,-35.815,0
1398294383869,41653198457000,171538051000001,-3.091,-0.616,-35.815,0
1398294383879,41653208467000,171538051000001,-3.091,-0.616,-35.815,0
1398294383888,41653218446000,171538051000001,-3.091,-0.971,-35.815,0
1398294383898,41653228456000,171538051000001,-3.091,-0.971,-35.815,0
1398294383908,41653238465000,171538051000001,-3.091,-0.971,-35.815,0
1398294383918,41653248475000,171538051000001,-3.091,-0.971,-35.815,0
1398294383928,41653258485000,171538051000001,-3.091,-0.971,-35.815,0
1398294383939,41653268495000,171538051000001,-2.786,-0.971,-35.815,0
1398294383949,41653278535000,171538051000001,-2.786,-0.971,-35.815,0
1398294383959,41653288514000,171538051000001,-2.786,-0.971,-35.815,0
1398294383969,41653298554000,171538051000001,-2.786,-0.971,-35.815,0
1398294383982,41653310121000,171538051000001,-2.786,-0.971,-35.815,0
1398294383988,41653318605000,171538051000001,-2.786,-0.971,-35.815,0
1398294383999,41653328584000,171538051000001,-2.786,-0.971,-35.815,0
1398294384008,41653338563000,171538051000001,-2.786,-0.971,-35.815,0
1398294384019,41653348573000,171538051000001,-2.786,-0.971,-35.815,0
1398294384028,41653358583000,171538051000001,-2.786,-0.971,-35.815,0
1398294384038,41653368592000,171538051000001,-2.786,-0.971,-35.815,0
1398294384049,41653378633000,171538051000001,-2.786,-0.971,-35.815,0
1398294384058,41653388612000,171538051000001,-2.786,-0.971,-35.815,0
1398294384069,41653398622000,171538051000001,-2.786,-0.971,-35.815,0
1398294384079,41653408662000,171538051000001,-3.088,-0.971,-35.815,0
1398294384089,41653418672000,171538051000001,-3.088,-0.971,-35.815,0
1398294384099,41653428681000,171538051000001,-3.088,-0.971,-35.815,0
1398294384109,41653438661000,171538051000001,-3.088,-0.596,-35.815,0
1398294384119,41653448670000,171538051000001,-3.489,-0.596,-35.815,0
1398294384129,41653458711000,171538051000001,-3.489,-0.596,-35.815,0
1398294384139,41653468690000,171538051000001,-3.813,-0.268,-35.815,0
1398294384151,41653478730000,171538051000001,-3.813,-0.268,-35.499,0
1398294384167,41653490266000,171538051000001,-3.813,-0.268,-35.499,0
1398294384169,41653498811000,171538051000001,-4.176,-0.268,-35.499,0
1398294384179,41653508760000,171538051000001,-4.176,0.067,-35.499,0
1398294384189,41653518739000,171538051000001,-4.176,0.067,-35.499,0
1398294384199,41653528749000,171538051000001,-4.176,0.067,-35.499,0
1398294384210,41653538758000,171538051000001,-4.176,0.067,-35.499,0
1398294384219,41653548799000,171538051000001,-4.176,0.367,-35.499,0
1398294384229,41653558778000,171538051000001,-4.176,0.367,-35.499,0
1398294384239,41653568788000,171538051000001,-4.176,0.367,-35.499,0
1398294384249,41653578797000,171538051000001,-4.176,0.367,-35.499,0
1398294384260,41653588807000,171538051000001,-4.176,0.367,-35.499,0
1398294384269,41653598878000,171538051000001,-4.176,0.741,-35.499,0
1398294384279,41653608857000,171538051000001,-4.176,0.741,-35.499,0
1398294384289,41653618867000,171538051000001,-4.512,0.741,-35.499,0
1398294384299,41653628846000,171538051000001,-4.512,0.741,-35.499,0
1398294384309,41653638856000,171538051000001,-4.512,0.741,-35.499,0
1398294384319,41653648866000,171538051000001,-4.512,0.741,-35.499,0
1398294384329,41653658876000,171538051000001,-4.512,1.077,-35.809,0
1398294384340,41653670442000,171538051000001,-4.512,1.077,-35.809,0
1398294384349,41653678956000,171538051000001,-4.512,1.077,-35.809,0
1398294384360,41653688905000,171538051000001,-4.512,1.077,-35.809,0
1398294384370,41653698915000,171538051000001,-4.512,1.077,-35.809,0
1398294384379,41653708924000,171538051000001,-4.512,1.077,-35.809,0
1398294384389,41653718965000,171538051000001,-4.512,1.077,-35.809,0
1398294384399,41653728944000,171538051000001,-4.512,1.077,-35.809,0
1398294384409,41653739045000,171538051000001,-4.512,1.077,-35.809,0
1398294384419,41653748963000,171538051000001,-4.512,1.077,-35.809,0
1398294384429,41653759004000,171538051000001,-4.512,1.402,-35.809,0
1398294384439,41653768983000,171538051000001,-4.512,1.402,-35.809,0
1398294384449,41653778993000,171538051000001,-4.512,1.402,-35.809,0
1398294384459,41653789033000,171538051000001,-4.512,1.402,-35.809,0
1398294384469,41653799012000,171538051000001,-4.512,1.402,-35.809,0
1398294384479,41653809053000,171538051000001,-4.512,1.402,-35.809,0
1398294384489,41653819032000,171538051000001,-4.512,1.402,-35.809,0
1398294384499,41653829072000,171538051000001,-4.209,1.402,-35.809,0
1398294384509,41653839051000,171538051000001,-4.209,1.402,-35.809,0
1398294384521,41653850617000,171538051000001,-4.209,1.402,-35.809,0
1398294384529,41653859132000,171538051000001,-4.209,1.402,-35.809,0
1398294384539,41653869111000,171538051000001,-4.209,1.402,-35.809,0
1398294384549,41653879090000,171538051000001,-4.209,1.402,-35.809,0
1398294384559,41653889131000,171538051000001,-4.209,1.402,-35.809,0
1398294384569,41653899110000,171538051000001,-4.209,1.402,-35.809,0
1398294384579,41653909120000,171538051000001,-4.209,1.402,-35.809,0
1398294384589,41653919129000,171538051000001,-3.889,1.402,-35.809,0
1398294384599,41653929170000,171538051000001,-3.889,1.402,-35.809,0
1398294384609,41653939149000,171538051000001,-3.889,1.402,-35.809,0
1398294384619,41653949250000,171538051000001,-3.889,1.402,-35.809,0
1398294384629,41653959168000,171538051000001,-3.889,1.402,-35.809,0
1398294384643,41653969239000,171538051000001,-3.889,1.402,-35.809,0
1398294384651,41653980958000,171538051000001,-3.889,1.402,-35.809,0
1398294384667,41653991120000,171538051000001,-3.576,1.402,-35.809,0
1398294384670,41653999299000,171538051000001,-3.576,1.402,-35.809,0
1398294384684,41654009248000,171538051000001,-3.576,1.402,-35.809,0
1398294384690,41654019288000,171538051000001,-3.576,1.402,-35.809,0
1398294384701,41654030854000,171538051000001,-3.576,1.402,-35.809,0
1398294384719,41654039308000,171538051000001,-3.576,1.402,-35.809,0
1398294384721,41654049317000,171538051000001,-3.576,1.402,-35.809,0
1398294384731,41654059327000,171538051000001,-3.576,1.402,-35.809,0
1398294384740,41654069337000,171538051000001,-3.576,1.402,-35.809,0
1398294384750,41654079316000,171538051000001,-3.576,1.402,-35.809,0
1398294384761,41654089356000,171538051000001,-3.576,1.402,-35.809,0
1398294384771,41654099793000,171538051000001,-3.576,1.402,-35.809,0
1398294384782,41654109407000,171538051000001,-3.576,1.402,-35.809,0
1398294384792,41654121522000,171538051000001,-3.576,1.402,-35.809,0
1398294384806,41654129396000,171538051000001,-3.576,1.402,-35.809,0
1398294384810,41654139405000,171538051000001,-3.576,1.402,-35.809,0
1398294384820,41654149415000,171538051000001,-3.576,1.402,-35.809,0
1398294384829,41654159394000,171538051000001,-3.576,1.402,-35.809,0
1398294384842,41654169404000,171538051000001,-3.576,1.402,-35.809,0
1398294384850,41654179505000,171538051000001,-3.576,1.402,-35.809,0
1398294384861,41654189393000,171538051000001,-3.576,1.402,-35.809,0
1398294384871,41654199433000,171538051000001,-3.901,1.402,-35.809,0
1398294384898,41654210969000,171538051000001,-3.901,1.402,-35.809,0
1398294384900,41654219422000,171538051000001,-3.901,1.402,-35.809,0
1398294384903,41654229432000,171538051000001,-3.901,1.402,-35.809,0
1398294384910,41654239442000,171538051000001,-3.901,1.402,-35.809,0
1398294384920,41654249452000,171538051000001,-3.901,1.402,-35.809,0
1398294384930,41654259461000,171538051000001,-4.237,1.402,-35.809,0
1398294384941,41654269471000,171538051000001,-4.237,1.402,-35.809,0
1398294384949,41654279481000,171538051000001,-4.237,1.402,-35.809,0
1398294384960,41654289491000,171538051000001,-4.237,1.402,-35.809,0
1398294384970,41654299531000,171538051000001,-4.237,1.402,-35.809,0
1398294384980,41654309510000,171538051000001,-4.237,1.402,-35.809,0
1398294384990,41654319520000,171538051000001,-4.537,1.402,-35.809,0
1398294385000,41654329560000,171538051000001,-4.537,1.402,-35.809,0
1398294385010,41654339540000,171538051000001,-4.537,1.402,-35.809,0
1398294385020,41654349549000,171538051000001,-4.537,1.402,-35.809,0
1398294385030,41654359559000,171538051000001,-4.537,1.402,-35.809,0
1398294385040,41654369569000,171538051000001,-4.537,1.402,-35.809,0
1398294385050,41654379579000,171538051000001,-4.537,1.402,-35.809,0
1398294385061,41654391145000,171538051000001,-4.537,1.402,-35.809,0
1398294385070,41654399629000,171538051000001,-4.537,1.402,-35.809,0
1398294385080,41654409608000,171538051000001,-4.199,1.402,-35.809,0
1398294385091,41654419587000,171538051000001,-4.199,1.402,-35.809,0
1398294385100,41654429627000,171538051000001,-4.199,1.402,-35.809,0
1398294385111,41654439668000,171538051000001,-4.199,1.402,-35.809,0
1398294385120,41654449647000,171538051000001,-4.199,1.402,-35.809,0
1398294385130,41654459687000,171538051000001,-4.199,1.402,-35.809,0
1398294385141,41654469667000,171538051000001,-4.199,1.402,-35.809,0
1398294385150,41654479676000,171538051000001,-4.199,1.402,-35.809,0
1398294385160,41654489686000,171538051000001,-4.199,1.402,-35.809,0
1398294385170,41654499696000,171538051000001,-4.199,1.402,-35.809,0
1398294385180,41654509706000,171538051000001,-3.887,1.402,-35.809,0
1398294385191,41654519715000,171538051000001,-3.887,1.402,-35.809,0
1398294385200,41654529756000,171538051000001,-3.887,1.402,-35.809,0
1398294385210,41654539735000,171538051000001,-3.887,1.402,-35.809,0
1398294385220,41654549714000,171538051000001,-3.887,1.402,-35.809,0
1398294385230,41654559785000,171538051000001,-3.887,1.402,-35.809,0
1398294385243,41654571321000,171538051000001,-3.887,1.402,-35.809,0
1398294385250,41654579804000,171538051000001,-3.887,1.402,-35.809,0
1398294385260,41654589784000,171538051000001,-3.887,1.402,-35.809,0
1398294385270,41654599793000,171538051000001,-3.887,1.402,-35.809,0
1398294385280,41654609834000,171538051000001,-3.887,1.402,-35.809,0
1398294385291,41654619813000,171538051000001,-3.887,1.402,-35.809,0
1398294385300,41654629823000,171538051000001,-3.887,1.402,-35.809,0
1398294385310,41654639833000,171538051000001,-3.887,1.402,-35.809,0
1398294385320,41654649842000,171538051000001,-3.562,1.402,-35.809,0
1398294385334,41654659852000,171538051000001,-3.562,1.402,-35.809,0
1398294385342,41654669892000,171538051000001,-3.562,1.402,-35.809,0
1398294385350,41654679872000,171538051000001,-3.562,1.402,-35.809,0
1398294385360,41654689881000,171538051000001,-3.562,1.402,-35.809,0
1398294385370,41654699891000,171538051000001,-3.562,1.402,-35.809,0
1398294385380,41654709901000,171538051000001,-3.251,1.402,-35.809,0
1398294385390,41654719911000,171538051000001,-3.251,1.402,-35.809,0
1398294385400,41654729920000,171538051000001,-3.251,1.402,-35.809,0
1398294385410,41654739930000,171538051000001,-3.251,1.402,-35.809,0
1398294385421,41654751496000,171538051000001,-3.251,1.402,-35.809,0
1398294385430,41654759980000,171538051000001,-3.251,1.402,-35.809,0
1398294385440,41654769960000,171538051000001,-3.251,1.402,-35.809,0
1398294385450,41654780030000,171538051000001,-3.251,1.402,-35.809,0
1398294385460,41654789979000,171538051000001,-3.251,1.402,-35.809,0
1398294385470,41654800019000,171538051000001,-3.251,1.402,-35.809,0
1398294385480,41654810029000,171538051000001,-3.251,1.402,-35.809,0
1398294385490,41654820008000,171538051000001,-3.251,1.402,-35.809,0
1398294385500,41654830018000,171538051000001,-3.251,1.402,-35.809,0
1398294385510,41654840058000,171538051000001,-3.251,1.402,-35.809,0
1398294385520,41654850038000,171538051000001,-3.251,1.402,-35.809,0
1398294385530,41654860078000,171538051000001,-3.251,1.402,-35.809,0
1398294385549,41654870088000,171538051000001,-3.573,1.402,-35.809,0
1398294385551,41654880128000,171538051000001,-3.573,1.402,-35.809,0
1398294385567,41654890107000,171538051000001,-3.573,1.402,-35.809,0
1398294385570,41654900117000,171538051000001,-3.573,1.402,-35.809,0
1398294385580,41654910096000,171538051000001,-3.996,1.402,-35.809,0
1398294385593,41654920259000,171538051000001,-3.996,1.402,-35.809,0
1398294385602,41654931672000,171538051000001,-3.996,1.402,-35.809,0
1398294385610,41654940187000,171538051000001,-3.996,1.402,-35.809,0
1398294385620,41654950105000,171538051000001,-3.996,1.402,-35.809,0
1398294385630,41654960145000,171538051000001,-3.996,1.065,-35.809,0
1398294385640,41654970124000,171538051000001,-4.312,1.065,-35.809,0
1398294385650,41654980134000,171538051000001,-4.312,1.065,-35.809,0
1398294385660,41654990144000,171538051000001,-4.312,1.065,-35.809,0
1398294385670,41655000184000,171538051000001,-4.312,1.065,-35.809,0
1398294385680,41655010224000,171538051000001,-4.312,1.065,-35.809,0
1398294385696,41655020265000,171538051000001,-4.312,1.065,-35.809,0
1398294385702,41655030244000,171538051000001,-4.693,0.738,-35.809,0
1398294385710,41655040254000,171538051000001,-4.693,0.738,-35.809,0
1398294385720,41655050263000,171538051000001,-4.693,0.738,-35.809,0
1398294385730,41655060273000,171538051000001,-4.693,0.738,-35.809,0
1398294385740,41655070283000,171538051000001,-4.693,0.738,-35.809,0
1398294385750,41655080293000,171538051000001,-4.693,0.738,-35.809,0
1398294385760,41655090303000,171538051000001,-4.693,0.738,-35.809,0
1398294385770,41655100312000,171538051000001,-4.693,0.415,-35.809,0
1398294385782,41655111878000,171538051000001,-4.693,0.415,-35.809,0
1398294385790,41655120362000,171538051000001,-4.377,0.415,-35.809,0
1398294385801,41655130525000,171538051000001,-4.377,0.415,-35.809,0
1398294385810,41655140351000,171538051000001,-4.377,0.415,-35.809,0
1398294385820,41655150361000,171538051000001,-4.377,0.415,-35.809,0
1398294385830,41655160371000,171538051000001,-4.377,0.415,-35.809,0
1398294385842,41655170381000,171538051000001,-4.377,0.415,-35.809,0
1398294385850,41655180390000,171538051000001,-4.377,0.415,-35.809,0
1398294385860,41655190400000,171538051000001,-4.377,0.415,-35.809,0
1398294385870,41655200410000,171538051000001,-4.377,0.415,-35.809,0
1398294385880,41655210420000,171538051000001,-4.377,0.415,-35.809,0
1398294385894,41655220429000,171538051000001,-4.035,0.767,-35.809,0
1398294385904,41655234101000,171538051000001,-4.035,0.767,-35.809,0
1398294385913,41655243348000,171538051000001,-4.035,0.767,-35.809,0
1398294385924,41655254090000,171538051000001,-4.035,0.767,-35.809,0
1398294385934,41655264070000,171538051000001,-4.035,0.767,-35.809,0
1398294385944,41655271180000,171538051000001,-3.723,0.767,-35.809,0
1398294385951,41655280854000,171538051000001,-3.723,0.767,-35.809,0
1398294385966,41655292054000,171538051000001,-3.723,1.1,-35.809,0
1398294385980,41655300569000,171538051000001,-3.723,1.1,-35.809,0
1398294385982,41655310670000,171538051000001,-3.723,1.1,-35.809,0
1398294386012,41655320527000,171538051000001,-3.723,1.1,-35.809,0
1398294386017,41655330567000,171538051000001,-3.723,1.1,-35.809,0
1398294386019,41655340577000,171538051000001,-3.723,1.1,-35.809,0
1398294386025,41655350556000,171538051000001,-3.723,1.1,-35.809,0
1398294386030,41655360566000,171538051000001,-3.723,1.1,-35.809,0
1398294386041,41655370729000,171538051000001,-3.723,1.1,-35.809,0
1398294386051,41655380555000,171538051000001,-3.723,1.417,-35.809,0
1398294386061,41655390595000,171538051000001,-3.723,1.417,-35.809,0
1398294386071,41655400605000,171538051000001,-3.723,1.417,-35.809,0
1398294386081,41655410798000,171538051000001,-3.723,1.417,-35.809,0
1398294386092,41655421662000,171538051000001,-3.723,1.417,-35.809,0
1398294386103,41655433106000,171538051000001,-3.723,1.417,-35.809,0
1398294386113,41655443055000,171538051000001,-3.723,1.417,-35.809,0
1398294386124,41655454469000,171538051000001,-3.723,1.417,-35.809,0
1398294386134,41655463624000,171538051000001,-3.723,1.417,-35.809,0
1398294386143,41655472199000,171538051000001,-4.049,1.417,-35.809,0
1398294386153,41655483155000,171538051000001,-4.049,1.417,-35.809,0
1398294386163,41655493348000,171538051000001,-4.049,1.417,-35.809,0
1398294386173,41655501527000,171538051000001,-4.049,1.417,-35.809,0
1398294386184,41655514039000,171538051000001,-4.049,1.417,-35.809,0
1398294386193,41655522950000,171538051000001,-4.049,1.417,-35.809,0
1398294386204,41655534181000,171538051000001,-4.049,1.739,-35.809,0
1398294386213,41655543428000,171538051000001,-4.049,1.739,-35.809,0
1398294386224,41655554383000,171538051000001,-4.049,1.739,-35.809,0
1398294386235,41655564607000,171538051000001,-4.049,1.739,-35.809,0
1398294386244,41655573091000,171538051000001,-4.049,1.739,-35.809,0
1398294386253,41655583253000,171538051000001,-4.049,1.739,-35.809,0
1398294386264,41655594331000,171538051000001,-4.049,1.739,-35.809,0
1398294386275,41655604768000,171538051000001,-4.049,1.739,-35.809,0
1398294386284,41655614289000,171538051000001,-4.049,1.739,-35.809,0
1398294386295,41655624482000,171538051000001,-4.049,1.739,-35.809,0
1398294386303,41655632752000,171538051000001,-4.049,1.739,-35.809,0
1398294386313,41655643220000,171538051000001,-4.049,1.739,-35.809,0
1398294386324,41655653840000,171538051000001,-4.049,1.739,-35.809,0
1398294386335,41655664796000,171538051000001,-4.049,1.739,-35.809,0
1398294386343,41655672944000,171538051000001,-4.049,1.739,-35.809,0
1398294386355,41655684449000,171538051000001,-4.049,1.739,-35.809,0
1398294386364,41655691346000,171538051000001,-4.049,1.739,-35.809,0
1398294386384,41655702363000,171538051000001,-4.049,1.739,-35.809,0
1398294386389,41655710908000,171538051000001,-4.049,1.739,-35.809,0
1398294386396,41655720948000,171538051000001,-4.049,1.739,-35.809,0
1398294386412,41655732820000,171538051000001,-4.049,1.739,-35.809,0
1398294386418,41655740937000,171538051000001,-4.049,1.739,-35.809,0
1398294386426,41655750947000,171538051000001,-4.049,1.739,-35.809,0
1398294386431,41655760957000,171538051000001,-4.049,1.739,-35.809,0
1398294386442,41655770967000,171538051000001,-4.049,1.739,-35.809,0
1398294386455,41655782746000,171538051000001,-4.049,1.739,-35.809,0
1398294386463,41655793000000,171538051000001,-4.049,1.739,-35.809,0
1398294386471,41655801301000,171538051000001,-4.049,1.739,-35.809,0
1398294386481,41655811006000,171538051000001,-4.049,1.739,-35.809,0
1398294386495,41655821199000,171538051000001,-4.049,1.739,-35.809,0
1398294386510,41655833009000,171538051000001,-4.049,1.739,-35.809,0
1398294386512,41655841065000,171538051000001,-4.049,1.739,-35.809,0
1398294386524,41655851075000,171538051000001,-4.362,1.739,-35.809,0
1398294386531,41655861054000,171538051000001,-4.362,1.739,-35.809,0
1398294386541,41655871064000,171538051000001,-4.362,1.739,-35.809,0
1398294386551,41655881043000,171538051000001,-4.362,1.739,-35.809,0
1398294386561,41655891053000,171538051000001,-4.362,1.739,-35.809,0
1398294386574,41655901063000,171538051000001,-4.362,1.739,-35.809,0
1398294386581,41655911134000,171538051000001,-4.362,1.739,-35.809,0
1398294386591,41655921113000,171538051000001,-4.362,1.739,-35.809,0
1398294386601,41655931092000,171538051000001,-4.679,1.739,-35.809,0
1398294386611,41655941102000,171538051000001,-4.679,1.739,-35.809,0
1398294386622,41655951356000,171538051000001,-4.679,1.739,-35.809,0
1398294386632,41655961610000,171538051000001,-4.679,1.739,-35.809,0
1398294386641,41655971162000,171538051000001,-4.679,1.739,-35.809,0
1398294386655,41655982087000,171538051000001,-4.679,1.739,-35.809,0
1398294386663,41655992066000,171538051000001,-4.679,1.739,-35.809,0
1398294386680,41656003144000,171538051000001,-4.679,1.739,-35.809,0
1398294386683,41656012727000,171538051000001,-4.679,1.739,-35.809,0
1398294386693,41656021546000,171538051000001,-4.679,1.739,-35.809,0
1398294386708,41656031251000,171538051000001,-4.679,1.739,-35.809,0
1398294386713,41656041230000,171538051000001,-4.679,1.739,-35.809,0
1398294386721,41656051240000,171538051000001,-4.679,1.739,-35.809,0
1398294386731,41656061219000,171538051000001,-4.679,1.739,-35.809,0
1398294386741,41656071260000,171538051000001,-4.679,1.739,-35.809,0
1398294386751,41656081239000,171538051000001,-4.679,1.739,-35.809,0
1398294386761,41656091249000,171538051000001,-4.679,1.739,-35.809,0
1398294386772,41656101289000,171538051000001,-4.679,1.739,-35.809,0
1398294386781,41656111268000,171538051000001,-4.679,1.739,-35.809,0
1398294386791,41656121308000,171538051000001,-4.344,1.739,-35.809,0
1398294386801,41656131288000,171538051000001,-4.344,1.739,-35.809,0
1398294386811,41656141297000,171538051000001,-4.344,1.739,-35.809,0
1398294386821,41656151307000,171538051000001,-4.344,1.739,-35.809,0
1398294386831,41656161317000,171538051000001,-4.344,1.739,-35.809,0
1398294386841,41656171327000,171538051000001,-3.964,1.739,-35.809,0
1398294386851,41656181336000,171538051000001,-3.964,1.739,-35.809,0
1398294386863,41656192903000,171538051000001,-3.964,1.739,-35.809,0
1398294386871,41656201417000,171538051000001,-3.964,1.739,-35.809,0
1398294386881,41656211366000,171538051000001,-3.659,1.739,-35.809,0
1398294386892,41656221406000,171538051000001,-3.659,1.739,-35.809,0
1398294386901,41656231385000,171538051000001,-3.659,1.739,-35.809,0
1398294386912,41656241426000,171538051000001,-3.659,1.739,-35.809,0
1398294386921,41656251405000,171538051000001,-3.659,1.739,-35.809,0
1398294386931,41656261445000,171538051000001,-3.312,1.739,-35.809,0
1398294386942,41656271607000,171538051000001,-3.312,1.739,-35.809,0
1398294386953,41656281434000,171538051000001,-3.312,1.739,-35.809,0
1398294386962,41656291444000,171538051000001,-3.312,1.739,-35.809,0
1398294386972,41656301484000,171538051000001,-2.946,1.739,-35.809,0
1398294386985,41656311524000,171538051000001,-2.946,1.739,-35.809,0
1398294386999,41656321534000,171538051000001,-2.946,1.739,-35.809,0
1398294387003,41656331544000,171538051000001,-2.946,1.739,-35.809,0
1398294387012,41656341554000,171538051000001,-2.946,1.739,-35.809,0
1398294387022,41656351564000,171538051000001,-2.946,1.739,-35.809,0
1398294387031,41656361543000,171538051000001,-2.946,1.739,-35.809,0
1398294387043,41656373078000,171538051000001,-2.946,1.739,-35.809,0
1398294387051,41656381532000,171538051000001,-2.946,1.739,-35.809,0
1398294387061,41656391542000,171538051000001,-2.946,1.739,-35.809,0
1398294387072,41656401582000,171538051000001,-2.946,1.739,-35.809,0
1398294387082,41656411531000,171538051000001,-2.946,1.739,-35.809,0
1398294387091,41656421510000,171538051000001,-2.946,1.739,-35.809,0
1398294387104,41656431550000,171538051000001,-2.946,1.739,-35.809,0
1398294387112,41656441590000,171538051000001,-2.946,1.739,-35.809,0
1398294387123,41656451570000,171538051000001,-2.946,1.739,-35.809,0
1398294387132,41656461610000,171538051000001,-2.946,1.739,-35.809,0
1398294387142,41656471589000,171538051000001,-2.946,1.739,-35.809,0
1398294387153,41656481599000,171538051000001,-2.946,1.739,-35.809,0
1398294387163,41656491639000,171538051000001,-2.946,1.739,-35.809,0
1398294387173,41656501618000,171538051000001,-2.946,1.402,-35.809,0
1398294387182,41656511628000,171538051000001,-2.946,1.402,-35.809,0
1398294387192,41656521638000,171538051000001,-2.946,1.402,-35.809,0
1398294387202,41656531648000,171538051000001,-2.946,1.402,-35.809,0
1398294387212,41656541658000,171538051000001,-2.946,1.402,-35.809,0
1398294387223,41656553193000,171538051000001,-2.946,1.402,-35.809,0
1398294387231,41656561708000,171538051000001,-2.624,1.402,-35.809,0
1398294387242,41656571687000,171538051000001,-2.624,1.402,-35.809,0
1398294387252,41656581697000,171538051000001,-2.624,1.084,-35.809,0
1398294387262,41656591706000,171538051000001,-2.624,1.084,-35.809,0
1398294387272,41656601960000,171538051000001,-2.624,1.084,-35.809,0
1398294387282,41656611726000,171538051000001,-2.624,1.084,-35.809,0
1398294387292,41656621736000,171538051000001,-2.624,1.084,-35.809,0
1398294387302,41656631745000,171538051000001,-2.624,1.084,-35.809,0
1398294387312,41656641755000,171538051000001,-2.624,1.084,-35.809,0
1398294387322,41656651765000,171538051000001,-2.624,1.084,-35.809,0
1398294387332,41656661775000,171538051000001,-2.624,1.084,-35.809,0
1398294387342,41656671815000,171538051000001,-2.624,1.084,-35.809,0
1398294387352,41656681794000,171538051000001,-2.624,0.747,-35.809,0
1398294387362,41656691835000,171538051000001,-2.624,0.747,-35.809,0
1398294387372,41656701844000,171538051000001,-2.307,0.747,-35.809,0
1398294387382,41656711854000,171538051000001,-2.307,0.747,-35.809,0
1398294387395,41656722047000,171538051000001,-2.307,0.747,-35.809,0
1398294387403,41656733399000,171538051000001,-2.307,0.747,-35.809,0
1398294387412,41656741914000,171538051000001,-2.307,0.747,-35.809,0
1398294387422,41656751893000,171538051000001,-2.307,0.747,-35.809,0
1398294387432,41656761872000,171538051000001,-2.307,0.747,-35.809,0
1398294387442,41656771913000,171538051000001,-2.307,0.747,-35.809,0
1398294387453,41656781922000,171538051000001,-2.307,0.747,-35.809,0
1398294387462,41656791932000,171538051000001,-2.307,0.747,-35.809,0
1398294387472,41656801942000,171538051000001,-2.307,0.747,-35.809,0
1398294387482,41656811921000,171538051000001,-2.307,0.747,-35.809,0
1398294387493,41656821931000,171538051000001,-2.307,0.747,-35.809,0
1398294387502,41656831971000,171538051000001,-2.307,0.747,-35.809,0
1398294387512,41656841950000,171538051000001,-2.307,0.747,-35.809,0
1398294387522,41656851960000,171538051000001,-2.307,0.747,-35.809,0
1398294387532,41656861970000,171538051000001,-1.968,0.747,-35.809,0
1398294387542,41656871980000,171538051000001,-1.968,0.747,-35.809,0
1398294387557,41656882051000,171538051000001,-1.968,0.747,-35.809,0
1398294387563,41656892030000,171538051000001,-1.968,0.747,-35.809,0
1398294387572,41656902040000,171538051000001,-1.968,0.747,-35.809,0
1398294387584,41656913575000,171538051000001,-1.968,0.747,-35.809,0
1398294387592,41656922059000,171538051000001,-1.968,0.747,-35.809,0
1398294387602,41656932099000,171538051000001,-1.968,0.747,-35.809,0
1398294387612,41656942079000,171538051000001,-1.968,0.747,-35.809,0
1398294387622,41656952058000,171538051000001,-1.968,1.049,-35.809,0
1398294387632,41656962098000,171538051000001,-1.968,1.049,-35.809,0
1398294387642,41656972108000,171538051000001,-1.968,1.049,-35.809,0
1398294387656,41656986268000,171538051000001,-1.968,1.049,-35.809,0
1398294387663,41656992524000,171538051000001,-1.968,1.049,-36.111,0
1398294387672,41657002107000,171538051000001,-1.968,1.049,-36.111,0
1398294387682,41657012116000,171538051000001,-2.307,1.385,-36.111,0
1398294387692,41657022126000,171538051000001,-2.307,1.385,-36.111,0
1398294387702,41657032136000,171538051000001,-2.307,1.385,-36.111,0
1398294387712,41657042146000,171538051000001,-2.307,1.385,-36.111,0
1398294387722,41657052156000,171538051000001,-2.307,1.385,-36.111,0
1398294387732,41657062165000,171538051000001,-2.307,1.385,-36.111,0
1398294387742,41657072175000,171538051000001,-2.648,1.69,-36.111,0
1398294387752,41657082185000,171538051000001,-2.648,1.69,-36.111,0
1398294387785,41657093782000,171538051000001,-2.648,1.69,-36.111,0
1398294387786,41657102265000,171538051000001,-2.648,1.69,-36.111,0
1398294387788,41657112214000,171538051000001,-2.648,1.69,-36.111,0
1398294387792,41657122224000,171538051000001,-2.963,1.69,-36.111,0
1398294387802,41657132234000,171538051000001,-2.963,1.69,-36.111,0
1398294387812,41657142243000,171538051000001,-2.963,1.69,-36.111,0
1398294387822,41657152253000,171538051000001,-2.963,1.69,-36.111,0
1398294387832,41657162263000,171538051000001,-3.349,1.69,-36.111,0
1398294387845,41657172456000,171538051000001,-3.349,1.69,-36.111,0
1398294387861,41657182283000,171538051000001,-3.349,1.69,-36.111,0
1398294387863,41657192292000,171538051000001,-3.349,2.029,-36.111,0
1398294387872,41657202302000,171538051000001,-3.781,2.029,-36.111,0
1398294387882,41657212281000,171538051000001,-3.781,2.029,-36.111,0
1398294387893,41657222322000,171538051000001,-3.781,2.029,-36.111,0
1398294387903,41657232331000,171538051000001,-4.115,2.029,-36.111,0
1398294387913,41657242341000,171538051000001,-4.115,2.352,-36.111,0
1398294387923,41657252351000,171538051000001,-4.115,2.352,-36.111,0
1398294387933,41657262361000,171538051000001,-4.115,2.352,-36.111,0
1398294387944,41657273927000,171538051000001,-4.115,2.352,-36.111,0
1398294387960,41657287446000,171538051000001,-4.115,2.352,-36.111,0
1398294387963,41657292970000,171538051000001,-4.429,2.352,-36.111,0
1398294387972,41657302400000,171538051000001,-4.429,2.352,-36.111,0
1398294387982,41657312379000,171538051000001,-4.429,2.352,-36.111,0
1398294387992,41657322389000,171538051000001,-4.429,2.352,-36.111,0
1398294388002,41657332398000,171538051000001,-4.429,2.352,-36.111,0
1398294388012,41657342408000,171538051000001,-4.429,2.352,-36.111,0
1398294388022,41657352449000,171538051000001,-4.429,2.352,-36.111,0
1398294388034,41657362428000,171538051000001,-4.116,2.352,-36.111,0
1398294388042,41657372438000,171538051000001,-4.116,2.352,-36.111,0
1398294388053,41657382447000,171538051000001,-4.116,2.352,-36.111,0
1398294388062,41657392488000,171538051000001,-4.116,2.05,-36.111,0
1398294388072,41657402497000,171538051000001,-3.668,2.05,-36.111,0
1398294388082,41657412477000,171538051000001,-3.668,2.05,-36.111,0
1398294388092,41657422517000,171538051000001,-3.668,2.05,-36.111,0
1398294388102,41657432527000,171538051000001,-3.349,1.705,-36.111,0
1398294388112,41657442536000,171538051000001,-3.349,1.705,-36.111,0
1398294388124,41657454072000,171538051000001,-3.349,1.705,-36.111,0
1398294388132,41657462586000,171538051000001,-2.961,1.705,-36.111,0
1398294388143,41657472535000,171538051000001,-2.961,1.705,-36.111,0
1398294388152,41657482575000,171538051000001,-2.961,1.353,-36.111,0
1398294388162,41657492585000,171538051000001,-2.612,1.353,-36.111,0
1398294388172,41657502595000,171538051000001,-2.612,1.353,-36.111,0
1398294388183,41657512605000,171538051000001,-2.612,1.353,-36.111,0
1398294388193,41657522615000,171538051000001,-2.265,1.353,-36.111,0
1398294388203,41657532624000,171538051000001,-2.265,1.353,-36.111,0
1398294388213,41657542604000,171538051000001,-2.265,1.353,-36.111,0
1398294388224,41657552644000,171538051000001,-2.265,1.353,-36.111,0
1398294388236,41657562654000,171538051000001,-2.265,1.353,-36.111,0
1398294388243,41657572663000,171538051000001,-1.901,1.353,-36.111,0
1398294388253,41657582673000,171538051000001,-1.901,1.353,-36.111,0
1398294388263,41657593019000,171538051000001,-1.901,1.353,-36.111,0
1398294388276,41657602754000,171538051000001,-1.901,1.353,-36.111,0
1398294388283,41657612702000,171538051000001,-1.901,1.353,-36.111,0
1398294388293,41657622895000,171538051000001,-1.901,1.353,-36.111,0
1398294388305,41657634248000,171538051000001,-1.901,1.353,-36.111,0
1398294388313,41657642762000,171538051000001,-1.585,1.353,-36.111,0
1398294388323,41657652741000,171538051000001,-1.585,1.353,-36.111,0
1398294388334,41657662751000,171538051000001,-1.585,1.353,-36.111,0
1398294388343,41657672761000,171538051000001,-1.585,1.353,-36.111,0
1398294388353,41657682740000,171538051000001,-1.585,1.353,-36.111,0
1398294388363,41657692750000,171538051000001,-1.585,1.353,-36.111,0
1398294388373,41657702821000,171538051000001,-1.585,1.353,-36.111,0
1398294388382,41657712770000,171538051000001,-1.585,1.353,-36.111,0
1398294388392,41657722779000,171538051000001,-1.585,1.353,-36.111,0
1398294388402,41657732789000,171538051000001,-1.585,1.353,-36.111,0
1398294388413,41657742829000,171538051000001,-1.585,1.353,-36.111,0
1398294388422,41657752839000,171538051000001,-1.585,1.353,-36.111,0
1398294388433,41657762849000,171538051000001,-1.585,1.353,-36.111,0
1398294388443,41657772828000,171538051000001,-1.585,1.658,-36.111,0
1398294388452,41657782838000,171538051000001,-1.585,1.658,-36.111,0
1398294388463,41657792848000,171538051000001,-1.585,1.658,-36.111,0
1398294388473,41657802888000,171538051000001,-1.905,1.658,-36.111,0
1398294388484,41657814424000,171538051000001,-1.905,1.658,-36.111,0
1398294388493,41657822938000,171538051000001,-1.905,1.658,-36.111,0
1398294388503,41657832917000,171538051000001,-1.905,1.658,-36.111,0
1398294388513,41657842927000,171538051000001,-1.905,1.658,-36.111,0
1398294388523,41657852937000,171538051000001,-2.239,1.658,-36.111,0
1398294388533,41657862947000,171538051000001,-2.239,1.658,-36.111,0
1398294388543,41657873262000,171538051000001,-2.239,1.658,-36.111,0
1398294388553,41657882966000,171538051000001,-2.554,1.658,-36.111,0
1398294388563,41657892976000,171538051000001,-2.554,1.658,-36.111,0
1398294388578,41657908082000,171538051000001,-2.554,1.658,-36.111,0
1398294388583,41657912995000,171538051000001,-2.554,1.658,-36.111,0
1398294388593,41657923005000,171538051000001,-2.871,1.658,-36.111,0
1398294388603,41657933015000,171538051000001,-2.871,1.658,-36.111,0
1398294388615,41657944612000,171538051000001,-2.871,1.658,-36.111,0
1398294388625,41657954621000,171538051000001,-2.871,1.96,-36.111,0
1398294388635,41657965425000,171538051000001,-3.186,1.96,-36.111,0
1398294388647,41657976625000,171538051000001,-3.186,1.96,-36.111,0
1398294388657,41657986665000,171538051000001,-3.186,1.96,-36.111,0
1398294388668,41657997468000,171538051000001,-3.186,1.96,-36.111,0
1398294388677,41658006715000,171538051000001,-3.186,1.96,-36.111,0
1398294388687,41658016786000,171538051000001,-3.503,1.96,-36.111,0
1398294388699,41658028962000,171538051000001,-3.503,1.96,-36.111,0
1398294388706,41658035737000,171538051000001,-3.503,2.287,-36.111,0
1398294388716,41658045594000,171538051000001,-3.503,2.287,-36.111,0
1398294388726,41658055574000,171538051000001,-3.823,2.287,-36.111,0
1398294388737,41658066682000,171538051000001,-3.823,2.287,-36.111,0
1398294388747,41658077058000,171538051000001,-3.823,2.287,-36.111,0
1398294388757,41658086640000,171538051000001,-3.823,2.287,-36.111,0
1398294388764,41658093812000,171538051000001,-3.823,2.287,-36.111,0
1398294388776,41658103364000,171538051000001,-3.823,2.287,-36.111,0
1398294388783,41658113252000,171538051000001,-3.823,2.287,-36.111,0
1398294388800,41658123292000,171538051000001,-3.823,2.287,-36.111,0
1398294388835,41658133302000,171538051000001,-4.125,2.287,-36.111,0
1398294388837,41658143281000,171538051000001,-4.125,2.287,-36.111,0
1398294388838,41658153321000,171538051000001,-4.125,2.287,-36.111,0
1398294388843,41658163301000,171538051000001,-4.125,2.287,-36.111,0
1398294388854,41658174897000,171538051000001,-4.125,2.287,-36.111,0
1398294388855,41658183381000,171538051000001,-4.125,2.287,-36.111,0
1398294388866,41658193299000,171538051000001,-4.125,2.287,-36.111,0
1398294388879,41658208222000,171538051000001,-4.125,2.287,-36.111,0
1398294388883,41658213288000,171538051000001,-4.125,2.287,-36.111,0
1398294388893,41658223329000,171538051000001,-4.125,2.287,-36.111,0
1398294388904,41658233369000,171538051000001,-4.125,2.287,-35.804,0
1398294388917,41658243959000,171538051000001,-4.125,2.287,-35.804,0
1398294388923,41658253358000,171538051000001,-4.125,2.287,-35.804,0
1398294388935,41658264802000,171538051000001,-4.125,2.287,-35.804,0
1398294388946,41658276033000,171538051000001,-4.125,2.287,-35.804,0
1398294388957,41658287080000,171538051000001,-4.125,2.287,-35.804,0
1398294388967,41658296815000,171538051000001,-4.125,2.287,-35.804,0
1398294388976,41658305512000,171538051000001,-4.455,2.287,-35.804,0
1398294388986,41658313447000,171538051000001,-4.455,2.287,-35.804,0
1398294388999,41658326112000,171538051000001,-4.455,2.287,-35.804,0
1398294389007,41658337220000,171538051000001,-4.455,2.287,-35.804,0
1398294389015,41658344178000,171538051000001,-4.455,2.287,-35.804,0
1398294389028,41658357423000,171538051000001,-4.455,2.287,-35.804,0
1398294389038,41658367677000,171538051000001,-4.455,2.287,-35.804,0
1398294389049,41658378968000,171538051000001,-4.455,2.287,-35.804,0
1398294389056,41658383515000,171538051000001,-4.455,2.287,-35.804,0
1398294389064,41658393525000,171538051000001,-4.455,2.287,-35.804,0
1398294389074,41658403688000,171538051000001,-4.455,2.287,-35.804,0
1398294389090,41658413514000,171538051000001,-4.455,2.287,-35.804,0
1398294389094,41658423585000,171538051000001,-4.455,2.287,-35.804,0
1398294389104,41658433564000,171538051000001,-4.455,2.287,-35.804,0
1398294389120,41658443574000,171538051000001,-4.455,2.287,-35.804,0
1398294389127,41658453584000,171538051000001,-4.455,2.287,-35.804,0
1398294389134,41658463594000,171538051000001,-4.455,2.287,-35.804,0
1398294389144,41658473573000,171538051000001,-4.455,2.287,-35.804,0
1398294389154,41658483583000,171538051000001,-4.455,2.287,-35.804,0
1398294389164,41658493623000,171538051000001,-4.455,2.287,-35.804,0
1398294389175,41658503755000,171538051000001,-4.455,2.287,-35.804,0
1398294389185,41658514253000,171538051000001,-4.455,2.287,-35.804,0
1398294389196,41658526094000,171538051000001,-4.455,2.287,-35.804,0
1398294389210,41658539338000,171538051000001,-4.455,2.287,-35.804,0
1398294389216,41658545686000,171538051000001,-4.455,2.287,-35.804,0
1398294389226,41658556062000,171538051000001,-4.455,2.287,-35.804,0
1398294389235,41658565461000,171538051000001,-4.455,2.287,-35.804,0
1398294389250,41658575715000,171538051000001,-4.455,2.287,-35.804,0
1398294389255,41658585145000,171538051000001,-4.455,2.287,-35.804,0
1398294389265,41658594361000,171538051000001,-4.455,2.287,-35.804,0
1398294389277,41658607270000,171538051000001,-4.139,2.287,-35.804,0
1398294389284,41658613954000,171538051000001,-4.139,2.287,-35.804,0
1398294389300,41658630036000,171538051000001,-4.139,2.287,-35.804,0
1398294389306,41658635682000,171538051000001,-4.139,2.287,-35.804,0
1398294389320,41658650086000,171538051000001,-4.139,2.287,-35.804,0
1398294389326,41658656037000,171538051000001,-4.139,2.287,-35.804,0
1398294389340,41658670320000,171538051000001,-4.139,2.287,-35.804,0
1398294389345,41658675263000,171538051000001,-3.816,2.287,-35.804,0
1398294389360,41658690064000,171538051000001,-3.816,2.287,-35.804,0
1398294389366,41658695558000,171538051000001,-3.816,2.287,-35.804,0
1398294389377,41658707307000,171538051000001,-3.816,2.287,-36.105,0
1398294389389,41658719087000,171538051000001,-3.816,2.287,-36.105,0
1398294389397,41658727510000,171538051000001,-3.816,2.287,-36.105,0
1398294389410,41658739595000,171538051000001,-3.816,2.287,-36.105,0
1398294389416,41658746308000,171538051000001,-3.816,2.287,-36.105,0
1398294389430,41658759919000,171538051000001,-3.816,2.287,-36.105,0
1398294389434,41658763978000,171538051000001,-3.816,2.287,-36.105,0
1398294389446,41658776155000,171538051000001,-3.816,2.287,-36.105,0
1398294389458,41658787934000,171538051000001,-3.816,2.287,-36.105,0
1398294389465,41658794526000,171538051000001,-3.816,2.287,-36.105,0
1398294389481,41658811219000,171538051000001,-3.816,2.287,-36.105,0
1398294389484,41658814271000,171538051000001,-3.816,2.287,-36.105,0
1398294389505,41658828828000,171538051000001,-3.816,2.287,-36.105,0
1398294389509,41658838838000,171538051000001,-3.816,2.287,-36.105,0
1398294389516,41658846376000,171538051000001,-3.816,2.589,-36.105,0
1398294389526,41658856324000,171538051000001,-3.816,2.589,-36.105,0
1398294389538,41658868043000,171538051000001,-3.816,2.589,-36.105,0
1398294389548,41658878175000,171538051000001,-3.816,2.589,-36.105,0
1398294389558,41658888307000,171538051000001,-3.816,2.589,-36.105,0
1398294389567,41658896668000,171538051000001,-3.816,2.589,-36.105,0
1398294389577,41658906983000,171538051000001,-3.816,2.589,-36.105,0
1398294389584,41658914002000,171538051000001,-3.816,2.589,-36.105,0
1398294389594,41658923982000,171538051000001,-3.816,2.589,-36.105,0
1398294389604,41658933991000,171538051000001,-3.816,2.589,-36.105,0
1398294389614,41658944001000,171538051000001,-3.816,2.589,-36.105,0
1398294389624,41658954011000,171538051000001,-3.816,2.589,-36.105,0
1398294389634,41658964051000,171538051000001,-3.816,2.589,-36.105,0
1398294389644,41658974061000,171538051000001,-3.816,2.589,-36.105,0
1398294389654,41658984071000,171538051000001,-3.816,2.589,-36.105,0
1398294389664,41658994081000,171538051000001,-3.816,2.589,-35.795,0
1398294389674,41659004060000,171538051000001,-3.816,2.589,-35.795,0
1398294389688,41659017732000,171538051000001,-3.816,2.589,-35.795,0
1398294389698,41659028108000,171538051000001,-3.816,2.589,-35.795,0
1398294389709,41659039338000,171538051000001,-3.816,2.589,-35.795,0
1398294389718,41659047792000,171538051000001,-3.816,2.589,-35.795,0
1398294389728,41659058351000,171538051000001,-3.816,2.589,-35.795,0
1398294389738,41659068269000,171538051000001,-3.816,2.589,-35.795,0
1398294389751,41659080903000,171538051000001,-3.816,2.589,-35.795,0
1398294389755,41659085511000,171538051000001,-3.816,2.589,-35.795,0
1398294389770,41659099824000,171538051000001,-3.816,2.589,-35.795,0
1398294389776,41659105805000,171538051000001,-3.816,2.589,-35.795,0
1398294389790,41659120179000,171538051000001,-3.816,2.589,-35.795,0
1398294389795,41659124879000,171538051000001,-3.816,2.589,-35.795,0
1398294389809,41659138948000,171538051000001,-3.816,2.589,-35.795,0
1398294389819,41659148530000,171538051000001,-3.816,2.589,-35.795,0
1398294389827,41659156648000,171538051000001,-3.816,2.589,-35.795,0
1398294389839,41659168672000,171538051000001,-3.816,2.589,-35.795,0
1398294389849,41659178559000,171538051000001,-3.816,2.589,-35.795,0
1398294389859,41659188630000,171538051000001,-3.816,2.589,-35.795,0
1398294389868,41659198274000,171538051000001,-3.816,2.589,-35.795,0
1398294389879,41659208467000,171538051000001,-4.116,2.589,-35.795,0
1398294389890,41659219728000,171538051000001,-4.116,2.589,-35.795,0
1398294389898,41659227906000,171538051000001,-4.116,2.589,-35.795,0
1398294389906,41659234315000,171538051000001,-4.116,2.589,-35.795,0
1398294389918,41659244325000,171538051000001,-4.116,2.589,-35.795,0
1398294389927,41659256043000,171538051000001,-4.116,2.589,-35.795,0
1398294389935,41659264375000,171538051000001,-4.116,2.589,-35.795,0
1398294389957,41659274293000,171538051000001,-4.116,2.589,-35.795,0
1398294389959,41659284333000,171538051000001,-4.116,2.589,-35.795,0
1398294389970,41659294374000,171538051000001,-4.116,2.589,-35.795,0
1398294389974,41659304353000,171538051000001,-4.444,2.589,-35.795,0
1398294389984,41659314363000,171538051000001,-4.444,2.589,-35.795,0
1398294390000,41659324372000,171538051000001,-4.444,2.589,-35.795,0
1398294390004,41659334382000,171538051000001,-4.444,2.589,-35.795,0
1398294390014,41659344392000,171538051000001,-4.444,2.589,-35.795,0
1398294390027,41659356904000,171538051000001,-4.444,2.589,-35.795,0
1398294390040,41659369721000,171538051000001,-4.444,2.589,-35.795,0
1398294390048,41659378083000,171538051000001,-4.444,2.589,-35.795,0
1398294390060,41659390168000,171538051000001,-4.444,2.589,-35.795,0
1398294390066,41659395478000,171538051000001,-4.444,2.589,-35.795,0
1398294390076,41659406068000,171538051000001,-4.444,2.589,-35.795,0
1398294390088,41659417451000,171538051000001,-4.444,2.589,-35.795,0
1398294390096,41659426026000,171538051000001,-4.444,2.589,-35.795,0
1398294390119,41659442597000,171538051000001,-4.444,2.589,-35.795,0
1398294390122,41659451295000,171538051000001,-4.444,2.589,-35.795,0
1398294390126,41659455049000,171538051000001,-4.444,2.589,-35.795,0
1398294390137,41659467134000,171538051000001,-4.444,2.589,-35.795,0
1398294390149,41659478425000,171538051000001,-4.444,2.589,-35.795,0
1398294390159,41659488587000,171538051000001,-4.444,2.589,-35.795,0
1398294390169,41659495118000,171538051000001,-4.444,2.589,-35.795,0
1398294390181,41659505677000,171538051000001,-4.125,2.589,-35.795,0
1398294390185,41659514619000,171538051000001,-4.125,2.589,-35.795,0
1398294390198,41659525941000,171538051000001,-4.125,2.589,-35.795,0
1398294390206,41659534791000,171538051000001,-4.125,2.589,-35.795,0
1398294390220,41659544587000,171538051000001,-3.752,2.589,-35.795,0
1398294390225,41659554627000,171538051000001,-3.752,2.589,-36.122,0
1398294390235,41659564637000,171538051000001,-3.752,2.589,-36.122,0
1398294390249,41659574647000,171538051000001,-3.752,2.238,-36.122,0
1398294390255,41659584626000,171538051000001,-3.752,2.238,-36.122,0
1398294390265,41659594636000,171538051000001,-3.404,2.238,-36.122,0
1398294390278,41659606599000,171538051000001,-3.404,2.238,-36.122,0
1398294390288,41659617524000,171538051000001,-3.404,2.238,-36.122,0
1398294390295,41659624696000,171538051000001,-3.404,2.238,-36.122,0
1398294390307,41659636811000,171538051000001,-3.404,2.238,-36.122,0
1398294390315,41659644807000,171538051000001,-3.099,2.238,-36.122,0
1398294390325,41659654695000,171538051000001,-3.099,1.901,-36.122,0
1398294390335,41659664704000,171538051000001,-3.099,1.901,-36.122,0
1398294390353,41659674714000,171538051000001,-3.099,1.901,-36.122,0
1398294390355,41659684724000,171538051000001,-3.099,1.901,-36.122,0
1398294390365,41659694734000,171538051000001,-3.099,1.901,-36.122,0
1398294390375,41659704713000,171538051000001,-3.099,1.901,-36.122,0
1398294390387,41659714753000,171538051000001,-3.099,1.901,-36.122,0
1398294390395,41659724763000,171538051000001,-3.099,1.901,-36.122,0
1398294390405,41659734956000,171538051000001,-3.099,1.901,-36.122,0
1398294390421,41659745057000,171538051000001,-3.099,1.901,-36.122,0
1398294390426,41659754853000,171538051000001,-3.099,1.588,-36.122,0
1398294390438,41659767579000,171538051000001,-2.769,1.588,-36.122,0
1398294390445,41659775086000,171538051000001,-2.769,1.588,-36.122,0
1398294390456,41659786164000,171538051000001,-2.769,1.588,-36.122,0
1398294390467,41659796388000,171538051000001,-2.769,1.588,-36.122,0
1398294390478,41659806184000,171538051000001,-2.769,1.588,-36.122,0
1398294390485,41659814851000,171538051000001,-2.769,1.588,-36.122,0
1398294390497,41659825105000,171538051000001,-2.769,1.588,-36.122,0
1398294390512,41659839021000,171538051000001,-2.769,1.588,-36.122,0
1398294390525,41659844880000,171538051000001,-2.769,1.588,-36.122,0
1398294390527,41659854920000,171538051000001,-2.769,1.588,-36.122,0
1398294390535,41659864930000,171538051000001,-2.769,1.588,-36.122,0
1398294390545,41659874940000,171538051000001,-2.769,1.588,-36.122,0
1398294390560,41659884950000,171538051000001,-2.769,1.588,-36.122,0
1398294390582,41659894960000,171538051000001,-2.468,1.588,-36.122,0
1398294390584,41659904939000,171538051000001,-2.468,1.588,-36.122,0
1398294390586,41659914949000,171538051000001,-2.468,1.588,-36.122,0
1398294390595,41659924958000,171538051000001,-2.468,1.588,-36.122,0
1398294390605,41659934968000,171538051000001,-2.468,1.588,-36.122,0
1398294390615,41659944978000,171538051000001,-2.468,1.588,-36.122,0
1398294390625,41659954957000,171538051000001,-2.468,1.588,-36.122,0
1398294390635,41659964997000,171538051000001,-2.793,1.588,-36.122,0
1398294390646,41659976533000,171538051000001,-2.793,1.588,-36.122,0
1398294390655,41659985017000,171538051000001,-2.793,1.588,-36.122,0
1398294390665,41659994996000,171538051000001,-3.222,1.588,-36.122,0
1398294390675,41660005036000,171538051000001,-3.222,1.907,-36.122,0
1398294390685,41660015046000,171538051000001,-3.222,1.907,-36.122,0
1398294390695,41660025025000,171538051000001,-3.538,1.907,-36.122,0
1398294390705,41660035035000,171538051000001,-3.538,1.907,-36.122,0
1398294390715,41660045045000,171538051000001,-3.538,1.907,-36.122,0
1398294390725,41660055451000,171538051000001,-3.538,1.907,-36.122,0
1398294390735,41660065095000,171538051000001,-3.848,1.907,-36.122,0
1398294390745,41660075044000,171538051000001,-3.848,1.907,-36.122,0
1398294390755,41660085084000,171538051000001,-3.848,1.907,-36.122,0
1398294390765,41660095094000,171538051000001,-3.848,1.907,-36.122,0
1398294390775,41660105104000,171538051000001,-3.848,1.907,-36.122,0
1398294390785,41660115083000,171538051000001,-3.848,1.907,-36.122,0
1398294390796,41660125123000,171538051000001,-3.848,1.907,-36.122,0
1398294390805,41660135102000,171538051000001,-4.162,1.907,-36.122,0
1398294390815,41660145143000,171538051000001,-4.162,1.907,-36.122,0
1398294390827,41660156678000,171538051000001,-4.162,1.907,-36.122,0
1398294390835,41660165193000,171538051000001,-4.162,1.907,-36.122,0
1398294390845,41660175172000,171538051000001,-4.162,1.907,-36.122,0
1398294390858,41660185212000,171538051000001,-4.162,1.907,-36.122,0
1398294390868,41660195191000,171538051000001,-4.162,1.907,-36.122,0
1398294390877,41660205232000,171538051000001,-4.162,1.907,-36.122,0
1398294390885,41660215272000,171538051000001,-4.162,1.907,-36.122,0
1398294390895,41660225251000,171538051000001,-4.162,1.907,-36.122,0
1398294390905,41660235261000,171538051000001,-4.162,1.907,-36.122,0
1398294390915,41660245301000,171538051000001,-4.162,1.907,-36.122,0
1398294390927,41660255281000,171538051000001,-4.162,1.907,-36.122,0
1398294390935,41660265290000,171538051000001,-3.86,1.907,-36.122,0
1398294390945,41660275270000,171538051000001,-3.86,1.907,-36.122,0
1398294390955,41660285279000,171538051000001,-3.86,1.907,-36.122,0
1398294390965,41660295289000,171538051000001,-3.86,1.907,-36.122,0
1398294390975,41660305329000,171538051000001,-3.86,1.907,-36.122,0
1398294390985,41660315309000,171538051000001,-3.86,1.907,-36.122,0
1398294390995,41660325349000,171538051000001,-3.86,1.907,-36.122,0
1398294391007,41660337068000,171538051000001,-3.86,1.907,-36.122,0
1398294391015,41660345399000,171538051000001,-3.86,1.907,-36.122,0
1398294391027,41660355378000,171538051000001,-3.86,1.907,-36.122,0
1398294391038,41660367707000,171538051000001,-3.86,1.907,-36.122,0
1398294391045,41660375337000,171538051000001,-3.86,1.907,-36.122,0
1398294391055,41660385346000,171538051000001,-3.543,1.907,-36.122,0
1398294391065,41660395356000,171538051000001,-3.543,1.907,-36.122,0
1398294391075,41660405366000,171538051000001,-3.543,1.907,-36.122,0
1398294391085,41660415376000,171538051000001,-3.543,1.907,-36.122,0
1398294391095,41660425386000,171538051000001,-3.543,1.907,-36.122,0
1398294391105,41660435395000,171538051000001,-3.543,1.907,-36.122,0
1398294391115,41660445405000,171538051000001,-3.543,1.907,-36.122,0
1398294391125,41660455415000,171538051000001,-3.543,1.907,-36.122,0
1398294391135,41660465425000,171538051000001,-3.543,1.907,-36.122,0
1398294391145,41660475434000,171538051000001,-3.543,1.907,-36.122,0
1398294391155,41660485444000,171538051000001,-3.543,1.907,-36.122,0
1398294391165,41660495454000,171538051000001,-3.543,1.907,-36.122,0
1398294391179,41660508485000,171538051000001,-3.543,1.907,-36.122,0
1398294391193,41660522523000,171538051000001,-3.543,1.907,-36.122,0
1398294391197,41660527192000,171538051000001,-3.543,1.907,-36.122,0
1398294391210,41660540406000,171538051000001,-3.543,1.907,-36.122,0
1398294391218,41660548066000,171538051000001,-3.543,1.907,-36.122,0
1398294391230,41660560334000,171538051000001,-3.543,1.907,-36.122,0
1398294391239,41660568910000,171538051000001,-3.543,1.907,-36.122,0
1398294391252,41660582246000,171538051000001,-3.543,1.907,-36.122,0
1398294391257,41660587098000,171538051000001,-3.543,1.907,-36.122,0
1398294391271,41660600099000,171538051000001,-3.543,1.907,-36.122,0
1398294391276,41660605561000,171538051000001,-3.543,1.907,-36.122,0
1398294391286,41660616304000,171538051000001,-3.543,1.907,-36.122,0
1398294391296,41660625642000,171538051000001,-3.543,1.907,-36.122,0
1398294391306,41660635804000,171538051000001,-3.543,1.907,-36.122,0
1398294391316,41660645722000,171538051000001,-3.543,1.907,-36.122,0
1398294391326,41660655702000,171538051000001,-3.543,1.907,-36.122,0
1398294391344,41660666810000,171538051000001,-3.543,1.907,-36.122,0
1398294391360,41660676515000,171538051000001,-3.543,1.907,-36.122,0
1398294391362,41660685731000,171538051000001,-3.543,1.907,-36.122,0
1398294391368,41660697267000,171538051000001,-3.543,1.907,-36.122,0
1398294391380,41660705781000,171538051000001,-3.543,1.907,-36.122,0
1398294391386,41660715730000,171538051000001,-3.543,1.907,-36.122,0
1398294391397,41660726167000,171538051000001,-3.543,2.217,-36.122,0
1398294391406,41660735780000,171538051000001,-3.543,2.217,-36.122,0
1398294391416,41660745759000,171538051000001,-3.863,2.217,-36.122,0
1398294391426,41660755769000,171538051000001,-3.863,2.217,-36.122,0
1398294391436,41660765809000,171538051000001,-3.863,2.217,-36.122,0
1398294391446,41660775819000,171538051000001,-3.863,2.217,-36.122,0
1398294391456,41660786012000,171538051000001,-3.863,2.217,-36.122,0
1398294391466,41660795808000,171538051000001,-4.194,2.217,-36.122,0
1398294391476,41660805848000,171538051000001,-4.194,2.217,-36.122,0
1398294391486,41660815858000,171538051000001,-4.194,2.217,-36.122,0
1398294391500,41660825837000,171538051000001,-4.194,2.217,-36.122,0
1398294391506,41660835816000,171538051000001,-4.194,2.217,-36.122,0
1398294391516,41660845826000,171538051000001,-4.194,2.217,-36.122,0
1398294391526,41660855836000,171538051000001,-4.57,2.217,-36.122,0
1398294391536,41660865876000,171538051000001,-4.57,2.217,-36.122,0
1398294391547,41660877412000,171538051000001,-4.57,2.217,-36.122,0
1398294391556,41660885926000,171538051000001,-4.57,2.217,-36.122,0
1398294391566,41660895906000,171538051000001,-4.57,2.217,-36.122,0
1398294391580,41660905885000,171538051000001,-4.57,2.217,-36.122,0
1398294391586,41660915895000,171538051000001,-4.57,2.217,-36.122,0
1398294391596,41660925904000,171538051000001,-4.226,2.217,-36.122,0
1398294391606,41660935914000,171538051000001,-4.226,2.217,-36.122,0
1398294391616,41660945954000,171538051000001,-4.226,2.217,-36.122,0
1398294391627,41660955934000,171538051000001,-4.226,2.217,-36.122,0
1398294391641,41660970216000,171538051000001,-4.226,2.217,-36.122,0
1398294391646,41660975892000,171538051000001,-4.226,2.217,-36.122,0
1398294391656,41660985932000,171538051000001,-4.226,2.217,-36.122,0
1398294391666,41660995942000,171538051000001,-4.226,2.217,-36.122,0
1398294391676,41661005952000,171538051000001,-4.226,2.217,-36.122,0
1398294391689,41661015962000,171538051000001,-4.226,2.217,-36.122,0
1398294391702,41661026338000,171538051000001,-4.226,2.217,-36.122,0
1398294391707,41661035981000,171538051000001,-3.915,2.217,-36.122,0
1398294391716,41661045991000,171538051000001,-3.915,2.217,-36.122,0
1398294391728,41661057557000,171538051000001,-3.915,2.217,-36.122,0
1398294391736,41661066041000,171538051000001,-3.915,2.217,-36.122,0
1398294391746,41661076020000,171538051000001,-3.915,2.217,-36.122,0
1398294391757,41661086030000,171538051000001,-3.915,2.217,-36.122,0
1398294391766,41661096040000,171538051000001,-3.915,2.217,-36.122,0
1398294391777,41661106050000,171538051000001,-3.915,2.217,-36.122,0
1398294391786,41661116059000,171538051000001,-3.915,2.217,-36.122,0
1398294391796,41661126069000,171538051000001,-3.915,2.217,-36.122,0
1398294391806,41661136079000,171538051000001,-3.915,1.898,-36.122,0
1398294391816,41661146089000,171538051000001,-3.915,1.898,-36.122,0
1398294391826,41661156098000,171538051000001,-3.915,1.898,-36.122,0
1398294391836,41661166108000,171538051000001,-3.915,1.898,-36.122,0
1398294391846,41661176118000,171538051000001,-3.915,1.898,-36.122,0
1398294391857,41661186128000,171538051000001,-3.915,1.898,-36.122,0
1398294391866,41661196137000,171538051000001,-3.915,1.898,-36.122,0
1398294391876,41661206147000,171538051000001,-3.915,1.898,-36.122,0
1398294391886,41661216157000,171538051000001,-3.915,1.594,-36.122,0
1398294391896,41661226167000,171538051000001,-3.915,1.594,-36.122,0
1398294391908,41661237702000,171538051000001,-3.915,1.594,-36.122,0
1398294391916,41661246217000,171538051000001,-3.915,1.594,-36.122,0
1398294391926,41661256227000,171538051000001,-3.915,1.594,-36.122,0
1398294391936,41661266236000,171538051000001,-3.915,1.594,-36.122,0
1398294391952,41661276277000,171538051000001,-3.915,1.594,-36.122,0
1398294391961,41661286256000,171538051000001,-3.915,1.594,-36.122,0
1398294391968,41661296266000,171538051000001,-3.915,1.594,-36.122,0
1398294391976,41661306275000,171538051000001,-3.915,1.594,-36.122,0
1398294391986,41661316316000,171538051000001,-3.915,1.594,-36.122,0
1398294391996,41661326325000,171538051000001,-3.915,1.594,-36.122,0
1398294392007,41661336305000,171538051000001,-3.915,1.594,-36.122,0
1398294392016,41661346345000,171538051000001,-3.915,1.594,-36.122,0
1398294392026,41661356355000,171538051000001,-3.915,1.594,-36.122,0
1398294392036,41661366334000,171538051000001,-3.915,1.594,-36.122,0
1398294392046,41661376344000,171538051000001,-3.915,1.594,-36.122,0
1398294392056,41661386354000,171538051000001,-3.915,1.594,-36.122,0
1398294392066,41661396363000,171538051000001,-3.915,1.594,-36.122,0
1398294392076,41661406373000,171538051000001,-3.915,1.594,-36.122,0
1398294392088,41661417939000,171538051000001,-3.915,1.594,-36.122,0
1398294392096,41661426423000,171538051000001,-3.915,1.594,-36.122,0
1398294392106,41661436402000,171538051000001,-3.915,1.594,-36.122,0
1398294392116,41661446412000,171538051000001,-3.915,1.594,-36.122,0
1398294392126,41661456422000,171538051000001,-3.915,1.594,-36.122,0
1398294392136,41661466432000,171538051000001,-3.915,1.594,-36.122,0
1398294392146,41661476441000,171538051000001,-3.915,1.594,-36.122,0
1398294392156,41661486451000,171538051000001,-3.915,1.594,-36.122,0
1398294392166,41661496461000,171538051000001,-3.915,1.594,-36.122,0
1398294392176,41661506471000,171538051000001,-3.561,1.594,-36.122,0
1398294392186,41661516481000,171538051000001,-3.561,1.594,-36.122,0
1398294392196,41661526490000,171538051000001,-3.561,1.594,-36.122,0
1398294392206,41661536500000,171538051000001,-3.561,1.594,-36.122,0
1398294392216,41661546510000,171538051000001,-3.561,1.594,-36.122,0
1398294392226,41661556520000,171538051000001,-3.561,1.594,-36.122,0
1398294392236,41661566529000,171538051000001,-3.561,1.594,-36.122,0
1398294392246,41661576539000,171538051000001,-3.561,1.594,-36.122,0
1398294392261,41661591432000,171538051000001,-3.561,1.594,-36.122,0
1398294392268,41661598085000,171538051000001,-3.561,1.594,-36.122,0
1398294392277,41661606568000,171538051000001,-3.561,1.594,-36.122,0
1398294392286,41661616517000,171538051000001,-3.561,1.594,-36.122,0
1398294392296,41661626557000,171538051000001,-3.561,1.594,-36.122,0
1398294392306,41661636537000,171538051000001,-3.561,1.594,-36.122,0
1398294392316,41661646546000,171538051000001,-3.561,1.594,-36.122,0
1398294392330,41661659394000,171538051000001,-3.561,1.594,-36.122,0
1398294392344,41661673463000,171538051000001,-3.561,1.594,-36.122,0
1398294392349,41661678742000,171538051000001,-3.561,1.594,-36.122,0
1398294392363,41661692750000,171538051000001,-3.561,1.594,-36.122,0
1398294392368,41661698213000,171538051000001,-3.561,1.594,-36.122,0
1398294392383,41661712800000,171538051000001,-3.561,1.594,-36.122,0
1398294392389,41661718904000,171538051000001,-3.561,1.594,-36.122,0
1398294392403,41661732881000,171538051000001,-3.561,1.594,-36.122,0
1398294392409,41661738923000,171538051000001,-3.561,1.594,-36.122,0
1398294392423,41661753144000,171538051000001,-3.561,1.594,-36.122,0
1398294392428,41661758119000,171538051000001,-3.561,1.594,-36.122,0
1398294392443,41661772767000,171538051000001,-3.561,1.594,-36.122,0
1398294392449,41661779145000,171538051000001,-3.561,1.594,-36.122,0
1398294392459,41661786866000,171538051000001,-3.561,1.594,-36.122,0
1398294392467,41661796754000,171538051000001,-3.561,1.594,-36.122,0
1398294392477,41661806794000,171538051000001,-3.561,1.905,-36.122,0
1398294392487,41661816773000,171538051000001,-3.561,1.905,-36.122,0
1398294392497,41661826814000,171538051000001,-3.561,1.905,-36.122,0
1398294392507,41661836824000,171538051000001,-3.561,1.905,-36.122,0
1398294392517,41661846833000,171538051000001,-3.561,1.905,-36.122,0
1398294392527,41661856843000,171538051000001,-3.561,1.905,-36.122,0
1398294392540,41661866822000,171538051000001,-3.561,1.905,-36.122,0
1398294392547,41661876863000,171538051000001,-3.561,1.905,-36.122,0
1398294392574,41661886842000,171538051000001,-3.561,1.905,-36.122,0
1398294392578,41661899903000,171538051000001,-3.561,1.905,-36.122,0
1398294392584,41661906861000,171538051000001,-3.561,1.905,-36.122,0
1398294392590,41661916902000,171538051000001,-3.861,1.905,-36.122,0
1398294392598,41661926850000,171538051000001,-3.861,1.905,-36.122,0
1398294392610,41661937196000,171538051000001,-3.861,1.905,-36.122,0
1398294392618,41661946900000,171538051000001,-3.861,1.905,-36.122,0
1398294392629,41661958436000,171538051000001,-3.861,1.905,-36.122,0
1398294392643,41661966950000,171538051000001,-4.225,1.905,-36.122,0
1398294392647,41661976930000,171538051000001,-4.225,1.905,-36.122,0
1398294392657,41661986939000,171538051000001,-4.225,1.905,-36.122,0
1398294392667,41661996949000,171538051000001,-4.533,1.905,-36.122,0
1398294392677,41662006959000,171538051000001,-4.533,1.905,-36.122,0
1398294392687,41662016969000,171538051000001,-4.533,2.223,-36.122,0
1398294392697,41662026948000,171538051000001,-4.533,2.223,-36.122,0
1398294392707,41662036988000,171538051000001,-4.533,2.223,-36.122,0
1398294392717,41662046968000,171538051000001,-4.922,2.223,-36.122,0
1398294392727,41662056977000,171538051000001,-4.922,2.223,-36.122,0
1398294392737,41662067018000,171538051000001,-4.922,2.223,-36.122,0
1398294392747,41662077027000,171538051000001,-4.922,2.223,-36.122,0
1398294392757,41662087037000,171538051000001,-5.27,2.223,-36.122,0
1398294392767,41662097016000,171538051000001,-5.27,2.557,-36.122,0
1398294392783,41662107057000,171538051000001,-5.27,2.557,-36.122,0
1398294392788,41662117036000,171538051000001,-5.27,2.557,-36.122,0
1398294392797,41662127229000,171538051000001,-5.621,2.557,-35.815,0
1398294392815,41662138642000,171538051000001,-5.621,2.557,-35.815,0
1398294392817,41662147157000,171538051000001,-5.621,2.557,-35.815,0
1398294392827,41662157136000,171538051000001,-5.621,2.557,-35.815,0
1398294392838,41662167115000,171538051000001,-5.621,2.557,-35.815,0
1398294392847,41662177125000,171538051000001,-5.953,2.87,-35.815,0
1398294392857,41662187135000,171538051000001,-5.953,2.87,-35.815,0
1398294392867,41662197114000,171538051000001,-5.953,2.87,-35.815,0
1398294392877,41662207124000,171538051000001,-5.953,2.87,-35.491,0
1398294392888,41662217134000,171538051000001,-5.953,2.87,-35.491,0
1398294392898,41662227174000,171538051000001,-5.953,2.87,-35.491,0
1398294392907,41662237306000,171538051000001,-5.953,2.87,-35.491,0
1398294392917,41662247132000,171538051000001,-5.953,2.87,-35.491,0
1398294392927,41662257173000,171538051000001,-5.953,2.87,-35.491,0
1398294392938,41662267152000,171538051000001,-5.953,2.87,-35.491,0
1398294392947,41662277192000,171538051000001,-5.953,2.87,-35.491,0
1398294392957,41662287202000,171538051000001,-5.953,2.87,-35.491,0
1398294392967,41662297181000,171538051000001,-5.953,2.87,-35.491,0
1398294392977,41662307221000,171538051000001,-5.953,2.87,-35.491,0
1398294392989,41662318757000,171538051000001,-5.59,2.87,-35.491,0
1398294392997,41662327272000,171538051000001,-5.59,2.87,-35.491,0
1398294393007,41662337251000,171538051000001,-5.59,2.87,-35.491,0
1398294393017,41662347261000,171538051000001,-5.59,2.87,-35.491,0
1398294393027,41662357270000,171538051000001,-5.189,2.87,-35.491,0
1398294393038,41662367280000,171538051000001,-5.189,2.87,-35.491,0
1398294393047,41662377290000,171538051000001,-5.189,2.87,-35.491,0
1398294393057,41662387300000,171538051000001,-4.792,2.536,-35.491,0
1398294393067,41662397279000,171538051000001,-4.792,2.536,-35.491,0
1398294393077,41662407319000,171538051000001,-4.792,2.536,-35.491,0
1398294393087,41662417329000,171538051000001,-4.792,2.536,-35.491,0
1398294393097,41662427339000,171538051000001,-4.489,2.536,-35.491,0
1398294393107,41662437348000,171538051000001,-4.489,2.536,-35.491,0
1398294393117,41662447328000,171538051000001,-4.489,2.536,-35.491,0
1398294393127,41662457368000,171538051000001,-4.489,2.536,-35.491,0
1398294393142,41662467347000,171538051000001,-4.489,2.536,-35.491,0
1398294393147,41662477357000,171538051000001,-4.489,2.536,-35.491,0
1398294393158,41662487367000,171538051000001,-4.489,2.536,-35.491,0
1398294393171,41662498933000,171538051000001,-4.489,2.536,-35.491,0
1398294393182,41662511354000,171538051000001,-4.489,2.536,-35.491,0
1398294393188,41662517427000,171538051000001,-4.489,2.536,-35.491,0
1398294393198,41662527406000,171538051000001,-4.489,2.536,-35.491,0
1398294393208,41662537416000,171538051000001,-4.489,2.536,-35.491,0
1398294393220,41662547425000,171538051000001,-4.489,2.536,-35.491,0
1398294393231,41662557466000,171538051000001,-4.489,2.536,-35.491,0
1398294393238,41662567658000,171538051000001,-4.489,2.536,-35.491,0
1398294393248,41662577699000,171538051000001,-4.489,2.536,-35.491,0
1398294393258,41662587525000,171538051000001,-4.489,2.536,-35.491,0
1398294393268,41662597535000,171538051000001,-4.489,2.536,-35.491,0
1398294393278,41662607545000,171538051000001,-4.82,2.536,-35.491,0
1398294393288,41662617555000,171538051000001,-4.82,2.536,-35.491,0
1398294393297,41662627503000,171538051000001,-4.82,2.536,-35.8,0
1398294393308,41662637513000,171538051000001,-4.82,2.536,-35.8,0
1398294393319,41662647584000,171538051000001,-4.82,2.536,-35.8,0
1398294393328,41662657624000,171538051000001,-4.82,2.536,-35.8,0
1398294393338,41662667604000,171538051000001,-4.82,2.536,-35.8,0
1398294393350,41662679170000,171538051000001,-4.82,2.536,-35.8,0
1398294393358,41662687684000,171538051000001,-4.82,2.536,-35.8,0
1398294393369,41662697633000,171538051000001,-4.82,2.536,-35.8,0
1398294393378,41662707643000,171538051000001,-4.82,2.536,-35.8,0
1398294393389,41662717683000,171538051000001,-4.82,2.536,-35.8,0
1398294393398,41662727662000,171538051000001,-4.82,2.536,-35.8,0
1398294393408,41662737672000,171538051000001,-5.16,2.536,-35.8,0
1398294393420,41662747682000,171538051000001,-5.16,2.536,-35.8,0
1398294393427,41662757661000,171538051000001,-5.16,2.536,-35.8,0
1398294393437,41662767671000,171538051000001,-5.16,2.536,-35.8,0
1398294393448,41662777680000,171538051000001,-5.16,2.536,-35.8,0
1398294393458,41662787690000,171538051000001,-5.16,2.536,-35.8,0
1398294393468,41662797730000,171538051000001,-5.16,2.536,-35.8,0
1398294393484,41662807923000,171538051000001,-5.16,2.536,-35.8,0
1398294393489,41662817750000,171538051000001,-5.16,2.536,-35.8,0
1398294393498,41662827729000,171538051000001,-5.16,2.536,-35.8,0
1398294393508,41662837770000,171538051000001,-5.16,2.536,-35.8,0
1398294393518,41662847749000,171538051000001,-5.16,2.536,-35.8,0
1398294393530,41662859315000,171538051000001,-5.16,2.536,-35.8,0
1398294393538,41662867799000,171538051000001,-5.16,2.536,-35.8,0
1398294393548,41662877778000,171538051000001,-5.16,2.536,-35.8,0
1398294393558,41662887788000,171538051000001,-5.16,2.536,-35.8,0
1398294393568,41662897798000,171538051000001,-5.16,2.536,-35.8,0
1398294393578,41662907838000,171538051000001,-5.16,2.536,-35.8,0
1398294393588,41662917756000,171538051000001,-5.16,2.536,-35.8,0
1398294393598,41662927796000,171538051000001,-5.16,2.536,-35.8,0
1398294393608,41662937928000,171538051000001,-5.16,2.536,-35.8,0
1398294393619,41662947816000,171538051000001,-5.16,2.536,-35.8,0
1398294393629,41662957856000,171538051000001,-5.16,2.536,-35.8,0
1398294393638,41662967866000,171538051000001,-5.16,2.536,-35.8,0
1398294393648,41662977906000,171538051000001,-5.16,2.536,-35.8,0
1398294393658,41662987886000,171538051000001,-5.16,2.536,-35.8,0
1398294393668,41662997895000,171538051000001,-5.16,2.536,-35.8,0
1398294393678,41663007936000,171538051000001,-5.16,2.536,-35.8,0
1398294393688,41663017945000,171538051000001,-5.16,2.536,-35.8,0
1398294393698,41663028108000,171538051000001,-5.16,2.536,-35.8,0
1398294393710,41663039491000,171538051000001,-5.16,2.536,-35.8,0
1398294393718,41663048005000,171538051000001,-5.16,2.536,-35.8,0
1398294393728,41663057984000,171538051000001,-5.16,2.536,-35.8,0
1398294393740,41663067933000,171538051000001,-5.16,2.536,-35.8,0
1398294393748,41663077943000,171538051000001,-5.16,2.536,-35.8,0
1398294393758,41663087953000,171538051000001,-5.16,2.536,-35.8,0
1398294393769,41663097993000,171538051000001,-5.16,2.536,-35.8,0
1398294393778,41663107972000,171538051000001,-5.16,2.536,-35.8,0
1398294393788,41663117982000,171538051000001,-5.16,2.536,-35.8,0
1398294393799,41663127992000,171538051000001,-5.16,2.536,-35.8,0
1398294393808,41663138032000,171538051000001,-5.551,2.536,-35.8,0
1398294393819,41663148011000,171538051000001,-5.551,2.536,-35.8,0
1398294393828,41663158052000,171538051000001,-5.551,2.536,-35.8,0
1398294393838,41663168061000,171538051000001,-5.551,2.536,-35.8,0
1398294393848,41663178102000,171538051000001,-5.551,2.536,-35.8,0
1398294393858,41663188050000,171538051000001,-5.551,2.536,-35.8,0
1398294393868,41663198030000,171538051000001,-5.551,2.536,-35.8,0
1398294393878,41663208039000,171538051000001,-5.551,2.536,-35.8,0
1398294393890,41663219605000,171538051000001,-5.902,2.536,-35.8,0
1398294393898,41663228120000,171538051000001,-5.902,2.536,-35.8,0
1398294393908,41663238099000,171538051000001,-5.902,2.536,-35.8,0
1398294393919,41663248109000,171538051000001,-5.902,2.536,-35.8,0
1398294393928,41663258119000,171538051000001,-5.902,2.536,-35.8,0
1398294393938,41663268128000,171538051000001,-5.902,2.536,-35.8,0
1398294393948,41663278108000,171538051000001,-5.902,2.536,-35.8,0
1398294393958,41663288117000,171538051000001,-5.902,2.536,-35.8,0
1398294393968,41663298127000,171538051000001,-5.902,2.536,-35.8,0
1398294393978,41663308137000,171538051000001,-5.902,2.536,-35.8,0
1398294393988,41663318147000,171538051000001,-5.902,2.536,-35.8,0
1398294393998,41663328187000,171538051000001,-5.902,2.536,-35.8,0
1398294394008,41663338197000,171538051000001,-5.902,2.536,-35.8,0
1398294394018,41663348207000,171538051000001,-5.902,2.536,-35.8,0
1398294394028,41663358216000,171538051000001,-5.584,2.536,-35.8,0
1398294394038,41663368196000,171538051000001,-5.584,2.536,-35.8,0
1398294394048,41663378205000,171538051000001,-5.584,2.536,-35.8,0
1398294394058,41663388215000,171538051000001,-5.584,2.536,-35.8,0
1398294394070,41663399781000,171538051000001,-5.584,2.536,-35.8,0
1398294394078,41663408296000,171538051000001,-5.584,2.536,-35.8,0
1398294394088,41663418275000,171538051000001,-5.22,2.536,-35.8,0
1398294394105,41663432954000,171538051000001,-5.22,2.212,-35.8,0
1398294394108,41663438355000,171538051000001,-5.22,2.212,-35.8,0
1398294394119,41663448304000,171538051000001,-5.22,2.212,-35.8,0
1398294394128,41663458283000,171538051000001,-5.22,2.212,-35.8,0
1398294394140,41663468324000,171538051000001,-4.844,2.212,-35.8,0
1398294394150,41663478517000,171538051000001,-4.844,2.212,-35.8,0
1398294394158,41663488343000,171538051000001,-4.844,2.212,-35.8,0
1398294394169,41663498353000,171538051000001,-4.844,2.212,-35.8,0
1398294394179,41663508363000,171538051000001,-4.844,2.212,-35.8,0
1398294394189,41663518373000,171538051000001,-4.844,2.212,-35.8,0
1398294394198,41663528382000,171538051000001,-4.844,2.212,-35.8,0
1398294394208,41663538392000,171538051000001,-4.844,2.212,-35.8,0
1398294394218,41663548371000,171538051000001,-4.844,2.212,-35.8,0
1398294394228,41663558381000,171538051000001,-4.844,2.212,-35.8,0
1398294394238,41663568391000,171538051000001,-4.844,2.212,-35.8,0
1398294394250,41663579957000,171538051000001,-4.844,2.212,-35.8,0
1398294394258,41663588471000,171538051000001,-4.844,2.212,-35.8,0
1398294394268,41663598451000,171538051000001,-4.844,2.212,-35.8,0
1398294394278,41663608460000,171538051000001,-4.844,2.212,-35.8,0
1398294394289,41663618470000,171538051000001,-4.844,2.212,-35.8,0
1398294394298,41663628449000,171538051000001,-4.844,2.212,-35.8,0
1398294394309,41663638459000,171538051000001,-4.844,2.212,-35.8,0
1398294394322,41663648500000,171538051000001,-4.844,2.212,-35.8,0
1398294394329,41663658509000,171538051000001,-4.844,2.212,-35.8,0
1398294394339,41663668489000,171538051000001,-4.844,2.212,-35.8,0
1398294394350,41663678529000,171538051000001,-4.844,2.212,-35.499,0
1398294394363,41663688569000,171538051000001,-4.844,2.212,-35.499,0
1398294394369,41663698548000,171538051000001,-4.844,2.212,-35.499,0
1398294394378,41663708528000,171538051000001,-4.844,2.212,-35.499,0
1398294394388,41663718537000,171538051000001,-4.844,2.212,-35.499,0
1398294394400,41663728547000,171538051000001,-4.844,2.212,-35.499,0
1398294394415,41663741883000,171538051000001,-4.844,2.212,-35.499,0
1398294394419,41663748597000,171538051000001,-4.844,2.212,-35.499,0
1398294394430,41663760163000,171538051000001,-4.844,2.212,-35.499,0
1398294394439,41663768647000,171538051000001,-4.844,2.212,-35.499,0
1398294394449,41663778718000,171538051000001,-4.844,2.212,-35.499,0
1398294394458,41663788606000,171538051000001,-4.844,2.212,-35.499,0
1398294394468,41663798616000,171538051000001,-4.844,2.212,-35.499,0
1398294394478,41663808625000,171538051000001,-4.844,2.212,-35.499,0
1398294394488,41663818666000,171538051000001,-4.844,2.212,-35.499,0
1398294394499,41663828645000,171538051000001,-4.844,2.212,-35.499,0
1398294394509,41663838685000,171538051000001,-4.844,2.212,-35.499,0
1398294394519,41663848695000,171538051000001,-4.844,2.212,-35.499,0
1398294394529,41663858705000,171538051000001,-4.844,2.212,-35.499,0
1398294394539,41663868684000,171538051000001,-4.844,2.212,-35.499,0
1398294394549,41663878694000,171538051000001,-4.844,2.212,-35.499,0
1398294394559,41663888734000,171538051000001,-4.844,2.212,-35.499,0
1398294394569,41663898744000,171538051000001,-4.844,2.212,-35.499,0
1398294394579,41663908753000,171538051000001,-4.844,2.212,-35.499,0
1398294394589,41663918763000,171538051000001,-4.844,2.212,-35.499,0
1398294394599,41663928956000,171538051000001,-4.844,2.212,-35.499,0
1398294394610,41663940309000,171538051000001,-4.844,2.212,-35.499,0
1398294394619,41663948823000,171538051000001,-4.844,2.212,-35.499,0
1398294394629,41663958802000,171538051000001,-4.844,2.212,-35.499,0
1398294394639,41663968812000,171538051000001,-4.844,2.212,-35.499,0
1398294394649,41663978822000,171538051000001,-4.844,2.212,-35.499,0
1398294394659,41663988832000,171538051000001,-4.844,2.212,-35.499,0
1398294394669,41663998841000,171538051000001,-4.844,2.212,-35.499,0
1398294394679,41664008851000,171538051000001,-4.844,2.212,-35.499,0
1398294394689,41664018861000,171538051000001,-4.844,2.212,-35.499,0
1398294394699,41664028871000,171538051000001,-4.844,2.212,-35.499,0
1398294394713,41664043061000,171538051000001,-4.844,2.212,-35.499,0
1398294394719,41664048860000,171538051000001,-4.844,2.212,-35.499,0
1398294394729,41664058900000,171538051000001,-4.844,2.212,-35.499,0
1398294394739,41664068910000,171538051000001,-4.844,2.212,-35.499,0
1398294394749,41664078919000,171538051000001,-4.844,2.212,-35.499,0
1398294394759,41664088929000,171538051000001,-4.844,2.212,-35.499,0
1398294394769,41664098939000,171538051000001,-4.844,2.212,-35.499,0
1398294394779,41664108949000,171538051000001,-4.542,2.212,-35.499,0
1398294394795,41664120484000,171538051000001,-4.542,2.212,-35.499,0
1398294394800,41664130342000,171538051000001,-4.542,2.212,-35.499,0
1398294394814,41664143983000,171538051000001,-4.542,2.212,-35.499,0
1398294394820,41664149018000,171538051000001,-4.542,1.885,-35.499,0
1398294394829,41664159028000,171538051000001,-4.542,1.885,-35.499,0
1398294394840,41664169038000,171538051000001,-4.542,1.885,-35.499,0
1398294394850,41664179414000,171538051000001,-4.542,1.885,-35.499,0
1398294394859,41664189057000,171538051000001,-4.225,1.885,-35.499,0
1398294394871,41664199067000,171538051000001,-4.225,1.885,-35.499,0
1398294394879,41664209046000,171538051000001,-4.225,1.885,-35.848,0
1398294394890,41664219056000,171538051000001,-4.225,1.885,-35.848,0
1398294394902,41664229096000,171538051000001,-4.225,1.885,-35.848,0
1398294394910,41664239106000,171538051000001,-3.897,1.885,-35.848,0
1398294394922,41664249116000,171538051000001,-3.897,1.568,-35.848,0
1398294394933,41664260835000,171538051000001,-3.897,1.568,-35.848,0
1398294394942,41664271211000,171538051000001,-3.897,1.568,-35.848,0
1398294394951,41664281251000,171538051000001,-3.897,1.568,-35.848,0
1398294394961,41664290895000,171538051000001,-3.897,1.568,-35.848,0
1398294394973,41664300721000,171538051000001,-3.533,1.568,-35.848,0
1398294394981,41664311341000,171538051000001,-3.533,1.568,-35.848,0
1398294394994,41664319184000,171538051000001,-3.533,1.568,-35.848,0
1398294394999,41664329225000,171538051000001,-3.533,1.568,-35.848,0
1398294395009,41664339204000,171538051000001,-3.533,1.22,-35.848,0
1398294395019,41664349183000,171538051000001,-3.533,1.22,-35.848,0
1398294395030,41664359223000,171538051000001,-3.533,1.22,-35.848,0
1398294395039,41664369233000,171538051000001,-3.533,1.22,-35.848,0
1398294395050,41664379426000,171538051000001,-3.533,1.22,-35.848,0
1398294395059,41664389253000,171538051000001,-3.533,1.22,-35.848,0
1398294395069,41664399232000,171538051000001,-3.533,1.22,-35.848,0
1398294395080,41664409272000,171538051000001,-3.533,1.22,-35.848,0
1398294395090,41664419251000,171538051000001,-3.533,1.22,-35.848,0
1398294395099,41664429261000,171538051000001,-3.533,1.22,-35.848,0
1398294395109,41664439241000,171538051000001,-3.533,1.22,-35.848,0
1398294395119,41664449250000,171538051000001,-3.533,1.22,-35.848,0
1398294395129,41664459260000,171538051000001,-3.533,0.914,-35.848,0
1398294395140,41664469300000,171538051000001,-3.533,0.914,-35.848,0
1398294395151,41664480836000,171538051000001,-3.533,0.914,-35.848,0
1398294395159,41664489320000,171538051000001,-3.533,0.914,-35.848,0
1398294395169,41664499299000,171538051000001,-3.533,0.914,-35.848,0
1398294395179,41664509309000,171538051000001,-3.222,0.914,-35.848,0
1398294395190,41664519349000,171538051000001,-3.222,0.914,-35.848,0
1398294395200,41664529420000,171538051000001,-3.222,0.914,-35.848,0
1398294395209,41664539369000,171538051000001,-3.222,0.914,-35.848,0
1398294395219,41664549409000,171538051000001,-3.222,0.914,-35.848,0
1398294395229,41664559388000,171538051000001,-3.222,0.914,-35.848,0
1398294395245,41664569428000,171538051000001,-3.222,0.914,-35.848,0
1398294395253,41664579438000,171538051000001,-3.222,0.914,-35.848,0
1398294395260,41664589479000,171538051000001,-3.222,0.914,-35.848,0
1398294395270,41664599458000,171538051000001,-3.222,0.914,-35.848,0
1398294395279,41664609437000,171538051000001,-3.222,0.914,-35.848,0
1398294395289,41664619447000,171538051000001,-3.222,0.914,-35.848,0
1398294395299,41664629457000,171538051000001,-3.222,0.914,-35.848,0
1398294395309,41664639466000,171538051000001,-3.222,0.914,-35.848,0
1398294395320,41664649507000,171538051000001,-3.222,0.914,-35.848,0
1398294395334,41664664094000,171538051000001,-3.222,0.914,-35.848,0
1398294395340,41664669465000,171538051000001,-3.222,0.914,-35.848,0
1398294395350,41664679475000,171538051000001,-3.222,0.914,-35.848,0
1398294395359,41664689485000,171538051000001,-3.222,0.914,-35.848,0
1398294395370,41664699494000,171538051000001,-3.222,0.914,-35.848,0
1398294395379,41664709535000,171538051000001,-3.222,0.914,-35.848,0
1398294395390,41664719514000,171538051000001,-3.222,0.914,-35.848,0
1398294395400,41664729524000,171538051000001,-3.222,0.914,-35.848,0
1398294395409,41664739533000,171538051000001,-3.222,0.914,-35.848,0
1398294395420,41664749543000,171538051000001,-3.222,0.914,-35.848,0
1398294395429,41664759553000,171538051000001,-3.222,0.914,-35.848,0
1398294395440,41664769593000,171538051000001,-3.222,0.914,-35.848,0
1398294395450,41664779603000,171538051000001,-3.222,0.914,-35.848,0
1398294395460,41664789643000,171538051000001,-3.222,0.914,-35.848,0
1398294395470,41664799623000,171538051000001,-3.559,0.914,-35.848,0
1398294395480,41664809632000,171538051000001,-3.559,0.914,-35.848,0
1398294395490,41664819673000,171538051000001,-3.559,0.914,-35.848,0
1398294395504,41664829682000,171538051000001,-3.559,0.914,-35.848,0
1398294395513,41664841249000,171538051000001,-3.881,0.914,-35.848,0
1398294395520,41664849732000,171538051000001,-3.881,0.914,-35.848,0
1398294395531,41664859681000,171538051000001,-3.881,0.914,-35.848,0
1398294395540,41664869691000,171538051000001,-3.881,0.914,-35.848,0
1398294395550,41664879701000,171538051000001,-3.881,0.914,-35.848,0
1398294395559,41664889710000,171538051000001,-3.881,0.914,-35.848,0
1398294395571,41664899751000,171538051000001,-3.881,0.914,-35.848,0
1398294395584,41664909761000,171538051000001,-4.209,1.242,-35.848,0
1398294395591,41664919770000,171538051000001,-4.209,1.242,-35.848,0
1398294395600,41664929750000,171538051000001,-4.209,1.242,-35.848,0
1398294395610,41664939759000,171538051000001,-4.209,1.242,-35.848,0
1398294395620,41664949769000,171538051000001,-4.209,1.242,-35.848,0
1398294395630,41664959779000,171538051000001,-4.524,1.242,-35.848,0
1398294395640,41664969789000,171538051000001,-4.524,1.242,-35.848,0
1398294395650,41664979798000,171538051000001,-4.524,1.242,-35.848,0
1398294395660,41664989778000,171538051000001,-4.524,1.591,-35.519,0
1398294395670,41664999787000,171538051000001,-4.524,1.591,-35.519,0
1398294395680,41665009797000,171538051000001,-4.876,1.591,-35.519,0
1398294395691,41665021363000,171538051000001,-4.876,1.591,-35.519,0
1398294395700,41665029847000,171538051000001,-4.876,1.591,-35.519,0
1398294395710,41665039826000,171538051000001,-4.876,1.591,-35.519,0
1398294395720,41665049836000,171538051000001,-4.876,1.591,-35.519,0
1398294395730,41665059846000,171538051000001,-4.876,1.591,-35.519,0
1398294395740,41665069856000,171538051000001,-4.876,1.591,-35.519,0
1398294395750,41665079866000,171538051000001,-4.876,1.591,-35.519,0
1398294395760,41665089875000,171538051000001,-4.876,1.591,-35.519,0
1398294395770,41665099885000,171538051000001,-4.876,1.591,-35.519,0
1398294395780,41665109895000,171538051000001,-4.566,1.591,-35.519,0
1398294395790,41665119905000,171538051000001,-4.566,1.591,-35.519,0
1398294395800,41665129914000,171538051000001,-4.566,1.591,-35.519,0
1398294395810,41665139924000,171538051000001,-4.566,1.591,-35.519,0
1398294395820,41665149934000,171538051000001,-4.566,1.591,-35.519,0
1398294395830,41665159944000,171538051000001,-4.566,1.591,-35.519,0
1398294395840,41665169984000,171538051000001,-4.566,1.591,-35.519,0
1398294395851,41665179963000,171538051000001,-4.216,1.591,-35.519,0
1398294395860,41665189973000,171538051000001,-4.216,1.591,-35.519,0
1398294395871,41665201509000,171538051000001,-4.216,1.591,-35.519,0
1398294395880,41665210053000,171538051000001,-4.216,1.591,-35.519,0
1398294395890,41665219972000,171538051000001,-4.216,1.591,-35.519,0
1398294395900,41665229981000,171538051000001,-3.881,1.591,-35.519,0
1398294395910,41665240022000,171538051000001,-3.881,1.591,-35.519,0
1398294395920,41665250093000,171538051000001,-3.881,1.591,-35.519,0
1398294395934,41665260072000,171538051000001,-3.881,1.591,-35.519,0
1398294395946,41665270234000,171538051000001,-3.881,1.591,-35.519,0
1398294395950,41665280061000,171538051000001,-3.881,1.591,-35.519,0
1398294395960,41665290071000,171538051000001,-3.881,1.591,-35.519,0
1398294395971,41665300111000,171538051000001,-3.881,1.591,-35.519,0
1398294395980,41665310090000,171538051000001,-3.881,1.591,-35.519,0
1398294395990,41665320069000,171538051000001,-3.881,1.591,-35.519,0
1398294396000,41665330110000,171538051000001,-3.881,1.591,-35.519,0
1398294396010,41665340119000,171538051000001,-3.881,1.591,-35.519,0
1398294396020,41665350221000,171538051000001,-3.881,1.591,-35.519,0
1398294396030,41665360139000,171538051000001,-3.881,1.591,-35.519,0
1398294396041,41665370118000,171538051000001,-3.881,1.591,-35.842,0
1398294396052,41665381745000,171538051000001,-3.881,1.591,-35.842,0
1398294396060,41665390229000,171538051000001,-3.881,1.591,-35.842,0
1398294396070,41665400239000,171538051000001,-3.881,1.263,-35.842,0
1398294396080,41665410218000,171538051000001,-3.881,1.263,-35.842,0
1398294396091,41665420259000,171538051000001,-3.881,1.263,-35.842,0
1398294396100,41665430268000,171538051000001,-3.881,1.263,-35.842,0
1398294396110,41665440248000,171538051000001,-3.881,1.263,-35.842,0
1398294396120,41665450257000,171538051000001,-3.881,1.263,-35.842,0
1398294396133,41665460298000,171538051000001,-3.881,0.901,-35.842,0
1398294396141,41665470307000,171538051000001,-4.214,0.901,-35.842,0
1398294396151,41665480866000,171538051000001,-4.214,0.901,-35.842,0
1398294396160,41665490296000,171538051000001,-4.214,0.901,-35.842,0
1398294396171,41665500306000,171538051000001,-4.214,0.529,-35.842,0
1398294396181,41665510346000,171538051000001,-4.214,0.529,-35.842,0
1398294396190,41665520326000,171538051000001,-4.586,0.529,-35.527,0
1398294396200,41665530335000,171538051000001,-4.586,0.213,-35.527,0
1398294396210,41665540345000,171538051000001,-4.586,0.213,-35.527,0
1398294396220,41665550324000,171538051000001,-4.586,0.213,-35.527,0
1398294396232,41665561921000,171538051000001,-4.586,0.213,-35.527,0
1398294396240,41665570405000,171538051000001,-4.954,-0.099,-35.527,0
1398294396256,41665585328000,171538051000001,-4.954,-0.099,-35.527,0
1398294396260,41665590333000,171538051000001,-4.954,-0.099,-35.527,0
1398294396272,41665600404000,171538051000001,-4.954,-0.099,-35.527,0
1398294396282,41665610383000,171538051000001,-4.954,-0.099,-35.527,0
1398294396290,41665620393000,171538051000001,-5.287,-0.099,-35.168,0
1398294396300,41665630403000,171538051000001,-5.287,-0.099,-35.168,0
1398294396311,41665640412000,171538051000001,-5.287,-0.099,-35.168,0
1398294396320,41665650422000,171538051000001,-5.287,-0.099,-35.168,0
1398294396330,41665660432000,171538051000001,-5.287,-0.099,-35.168,0
1398294396340,41665670411000,171538051000001,-5.287,-0.099,-35.168,0
1398294396350,41665680451000,171538051000001,-5.287,-0.099,-35.168,0
1398294396362,41665690461000,171538051000001,-5.287,-0.099,-35.168,0
1398294396370,41665700471000,171538051000001,-5.287,-0.099,-35.168,0
1398294396381,41665710542000,171538051000001,-5.287,-0.099,-35.168,0
1398294396391,41665720491000,171538051000001,-5.287,-0.099,-35.168,0
1398294396401,41665730500000,171538051000001,-5.287,0.256,-35.168,0
1398294396413,41665742066000,171538051000001,-5.287,0.256,-35.168,0
1398294396421,41665750581000,171538051000001,-5.287,0.256,-35.168,0
1398294396431,41665760530000,171538051000001,-5.287,0.256,-35.168,0
1398294396441,41665770539000,171538051000001,-5.287,0.605,-35.168,0
1398294396451,41665780549000,171538051000001,-5.287,0.605,-35.168,0
1398294396461,41665790559000,171538051000001,-5.287,0.605,-35.168,0
1398294396471,41665800569000,171538051000001,-5.287,0.605,-35.168,0
1398294396481,41665810548000,171538051000001,-5.287,0.605,-35.168,0
1398294396491,41665820588000,171538051000001,-5.287,0.968,-35.168,0
1398294396501,41665830598000,171538051000001,-4.962,0.968,-35.168,0
1398294396511,41665840608000,171538051000001,-4.962,0.968,-35.168,0
1398294396521,41665850617000,171538051000001,-4.962,0.968,-35.168,0
1398294396531,41665860627000,171538051000001,-4.962,0.968,-35.168,0
1398294396541,41665870637000,171538051000001,-4.962,0.968,-35.168,0
1398294396551,41665880647000,171538051000001,-4.962,0.968,-35.168,0
1398294396563,41665890657000,171538051000001,-4.962,0.968,-35.168,0
1398294396572,41665900666000,171538051000001,-4.962,0.968,-35.168,0
1398294396586,41665910737000,171538051000001,-4.962,0.968,-35.168,0
1398294396592,41665922212000,171538051000001,-4.962,0.968,-35.168,0
1398294396601,41665930726000,171538051000001,-4.962,0.968,-35.168,0
1398294396612,41665940675000,171538051000001,-4.962,0.968,-35.168,0
1398294396622,41665950715000,171538051000001,-4.962,0.968,-35.168,0
1398294396631,41665960725000,171538051000001,-4.962,0.968,-35.168,0
1398294396641,41665970704000,171538051000001,-4.962,0.968,-35.168,0
1398294396651,41665980744000,171538051000001,-4.962,0.968,-35.168,0
1398294396661,41665990724000,171538051000001,-4.962,0.968,-35.168,0
1398294396671,41666000733000,171538051000001,-4.962,0.968,-35.168,0
1398294396681,41666010774000,171538051000001,-4.962,0.968,-35.168,0
1398294396691,41666020783000,171538051000001,-4.962,0.968,-35.168,0
1398294396701,41666030793000,171538051000001,-4.962,0.968,-35.168,0
1398294396711,41666040772000,171538051000001,-4.962,0.968,-35.168,0
1398294396721,41666050782000,171538051000001,-4.962,0.968,-35.168,0
1398294396731,41666060792000,171538051000001,-4.962,0.968,-35.168,0
1398294396741,41666070802000,171538051000001,-4.962,0.968,-35.168,0
1398294396751,41666080842000,171538051000001,-4.962,0.968,-35.168,0
1398294396761,41666090852000,171538051000001,-4.962,0.968,-35.168,0
1398294396773,41666102418000,171538051000001,-4.962,0.968,-35.168,0
1398294396781,41666110902000,171538051000001,-4.962,0.968,-35.168,0
1398294396791,41666120881000,171538051000001,-4.962,0.968,-35.168,0
1398294396801,41666130891000,171538051000001,-4.962,0.968,-35.168,0
1398294396811,41666140901000,171538051000001,-4.962,0.968,-35.168,0
1398294396821,41666150910000,171538051000001,-4.962,1.327,-35.168,0
1398294396831,41666161073000,171538051000001,-4.962,1.327,-35.168,0
1398294396841,41666170899000,171538051000001,-4.962,1.327,-35.168,0
1398294396851,41666180909000,171538051000001,-4.962,1.327,-35.168,0
1398294396864,41666194490000,171538051000001,-4.962,1.327,-35.168,0
1398294396871,41666200959000,171538051000001,-4.962,1.327,-35.168,0
1398294396881,41666210969000,171538051000001,-4.962,1.327,-35.168,0
1398294396891,41666220979000,171538051000001,-4.962,1.327,-35.168,0
1398294396901,41666230958000,171538051000001,-4.962,1.327,-35.168,0
1398294396911,41666240968000,171538051000001,-4.962,1.327,-35.168,0
1398294396921,41666251008000,171538051000001,-4.962,1.327,-35.168,0
1398294396931,41666260987000,171538051000001,-4.962,1.327,-35.168,0
1398294396941,41666270997000,171538051000001,-4.962,1.327,-35.168,0
1398294396955,41666282594000,171538051000001,-4.962,1.327,-35.168,0
1398294396964,41666294129000,171538051000001,-4.962,1.327,-35.168,0
1398294396975,41666305085000,171538051000001,-4.962,1.327,-35.168,0
1398294396984,41666313996000,171538051000001,-4.621,1.327,-35.168,0
1398294396995,41666324586000,171538051000001,-4.621,1.327,-35.476,0
1398294397005,41666334840000,171538051000001,-4.621,1.327,-35.476,0
1398294397012,41666341767000,171538051000001,-4.621,1.327,-35.476,0
1398294397025,41666354676000,171538051000001,-4.621,1.327,-35.476,0
1398294397035,41666364656000,171538051000001,-4.255,1.327,-35.476,0
1398294397045,41666374787000,171538051000001,-4.255,1.022,-35.476,0
1398294397054,41666383943000,171538051000001,-4.255,1.022,-35.476,0
1398294397065,41666394624000,171538051000001,-3.941,1.022,-35.476,0
1398294397073,41666403291000,171538051000001,-3.941,1.022,-35.476,0
1398294397081,41666411225000,171538051000001,-3.941,1.022,-35.476,0
1398294397093,41666421205000,171538051000001,-3.941,1.022,-35.476,0
1398294397101,41666431214000,171538051000001,-3.941,0.674,-35.476,0
1398294397111,41666441224000,171538051000001,-3.561,0.674,-35.476,0
1398294397121,41666451234000,171538051000001,-3.561,0.674,-35.476,0
1398294397133,41666462800000,171538051000001,-3.561,0.674,-35.476,0
1398294397141,41666471314000,171538051000001,-3.181,0.674,-35.476,0
1398294397151,41666481263000,171538051000001,-3.181,0.306,-35.476,0
1398294397164,41666491395000,171538051000001,-3.181,0.306,-35.476,0
1398294397171,41666501283000,171538051000001,-2.815,0.306,-35.476,0
1398294397183,41666511659000,171538051000001,-2.815,0.306,-35.476,0
1398294397198,41666523103000,171538051000001,-2.815,0.306,-35.476,0
1398294397202,41666531739000,171538051000001,-2.479,0.306,-35.476,0
1398294397220,41666541291000,171538051000001,-2.479,0.306,-35.476,0
1398294397230,41666551332000,171538051000001,-2.479,-0.028,-35.476,0
1398294397233,41666561341000,171538051000001,-2.479,-0.028,-35.476,0
1398294397246,41666571382000,171538051000001,-2.479,-0.028,-35.476,0
1398294397253,41666583009000,171538051000001,-2.479,-0.028,-35.781,0
1398294397263,41666593110000,171538051000001,-2.479,-0.028,-35.781,0
1398294397277,41666601411000,171538051000001,-2.479,-0.028,-35.781,0
1398294397283,41666612855000,171538051000001,-2.153,-0.028,-35.781,0
1398294397297,41666622926000,171538051000001,-2.153,-0.028,-35.781,0
1398294397310,41666631471000,171538051000001,-2.153,-0.028,-35.781,0
1398294397313,41666642976000,171538051000001,-2.153,-0.028,-35.781,0
1398294397321,41666651460000,171538051000001,-2.153,-0.028,-35.781,0
1398294397331,41666661439000,171538051000001,-2.153,-0.028,-35.781,0
1398294397343,41666671449000,171538051000001,-2.153,-0.028,-35.781,0
1398294397351,41666681459000,171538051000001,-2.153,-0.028,-35.781,0
1398294397362,41666691468000,171538051000001,-2.153,-0.028,-35.781,0
1398294397372,41666701509000,171538051000001,-2.153,0.305,-35.781,0
1398294397382,41666711518000,171538051000001,-2.153,0.305,-35.781,0
1398294397393,41666722444000,171538051000001,-2.153,0.305,-35.781,0
1398294397408,41666737336000,171538051000001,-2.153,0.305,-35.781,0
1398294397412,41666742219000,171538051000001,-2.153,0.305,-35.781,0
1398294397427,41666757447000,171538051000001,-2.153,0.305,-35.781,0
1398294397434,41666764375000,171538051000001,-2.153,0.305,-35.781,0
1398294397450,41666779634000,171538051000001,-2.153,0.305,-35.781,0
1398294397452,41666781648000,171538051000001,-2.153,0.305,-35.781,0
1398294397464,41666792756000,171538051000001,-2.153,0.305,-35.781,0
1398294397497,41666804383000,171538051000001,-2.153,0.305,-35.781,0
1398294397499,41666815461000,171538051000001,-2.153,0.305,-35.781,0
1398294397503,41666823823000,171538051000001,-2.522,0.305,-35.781,0
1398294397504,41666831636000,171538051000001,-2.522,0.624,-35.781,0
1398294397516,41666841615000,171538051000001,-2.522,0.624,-35.781,0
1398294397528,41666853059000,171538051000001,-2.85,0.624,-35.781,0
1398294397532,41666861665000,171538051000001,-2.85,0.624,-35.781,0
1398294397546,41666872468000,171538051000001,-2.85,0.624,-35.781,0
1398294397552,41666882325000,171538051000001,-3.199,0.624,-35.781,0
1398294397562,41666891633000,171538051000001,-3.199,0.624,-35.781,0
1398294397572,41666902131000,171538051000001,-3.199,0.624,-35.781,0
1398294397588,41666911714000,171538051000001,-3.569,0.624,-35.781,0
1398294397592,41666921693000,171538051000001,-3.569,0.946,-35.781,0
1398294397602,41666931703000,171538051000001,-3.915,0.946,-35.781,0
1398294397612,41666941682000,171538051000001,-3.915,0.946,-35.781,0
1398294397622,41666951692000,171538051000001,-3.915,0.946,-35.781,0
1398294397632,41666961701000,171538051000001,-4.304,0.946,-35.781,0
1398294397644,41666971742000,171538051000001,-4.304,0.946,-35.781,0
1398294397652,41666981721000,171538051000001,-4.304,0.946,-35.781,0
1398294397662,41666991731000,171538051000001,-4.304,1.266,-35.781,0
1398294397673,41667003297000,171538051000001,-4.689,1.266,-35.781,0
1398294397682,41667012574000,171538051000001,-4.689,1.266,-35.781,0
1398294397695,41667025422000,171538051000001,-4.689,1.266,-35.781,0
1398294397707,41667037263000,171538051000001,-4.689,1.266,-35.781,0
1398294397715,41667045564000,171538051000001,-4.689,1.266,-35.781,0
1398294397727,41667057313000,171538051000001,-5.004,1.266,-35.473,0
1398294397735,41667065583000,171538051000001,-5.004,1.266,-35.473,0
1398294397747,41667077394000,171538051000001,-5.004,1.266,-35.473,0
1398294397754,41667084504000,171538051000001,-5.004,1.266,-35.473,0
1398294397768,41667098085000,171538051000001,-5.004,1.266,-35.473,0
1398294397796,41667101838000,171538051000001,-5.004,1.266,-35.473,0
1398294397797,41667111848000,171538051000001,-5.004,1.58,-35.473,0
1398294397800,41667122102000,171538051000001,-5.004,1.58,-35.473,0
1398294397803,41667132478000,171538051000001,-5.004,1.58,-35.473,0
1398294397815,41667144441000,171538051000001,-5.004,1.58,-35.473,0
1398294397823,41667151948000,171538051000001,-5.004,1.58,-35.473,0
1398294397834,41667161927000,171538051000001,-5.004,1.58,-35.473,0
1398294397854,41667172334000,171538051000001,-5.004,1.58,-35.473,0
1398294397860,41667183778000,171538051000001,-5.331,1.58,-35.473,0
1398294397863,41667191987000,171538051000001,-5.331,1.58,-35.473,0
1398294397881,41667201936000,171538051000001,-5.331,1.58,-35.473,0
1398294397887,41667211976000,171538051000001,-5.331,1.58,-35.473,0
1398294397892,41667221986000,171538051000001,-5.331,1.879,-35.473,0
1398294397902,41667232148000,171538051000001,-5.331,1.879,-35.473,0
1398294397913,41667241975000,171538051000001,-5.731,1.879,-35.473,0
1398294397923,41667252015000,171538051000001,-5.731,1.879,-35.473,0
1398294397932,41667261994000,171538051000001,-5.731,1.879,-35.473,0
1398294397942,41667272004000,171538051000001,-6.057,1.879,-35.473,0
1398294397952,41667282441000,171538051000001,-6.057,1.879,-35.473,0
1398294397962,41667291993000,171538051000001,-6.057,1.879,-35.473,0
1398294397972,41667302033000,171538051000001,-6.427,2.182,-35.473,0
1398294397982,41667312043000,171538051000001,-6.427,2.182,-35.473,0
1398294397992,41667322084000,171538051000001,-6.427,2.182,-35.473,0
1398294398002,41667332063000,171538051000001,-6.427,2.182,-35.473,0
1398294398012,41667342103000,171538051000001,-6.427,2.182,-35.148,0
1398294398022,41667352082000,171538051000001,-6.427,2.182,-35.148,0
1398294398034,41667363648000,171538051000001,-6.729,2.182,-35.148,0
1398294398042,41667372163000,171538051000001,-6.729,2.182,-35.148,0
1398294398052,41667382112000,171538051000001,-6.729,2.182,-35.148,0
1398294398062,41667392121000,171538051000001,-6.729,2.182,-35.148,0
1398294398074,41667402162000,171538051000001,-6.729,2.182,-35.148,0
1398294398083,41667412293000,171538051000001,-6.729,2.182,-35.148,0
1398294398098,41667426576000,171538051000001,-6.729,2.182,-35.148,0
1398294398102,41667432130000,171538051000001,-6.729,2.182,-35.148,0
1398294398112,41667442140000,171538051000001,-6.729,2.182,-35.148,0
1398294398124,41667452149000,171538051000001,-6.729,2.182,-35.148,0
1398294398132,41667462159000,171538051000001,-6.729,2.182,-35.148,0
1398294398144,41667472169000,171538051000001,-6.729,2.182,-35.148,0
1398294398152,41667482179000,171538051000001,-6.378,2.182,-35.148,0
1398294398162,41667492219000,171538051000001,-6.378,2.182,-35.148,0
1398294398174,41667502412000,171538051000001,-6.378,2.182,-35.148,0
1398294398183,41667512544000,171538051000001,-6.072,2.182,-35.473,0
1398294398192,41667522218000,171538051000001,-6.072,2.182,-35.473,0
1398294398202,41667532228000,171538051000001,-6.072,2.182,-35.473,0
1398294398214,41667543794000,171538051000001,-6.072,2.182,-35.473,0
1398294398225,41667552308000,171538051000001,-5.694,2.182,-35.473,0
1398294398232,41667562287000,171538051000001,-5.694,2.182,-35.473,0
1398294398244,41667572297000,171538051000001,-5.694,2.182,-35.473,0
1398294398253,41667582307000,171538051000001,-5.694,2.182,-35.473,0
1398294398263,41667592347000,171538051000001,-5.694,2.508,-35.473,0
1398294398275,41667602326000,171538051000001,-5.694,2.508,-35.473,0
1398294398283,41667612367000,171538051000001,-5.335,2.508,-35.473,0
1398294398292,41667622346000,171538051000001,-5.335,2.508,-35.473,0
1398294398302,41667632356000,171538051000001,-5.335,2.508,-35.473,0
1398294398312,41667642366000,171538051000001,-5.335,2.508,-35.473,0
1398294398323,41667652375000,171538051000001,-5.335,2.508,-35.473,0
1398294398332,41667662416000,171538051000001,-5.032,2.508,-35.473,0
1398294398342,41667672395000,171538051000001,-5.032,2.508,-35.473,0
1398294398353,41667682435000,171538051000001,-5.032,2.508,-35.473,0
1398294398365,41667692414000,171538051000001,-5.032,2.508,-35.473,0
1398294398373,41667702455000,171538051000001,-5.032,2.508,-35.473,0
1398294398383,41667712403000,171538051000001,-5.032,2.508,-35.473,0
1398294398394,41667724000000,171538051000001,-5.032,2.508,-35.473,0
1398294398402,41667732484000,171538051000001,-5.032,2.508,-35.473,0
1398294398412,41667742433000,171538051000001,-5.032,2.508,-35.473,0
1398294398423,41667752473000,171538051000001,-5.032,2.508,-35.473,0
1398294398433,41667762513000,171538051000001,-5.032,2.508,-35.473,0
1398294398443,41667772523000,171538051000001,-5.032,2.508,-35.473,0
1398294398452,41667782502000,171538051000001,-5.032,2.508,-35.473,0
1398294398463,41667792787000,171538051000001,-4.713,2.508,-35.473,0
1398294398474,41667802522000,171538051000001,-4.713,2.508,-35.473,0
1398294398483,41667812532000,171538051000001,-4.713,2.508,-35.473,0
1398294398493,41667822511000,171538051000001,-4.713,2.508,-35.473,0
1398294398503,41667832490000,171538051000001,-4.713,2.508,-35.473,0
1398294398513,41667842500000,171538051000001,-4.713,2.508,-35.473,0
1398294398523,41667852571000,171538051000001,-4.713,2.508,-35.777,0
1398294398532,41667862580000,171538051000001,-4.713,2.508,-35.777,0
1398294398543,41667872560000,171538051000001,-4.713,2.508,-35.777,0
1398294398553,41667882630000,171538051000001,-4.713,2.508,-35.777,0
1398294398566,41667892640000,171538051000001,-4.713,2.508,-35.777,0
1398294398574,41667904176000,171538051000001,-4.713,2.508,-35.777,0
1398294398583,41667912660000,171538051000001,-4.713,2.508,-35.777,0
1398294398593,41667922639000,171538051000001,-4.713,2.508,-35.777,0
1398294398603,41667932649000,171538051000001,-4.713,2.508,-35.777,0
1398294398613,41667942658000,171538051000001,-4.713,2.508,-35.777,0
1398294398623,41667952851000,171538051000001,-4.713,2.508,-35.777,0
1398294398633,41667962678000,171538051000001,-4.713,2.508,-35.777,0
1398294398643,41667972688000,171538051000001,-4.713,2.508,-35.777,0
1398294398652,41667982667000,171538051000001,-4.713,2.508,-35.777,0
1398294398663,41667992890000,171538051000001,-4.713,2.508,-35.777,0
1398294398673,41668002717000,171538051000001,-4.713,2.508,-35.777,0
1398294398686,41668012757000,171538051000001,-4.713,2.508,-35.777,0
1398294398698,41668022737000,171538051000001,-4.713,2.508,-35.777,0
1398294398703,41668032746000,171538051000001,-5.033,2.508,-35.777,0
1398294398713,41668042756000,171538051000001,-5.033,2.508,-35.777,0
1398294398723,41668052766000,171538051000001,-5.033,2.508,-35.455,0
1398294398733,41668062745000,171538051000001,-5.033,2.508,-35.455,0
1398294398743,41668072816000,171538051000001,-5.033,2.508,-35.455,0
1398294398757,41668084382000,171538051000001,-5.033,2.508,-35.455,0
1398294398763,41668092866000,171538051000001,-5.033,2.508,-35.455,0
1398294398773,41668102845000,171538051000001,-5.033,2.508,-35.455,0
1398294398783,41668112824000,171538051000001,-5.033,2.508,-35.455,0
1398294398793,41668122804000,171538051000001,-5.033,2.508,-35.455,0
1398294398803,41668132875000,171538051000001,-5.033,2.508,-35.455,0
1398294398813,41668142823000,171538051000001,-5.033,2.508,-35.455,0
1398294398823,41668152864000,171538051000001,-5.033,2.508,-35.455,0
1398294398833,41668162873000,171538051000001,-5.033,2.508,-35.455,0
1398294398843,41668172883000,171538051000001,-5.033,2.508,-35.455,0
1398294398853,41668182893000,171538051000001,-5.033,2.508,-35.455,0
1398294398863,41668192903000,171538051000001,-5.354,2.508,-35.455,0
1398294398873,41668202912000,171538051000001,-5.354,2.508,-35.455,0
1398294398883,41668212922000,171538051000001,-5.354,2.508,-35.455,0
1398294398893,41668222932000,171538051000001,-5.354,2.508,-35.455,0
1398294398903,41668232881000,171538051000001,-5.354,2.508,-35.455,0
1398294398913,41668242890000,171538051000001,-5.354,2.508,-35.455,0
1398294398923,41668252900000,171538051000001,-5.354,2.827,-35.455,0
1398294398934,41668264466000,171538051000001,-5.354,2.827,-35.455,0
1398294398943,41668272950000,171538051000001,-5.354,2.827,-35.455,0
1398294398956,41668282929000,171538051000001,-5.354,2.827,-35.455,0
1398294398963,41668292939000,171538051000001,-5.354,2.827,-35.455,0
1398294398973,41668302980000,171538051000001,-5.354,2.827,-35.455,0
1398294398983,41668312959000,171538051000001,-5.354,2.827,-35.455,0
1398294398993,41668322969000,171538051000001,-5.354,2.827,-35.455,0
1398294399003,41668332978000,171538051000001,-5.354,2.827,-35.455,0
1398294399013,41668342988000,171538051000001,-5.354,2.827,-35.455,0
1398294399026,41668353028000,171538051000001,-5.354,2.827,-35.455,0
1398294399035,41668363038000,171538051000001,-5.354,2.827,-35.455,0
1398294399043,41668373170000,171538051000001,-5.354,2.827,-35.455,0
1398294399054,41668383027000,171538051000001,-5.354,2.827,-35.455,0
1398294399063,41668393037000,171538051000001,-5.354,2.827,-35.455,0
1398294399073,41668403230000,171538051000001,-5.354,2.827,-35.455,0
1398294399083,41668413056000,171538051000001,-5.027,2.47,-35.455,0
1398294399093,41668423066000,171538051000001,-5.027,2.47,-35.455,0
1398294399104,41668433076000,171538051000001,-5.027,2.47,-35.455,0
1398294399115,41668444642000,171538051000001,-5.027,2.47,-35.455,0
1398294399123,41668453187000,171538051000001,-4.692,2.47,-35.455,0
1398294399133,41668463136000,171538051000001,-4.692,2.157,-35.455,0
1398294399143,41668473146000,171538051000001,-4.692,2.157,-35.455,0
1398294399153,41668483155000,171538051000001,-4.692,2.157,-35.455,0
1398294399163,41668493165000,171538051000001,-4.692,2.157,-35.455,0
1398294399173,41668503175000,171538051000001,-4.692,2.157,-35.455,0
1398294399183,41668513154000,171538051000001,-4.692,2.157,-35.455,0
1398294399194,41668523194000,171538051000001,-4.338,2.157,-35.455,0
1398294399204,41668533204000,171538051000001,-4.338,1.849,-35.455,0
1398294399230,41668543214000,171538051000001,-4.338,1.849,-35.455,0
1398294399231,41668553224000,171538051000001,-4.338,1.849,-35.755,0
1398294399239,41668563203000,171538051000001,-4.338,1.849,-35.755,0
1398294399243,41668573243000,171538051000001,-4.338,1.849,-35.755,0
1398294399253,41668583222000,171538051000001,-4.338,1.849,-35.755,0
1398294399263,41668593232000,171538051000001,-4.338,1.849,-35.755,0
1398294399273,41668603242000,171538051000001,-4.338,1.849,-35.755,0
1398294399283,41668613252000,171538051000001,-4.338,1.849,-35.755,0
1398294399295,41668624818000,171538051000001,-4.338,1.849,-35.755,0
1398294399303,41668633332000,171538051000001,-4.338,1.849,-35.755,0
1398294399313,41668643281000,171538051000001,-4.338,1.849,-35.755,0
1398294399323,41668653291000,171538051000001,-4.338,1.849,-35.755,0
1398294399333,41668663301000,171538051000001,-4.338,1.849,-35.755,0
1398294399343,41668673310000,171538051000001,-4.338,1.849,-35.755,0
1398294399353,41668683290000,171538051000001,-4.338,1.849,-35.755,0
1398294399363,41668693330000,171538051000001,-4.338,1.849,-35.755,0
1398294399373,41668703340000,171538051000001,-4.338,1.849,-35.755,0
1398294399383,41668713349000,171538051000001,-4.338,1.849,-35.755,0
1398294399393,41668723359000,171538051000001,-4.338,1.849,-35.755,0
1398294399403,41668733369000,171538051000001,-4.338,1.849,-35.755,0
1398294399413,41668743379000,171538051000001,-4.338,1.849,-35.755,0
1398294399423,41668753388000,171538051000001,-4.338,1.849,-35.755,0
1398294399433,41668763398000,171538051000001,-4.338,1.849,-35.755,0
1398294399443,41668773408000,171538051000001,-4.338,1.849,-35.755,0
1398294399453,41668783418000,171538051000001,-4.338,1.849,-35.755,0
1398294399463,41668793428000,171538051000001,-4.338,1.849,-35.755,0
1398294399475,41668804994000,171538051000001,-4.338,1.849,-35.755,0
1398294399484,41668813508000,171538051000001,-4.338,1.849,-35.755,0
1398294399493,41668823487000,171538051000001,-4.338,1.849,-35.755,0
1398294399503,41668833497000,171538051000001,-4.338,1.849,-35.755,0
1398294399513,41668843476000,171538051000001,-4.338,1.849,-35.755,0
1398294399525,41668854676000,171538051000001,-4.338,1.849,-35.755,0
1398294399537,41668867127000,171538051000001,-4.338,1.849,-35.755,0
1398294399548,41668877503000,171538051000001,-4.338,1.849,-35.755,0
1398294399557,41668887116000,171538051000001,-4.338,1.849,-35.755,0
1398294399566,41668895539000,171538051000001,-4.338,1.849,-35.755,0
1398294399577,41668907380000,171538051000001,-4.338,1.849,-35.755,0
1398294399588,41668917665000,171538051000001,-4.338,1.849,-35.755,0
1398294399598,41668927980000,171538051000001,-4.338,1.849,-35.755,0
1398294399608,41668938356000,171538051000001,-4.338,1.536,-35.755,0
1398294399618,41668947602000,171538051000001,-4.338,1.536,-35.755,0
1398294399628,41668957521000,171538051000001,-4.338,1.536,-35.755,0
1398294399638,41668968171000,171538051000001,-4.338,1.536,-35.755,0
1398294399648,41668977632000,171538051000001,-4.338,1.536,-35.755,0
1398294399658,41668988038000,171538051000001,-4.338,1.536,-35.755,0
1398294399669,41668999024000,171538051000001,-4.338,1.536,-35.755,0
1398294399675,41669005097000,171538051000001,-4.338,1.536,-35.755,0
1398294399687,41669017396000,171538051000001,-4.338,1.536,-35.755,0
1398294399697,41669026795000,171538051000001,-4.338,1.536,-35.755,0
1398294399708,41669037782000,171538051000001,-4.338,1.536,-35.755,0
1398294399717,41669046449000,171538051000001,-4.338,1.536,-35.755,0
1398294399724,41669053742000,171538051000001,-4.338,1.536,-35.755,0
1398294399735,41669063722000,171538051000001,-4.338,1.19,-35.755,0
1398294399744,41669073731000,171538051000001,-4.338,1.19,-35.755,0
1398294399754,41669083741000,171538051000001,-4.338,1.19,-35.755,0
1398294399764,41669093751000,171538051000001,-4.338,1.19,-35.755,0
1398294399774,41669103761000,171538051000001,-4.338,1.19,-35.755,0
1398294399784,41669113862000,171538051000001,-3.984,1.19,-35.755,0
1398294399794,41669123780000,171538051000001,-3.984,0.889,-35.755,0
1398294399804,41669133790000,171538051000001,-3.984,0.889,-35.755,0
1398294399814,41669143800000,171538051000001,-3.984,0.889,-35.755,0
1398294399826,41669156282000,171538051000001,-3.984,0.889,-35.755,0
1398294399840,41669169740000,171538051000001,-3.984,0.889,-35.755,0
1398294399845,41669175324000,171538051000001,-3.66,0.889,-35.755,0
1398294399858,41669187837000,171538051000001,-3.66,0.889,-35.755,0
1398294399866,41669195649000,171538051000001,-3.66,0.509,-35.755,0
1398294399878,41669208009000,171538051000001,-3.66,0.509,-35.755,0
1398294399889,41669218568000,171538051000001,-3.285,0.509,-35.755,0
1398294399898,41669227906000,171538051000001,-3.285,0.509,-35.755,0
1398294399909,41669238557000,171538051000001,-3.285,0.155,-35.755,0
1398294399918,41669247926000,171538051000001,-2.919,0.155,-35.755,0
1398294399928,41669258088000,171538051000001,-2.919,0.155,-35.755,0
1398294399938,41669268251000,171538051000001,-2.919,0.155,-35.755,0
1398294399949,41669278382000,171538051000001,-2.532,-0.146,-35.755,0
1398294399958,41669288026000,171538051000001,-2.532,-0.146,-35.755,0
1398294399966,41669296083000,171538051000001,-2.532,-0.146,-35.755,0
1398294399975,41669304719000,171538051000001,-2.146,-0.146,-35.755,0
1398294399990,41669314668000,171538051000001,-2.146,-0.146,-35.755,0
1398294399996,41669325654000,171538051000001,-2.146,-0.146,-35.755,0
1398294400009,41669333985000,171538051000001,-2.146,-0.479,-35.755,0
1398294400026,41669347627000,171538051000001,-1.812,-0.479,-36.116,0
1398294400028,41669354066000,171538051000001,-1.812,-0.479,-36.116,0
1398294400039,41669364015000,171538051000001,-1.812,-0.479,-36.116,0
1398294400046,41669375581000,171538051000001,-1.461,-0.479,-36.116,0
1398294400054,41669384034000,171538051000001,-1.461,-0.479,-36.116,0
1398294400066,41669394074000,171538051000001,-1.461,-0.479,-36.476,0
1398294400074,41669404054000,171538051000001,-1.145,-0.479,-36.476,0
1398294400085,41669414064000,171538051000001,-1.145,-0.479,-36.476,0
1398294400094,41669424073000,171538051000001,-1.145,-0.479,-36.476,0
1398294400104,41669434083000,171538051000001,-1.145,-0.479,-36.476,0
1398294400114,41669444093000,171538051000001,-1.145,-0.479,-36.476,0
1398294400124,41669454103000,171538051000001,-1.145,-0.479,-36.476,0
1398294400135,41669464112000,171538051000001,-1.145,-0.479,-36.476,0
1398294400144,41669474122000,171538051000001,-1.145,-0.479,-36.476,0
1398294400154,41669484132000,171538051000001,-1.145,-0.135,-36.476,0
1398294400164,41669494111000,171538051000001,-1.145,-0.135,-36.476,0
1398294400174,41669504151000,171538051000001,-1.145,-0.135,-36.476,0
1398294400186,41669516511000,171538051000001,-1.145,-0.135,-36.476,0
1398294400200,41669530061000,171538051000001,-1.145,-0.135,-36.476,0
1398294400207,41669536988000,171538051000001,-1.145,-0.135,-36.787,0
1398294400218,41669548616000,171538051000001,-0.811,-0.135,-36.787,0
1398294400226,41669554200000,171538051000001,-0.811,-0.135,-36.787,0
1398294400235,41669564576000,171538051000001,-0.811,-0.135,-36.787,0
1398294400246,41669575135000,171538051000001,-0.811,-0.135,-36.787,0
1398294400255,41669584321000,171538051000001,-0.811,-0.135,-36.787,0
1398294400269,41669596284000,171538051000001,-0.811,-0.135,-36.787,0
1398294400275,41669604280000,171538051000001,-0.811,-0.135,-36.787,0
1398294400287,41669614289000,171538051000001,-0.811,-0.135,-36.787,0
1398294400297,41669627107000,171538051000001,-0.811,-0.135,-36.787,0
1398294400307,41669636903000,171538051000001,-0.811,-0.135,-36.787,0
1398294400317,41669646424000,171538051000001,-0.811,-0.135,-36.787,0
1398294400327,41669656953000,171538051000001,-0.811,-0.135,-36.787,0
1398294400335,41669664796000,171538051000001,-0.811,-0.135,-36.787,0
1398294400345,41669674317000,171538051000001,-0.811,-0.135,-36.787,0
1398294400357,41669684327000,171538051000001,-0.811,-0.135,-36.787,0
1398294400366,41669695527000,171538051000001,-0.811,-0.135,-36.787,0
1398294400388,41669706330000,171538051000001,-0.811,-0.135,-36.787,0
1398294400390,41669714448000,171538051000001,-0.811,-0.135,-36.787,0
1398294400397,41669724397000,171538051000001,-0.811,-0.135,-36.787,0
1398294400405,41669734407000,171538051000001,-0.811,-0.135,-36.787,0
1398294400417,41669744630000,171538051000001,-1.138,-0.135,-36.787,0
1398294400426,41669754579000,171538051000001,-1.138,-0.135,-36.787,0
1398294400435,41669764436000,171538051000001,-1.138,-0.135,-36.787,0
1398294400445,41669774446000,171538051000001,-1.47,0.198,-36.486,0
1398294400458,41669784455000,171538051000001,-1.47,0.198,-36.486,0
1398294400465,41669794465000,171538051000001,-1.47,0.198,-36.486,0
1398294400481,41669804811000,171538051000001,-1.47,0.198,-36.486,0
1398294400486,41669814515000,171538051000001,-1.47,0.198,-36.486,0
1398294400495,41669824494000,171538051000001,-1.47,0.198,-36.486,0
1398294400505,41669834504000,171538051000001,-1.47,0.198,-36.486,0
1398294400515,41669844514000,171538051000001,-1.47,0.198,-36.486,0
1398294400525,41669854524000,171538051000001,-1.8,0.198,-36.486,0
1398294400535,41669864533000,171538051000001,-1.8,0.531,-36.486,0
1398294400544,41669874543000,171538051000001,-1.8,0.531,-36.486,0
1398294400556,41669886109000,171538051000001,-1.8,0.531,-36.486,0
1398294400565,41669894593000,171538051000001,-1.8,0.531,-36.486,0
1398294400575,41669904573000,171538051000001,-1.8,0.531,-36.486,0
1398294400585,41669914582000,171538051000001,-1.8,0.531,-36.486,0
1398294400594,41669924592000,171538051000001,-1.8,0.531,-36.486,0
1398294400605,41669934602000,171538051000001,-1.495,0.531,-36.486,0
1398294400614,41669944612000,171538051000001,-1.495,0.531,-36.486,0
1398294400625,41669954621000,171538051000001,-1.495,0.531,-36.486,0
1398294400635,41669964631000,171538051000001,-1.19,0.183,-36.486,0
1398294400645,41669974641000,171538051000001,-1.19,0.183,-36.486,0
1398294400655,41669984651000,171538051000001,-1.19,0.183,-36.486,0
1398294400665,41669994660000,171538051000001,-1.19,0.183,-36.486,0
1398294400675,41670004701000,171538051000001,-1.19,0.183,-36.486,0
1398294400687,41670014680000,171538051000001,-1.19,0.183,-36.486,0
1398294400695,41670024690000,171538051000001,-0.819,0.183,-36.79,0
1398294400705,41670034669000,171538051000001,-0.819,0.183,-36.79,0
1398294400715,41670044648000,171538051000001,-0.819,0.183,-36.79,0
1398294400725,41670054689000,171538051000001,-0.819,0.183,-36.79,0
1398294400736,41670066224000,171538051000001,-0.819,0.183,-36.79,0
1398294400745,41670074708000,171538051000001,-0.819,0.183,-36.79,0
1398294400755,41670084718000,171538051000001,-0.819,0.183,-36.79,0
1398294400766,41670094697000,171538051000001,-0.819,0.183,-36.79,0
1398294400775,41670104737000,171538051000001,-0.819,0.183,-36.79,0
1398294400785,41670114747000,171538051000001,-0.819,0.517,-36.79,0
1398294400795,41670124757000,171538051000001,-0.819,0.517,-36.79,0
1398294400805,41670134767000,171538051000001,-0.819,0.517,-36.79,0
1398294400815,41670144776000,171538051000001,-0.819,0.517,-36.79,0
1398294400825,41670154786000,171538051000001,-0.819,0.517,-36.79,0
1398294400835,41670164796000,171538051000001,-0.819,0.828,-36.79,0
1398294400845,41670174806000,171538051000001,-0.819,0.828,-36.79,0
1398294400855,41670184815000,171538051000001,-0.819,0.828,-36.444,0
1398294400869,41670194978000,171538051000001,-1.121,0.828,-36.444,0
1398294400875,41670204835000,171538051000001,-1.121,0.828,-36.444,0
1398294400885,41670214814000,171538051000001,-1.121,0.828,-36.444,0
1398294400895,41670224824000,171538051000001,-1.121,0.828,-36.444,0
1398294400905,41670234864000,171538051000001,-1.121,0.828,-36.444,0
1398294400917,41670246400000,171538051000001,-1.121,1.17,-36.444,0
1398294400925,41670254945000,171538051000001,-1.121,1.17,-36.444,0
1398294400935,41670264894000,171538051000001,-1.121,1.17,-36.444,0
1398294400945,41670274873000,171538051000001,-1.475,1.17,-36.444,0
1398294400955,41670284883000,171538051000001,-1.475,1.17,-36.444,0
1398294400966,41670294892000,171538051000001,-1.475,1.17,-36.444,0
1398294400975,41670304902000,171538051000001,-1.475,1.17,-36.444,0
1398294400985,41670314912000,171538051000001,-1.475,1.17,-36.444,0
1398294400995,41670324983000,171538051000001,-1.799,1.486,-36.444,0
1398294401006,41670335450000,171538051000001,-1.799,1.486,-36.444,0
1398294401016,41670344941000,171538051000001,-1.799,1.486,-36.444,0
1398294401025,41670354981000,171538051000001,-1.799,1.486,-36.444,0
1398294401035,41670364961000,171538051000001,-2.113,1.486,-36.111,0
1398294401045,41670374970000,171538051000001,-2.113,1.486,-36.111,0
1398294401055,41670384980000,171538051000001,-2.113,1.826,-36.111,0
1398294401066,41670395021000,171538051000001,-2.113,1.826,-36.111,0
1398294401075,41670405030000,171538051000001,-2.113,1.826,-36.111,0
1398294401086,41670415040000,171538051000001,-2.113,1.826,-36.111,0
1398294401097,41670426576000,171538051000001,-2.113,1.826,-36.111,0
1398294401105,41670435090000,171538051000001,-2.113,1.826,-36.111,0
1398294401115,41670445069000,171538051000001,-2.113,1.826,-36.111,0
1398294401125,41670455140000,171538051000001,-2.113,2.145,-36.111,0
1398294401140,41670465119000,171538051000001,-2.113,2.145,-36.111,0
1398294401146,41670475129000,171538051000001,-2.113,2.145,-36.111,0
1398294401155,41670485139000,171538051000001,-2.113,2.145,-36.111,0
1398294401165,41670495149000,171538051000001,-2.113,2.145,-36.111,0
1398294401175,41670505128000,171538051000001,-2.113,2.145,-36.413,0
1398294401185,41670515168000,171538051000001,-2.113,2.145,-36.413,0
1398294401198,41670525147000,171538051000001,-2.113,2.145,-36.413,0
1398294401209,41670535127000,171538051000001,-2.113,2.145,-36.413,0
1398294401215,41670545167000,171538051000001,-2.113,2.145,-36.413,0
1398294401225,41670555146000,171538051000001,-2.113,2.145,-36.413,0
1398294401235,41670565156000,171538051000001,-2.113,2.145,-36.413,0
1398294401245,41670575166000,171538051000001,-2.113,2.145,-36.413,0
1398294401255,41670585176000,171538051000001,-2.113,2.145,-36.413,0
1398294401266,41670595185000,171538051000001,-2.113,2.145,-36.413,0
1398294401277,41670606751000,171538051000001,-2.113,2.145,-36.413,0
1398294401285,41670615235000,171538051000001,-2.113,2.145,-36.413,0
1398294401295,41670625215000,171538051000001,-2.113,2.145,-36.088,0
1398294401305,41670635224000,171538051000001,-2.113,2.145,-36.088,0
1398294401315,41670645570000,171538051000001,-2.113,2.145,-36.088,0
1398294401325,41670655305000,171538051000001,-2.465,2.145,-36.088,0
1398294401335,41670665284000,171538051000001,-2.465,2.145,-36.088,0
1398294401345,41670675263000,171538051000001,-2.465,2.445,-36.088,0
1398294401370,41670686158000,171538051000001,-2.465,2.445,-36.088,0
1398294401372,41670695314000,171538051000001,-2.465,2.445,-36.088,0
1398294401375,41670705293000,171538051000001,-2.774,2.445,-36.088,0
1398294401385,41670715333000,171538051000001,-2.774,2.445,-36.088,0
1398294401395,41670725312000,171538051000001,-2.774,2.445,-36.088,0
1398294401405,41670735322000,171538051000001,-2.774,2.445,-36.088,0
1398294401416,41670745332000,171538051000001,-2.774,2.445,-36.088,0
1398294401425,41670755433000,171538051000001,-2.774,2.445,-36.088,0
1398294401436,41670765412000,171538051000001,-2.774,2.445,-36.088,0
1398294401445,41670775392000,171538051000001,-2.774,2.445,-36.088,0
1398294401459,41670786958000,171538051000001,-2.774,2.445,-36.088,0
1398294401467,41670795503000,171538051000001,-2.774,2.445,-36.088,0
1398294401475,41670805451000,171538051000001,-3.102,2.445,-36.088,0
1398294401486,41670815461000,171538051000001,-3.102,2.445,-36.088,0
1398294401496,41670825501000,171538051000001,-3.102,2.445,-36.088,0
1398294401506,41670835481000,171538051000001,-3.417,2.445,-36.088,0
1398294401516,41670845491000,171538051000001,-3.417,2.445,-36.088,0
1398294401526,41670855500000,171538051000001,-3.417,2.445,-36.088,0
1398294401536,41670865510000,171538051000001,-3.417,2.783,-36.088,0
1398294401549,41670875550000,171538051000001,-3.417,2.783,-36.088,0
1398294401556,41670885530000,171538051000001,-3.784,2.783,-36.088,0
1398294401566,41670895570000,171538051000001,-3.784,2.783,-36.088,0
1398294401575,41670905519000,171538051000001,-3.784,2.783,-36.088,0
1398294401585,41670915498000,171538051000001,-3.784,2.783,-36.088,0
1398294401595,41670925508000,171538051000001,-3.784,3.106,-36.088,0
1398294401605,41670935517000,171538051000001,-3.784,3.106,-36.088,0
1398294401615,41670945527000,171538051000001,-3.784,3.106,-36.088,0
1398294401625,41670955537000,171538051000001,-4.115,3.106,-36.088,0
1398294401637,41670967103000,171538051000001,-4.115,3.106,-36.088,0
1398294401645,41670975617000,171538051000001,-4.115,3.106,-36.088,0
1398294401655,41670985566000,171538051000001,-4.115,3.106,-36.088,0
1398294401665,41670995576000,171538051000001,-4.115,3.106,-36.088,0
1398294401676,41671005586000,171538051000001,-4.115,3.106,-36.088,0
1398294401685,41671015595000,171538051000001,-4.115,3.106,-36.088,0
1398294401696,41671025605000,171538051000001,-4.115,3.106,-35.78,0
1398294401707,41671035615000,171538051000001,-4.115,3.106,-35.78,0
1398294401716,41671045625000,171538051000001,-4.115,3.106,-35.78,0
1398294401726,41671055665000,171538051000001,-4.115,3.106,-35.78,0
1398294401736,41671065705000,171538051000001,-4.115,3.106,-35.78,0
1398294401746,41671075685000,171538051000001,-4.115,3.106,-35.78,0
1398294401757,41671085725000,171538051000001,-4.115,3.106,-35.78,0
1398294401766,41671095735000,171538051000001,-4.115,3.106,-35.78,0
1398294401776,41671105714000,171538051000001,-4.115,3.106,-35.78,0
1398294401786,41671115724000,171538051000001,-4.115,3.106,-35.78,0
1398294401796,41671125733000,171538051000001,-4.115,3.106,-35.78,0
1398294401809,41671135774000,171538051000001,-4.115,3.106,-35.78,0
1398294401822,41671147340000,171538051000001,-4.115,3.106,-35.78,0
1398294401826,41671155854000,171538051000001,-4.115,3.106,-35.78,0
1398294401836,41671165772000,171538051000001,-4.115,3.106,-35.78,0
1398294401846,41671175782000,171538051000001,-4.115,3.106,-35.78,0
1398294401856,41671185792000,171538051000001,-4.115,3.106,-35.78,0
1398294401866,41671195802000,171538051000001,-4.115,3.106,-35.78,0
1398294401876,41671205812000,171538051000001,-4.115,3.106,-35.78,0
1398294401886,41671215852000,171538051000001,-4.115,3.106,-35.47,0
1398294401896,41671225801000,171538051000001,-4.115,3.106,-35.47,0
1398294401906,41671235810000,171538051000001,-4.418,3.106,-35.47,0
1398294401916,41671245820000,171538051000001,-4.418,3.106,-35.47,0
1398294401926,41671255830000,171538051000001,-4.418,3.106,-35.47,0
1398294401936,41671265840000,171538051000001,-4.418,3.106,-35.47,0
1398294401946,41671275849000,171538051000001,-4.418,3.106,-35.47,0
1398294401956,41671285859000,171538051000001,-4.418,3.106,-35.47,0
1398294401969,41671295869000,171538051000001,-4.418,3.106,-35.47,0
1398294401976,41671305970000,171538051000001,-4.418,3.106,-35.47,0
1398294401993,41671315949000,171538051000001,-4.418,3.106,-35.47,0
1398294401997,41671327485000,171538051000001,-4.418,3.106,-35.47,0
1398294402006,41671335969000,171538051000001,-4.418,3.106,-35.47,0
1398294402016,41671345948000,171538051000001,-4.418,3.106,-35.47,0
1398294402026,41671355958000,171538051000001,-4.418,3.106,-35.47,0
1398294402036,41671365937000,171538051000001,-4.418,3.106,-35.47,0
1398294402046,41671375947000,171538051000001,-4.418,3.106,-35.47,0
1398294402056,41671385987000,171538051000001,-4.418,3.106,-35.47,0
1398294402066,41671395967000,171538051000001,-4.418,3.106,-35.47,0
1398294402076,41671405976000,171538051000001,-4.418,3.106,-35.47,0
1398294402086,41671415986000,171538051000001,-4.418,3.106,-35.47,0
1398294402096,41671426026000,171538051000001,-4.418,3.106,-35.47,0
1398294402106,41671436006000,171538051000001,-4.418,2.789,-35.47,0
1398294402116,41671446046000,171538051000001,-4.418,2.789,-35.47,0
1398294402126,41671456025000,171538051000001,-4.418,2.789,-35.47,0
1398294402136,41671466035000,171538051000001,-4.418,2.789,-35.47,0
1398294402146,41671476045000,171538051000001,-4.418,2.789,-35.47,0
1398294402156,41671486054000,171538051000001,-4.418,2.789,-35.47,0
1398294402166,41671496064000,171538051000001,-4.418,2.789,-35.47,0
1398294402178,41671507630000,171538051000001,-4.418,2.789,-35.47,0
1398294402186,41671516114000,171538051000001,-4.418,2.789,-35.47,0
1398294402196,41671526124000,171538051000001,-4.418,2.789,-35.47,0
1398294402206,41671536103000,171538051000001,-4.418,2.789,-35.47,0
1398294402216,41671546113000,171538051000001,-4.418,2.441,-35.47,0
1398294402226,41671556123000,171538051000001,-4.418,2.441,-35.47,0
1398294402236,41671566102000,171538051000001,-4.418,2.441,-35.47,0
1398294402246,41671576142000,171538051000001,-4.418,2.441,-35.47,0
1398294402256,41671586152000,171538051000001,-4.418,2.441,-35.47,0
1398294402266,41671596162000,171538051000001,-4.418,2.441,-35.47,0
1398294402276,41671606172000,171538051000001,-4.418,2.441,-35.47,0
1398294402286,41671616181000,171538051000001,-4.418,2.441,-35.47,0
1398294402297,41671626496000,171538051000001,-4.103,2.441,-35.47,0
1398294402306,41671636201000,171538051000001,-4.103,2.441,-35.47,0
1398294402316,41671646211000,171538051000001,-4.103,2.441,-35.47,0
1398294402326,41671656220000,171538051000001,-4.103,2.441,-35.47,0
1398294402336,41671666230000,171538051000001,-4.103,2.441,-35.47,0
1398294402346,41671676240000,171538051000001,-4.103,2.128,-35.47,0
1398294402358,41671687806000,171538051000001,-4.103,2.128,-35.47,0
1398294402366,41671696321000,171538051000001,-4.103,2.128,-35.47,0
1398294402376,41671706269000,171538051000001,-4.103,2.128,-35.47,0
1398294402386,41671716279000,171538051000001,-4.103,2.128,-35.47,0
1398294402396,41671726289000,171538051000001,-4.103,2.128,-35.47,0
1398294402406,41671736299000,171538051000001,-4.103,2.128,-35.47,0
1398294402416,41671746308000,171538051000001,-4.103,2.128,-35.47,0
1398294402429,41671758637000,171538051000001,-4.103,2.128,-35.47,0
1398294402443,41671772798000,171538051000001,-4.103,2.128,-35.47,0
1398294402448,41671777741000,171538051000001,-4.103,2.128,-35.47,0
1398294402461,41671790559000,171538051000001,-4.103,2.128,-35.47,0
1398294402471,41671800447000,171538051000001,-4.103,2.459,-35.47,0
1398294402479,41671808686000,171538051000001,-4.103,2.459,-35.47,0
1398294402492,41671822297000,171538051000001,-4.103,2.459,-35.47,0
1398294402498,41671827973000,171538051000001,-4.103,2.459,-35.47,0
1398294402513,41671842988000,171538051000001,-4.103,2.459,-35.47,0
1398294402518,41671847871000,171538051000001,-4.103,2.459,-35.47,0
1398294402533,41671862794000,171538051000001,-4.444,2.761,-35.47,0
1398294402541,41671870942000,171538051000001,-4.444,2.761,-35.47,0
1398294402549,41671879090000,171538051000001,-4.444,2.761,-35.47,0
1398294402558,41671887940000,171538051000001,-4.444,2.761,-35.47,0
1398294402567,41671896485000,171538051000001,-4.444,2.761,-35.47,0
1398294402578,41671906465000,171538051000001,-4.444,2.761,-35.47,0
1398294402587,41671916474000,171538051000001,-4.444,2.761,-35.47,0
1398294402597,41671926484000,171538051000001,-4.444,2.761,-35.47,0
1398294402607,41671936494000,171538051000001,-4.444,2.761,-35.47,0
1398294402617,41671946504000,171538051000001,-4.444,2.761,-35.47,0
1398294402627,41671956513000,171538051000001,-4.444,2.761,-35.47,0
1398294402637,41671966523000,171538051000001,-4.444,2.761,-35.47,0
1398294402647,41671976564000,171538051000001,-4.444,2.761,-35.47,0
1398294402657,41671986726000,171538051000001,-4.107,2.761,-35.47,0
1398294402672,41672002259000,171538051000001,-4.107,2.761,-35.47,0
1398294402678,41672007722000,171538051000001,-4.107,2.761,-35.47,0
1398294402693,41672022889000,171538051000001,-4.107,2.761,-35.47,0
1398294402705,41672028840000,171538051000001,-4.107,2.761,-35.47,0
1398294402707,41672037416000,171538051000001,-4.107,2.761,-35.47,0
1398294402723,41672052980000,171538051000001,-3.781,2.761,-35.47,0
1398294402728,41672058168000,171538051000001,-3.781,2.761,-35.47,0
1398294402744,41672073854000,171538051000001,-3.781,2.427,-35.47,0
1398294402747,41672076875000,171538051000001,-3.781,2.427,-35.47,0
1398294402763,41672092774000,171538051000001,-3.781,2.427,-35.47,0
1398294402768,41672098115000,171538051000001,-3.463,2.427,-35.47,0
1398294402808,41672111177000,171538051000001,-3.463,2.427,-35.47,0
1398294402820,41672116639000,171538051000001,-3.463,2.427,-35.778,0
1398294402821,41672126679000,171538051000001,-3.463,2.427,-35.778,0
1398294402823,41672136689000,171538051000001,-3.463,2.427,-35.778,0
1398294402824,41672146699000,171538051000001,-3.463,2.427,-35.778,0
1398294402827,41672157258000,171538051000001,-3.463,2.427,-35.778,0
1398294402843,41672172486000,171538051000001,-3.463,2.427,-35.778,0
1398294402848,41672178224000,171538051000001,-3.463,2.427,-35.778,0
1398294402859,41672188447000,171538051000001,-3.141,2.427,-35.778,0
1398294402869,41672198854000,171538051000001,-3.141,2.427,-35.778,0
1398294402878,41672208314000,171538051000001,-3.141,2.427,-35.778,0
1398294402893,41672222779000,171538051000001,-3.141,2.427,-35.778,0
1398294402904,41672228334000,171538051000001,-3.141,2.427,-35.778,0
1398294402908,41672238191000,171538051000001,-3.141,2.427,-35.778,0
1398294402923,41672252870000,171538051000001,-3.141,2.117,-35.778,0
1398294402929,41672258485000,171538051000001,-3.141,2.117,-35.778,0
1398294402943,41672272767000,171538051000001,-3.141,2.117,-35.778,0
1398294402948,41672278474000,171538051000001,-3.141,2.117,-35.778,0
1398294402963,41672292878000,171538051000001,-3.141,2.117,-35.778,0
1398294402969,41672298554000,171538051000001,-3.141,2.117,-35.778,0
1398294402983,41672313325000,171538051000001,-3.141,2.117,-35.778,0
1398294402988,41672318452000,171538051000001,-3.141,2.117,-35.778,0
1398294403003,41672333192000,171538051000001,-3.141,2.117,-35.778,0
1398294403013,41672343171000,171538051000001,-3.141,2.117,-35.778,0
1398294403019,41672348847000,171538051000001,-3.141,2.117,-35.778,0
1398294403034,41672363923000,171538051000001,-3.141,2.117,-35.778,0
1398294403037,41672366914000,171538051000001,-3.141,2.117,-35.778,0
1398294403052,41672382020000,171538051000001,-3.141,2.117,-35.778,0
1398294403058,41672387818000,171538051000001,-3.141,2.117,-35.778,0
1398294403067,41672397004000,171538051000001,-3.141,2.117,-35.778,0
1398294403079,41672408509000,171538051000001,-3.141,2.117,-35.778,0
1398294403087,41672416993000,171538051000001,-3.141,2.45,-35.778,0
1398294403097,41672426972000,171538051000001,-3.141,2.45,-35.778,0
1398294403107,41672436982000,171538051000001,-3.141,2.45,-35.778,0
1398294403117,41672446992000,171538051000001,-3.141,2.45,-35.778,0
1398294403127,41672457002000,171538051000001,-3.141,2.45,-35.778,0
1398294403137,41672467012000,171538051000001,-3.141,2.45,-35.778,0
1398294403147,41672477021000,171538051000001,-3.485,2.45,-35.778,0
1398294403157,41672487031000,171538051000001,-3.485,2.45,-35.778,0
1398294403173,41672503175000,171538051000001,-3.485,2.45,-35.778,0
1398294403178,41672508149000,171538051000001,-3.485,2.45,-35.778,0
1398294403193,41672522920000,171538051000001,-3.485,2.45,-35.778,0
1398294403200,41672529695000,171538051000001,-3.485,2.45,-35.778,0
1398294403214,41672543733000,171538051000001,-3.485,2.45,-35.778,0
1398294403219,41672548646000,171538051000001,-3.485,2.45,-35.778,0
1398294403233,41672562928000,171538051000001,-3.485,2.45,-35.778,0
1398294403239,41672568543000,171538051000001,-3.485,2.45,-35.778,0
1398294403253,41672583436000,171538051000001,-3.485,2.45,-35.778,0
1398294403261,41672591004000,171538051000001,-3.485,2.45,-35.778,0
1398294403272,41672602387000,171538051000001,-3.485,2.45,-35.778,0
1398294403280,41672609590000,171538051000001,-3.485,2.45,-35.778,0
1398294403294,41672623963000,171538051000001,-3.485,2.45,-35.778,0
1398294403298,41672628449000,171538051000001,-3.485,2.45,-35.778,0
1398294403320,41672643495000,171538051000001,-3.485,2.45,-35.778,0
1398294403322,41672652345000,171538051000001,-3.485,2.45,-35.778,0
1398294403330,41672659394000,171538051000001,-3.485,2.45,-35.778,0
1398294403344,41672674195000,171538051000001,-3.485,2.45,-35.778,0
1398294403347,41672677308000,171538051000001,-3.485,2.45,-35.778,0
1398294403364,41672694032000,171538051000001,-3.485,2.45,-35.778,0
1398294403369,41672698884000,171538051000001,-3.485,2.45,-35.778,0
1398294403380,41672709291000,171538051000001,-3.485,2.45,-35.778,0
1398294403392,41672721742000,171538051000001,-3.485,2.45,-35.778,0
1398294403400,41672729432000,171538051000001,-3.485,2.45,-35.778,0
1398294403414,41672743928000,171538051000001,-3.485,2.45,-35.778,0
1398294403419,41672748780000,171538051000001,-3.485,2.45,-35.778,0
1398294403430,41672759461000,171538051000001,-3.485,2.45,-35.778,0
1398294403445,41672774446000,171538051000001,-3.485,2.45,-35.778,0
1398294403448,41672777894000,171538051000001,-3.485,2.45,-35.778,0
1398294403462,41672791810000,171538051000001,-3.485,2.45,-35.778,0
1398294403469,41672799409000,171538051000001,-3.825,2.45,-35.778,0
1398294403484,41672813813000,171538051000001,-3.825,2.45,-35.778,0
1398294403489,41672818757000,171538051000001,-3.825,2.45,-35.778,0
1398294403503,41672833192000,171538051000001,-3.825,2.45,-35.778,0
1398294403509,41672838929000,171538051000001,-3.825,2.45,-35.778,0
1398294403522,41672851869000,171538051000001,-3.825,2.45,-35.778,0
1398294403530,41672859468000,171538051000001,-3.825,2.45,-35.778,0
1398294403543,41672873323000,171538051000001,-4.133,2.45,-35.778,0
1398294403549,41672878907000,171538051000001,-4.133,2.45,-35.778,0
1398294403562,41672888825000,171538051000001,-4.133,2.45,-35.778,0
1398294403568,41672897462000,171538051000001,-4.133,2.45,-35.778,0
1398294403578,41672907441000,171538051000001,-4.133,2.45,-35.778,0
1398294403588,41672917451000,171538051000001,-4.133,2.45,-35.778,0
1398294403598,41672927430000,171538051000001,-4.133,2.45,-35.778,0
1398294403607,41672937470000,171538051000001,-4.133,2.45,-35.778,0
1398294403625,41672954774000,171538051000001,-4.133,2.45,-35.778,0
1398294403628,41672958406000,171538051000001,-4.133,2.45,-35.778,0
1398294403639,41672967500000,171538051000001,-4.133,2.45,-35.778,0
1398294403648,41672977510000,171538051000001,-4.133,2.45,-35.778,0
1398294403658,41672987489000,171538051000001,-3.744,2.45,-35.778,0
1398294403674,41673004273000,171538051000001,-3.744,2.45,-35.778,0
1398294403680,41673009217000,171538051000001,-3.744,2.45,-35.778,0
1398294403694,41673024324000,171538051000001,-3.744,2.45,-35.778,0
1398294403699,41673029206000,171538051000001,-3.744,2.45,-35.778,0
1398294403715,41673044496000,171538051000001,-3.431,2.45,-35.778,0
1398294403721,41673050843000,171538051000001,-3.431,2.127,-35.778,0
1398294403733,41673062532000,171538051000001,-3.431,2.127,-35.778,0
1398294403739,41673067597000,171538051000001,-3.431,2.127,-35.778,0
1398294403748,41673078034000,171538051000001,-3.431,2.127,-35.778,0
1398294403764,41673089021000,171538051000001,-3.431,2.127,-35.778,0
1398294403770,41673099122000,171538051000001,-3.431,2.127,-35.778,0
1398294403786,41673107667000,171538051000001,-3.431,2.127,-35.778,0
1398294403788,41673117677000,171538051000001,-3.431,2.127,-35.778,0
1398294403800,41673129212000,171538051000001,-3.431,2.127,-35.778,0
1398294403812,41673138429000,171538051000001,-3.761,2.127,-35.778,0
1398294403819,41673148835000,171538051000001,-3.761,2.127,-35.778,0
1398294403828,41673157655000,171538051000001,-3.761,2.127,-35.778,0
1398294403840,41673169313000,171538051000001,-3.761,2.127,-35.778,0
1398294403852,41673177705000,171538051000001,-3.761,2.127,-35.778,0
1398294403862,41673188447000,171538051000001,-3.761,2.127,-35.778,0
1398294403871,41673197724000,171538051000001,-3.761,2.127,-35.778,0
1398294403878,41673207734000,171538051000001,-3.761,2.127,-35.778,0
1398294403888,41673217713000,171538051000001,-3.761,2.127,-35.778,0
1398294403898,41673227754000,171538051000001,-3.761,2.127,-35.778,0
1398294403909,41673237763000,171538051000001,-3.761,2.127,-35.778,0
1398294403918,41673247773000,171538051000001,-3.761,2.127,-35.778,0
1398294403935,41673257783000,171538051000001,-3.761,2.127,-35.778,0
1398294403938,41673267793000,171538051000001,-3.761,2.127,-35.778,0
1398294403948,41673277772000,171538051000001,-3.761,2.127,-35.778,0
1398294403958,41673287782000,171538051000001,-3.761,2.127,-35.778,0
1398294403969,41673298890000,171538051000001,-3.761,2.127,-35.778,0
1398294403982,41673311799000,171538051000001,-3.761,2.127,-35.778,0
1398294403989,41673318727000,171538051000001,-3.392,2.127,-35.778,0
1398294404003,41673331819000,171538051000001,-3.392,2.127,-35.778,0
1398294404009,41673338441000,171538051000001,-3.392,2.127,-35.778,0
1398294404023,41673352113000,171538051000001,-3.392,2.127,-35.778,0
1398294404028,41673357881000,171538051000001,-3.013,2.127,-35.778,0
1398294404039,41673368409000,171538051000001,-3.013,2.127,-35.778,0
1398294404054,41673377931000,171538051000001,-3.013,2.432,-35.778,0
1398294404058,41673387940000,171538051000001,-3.013,2.432,-35.778,0
1398294404068,41673397920000,171538051000001,-3.013,2.432,-35.778,0
1398294404078,41673407929000,171538051000001,-3.013,2.432,-35.778,0
1398294404088,41673417939000,171538051000001,-3.013,2.432,-35.778,0
1398294404098,41673427949000,171538051000001,-3.013,2.432,-35.778,0
1398294404110,41673437989000,171538051000001,-2.702,2.432,-36.096,0
1398294404118,41673447999000,171538051000001,-2.702,2.432,-36.096,0
1398294404128,41673457978000,171538051000001,-2.702,2.432,-36.096,0
1398294404138,41673468019000,171538051000001,-2.702,2.432,-36.096,0
1398294404154,41673484315000,171538051000001,-2.702,2.432,-36.096,0
1398294404162,41673492005000,171538051000001,-2.368,2.432,-36.096,0
1398294404174,41673503480000,171538051000001,-2.368,2.117,-36.096,0
1398294404182,41673511628000,171538051000001,-2.368,2.117,-36.096,0
1398294404191,41673520661000,171538051000001,-2.368,2.117,-36.096,0
1398294404208,41673533601000,171538051000001,-2.368,2.117,-36.096,0
1398294404210,41673538056000,171538051000001,-2.368,2.117,-36.096,0
1398294404224,41673553010000,171538051000001,-2.368,1.774,-36.096,0
1398294404229,41673559388000,171538051000001,-2.035,1.774,-36.096,0
1398294404250,41673578950000,171538051000001,-2.035,1.774,-36.096,0
1398294404254,41673583802000,171538051000001,-2.035,1.774,-36.096,0
1398294404260,41673589784000,171538051000001,-2.035,1.774,-36.096,0
1398294404275,41673604463000,171538051000001,-1.713,1.774,-36.407,0
1398294404280,41673609803000,171538051000001,-1.713,1.448,-36.407,0
1398294404290,41673620271000,171538051000001,-1.713,1.448,-36.407,0
1398294404305,41673634828000,171538051000001,-1.713,1.448,-36.407,0
1398294404309,41673638520000,171538051000001,-1.713,1.448,-36.407,0
1398294404323,41673653443000,171538051000001,-1.713,1.448,-36.407,0
1398294404333,41673662812000,171538051000001,-1.396,1.448,-36.407,0
1398294404344,41673673493000,171538051000001,-1.396,1.448,-36.407,0
1398294404350,41673679078000,171538051000001,-1.396,1.448,-36.407,0
1398294404364,41673694001000,171538051000001,-1.396,1.448,-36.407,0
1398294404370,41673699494000,171538051000001,-1.396,1.448,-36.407,0
1398294404380,41673710084000,171538051000001,-1.396,1.448,-36.407,0
1398294404390,41673720399000,171538051000001,-1.396,1.448,-36.407,0
1398294404399,41673729219000,171538051000001,-1.396,1.448,-36.407,0
1398294404415,41673744874000,171538051000001,-1.396,1.448,-36.407,0
1398294404419,41673748689000,171538051000001,-1.396,1.448,-36.407,0
1398294404435,41673764649000,171538051000001,-1.396,1.448,-36.407,0
1398294404439,41673768708000,171538051000001,-1.396,1.448,-36.73,0
1398294404455,41673784761000,171538051000001,-1.396,1.773,-36.73,0
1398294404460,41673789887000,171538051000001,-1.396,1.773,-36.73,0
1398294404475,41673804627000,171538051000001,-1.396,1.773,-36.73,0
1398294404479,41673809449000,171538051000001,-1.396,1.773,-36.73,0
1398294404491,41673820466000,171538051000001,-1.396,1.773,-36.73,0
1398294404504,41673834504000,171538051000001,-1.396,1.773,-36.73,0
1398294404510,41673840486000,171538051000001,-1.396,1.773,-36.73,0
1398294404525,41673855043000,171538051000001,-1.396,1.773,-36.73,0
1398294404530,41673860047000,171538051000001,-1.396,2.099,-36.73,0
1398294404540,41673869477000,171538051000001,-1.396,2.099,-36.73,0
1398294404552,41673880769000,171538051000001,-1.396,2.099,-36.73,0
1398294404559,41673888398000,171538051000001,-1.396,2.099,-36.73,0
1398294404568,41673898377000,171538051000001,-1.396,2.099,-36.73,0
1398294404578,41673908387000,171538051000001,-1.396,2.099,-36.73,0
1398294404589,41673918397000,171538051000001,-1.396,2.099,-36.73,0
1398294404598,41673928407000,171538051000001,-1.396,2.099,-36.73,0
1398294404608,41673938417000,171538051000001,-1.396,2.099,-36.73,0
1398294404618,41673948426000,171538051000001,-1.396,2.099,-36.73,0
1398294404628,41673958467000,171538051000001,-1.396,2.099,-36.73,0
1398294404639,41673968446000,171538051000001,-1.396,2.404,-36.73,0
1398294404650,41673978456000,171538051000001,-1.396,2.404,-36.73,0
1398294404664,41673993470000,171538051000001,-1.396,2.404,-36.73,0
1398294404671,41674000550000,171538051000001,-1.396,2.404,-36.73,0
1398294404685,41674014680000,171538051000001,-1.396,2.404,-36.73,0
1398294404689,41674019410000,171538051000001,-1.396,2.404,-36.73,0
1398294404710,41674034974000,171538051000001,-1.396,2.404,-36.73,0
1398294404711,41674038484000,171538051000001,-1.396,2.404,-36.73,0
1398294404731,41674053315000,171538051000001,-1.396,2.404,-36.427,0
1398294404732,41674058503000,171538051000001,-1.396,2.404,-36.427,0
1398294404747,41674069917000,171538051000001,-1.396,2.404,-36.427,0
1398294404749,41674078553000,171538051000001,-1.705,2.404,-36.427,0
1398294404762,41674088563000,171538051000001,-1.705,2.404,-36.427,0
1398294404770,41674099885000,171538051000001,-1.705,2.404,-36.427,0
1398294404780,41674109040000,171538051000001,-2.015,2.404,-36.427,0
1398294404796,41674118623000,171538051000001,-2.015,2.404,-36.427,0
1398294404806,41674128633000,171538051000001,-2.015,2.404,-36.111,0
1398294404813,41674138612000,171538051000001,-2.015,2.404,-36.111,0
1398294404819,41674148622000,171538051000001,-2.339,2.404,-36.111,0
1398294404829,41674158631000,171538051000001,-2.339,2.404,-36.111,0
1398294404839,41674168641000,171538051000001,-2.339,2.404,-36.111,0
1398294404849,41674178651000,171538051000001,-2.339,2.404,-36.111,0
1398294404859,41674188661000,171538051000001,-2.339,2.404,-36.111,0
1398294404869,41674198670000,171538051000001,-2.339,2.404,-36.111,0
1398294404883,41674211549000,171538051000001,-2.339,2.404,-36.111,0
1398294404889,41674218720000,171538051000001,-2.339,2.404,-36.111,0
1398294404899,41674228700000,171538051000001,-2.339,2.404,-36.111,0
1398294404909,41674238679000,171538051000001,-2.339,2.03,-36.111,0
1398294404919,41674248689000,171538051000001,-2.339,2.03,-36.111,0
1398294404929,41674258729000,171538051000001,-2.339,2.03,-36.111,0
1398294404939,41674268739000,171538051000001,-2.339,2.03,-36.111,0
1398294404949,41674278749000,171538051000001,-1.942,2.03,-36.111,0
1398294404959,41674288758000,171538051000001,-1.942,1.719,-36.111,0
1398294404969,41674298768000,171538051000001,-1.942,1.719,-36.111,0
1398294404979,41674308778000,171538051000001,-1.585,1.719,-36.111,0
1398294404992,41674318818000,171538051000001,-1.585,1.719,-36.111,0
1398294404999,41674328797000,171538051000001,-1.585,1.719,-36.111,0
1398294405009,41674338807000,171538051000001,-1.585,1.719,-36.111,0
1398294405019,41674348817000,171538051000001,-1.585,1.719,-36.111,0
1398294405029,41674358796000,171538051000001,-1.21,1.719,-36.111,0
1398294405039,41674368867000,171538051000001,-1.21,1.719,-36.111,0
1398294405049,41674378816000,171538051000001,-1.21,1.719,-36.111,0
1398294405061,41674390412000,171538051000001,-1.21,1.719,-36.111,0
1398294405069,41674398896000,171538051000001,-1.21,1.719,-36.111,0
1398294405079,41674408876000,171538051000001,-1.21,1.719,-36.111,0
1398294405089,41674418885000,171538051000001,-1.21,1.719,-36.111,0
1398294405099,41674428865000,171538051000001,-1.545,2.032,-36.111,0
1398294405109,41674438874000,171538051000001,-1.545,2.032,-36.111,0
1398294405119,41674448884000,171538051000001,-1.545,2.032,-36.111,0
1398294405129,41674458924000,171538051000001,-1.951,2.355,-36.111,0
1398294405139,41674468934000,171538051000001,-1.951,2.355,-36.111,0
1398294405149,41674478944000,171538051000001,-2.311,2.355,-36.111,0
1398294405159,41674488923000,171538051000001,-2.311,2.743,-35.801,0
1398294405169,41674498933000,171538051000001,-2.659,2.743,-35.801,0
1398294405179,41674508943000,171538051000001,-2.659,2.743,-35.801,0
1398294405189,41674518952000,171538051000001,-3.015,3.092,-35.801,0
1398294405199,41674528962000,171538051000001,-3.015,3.092,-35.801,0
1398294405209,41674538972000,171538051000001,-3.347,3.092,-35.801,0
1398294405219,41674548982000,171538051000001,-3.347,3.448,-35.801,0
1398294405229,41674558991000,171538051000001,-3.651,3.448,-35.801,0
1398294405240,41674570558000,171538051000001,-3.651,3.448,-35.467,0
1398294405249,41674579042000,171538051000001,-3.651,3.759,-35.467,0
1398294405259,41674589021000,171538051000001,-4.045,3.759,-35.467,0
1398294405269,41674599031000,171538051000001,-4.045,3.759,-35.467,0
1398294405279,41674609040000,171538051000001,-4.045,3.759,-35.467,0
1398294405289,41674619050000,171538051000001,-4.045,3.759,-35.467,0
1398294405299,41674629060000,171538051000001,-4.045,4.141,-35.467,0
1398294405309,41674639070000,171538051000001,-4.045,4.141,-35.467,0
1398294405319,41674649079000,171538051000001,-4.353,4.141,-35.467,0
1398294405329,41674659089000,171538051000001,-4.353,4.141,-35.467,0
1398294405343,41674672792000,171538051000001,-4.353,4.487,-35.467,0
1398294405352,41674682374000,171538051000001,-4.353,4.487,-35.467,0
1398294405362,41674692292000,171538051000001,-4.353,4.487,-35.467,0
1398294405372,41674702333000,171538051000001,-4.353,4.487,-35.467,0
1398294405382,41674711274000,171538051000001,-4.353,4.792,-35.467,0
1398294405391,41674720552000,171538051000001,-4.353,4.792,-35.467,0
1398294405400,41674730409000,171538051000001,-4.353,4.792,-35.467,0
1398294405415,41674745362000,171538051000001,-4.353,4.792,-35.467,0
1398294405424,41674753449000,171538051000001,-4.353,4.792,-35.467,0
1398294405431,41674761262000,171538051000001,-4.353,4.792,-35.467,0
1398294405441,41674770875000,171538051000001,-4.353,5.096,-35.467,0
1398294405453,41674782838000,171538051000001,-4.353,5.096,-35.467,0
1398294405463,41674792878000,171538051000001,-4.353,5.096,-35.467,0
1398294405477,41674804078000,171538051000001,-4.353,5.096,-35.467,0
1398294405480,41674809266000,171538051000001,-4.353,5.096,-35.467,0
1398294405492,41674819551000,171538051000001,-4.353,5.096,-35.467,0
1398294405500,41674829316000,171538051000001,-4.017,5.096,-35.467,0
1398294405510,41674839295000,171538051000001,-4.017,5.096,-35.467,0
1398294405520,41674849305000,171538051000001,-4.017,5.096,-35.467,0
1398294405530,41674859315000,171538051000001,-4.017,5.096,-35.467,0
1398294405539,41674869325000,171538051000001,-4.017,5.096,-35.467,0
1398294405549,41674879335000,171538051000001,-4.017,5.096,-35.467,0
1398294405559,41674889344000,171538051000001,-3.704,5.096,-35.467,0
1398294405569,41674899354000,171538051000001,-3.704,5.096,-35.467,0
1398294405580,41674909364000,171538051000001,-3.704,5.096,-35.467,0
1398294405590,41674919374000,171538051000001,-3.704,5.096,-35.467,0
1398294405605,41674934785000,171538051000001,-3.704,5.096,-35.467,0
1398294405612,41674941804000,171538051000001,-3.367,5.096,-35.467,0
1398294405624,41674954194000,171538051000001,-3.367,5.096,-35.467,0
1398294405634,41674963563000,171538051000001,-3.367,4.794,-35.467,0
1398294405645,41674974763000,171538051000001,-3.367,4.794,-35.467,0
1398294405653,41674983308000,171538051000001,-3.367,4.794,-35.467,0
1398294405664,41674994416000,171538051000001,-3.01,4.794,-35.467,0
1398294405673,41675002748000,171538051000001,-3.01,4.794,-35.467,0
1398294405686,41675015992000,171538051000001,-3.01,4.794,-35.467,0
1398294405691,41675020845000,171538051000001,-3.01,4.794,-35.467,0
1398294405706,41675035798000,171538051000001,-3.01,4.794,-35.467,0
1398294405712,41675041810000,171538051000001,-3.01,4.794,-35.467,0
1398294405726,41675055757000,171538051000001,-3.01,4.794,-35.467,0
1398294405732,41675061708000,171538051000001,-3.01,4.794,-35.467,0
1398294405746,41675076051000,171538051000001,-3.01,4.794,-35.467,0
1398294405751,41675081086000,171538051000001,-3.01,4.794,-35.797,0
1398294405764,41675093385000,171538051000001,-3.01,4.794,-35.797,0
1398294405775,41675104737000,171538051000001,-3.01,4.794,-35.797,0
1398294405789,41675117463000,171538051000001,-3.327,4.794,-35.797,0
1398294405791,41675121003000,171538051000001,-3.327,4.794,-35.797,0
1398294405803,41675132783000,171538051000001,-3.327,4.794,-35.797,0
1398294405813,41675142945000,171538051000001,-3.327,4.794,-35.797,0
1398294405828,41675149659000,171538051000001,-3.327,4.794,-35.797,0
1398294405831,41675159669000,171538051000001,-3.327,4.794,-35.797,0
1398294405840,41675169679000,171538051000001,-3.327,4.794,-35.797,0
1398294405851,41675180574000,171538051000001,-3.327,4.794,-35.797,0
1398294405864,41675194398000,171538051000001,-3.327,4.794,-35.797,0
1398294405873,41675203034000,171538051000001,-3.327,4.794,-35.797,0
1398294405883,41675212739000,171538051000001,-3.657,4.794,-35.797,0
1398294405892,41675221772000,171538051000001,-3.657,4.794,-35.797,0
1398294405906,41675235902000,171538051000001,-3.657,4.794,-35.797,0
1398294405912,41675241914000,171538051000001,-3.657,4.794,-35.797,0
1398294405926,41675256257000,171538051000001,-3.657,4.794,-35.797,0
1398294405931,41675261293000,171538051000001,-3.657,4.794,-35.797,0
1398294405946,41675276002000,171538051000001,-3.657,4.794,-35.797,0
1398294405952,41675282014000,171538051000001,-3.657,4.794,-35.797,0
1398294405967,41675296418000,171538051000001,-3.657,4.794,-35.797,0
1398294405972,41675301484000,171538051000001,-3.657,4.794,-35.797,0
1398294405982,41675311830000,171538051000001,-3.657,4.794,-35.797,0
1398294405991,41675320100000,171538051000001,-3.657,4.794,-35.797,0
1398294406000,41675329774000,171538051000001,-3.657,4.794,-35.797,0
1398294406010,41675339784000,171538051000001,-3.657,4.473,-35.797,0
1398294406020,41675349793000,171538051000001,-3.657,4.473,-35.797,0
1398294406030,41675359773000,171538051000001,-3.657,4.473,-35.797,0
1398294406040,41675369813000,171538051000001,-3.657,4.473,-35.797,0
1398294406050,41675379792000,171538051000001,-3.657,4.473,-35.797,0
1398294406060,41675389833000,171538051000001,-3.657,4.473,-35.797,0
1398294406070,41675399873000,171538051000001,-3.657,4.473,-35.797,0
1398294406081,41675410798000,171538051000001,-3.657,4.473,-35.797,0
1398294406093,41675422517000,171538051000001,-3.657,4.473,-35.797,0
1398294406103,41675433168000,171538051000001,-3.657,4.473,-35.797,0
1398294406113,41675442781000,171538051000001,-3.657,4.473,-35.797,0
1398294406124,41675453736000,171538051000001,-3.657,4.473,-35.797,0
1398294406133,41675462800000,171538051000001,-3.657,4.473,-35.797,0
1398294406144,41675474000000,171538051000001,-3.657,4.473,-35.797,0
1398294406153,41675482911000,171538051000001,-3.657,4.473,-35.797,0
1398294406163,41675492768000,171538051000001,-3.657,4.473,-35.797,0
1398294406173,41675502778000,171538051000001,-3.657,4.473,-35.797,0
1398294406183,41675512910000,171538051000001,-4.008,4.473,-35.485,0
1398294406194,41675524354000,171538051000001,-4.008,4.473,-35.485,0
1398294406204,41675534364000,171538051000001,-4.008,4.473,-35.485,0
1398294406216,41675545594000,171538051000001,-4.008,4.473,-35.485,0
1398294406222,41675552369000,171538051000001,-4.008,4.473,-35.485,0
1398294406236,41675566316000,171538051000001,-4.008,4.473,-35.485,0
1398294406242,41675572297000,171538051000001,-4.318,4.473,-35.485,0
1398294406256,41675586274000,171538051000001,-4.318,4.473,-35.485,0
1398294406262,41675592225000,171538051000001,-4.318,4.473,-35.485,0
1398294406277,41675606538000,171538051000001,-4.318,4.473,-35.485,0
1398294406282,41675611543000,171538051000001,-4.318,4.473,-35.485,0
1398294406297,41675626527000,171538051000001,-4.318,4.473,-35.485,0
1398294406302,41675631623000,171538051000001,-4.318,4.473,-35.485,0
1398294406316,41675646363000,171538051000001,-4.318,4.473,-35.485,0
1398294406324,41675654023000,171538051000001,-4.318,4.473,-35.485,0
1398294406335,41675665437000,171538051000001,-4.318,4.473,-35.485,0
1398294406344,41675673554000,171538051000001,-4.014,4.473,-35.485,0
1398294406356,41675685670000,171538051000001,-4.014,4.122,-35.485,0
1398294406364,41675693757000,171538051000001,-4.014,4.122,-35.485,0
1398294406376,41675705903000,171538051000001,-4.014,4.122,-35.485,0
1398294406382,41675710816000,171538051000001,-3.692,4.122,-35.485,0
1398294406391,41675721223000,171538051000001,-3.692,4.122,-35.485,0
1398294406401,41675730958000,171538051000001,-3.692,4.122,-35.485,0
1398294406413,41675742768000,171538051000001,-3.692,4.122,-35.485,0
1398294406422,41675751771000,171538051000001,-3.692,4.122,-35.485,0
1398294406432,41675761598000,171538051000001,-3.692,4.122,-35.485,0
1398294406443,41675772340000,171538051000001,-3.692,4.122,-35.485,0
1398294406452,41675781831000,171538051000001,-3.692,4.122,-35.485,0
1398294406462,41675791963000,171538051000001,-3.692,4.122,-35.485,0
1398294406472,41675801789000,171538051000001,-3.692,4.122,-35.485,0
1398294406482,41675811616000,171538051000001,-3.692,4.122,-35.485,0
1398294406491,41675820252000,171538051000001,-3.692,4.122,-35.485,0
1398294406502,41675831788000,171538051000001,-3.692,4.122,-35.485,0
1398294406510,41675840303000,171538051000001,-3.692,4.122,-35.485,0
1398294406520,41675850251000,171538051000001,-3.692,4.122,-35.485,0
1398294406530,41675860261000,171538051000001,-3.692,4.122,-35.485,0
1398294406540,41675870271000,171538051000001,-3.692,4.122,-35.485,0
1398294406550,41675880281000,171538051000001,-3.692,4.122,-35.485,0
1398294406560,41675890321000,171538051000001,-3.692,4.122,-35.485,0
1398294406570,41675900331000,171538051000001,-3.692,4.122,-35.485,0
1398294406581,41675910646000,171538051000001,-3.692,4.122,-35.485,0
1398294406594,41675923921000,171538051000001,-3.692,4.122,-35.485,0
1398294406603,41675932710000,171538051000001,-3.692,4.122,-35.485,0
1398294406617,41675946717000,171538051000001,-3.692,4.122,-35.485,0
1398294406622,41675952302000,171538051000001,-3.692,4.122,-35.485,0
1398294406637,41675966676000,171538051000001,-4.005,4.122,-35.485,0
1398294406643,41675972596000,171538051000001,-4.005,4.122,-35.485,0
1398294406657,41675986909000,171538051000001,-4.005,4.122,-35.485,0
1398294406661,41675990571000,171538051000001,-4.005,4.122,-35.485,0
1398294406674,41676004273000,171538051000001,-4.005,4.122,-35.485,0
1398294406685,41676014497000,171538051000001,-4.005,3.822,-35.485,0
1398294406697,41676026612000,171538051000001,-4.005,3.822,-35.485,0
1398294406709,41676037873000,171538051000001,-4.005,3.822,-35.485,0
1398294406711,41676040650000,171538051000001,-4.005,3.822,-35.485,0
1398294406721,41676051240000,171538051000001,-4.321,3.822,-35.485,0
1398294406734,41676064057000,171538051000001,-4.321,3.822,-35.485,0
1398294406744,41676074067000,171538051000001,-4.321,3.822,-35.485,0
1398294406754,41676083955000,171538051000001,-4.321,3.822,-35.485,0
1398294406764,41676094300000,171538051000001,-4.321,3.822,-35.485,0
1398294406774,41676104066000,171538051000001,-4.321,3.822,-35.485,0
1398294406784,41676114228000,171538051000001,-4.321,3.477,-35.485,0
1398294406796,41676126344000,171538051000001,-4.321,3.477,-35.485,0
1398294406803,41676133119000,171538051000001,-4.321,3.477,-35.485,0
1398294406817,41676147187000,171538051000001,-4.321,3.477,-35.485,0
1398294406822,41676152040000,171538051000001,-4.321,3.477,-35.485,0
1398294406837,41676166841000,171538051000001,-4.321,3.477,-35.485,0
1398294406843,41676172730000,171538051000001,-4.321,3.477,-35.485,0
1398294406857,41676186982000,171538051000001,-4.321,3.477,-35.485,0
1398294406865,41676194490000,171538051000001,-4.321,3.477,-35.485,0
1398294406876,41676205903000,171538051000001,-4.321,3.477,-35.485,0
1398294406884,41676214448000,171538051000001,-4.321,3.477,-35.485,0
1398294406896,41676225648000,171538051000001,-4.321,3.477,-35.485,0
1398294406903,41676233064000,171538051000001,-4.321,3.477,-35.485,0
1398294406917,41676247102000,171538051000001,-4.008,3.477,-35.485,0
1398294406922,41676252076000,171538051000001,-4.008,3.477,-35.485,0
1398294406937,41676266969000,171538051000001,-4.008,3.477,-35.485,0
1398294406941,41676271485000,171538051000001,-4.008,3.477,-35.485,0
1398294406957,41676286958000,171538051000001,-4.008,3.477,-35.485,0
1398294406963,41676292543000,171538051000001,-4.008,3.477,-35.485,0
1398294406974,41676304261000,171538051000001,-4.008,3.477,-35.485,0
1398294406982,41676312104000,171538051000001,-4.008,3.477,-35.485,0
1398294406993,41676322999000,171538051000001,-4.008,3.477,-35.485,0
1398294407017,41676337434000,171538051000001,-4.008,3.477,-35.485,0
1398294407021,41676341004000,171538051000001,-4.008,3.129,-35.485,0
1398294407024,41676350831000,171538051000001,-4.008,3.129,-35.485,0
1398294407034,41676361543000,171538051000001,-4.008,3.129,-35.485,0
1398294407048,41676372315000,171538051000001,-4.008,3.129,-35.485,0
1398294407058,41676380830000,171538051000001,-4.008,3.129,-35.485,0
1398294407064,41676390809000,171538051000001,-4.008,3.129,-35.485,0
1398294407072,41676400788000,171538051000001,-4.008,3.129,-35.485,0
1398294407081,41676410768000,171538051000001,-4.008,2.818,-35.485,0
1398294407097,41676420808000,171538051000001,-4.008,2.818,-35.485,0
1398294407108,41676430848000,171538051000001,-4.348,2.818,-35.485,0
1398294407112,41676440827000,171538051000001,-4.348,2.818,-35.485,0
1398294407121,41676450868000,171538051000001,-4.348,2.818,-35.485,0
1398294407132,41676460847000,171538051000001,-4.348,2.818,-35.485,0
1398294407141,41676470857000,171538051000001,-4.348,2.818,-35.485,0
1398294407151,41676480836000,171538051000001,-4.348,2.818,-35.485,0
1398294407161,41676490876000,171538051000001,-4.348,2.499,-35.485,0
1398294407174,41676504365000,171538051000001,-4.348,2.499,-35.485,0
1398294407184,41676514344000,171538051000001,-4.348,2.499,-35.485,0
1398294407193,41676522798000,171538051000001,-4.348,2.499,-35.485,0
1398294407203,41676531251000,171538051000001,-4.348,2.499,-35.485,0
1398294407213,41676542939000,171538051000001,-4.348,2.499,-35.485,0
1398294407225,41676554750000,171538051000001,-4.348,2.499,-35.485,0
1398294407233,41676562806000,171538051000001,-4.348,2.499,-35.485,0
1398294407247,41676577180000,171538051000001,-4.348,2.16,-35.485,0
1398294407253,41676583619000,171538051000001,-4.348,2.16,-35.485,0
1398294407266,41676593263000,171538051000001,-4.348,2.16,-35.485,0
1398294407273,41676602235000,171538051000001,-4.348,2.16,-35.485,0
1398294407287,41676612519000,171538051000001,-4.348,2.16,-35.485,0
1398294407292,41676621003000,171538051000001,-3.965,2.16,-35.485,0
1398294407302,41676631105000,171538051000001,-3.965,2.16,-35.485,0
1398294407333,41676641450000,171538051000001,-3.965,1.838,-35.485,0
1398294407337,41676651063000,171538051000001,-3.965,1.838,-35.485,0
1398294407343,41676661042000,171538051000001,-3.965,1.838,-35.485,0
1398294407345,41676671052000,171538051000001,-3.66,1.838,-35.485,0
1398294407353,41676681092000,171538051000001,-3.66,1.838,-35.485,0
1398294407362,41676691865000,171538051000001,-3.66,1.838,-35.485,0
1398294407371,41676701112000,171538051000001,-3.66,1.838,-35.485,0
1398294407386,41676711152000,171538051000001,-3.66,1.838,-35.485,0
1398294407394,41676721162000,171538051000001,-3.66,1.838,-35.485,0
1398294407423,41676735719000,171538051000001,-3.66,1.838,-35.485,0
1398294407425,41676741120000,171538051000001,-3.66,1.838,-35.485,0
1398294407427,41676751313000,171538051000001,-3.66,1.838,-35.485,0
1398294407434,41676761201000,171538051000001,-3.66,1.838,-35.485,0
1398294407443,41676771699000,171538051000001,-3.66,1.838,-35.485,0
1398294407451,41676781220000,171538051000001,-3.66,1.838,-35.485,0
1398294407461,41676791169000,171538051000001,-3.66,1.838,-35.485,0
1398294407471,41676801210000,171538051000001,-3.66,1.838,-35.485,0
1398294407481,41676811189000,171538051000001,-3.66,1.838,-35.485,0
1398294407494,41676821229000,171538051000001,-3.66,1.838,-35.485,0
1398294407503,41676831239000,171538051000001,-3.66,1.838,-35.485,0
1398294407511,41676841279000,171538051000001,-3.66,1.838,-35.485,0
1398294407521,41676851258000,171538051000001,-3.66,1.838,-35.485,0
1398294407531,41676861238000,171538051000001,-3.66,1.838,-35.485,0
1398294407541,41676871247000,171538051000001,-3.66,1.838,-35.485,0
1398294407551,41676881257000,171538051000001,-3.66,1.838,-35.485,0
1398294407561,41676891267000,171538051000001,-3.66,1.838,-35.485,0
1398294407571,41676901307000,171538051000001,-3.66,1.838,-35.485,0
1398294407583,41676912843000,171538051000001,-3.66,1.838,-35.485,0
1398294407591,41676921357000,171538051000001,-3.66,1.838,-35.485,0
1398294407601,41676931336000,171538051000001,-3.66,1.838,-35.485,0
1398294407611,41676941346000,171538051000001,-3.66,1.838,-35.485,0
1398294407622,41676951692000,171538051000001,-3.66,1.838,-35.485,0
1398294407631,41676961305000,171538051000001,-3.66,1.838,-35.485,0
1398294407641,41676971314000,171538051000001,-3.66,1.838,-35.485,0
1398294407651,41676981324000,171538051000001,-3.66,1.838,-35.485,0
1398294407661,41676991334000,171538051000001,-3.66,1.838,-35.485,0
1398294407671,41677001344000,171538051000001,-3.66,1.838,-35.485,0
1398294407681,41677011384000,171538051000001,-3.66,1.838,-35.485,0
1398294407691,41677021394000,171538051000001,-3.66,1.838,-35.485,0
1398294407702,41677031404000,171538051000001,-3.66,1.838,-35.485,0
1398294407711,41677041444000,171538051000001,-3.66,1.838,-35.485,0
1398294407721,41677051423000,171538051000001,-3.66,1.838,-35.485,0
1398294407734,41677061433000,171538051000001,-3.66,1.838,-35.485,0
1398294407745,41677071443000,171538051000001,-3.66,1.838,-35.485,0
1398294407753,41677081483000,171538051000001,-3.66,1.838,-35.485,0
1398294407765,41677092988000,171538051000001,-3.66,1.838,-35.485,0
1398294407772,41677101533000,171538051000001,-3.66,1.838,-35.485,0
1398294407782,41677111482000,171538051000001,-3.66,1.838,-35.485,0
1398294407817,41677121491000,171538051000001,-3.66,1.487,-35.485,0
1398294407819,41677131562000,171538051000001,-3.66,1.487,-35.485,0
1398294407821,41677141481000,171538051000001,-3.66,1.487,-35.485,0
1398294407822,41677151521000,171538051000001,-3.66,1.487,-35.485,0
1398294407831,41677161531000,171538051000001,-3.66,1.487,-35.485,0
1398294407841,41677171540000,171538051000001,-3.66,1.487,-35.485,0
1398294407851,41677181550000,171538051000001,-3.303,1.487,-35.485,0
1398294407862,41677191529000,171538051000001,-3.303,1.487,-35.485,0
1398294407872,41677201570000,171538051000001,-3.303,1.487,-35.485,0
1398294407881,41677211549000,171538051000001,-3.303,1.487,-35.485,0
1398294407898,41677221589000,171538051000001,-3.303,1.487,-35.485,0
1398294407903,41677231813000,171538051000001,-2.972,1.487,-35.485,0
1398294407914,41677241670000,171538051000001,-2.972,1.487,-35.485,0
1398294407922,41677251618000,171538051000001,-2.972,1.487,-35.485,0
1398294407932,41677262147000,171538051000001,-2.972,1.487,-35.485,0
1398294407943,41677273164000,171538051000001,-2.972,1.173,-35.786,0
1398294407952,41677281678000,171538051000001,-2.659,1.173,-35.786,0
1398294407962,41677291627000,171538051000001,-2.659,1.173,-35.786,0
1398294407977,41677301667000,171538051000001,-2.659,1.173,-35.786,0
1398294407986,41677311677000,171538051000001,-2.659,1.173,-35.786,0
1398294407992,41677321687000,171538051000001,-2.659,1.173,-35.786,0
1398294408002,41677331666000,171538051000001,-2.659,1.173,-35.786,0
1398294408013,41677341676000,171538051000001,-2.659,1.173,-35.786,0
1398294408022,41677351686000,171538051000001,-2.659,1.173,-35.786,0
1398294408032,41677361695000,171538051000001,-2.659,1.173,-35.786,0
1398294408042,41677371705000,171538051000001,-3.022,1.496,-35.786,0
1398294408052,41677381898000,171538051000001,-3.022,1.496,-35.786,0
1398294408063,41677391725000,171538051000001,-3.022,1.496,-35.786,0
1398294408072,41677401765000,171538051000001,-3.402,1.496,-35.786,0
1398294408082,41677411988000,171538051000001,-3.402,1.826,-35.786,0
1398294408092,41677421784000,171538051000001,-3.402,1.826,-35.786,0
1398294408102,41677431825000,171538051000001,-3.799,1.826,-35.786,0
1398294408113,41677441804000,171538051000001,-3.799,1.826,-35.786,0
1398294408123,41677453340000,171538051000001,-3.799,1.826,-35.786,0
1398294408132,41677461885000,171538051000001,-3.799,2.13,-35.786,0
1398294408142,41677471803000,171538051000001,-3.799,2.13,-35.786,0
1398294408152,41677481813000,171538051000001,-4.173,2.13,-35.441,0
1398294408165,41677491822000,171538051000001,-4.173,2.13,-35.441,0
1398294408172,41677501832000,171538051000001,-4.173,2.13,-35.441,0
1398294408182,41677511872000,171538051000001,-4.475,2.13,-35.441,0
1398294408192,41677521852000,171538051000001,-4.475,2.45,-35.441,0
1398294408202,41677531892000,171538051000001,-4.475,2.45,-35.441,0
1398294408214,41677541902000,171538051000001,-4.475,2.45,-35.441,0
1398294408222,41677551911000,171538051000001,-4.475,2.45,-35.441,0
1398294408236,41677566041000,171538051000001,-4.475,2.45,-35.441,0
1398294408242,41677571870000,171538051000001,-4.475,2.45,-35.441,0
1398294408252,41677581910000,171538051000001,-4.475,2.45,-35.441,0
1398294408262,41677591920000,171538051000001,-4.475,2.45,-35.441,0
1398294408273,41677601960000,171538051000001,-4.475,2.45,-35.441,0
1398294408283,41677611970000,171538051000001,-4.475,2.45,-35.441,0
1398294408292,41677621949000,171538051000001,-4.475,2.45,-35.441,0
1398294408304,41677633515000,171538051000001,-4.475,2.45,-35.441,0
1398294408312,41677641999000,171538051000001,-4.475,2.45,-35.441,0
1398294408323,41677652009000,171538051000001,-4.475,2.45,-35.441,0
1398294408333,41677661988000,171538051000001,-4.475,2.45,-35.441,0
1398294408342,41677671968000,171538051000001,-4.475,2.45,-35.441,0
1398294408352,41677682008000,171538051000001,-4.475,2.45,-35.441,0
1398294408362,41677692018000,171538051000001,-4.475,2.117,-35.441,0
1398294408372,41677702027000,171538051000001,-4.475,2.117,-35.441,0
1398294408382,41677712495000,171538051000001,-4.475,2.117,-35.441,0
1398294408392,41677722047000,171538051000001,-4.475,2.117,-35.441,0
1398294408408,41677732087000,171538051000001,-4.475,2.117,-35.441,0
1398294408416,41677742097000,171538051000001,-4.475,2.117,-35.441,0
1398294408422,41677752076000,171538051000001,-4.818,2.117,-35.441,0
1398294408432,41677762086000,171538051000001,-4.818,2.117,-35.441,0
1398294408442,41677772096000,171538051000001,-4.818,2.117,-35.441,0
1398294408452,41677782106000,171538051000001,-4.818,2.117,-35.441,0
1398294408462,41677792085000,171538051000001,-4.818,2.117,-35.441,0
1398294408472,41677802125000,171538051000001,-5.146,2.117,-35.441,0
1398294408484,41677813691000,171538051000001,-5.146,2.465,-35.441,0
1398294408492,41677822175000,171538051000001,-5.146,2.465,-35.441,0
1398294408502,41677832154000,171538051000001,-5.146,2.465,-35.441,0
1398294408512,41677842530000,171538051000001,-5.146,2.465,-35.441,0
1398294408522,41677852174000,171538051000001,-5.146,2.832,-35.441,0
1398294408532,41677862214000,171538051000001,-5.146,2.832,-35.441,0
1398294408547,41677876649000,171538051000001,-5.146,2.832,-35.441,0
1398294408552,41677882203000,171538051000001,-5.146,2.832,-35.441,0
1398294408562,41677892213000,171538051000001,-5.146,3.207,-35.441,0
1398294408572,41677902223000,171538051000001,-5.146,3.207,-35.441,0
1398294408582,41677912232000,171538051000001,-5.146,3.207,-35.441,0
1398294408592,41677922242000,171538051000001,-5.146,3.207,-35.441,0
1398294408603,41677932252000,171538051000001,-5.146,3.585,-35.441,0
1398294408612,41677942262000,171538051000001,-5.146,3.585,-35.441,0
1398294408622,41677952272000,171538051000001,-5.146,3.585,-35.441,0
1398294408635,41677962281000,171538051000001,-5.146,3.585,-35.441,0
1398294408643,41677972383000,171538051000001,-5.146,3.585,-35.441,0
1398294408654,41677982392000,171538051000001,-5.146,3.585,-35.441,0
1398294408664,41677993867000,171538051000001,-5.146,3.929,-35.441,0
1398294408672,41678002381000,171538051000001,-5.146,3.929,-35.441,0
1398294408682,41678012361000,171538051000001,-5.146,3.929,-35.441,0
1398294408692,41678022340000,171538051000001,-5.146,3.929,-35.441,0
1398294408702,41678032350000,171538051000001,-5.146,3.929,-35.441,0
1398294408712,41678042329000,171538051000001,-5.146,3.929,-35.441,0
1398294408722,41678052369000,171538051000001,-5.146,3.929,-35.441,0
1398294408732,41678062379000,171538051000001,-5.146,3.929,-35.441,0
1398294408742,41678072389000,171538051000001,-5.146,3.929,-35.441,0
1398294408753,41678082765000,171538051000001,-5.146,3.929,-35.441,0
1398294408762,41678092408000,171538051000001,-5.146,3.929,-35.441,0
1398294408772,41678102418000,171538051000001,-5.146,3.929,-35.441,0
1398294408782,41678112397000,171538051000001,-5.146,3.929,-35.441,0
1398294408792,41678122407000,171538051000001,-5.146,3.929,-35.441,0
1398294408802,41678132417000,171538051000001,-5.146,3.929,-35.441,0
1398294408813,41678142457000,171538051000001,-5.146,3.929,-35.441,0
1398294408823,41678152467000,171538051000001,-5.146,3.929,-35.441,0
1398294408833,41678162477000,171538051000001,-5.146,3.929,-35.441,0
1398294408850,41678179109000,171538051000001,-5.146,3.929,-35.441,0
1398294408852,41678182527000,171538051000001,-5.146,3.929,-35.441,0
1398294408862,41678192567000,171538051000001,-5.146,3.602,-35.441,0
1398294408872,41678202485000,171538051000001,-5.146,3.602,-35.441,0
1398294408883,41678212525000,171538051000001,-5.146,3.602,-35.441,0
1398294408893,41678222505000,171538051000001,-4.826,3.602,-35.441,0
1398294408903,41678232545000,171538051000001,-4.826,3.602,-35.441,0
1398294408913,41678242555000,171538051000001,-4.826,3.602,-35.441,0
1398294408923,41678252564000,171538051000001,-4.826,3.602,-35.441,0
1398294408933,41678262574000,171538051000001,-4.826,3.602,-35.441,0
1398294408946,41678272615000,171538051000001,-4.826,3.602,-35.441,0
1398294408953,41678283082000,171538051000001,-4.826,3.602,-35.441,0
1398294408963,41678292604000,171538051000001,-4.826,3.602,-35.441,0
1398294408973,41678302613000,171538051000001,-4.826,3.602,-35.441,0
1398294408983,41678312593000,171538051000001,-4.826,3.602,-35.441,0
1398294408992,41678322602000,171538051000001,-4.826,3.602,-35.441,0
1398294409002,41678332612000,171538051000001,-4.826,3.279,-35.441,0
1398294409013,41678342652000,171538051000001,-4.826,3.279,-35.441,0
1398294409024,41678354188000,171538051000001,-4.826,3.279,-35.441,0
1398294409033,41678362702000,171538051000001,-4.826,3.279,-35.441,0
1398294409042,41678372651000,171538051000001,-4.826,3.279,-35.441,0
1398294409053,41678382783000,171538051000001,-4.826,3.279,-35.441,0
1398294409062,41678392701000,171538051000001,-4.507,3.279,-35.441,0
1398294409073,41678402711000,171538051000001,-4.507,3.279,-35.441,0
1398294409083,41678412721000,171538051000001,-4.507,3.279,-35.441,0
1398294409093,41678422731000,171538051000001,-4.507,3.279,-35.441,0
1398294409103,41678432740000,171538051000001,-4.507,3.279,-35.441,0
1398294409113,41678442750000,171538051000001,-4.507,2.966,-35.441,0
1398294409123,41678452760000,171538051000001,-4.183,2.966,-35.441,0
1398294409133,41678462770000,171538051000001,-4.183,2.966,-35.441,0
1398294409143,41678472779000,171538051000001,-4.183,2.966,-35.441,0
1398294409158,41678487733000,171538051000001,-4.183,2.966,-35.441,0
1398294409163,41678492799000,171538051000001,-4.183,2.966,-35.441,0
1398294409173,41678502778000,171538051000001,-4.183,2.627,-35.441,0
1398294409183,41678512818000,171538051000001,-4.183,2.627,-35.441,0
1398294409194,41678522859000,171538051000001,-4.183,2.627,-35.441,0
1398294409206,41678534425000,171538051000001,-4.183,2.627,-35.441,0
1398294409213,41678542909000,171538051000001,-4.183,2.627,-35.441,0
1398294409224,41678553041000,171538051000001,-4.183,2.627,-35.441,0
1398294409233,41678563050000,171538051000001,-4.183,2.627,-35.441,0
1398294409243,41678572877000,171538051000001,-4.183,2.627,-35.441,0
1398294409253,41678582856000,171538051000001,-4.183,2.627,-35.441,0
1398294409263,41678592897000,171538051000001,-4.183,2.307,-35.441,0
1398294409273,41678602906000,171538051000001,-4.183,2.307,-35.441,0
1398294409283,41678612886000,171538051000001,-4.183,2.307,-35.441,0
1398294409293,41678622895000,171538051000001,-4.183,2.307,-35.441,0
1398294409303,41678632936000,171538051000001,-4.183,1.995,-35.441,0
1398294409313,41678642915000,171538051000001,-4.183,1.995,-35.441,0
1398294409323,41678652925000,171538051000001,-4.183,1.995,-35.441,0
1398294409334,41678663331000,171538051000001,-4.183,1.995,-35.441,0
1398294409344,41678672975000,171538051000001,-4.183,1.644,-35.441,0
1398294409354,41678682984000,171538051000001,-4.183,1.644,-35.441,0
1398294409366,41678692994000,171538051000001,-4.183,1.644,-35.441,0
1398294409373,41678702973000,171538051000001,-4.183,1.644,-35.441,0
1398294409387,41678714540000,171538051000001,-4.183,1.644,-35.441,0
1398294409393,41678723054000,171538051000001,-4.183,1.296,-35.441,0
1398294409403,41678733033000,171538051000001,-4.183,1.296,-35.441,0
1398294409413,41678743012000,171538051000001,-4.183,1.296,-35.441,0
1398294409423,41678753022000,171538051000001,-4.183,1.296,-35.441,0
1398294409433,41678763032000,171538051000001,-4.183,0.996,-35.441,0
1398294409444,41678773072000,171538051000001,-4.183,0.996,-35.441,0
1398294409453,41678783082000,171538051000001,-4.183,0.996,-35.441,0
1398294409467,41678794923000,171538051000001,-3.804,0.996,-35.441,0
1398294409473,41678803071000,171538051000001,-3.804,0.996,-35.441,0
1398294409483,41678813081000,171538051000001,-3.804,0.996,-35.441,0
1398294409493,41678823091000,171538051000001,-3.804,0.996,-35.441,0
1398294409504,41678833131000,171538051000001,-3.425,0.996,-35.441,0
1398294409514,41678843141000,171538051000001,-3.425,0.663,-35.441,0
1398294409523,41678853120000,171538051000001,-3.425,0.663,-35.441,0
1398294409533,41678863160000,171538051000001,-3.425,0.663,-35.441,0
1398294409544,41678873170000,171538051000001,-3.425,0.663,-35.441,0
1398294409553,41678883149000,171538051000001,-3.048,0.663,-35.752,0
1398294409565,41678894715000,171538051000001,-3.048,0.663,-35.752,0
1398294409577,41678903230000,171538051000001,-3.048,0.663,-35.752,0
1398294409583,41678913209000,171538051000001,-3.048,0.663,-35.752,0
1398294409597,41678923219000,171538051000001,-3.048,0.663,-35.752,0
1398294409603,41678933259000,171538051000001,-3.048,0.663,-35.752,0
1398294409613,41678943208000,171538051000001,-3.048,0.663,-35.752,0
1398294409623,41678953218000,171538051000001,-3.048,1.023,-35.752,0
1398294409633,41678963227000,171538051000001,-3.048,1.023,-35.752,0
1398294409643,41678973268000,171538051000001,-3.048,1.023,-35.752,0
1398294409656,41678983308000,171538051000001,-3.048,1.412,-35.752,0
1398294409663,41678993287000,171538051000001,-3.048,1.412,-35.752,0
1398294409673,41679003297000,171538051000001,-3.048,1.873,-35.752,0
1398294409683,41679013307000,171538051000001,-3.048,1.873,-35.752,0
1398294409698,41679023316000,171538051000001,-3.048,1.873,-35.752,0
1398294409704,41679033418000,171538051000001,-3.378,1.873,-35.752,0
1398294409715,41679043366000,171538051000001,-3.378,2.239,-35.752,0
1398294409723,41679053315000,171538051000001,-3.378,2.239,-35.752,0
1398294409733,41679063356000,171538051000001,-3.378,2.239,-35.752,0
1398294409745,41679074891000,171538051000001,-3.378,2.593,-35.752,0
1398294409753,41679083406000,171538051000001,-3.785,2.593,-35.752,0
1398294409764,41679093354000,171538051000001,-3.785,2.593,-35.752,0
1398294409777,41679106721000,171538051000001,-3.785,2.909,-35.752,0
1398294409783,41679113374000,171538051000001,-3.785,2.909,-35.752,0
1398294409794,41679123384000,171538051000001,-3.785,2.909,-35.752,0
1398294409804,41679133515000,171538051000001,-3.785,2.909,-35.752,0
1398294409813,41679143403000,171538051000001,-3.785,2.909,-35.752,0
1398294409823,41679153413000,171538051000001,-4.118,2.909,-35.752,0
1398294409833,41679163423000,171538051000001,-4.118,2.909,-35.752,0
1398294409843,41679173463000,171538051000001,-4.118,2.909,-35.752,0
1398294409853,41679183625000,171538051000001,-4.118,2.909,-35.752,0
1398294409863,41679193452000,171538051000001,-4.118,2.909,-35.752,0
1398294409873,41679203462000,171538051000001,-4.118,2.909,-35.752,0
1398294409883,41679213502000,171538051000001,-4.118,2.909,-35.752,0
1398294409893,41679223512000,171538051000001,-4.118,2.909,-35.752,0
1398294409903,41679233491000,171538051000001,-4.118,2.909,-35.752,0
1398294409913,41679243501000,171538051000001,-4.118,2.909,-35.752,0
1398294409925,41679255067000,171538051000001,-4.118,2.909,-35.752,0
1398294409933,41679263551000,171538051000001,-4.118,2.909,-35.752,0
1398294409943,41679273530000,171538051000001,-4.118,2.909,-35.752,0
1398294409953,41679283540000,171538051000001,-4.118,2.909,-35.752,0
1398294409963,41679293550000,171538051000001,-4.118,2.909,-35.752,0
1398294409973,41679303559000,171538051000001,-4.118,2.909,-35.752,0
1398294409984,41679313600000,171538051000001,-4.118,2.909,-35.752,0
1398294409993,41679323579000,171538051000001,-3.81,2.909,-35.752,0
1398294410004,41679333589000,171538051000001,-3.81,2.909,-35.752,0
1398294410014,41679343598000,171538051000001,-3.81,2.909,-35.752,0
1398294410026,41679353608000,171538051000001,-3.81,2.909,-35.752,0
1398294410034,41679363618000,171538051000001,-3.427,2.583,-35.752,0
1398294410047,41679373658000,171538051000001,-3.427,2.583,-35.752,0
1398294410054,41679383668000,171538051000001,-3.427,2.583,-35.752,0
1398294410064,41679393678000,171538051000001,-3.427,2.583,-35.752,0
1398294410079,41679408662000,171538051000001,-3.427,2.583,-35.752,0
1398294410090,41679413667000,171538051000001,-3.427,2.583,-35.752,0
1398294410098,41679423707000,171538051000001,-3.427,2.583,-35.752,0
1398294410105,41679435243000,171538051000001,-3.115,2.583,-35.752,0
1398294410114,41679443727000,171538051000001,-3.115,2.583,-35.752,0
1398294410124,41679453706000,171538051000001,-3.115,2.583,-35.752,0
1398294410134,41679463716000,171538051000001,-3.115,2.583,-35.752,0
1398294410144,41679473725000,171538051000001,-3.115,2.583,-35.752,0
1398294410154,41679483735000,171538051000001,-3.115,2.583,-35.752,0
1398294410164,41679493745000,171538051000001,-3.115,2.583,-35.752,0
1398294410174,41679503755000,171538051000001,-3.115,2.583,-35.752,0
1398294410184,41679513795000,171538051000001,-3.115,2.583,-35.752,0
1398294410194,41679523805000,171538051000001,-3.115,2.583,-35.752,0
1398294410204,41679533814000,171538051000001,-3.115,2.583,-35.752,0
1398294410214,41679543824000,171538051000001,-3.454,2.914,-35.752,0
1398294410224,41679553834000,171538051000001,-3.454,2.914,-35.752,0
1398294410234,41679563813000,171538051000001,-3.454,2.914,-35.752,0
1398294410244,41679573854000,171538051000001,-3.454,2.914,-35.752,0
1398294410254,41679583833000,171538051000001,-3.759,3.215,-35.752,0
1398294410264,41679593873000,171538051000001,-3.759,3.215,-35.752,0
1398294410274,41679603852000,171538051000001,-3.759,3.215,-35.752,0
1398294410286,41679615418000,171538051000001,-3.759,3.215,-35.752,0
1398294410294,41679623963000,171538051000001,-3.759,3.215,-35.752,0
1398294410304,41679633882000,171538051000001,-4.071,3.215,-35.752,0
1398294410314,41679643891000,171538051000001,-4.071,3.215,-35.752,0
1398294410324,41679653901000,171538051000001,-4.071,3.215,-35.752,0
1398294410334,41679663941000,171538051000001,-4.071,3.547,-35.752,0
1398294410345,41679673951000,171538051000001,-4.071,3.547,-35.752,0
1398294410354,41679683930000,171538051000001,-4.071,3.547,-35.752,0
1398294410364,41679693940000,171538051000001,-4.071,3.547,-35.752,0
1398294410374,41679703950000,171538051000001,-4.071,3.547,-35.752,0
1398294410387,41679716310000,171538051000001,-4.071,3.547,-35.752,0
1398294410394,41679723970000,171538051000001,-4.071,3.547,-35.752,0
1398294410404,41679733979000,171538051000001,-4.071,3.547,-35.752,0
1398294410414,41679743989000,171538051000001,-4.071,3.547,-35.752,0
1398294410425,41679753999000,171538051000001,-4.071,3.547,-35.752,0
1398294410434,41679764009000,171538051000001,-4.071,3.547,-35.752,0
1398294410444,41679774018000,171538051000001,-4.071,3.547,-35.752,0
1398294410454,41679784028000,171538051000001,-4.071,3.547,-35.752,0
1398294410465,41679795564000,171538051000001,-4.071,3.547,-35.752,0
1398294410474,41679804109000,171538051000001,-4.071,3.547,-35.752,0
1398294410484,41679814057000,171538051000001,-4.071,3.547,-35.752,0
1398294410494,41679824067000,171538051000001,-4.071,3.547,-35.752,0
1398294410504,41679834077000,171538051000001,-4.071,3.547,-35.752,0
1398294410514,41679844087000,171538051000001,-4.071,3.547,-35.752,0
1398294410524,41679854096000,171538051000001,-4.391,3.547,-35.752,0
1398294410534,41679864106000,171538051000001,-4.391,3.547,-35.752,0
1398294410544,41679874147000,171538051000001,-4.391,3.547,-35.752,0
1398294410554,41679884126000,171538051000001,-4.391,3.547,-35.752,0
1398294410564,41679894136000,171538051000001,-4.391,3.547,-35.752,0
1398294410574,41679904145000,171538051000001,-4.391,3.547,-35.752,0
1398294410584,41679914155000,171538051000001,-4.391,3.547,-35.752,0
1398294410594,41679924165000,171538051000001,-4.391,3.547,-35.752,0
1398294410604,41679934175000,171538051000001,-4.391,3.547,-35.752,0
1398294410614,41679944184000,171538051000001,-4.391,3.547,-35.752,0
1398294410624,41679954194000,171538051000001,-4.391,3.547,-35.752,0
1398294410634,41679964204000,171538051000001,-4.391,3.547,-35.43,0
1398294410648,41679977174000,171538051000001,-4.391,3.547,-35.43,0
1398294410658,41679988160000,171538051000001,-4.391,3.547,-35.43,0
1398294410668,41679998231000,171538051000001,-4.391,3.547,-35.43,0
1398294410678,41680008424000,171538051000001,-4.391,3.547,-35.43,0
1398294410688,41680015809000,171538051000001,-4.391,3.547,-35.43,0
1398294410700,41680030366000,171538051000001,-4.391,3.547,-35.43,0
1398294410705,41680034669000,171538051000001,-4.391,3.547,-35.43,0
1398294410717,41680044465000,171538051000001,-4.391,3.547,-35.43,0
1398294410728,41680054292000,171538051000001,-4.391,3.547,-35.43,0
1398294410736,41680065461000,171538051000001,-4.08,3.547,-35.43,0
1398294410745,41680074372000,171538051000001,-4.08,3.547,-35.43,0
1398294410757,41680085053000,171538051000001,-4.08,3.21,-35.43,0
1398294410767,41680094361000,171538051000001,-4.08,3.21,-35.746,0
1398294410777,41680104402000,171538051000001,-4.08,3.21,-35.746,0
1398294410792,41680118684000,171538051000001,-3.771,3.21,-35.746,0
1398294410795,41680124330000,171538051000001,-3.771,3.21,-35.746,0
1398294410807,41680136140000,171538051000001,-3.771,3.21,-35.746,0
1398294410821,41680144410000,171538051000001,-3.771,3.21,-35.746,0
1398294410828,41680155946000,171538051000001,-3.771,3.21,-35.746,0
1398294410847,41680164460000,171538051000001,-3.771,3.21,-35.746,0
1398294410848,41680174439000,171538051000001,-3.771,3.21,-35.746,0
1398294410857,41680184419000,171538051000001,-3.771,2.906,-35.746,0
1398294410865,41680194459000,171538051000001,-3.771,2.906,-35.746,0
1398294410882,41680204438000,171538051000001,-3.771,2.906,-35.746,0
1398294410884,41680214448000,171538051000001,-3.771,2.906,-35.746,0
1398294410895,41680224488000,171538051000001,-3.771,2.906,-35.746,0
1398294410906,41680234468000,171538051000001,-3.771,2.906,-35.746,0
1398294410914,41680244477000,171538051000001,-3.771,2.906,-35.746,0
1398294410925,41680254487000,171538051000001,-3.771,2.906,-35.746,0
1398294410938,41680267060000,171538051000001,-3.771,2.906,-35.746,0
1398294410945,41680274537000,171538051000001,-3.771,2.906,-35.746,0
1398294410957,41680286256000,171538051000001,-3.771,2.906,-35.746,0
1398294410965,41680294557000,171538051000001,-3.771,2.906,-35.746,0
1398294410975,41680304750000,171538051000001,-3.771,2.906,-35.746,0
1398294410987,41680316133000,171538051000001,-3.771,2.906,-35.746,0
1398294411002,41680330537000,171538051000001,-4.084,2.906,-35.746,0
1398294411007,41680336122000,171538051000001,-4.084,2.906,-35.746,0
1398294411020,41680344636000,171538051000001,-4.084,2.906,-35.746,0
1398294411027,41680354585000,171538051000001,-4.084,2.906,-35.746,0
1398294411035,41680364595000,171538051000001,-4.084,2.906,-35.746,0
1398294411045,41680374604000,171538051000001,-4.084,2.906,-35.746,0
1398294411055,41680384584000,171538051000001,-4.084,2.906,-35.746,0
1398294411065,41680394654000,171538051000001,-4.084,2.906,-35.746,0
1398294411075,41680404634000,171538051000001,-4.084,2.906,-35.746,0
1398294411085,41680414643000,171538051000001,-4.084,2.906,-35.746,0
1398294411095,41680424684000,171538051000001,-4.084,2.906,-35.746,0
1398294411105,41680434663000,171538051000001,-4.084,2.906,-35.746,0
1398294411114,41680444673000,171538051000001,-4.084,2.906,-35.746,0
1398294411125,41680454682000,171538051000001,-4.084,2.906,-35.746,0
1398294411134,41680464692000,171538051000001,-4.084,2.906,-35.746,0
1398294411145,41680474702000,171538051000001,-4.084,2.906,-35.746,0
1398294411154,41680484712000,171538051000001,-4.084,2.906,-35.746,0
1398294411164,41680494721000,171538051000001,-4.084,2.906,-35.746,0
1398294411175,41680504731000,171538051000001,-4.084,2.906,-35.746,0
1398294411186,41680516297000,171538051000001,-4.084,2.557,-35.746,0
1398294411195,41680524781000,171538051000001,-4.084,2.557,-35.746,0
1398294411204,41680534761000,171538051000001,-4.084,2.557,-35.746,0
1398294411215,41680544770000,171538051000001,-4.084,2.557,-35.746,0
1398294411225,41680554780000,171538051000001,-4.084,2.235,-35.746,0
1398294411235,41680564790000,171538051000001,-4.084,2.235,-35.746,0
1398294411245,41680574800000,171538051000001,-4.084,2.235,-35.746,0
1398294411255,41680584809000,171538051000001,-4.084,1.866,-35.746,0
1398294411265,41680594819000,171538051000001,-4.084,1.866,-35.746,0
1398294411275,41680605012000,171538051000001,-4.084,1.866,-35.746,0
1398294411285,41680614869000,171538051000001,-4.084,1.484,-35.746,0
1398294411297,41680626771000,171538051000001,-4.084,1.484,-35.746,0
1398294411307,41680636659000,171538051000001,-4.084,1.484,-35.746,0
1398294411316,41680646516000,171538051000001,-4.084,1.065,-35.746,0
1398294411329,41680658753000,171538051000001,-4.084,1.065,-35.746,0
1398294411342,41680668977000,171538051000001,-4.084,1.065,-35.746,0
1398294411345,41680675324000,171538051000001,-4.429,0.68,-35.746,0
1398294411357,41680686799000,171538051000001,-4.429,0.68,-35.746,0
1398294411398,41680702241000,171538051000001,-4.429,0.68,-35.746,0
1398294411400,41680708161000,171538051000001,-4.783,0.306,-35.441,0
1398294411402,41680715638000,171538051000001,-4.783,0.306,-35.441,0
1398294411403,41680724763000,171538051000001,-4.783,0.306,-35.441,0
1398294411405,41680734986000,171538051000001,-5.198,-0.021,-35.441,0
1398294411416,41680744996000,171538051000001,-5.198,-0.021,-35.441,0
1398294411428,41680754975000,171538051000001,-5.198,-0.021,-35.441,0
1398294411449,41680766114000,171538051000001,-5.506,-0.323,-35.441,0
1398294411452,41680774995000,171538051000001,-5.506,-0.323,-35.441,0
1398294411462,41680785035000,171538051000001,-5.506,-0.323,-35.441,0
1398294411467,41680795045000,171538051000001,-5.506,-0.323,-35.441,0
1398294411476,41680805085000,171538051000001,-5.506,-0.682,-35.441,0
1398294411489,41680816773000,171538051000001,-5.506,-0.682,-35.441,0
1398294411496,41680825990000,171538051000001,-5.506,-0.682,-35.441,0
1398294411507,41680836152000,171538051000001,-5.506,-0.682,-35.441,0
1398294411519,41680845124000,171538051000001,-5.506,-0.682,-35.441,0
1398294411528,41680855134000,171538051000001,-5.506,-1.013,-35.441,0
1398294411537,41680865144000,171538051000001,-5.506,-1.013,-35.441,0
1398294411547,41680876679000,171538051000001,-5.506,-1.013,-35.441,0
1398294411555,41680885163000,171538051000001,-5.506,-1.013,-35.441,0
1398294411565,41680895143000,171538051000001,-5.506,-1.013,-35.441,0
1398294411575,41680905152000,171538051000001,-5.506,-1.013,-35.122,0
1398294411586,41680915193000,171538051000001,-5.506,-1.013,-35.122,0
1398294411595,41680925202000,171538051000001,-5.506,-1.013,-35.122,0
1398294411606,41680935182000,171538051000001,-5.059,-1.013,-35.122,0
1398294411615,41680945161000,171538051000001,-5.059,-1.013,-35.122,0
1398294411627,41680956513000,171538051000001,-4.731,-1.013,-35.122,0
1398294411637,41680965669000,171538051000001,-4.731,-1.013,-35.122,0
1398294411646,41680975617000,171538051000001,-4.38,-1.013,-35.122,0
1398294411656,41680985231000,171538051000001,-4.38,-1.013,-35.122,0
1398294411666,41680995423000,171538051000001,-4.031,-1.013,-35.122,0
1398294411675,41681005250000,171538051000001,-4.031,-1.013,-35.424,0
1398294411690,41681016145000,171538051000001,-4.031,-1.013,-35.424,0
1398294411695,41681025239000,171538051000001,-3.599,-1.013,-35.424,0
1398294411705,41681035249000,171538051000001,-3.599,-1.013,-35.424,0
1398294411718,41681047883000,171538051000001,-3.289,-0.672,-35.424,0
1398294411730,41681059632000,171538051000001,-3.289,-0.672,-35.424,0
1398294411736,41681066194000,171538051000001,-2.897,-0.672,-35.791,0
1398294411747,41681076509000,171538051000001,-2.897,-0.672,-35.791,0
1398294411759,41681085328000,171538051000001,-2.587,-0.262,-35.791,0
1398294411770,41681099824000,171538051000001,-2.587,-0.262,-36.103,0
1398294411777,41681105287000,171538051000001,-2.587,-0.262,-36.103,0
1398294411790,41681115357000,171538051000001,-2.238,0.077,-36.103,0
1398294411795,41681125337000,171538051000001,-2.238,0.077,-36.103,0
1398294411806,41681135346000,171538051000001,-2.238,0.077,-36.405,0
1398294411816,41681145356000,171538051000001,-2.238,0.527,-36.405,0
1398294411827,41681155335000,171538051000001,-2.238,0.527,-36.405,0
1398294411838,41681165376000,171538051000001,-2.238,0.828,-36.405,0
1398294411845,41681175355000,171538051000001,-2.238,0.828,-36.405,0
1398294411855,41681185365000,171538051000001,-2.238,0.828,-36.405,0
1398294411865,41681195375000,171538051000001,-2.238,1.205,-36.405,0
1398294411876,41681206391000,171538051000001,-2.238,1.205,-36.405,0
1398294411886,41681215882000,171538051000001,-2.238,1.205,-36.405,0
1398294411898,41681227021000,171538051000001,-2.238,1.544,-36.405,0
1398294411908,41681237916000,171538051000001,-2.584,1.544,-36.405,0
1398294411921,41681249269000,171538051000001,-2.584,1.544,-36.405,0
1398294411925,41681255464000,171538051000001,-2.584,1.544,-36.405,0
1398294411936,41681265473000,171538051000001,-2.584,1.872,-36.405,0
1398294411950,41681275483000,171538051000001,-2.931,1.872,-36.405,0
1398294411956,41681285493000,171538051000001,-2.931,1.872,-36.405,0
1398294411965,41681295472000,171538051000001,-2.931,1.872,-36.405,0
1398294411976,41681305512000,171538051000001,-3.288,1.872,-36.405,0
1398294411987,41681315522000,171538051000001,-3.288,2.221,-36.405,0
1398294411996,41681325501000,171538051000001,-3.288,2.221,-36.103,0
1398294412006,41681335542000,171538051000001,-3.288,2.221,-36.103,0
1398294412015,41681345521000,171538051000001,-3.288,2.221,-36.103,0
1398294412026,41681355500000,171538051000001,-3.288,2.221,-36.103,0
1398294412036,41681365602000,171538051000001,-3.288,2.221,-36.103,0
1398294412045,41681375550000,171538051000001,-3.602,2.221,-36.103,0
1398294412055,41681385591000,171538051000001,-3.602,2.221,-36.103,0
1398294412065,41681395570000,171538051000001,-3.602,2.221,-36.103,0
1398294412076,41681405610000,171538051000001,-3.602,2.221,-36.103,0
1398294412095,41681417176000,171538051000001,-3.602,2.221,-36.103,0
1398294412096,41681425691000,171538051000001,-3.602,2.221,-36.103,0
1398294412106,41681435639000,171538051000001,-3.944,2.221,-36.103,0
1398294412116,41681445649000,171538051000001,-3.944,2.221,-36.103,0
1398294412126,41681455659000,171538051000001,-3.944,2.221,-36.103,0
1398294412136,41681465669000,171538051000001,-3.944,2.221,-36.103,0
1398294412145,41681475648000,171538051000001,-3.944,2.221,-36.103,0
1398294412156,41681485688000,171538051000001,-3.944,2.221,-36.103,0
1398294412166,41681495668000,171538051000001,-3.944,2.221,-36.103,0
1398294412176,41681505708000,171538051000001,-3.944,2.221,-35.784,0
1398294412185,41681515687000,171538051000001,-3.944,1.887,-35.784,0
1398294412195,41681525697000,171538051000001,-3.944,1.887,-35.784,0
1398294412206,41681535707000,171538051000001,-3.944,1.887,-35.784,0
1398294412215,41681545747000,171538051000001,-3.944,1.887,-35.784,0
1398294412227,41681556367000,171538051000001,-3.944,1.887,-35.784,0
1398294412236,41681565705000,171538051000001,-3.614,1.531,-35.784,0
1398294412246,41681575746000,171538051000001,-3.614,1.531,-35.784,0
1398294412256,41681585725000,171538051000001,-3.614,1.531,-35.784,0
1398294412267,41681597291000,171538051000001,-3.614,1.531,-35.784,0
1398294412276,41681605805000,171538051000001,-3.277,1.177,-35.784,0
1398294412286,41681615754000,171538051000001,-3.277,1.177,-35.784,0
1398294412296,41681625764000,171538051000001,-3.277,1.177,-35.784,0
1398294412306,41681635774000,171538051000001,-2.899,1.177,-35.784,0
1398294412316,41681645783000,171538051000001,-2.899,0.794,-35.784,0
1398294412326,41681655793000,171538051000001,-2.899,0.794,-35.784,0
1398294412336,41681665803000,171538051000001,-2.899,0.794,-35.784,0
1398294412346,41681675813000,171538051000001,-2.539,0.794,-35.784,0
1398294412356,41681685884000,171538051000001,-2.539,0.794,-35.784,0
1398294412366,41681695832000,171538051000001,-2.539,0.794,-35.784,0
1398294412376,41681705873000,171538051000001,-2.539,0.794,-35.784,0
1398294412386,41681715852000,171538051000001,-2.539,0.794,-35.784,0
1398294412396,41681725862000,171538051000001,-2.539,0.794,-35.784,0
1398294412406,41681735871000,171538051000001,-2.539,0.794,-35.784,0
1398294412416,41681745881000,171538051000001,-2.539,0.794,-35.784,0
1398294412426,41681755891000,171538051000001,-2.539,0.794,-35.784,0
1398294412437,41681765901000,171538051000001,-2.539,0.794,-35.784,0
1398294412447,41681777467000,171538051000001,-2.856,0.794,-35.784,0
1398294412456,41681785951000,171538051000001,-2.856,0.794,-35.784,0
1398294412466,41681795930000,171538051000001,-2.856,0.794,-35.784,0
1398294412476,41681805940000,171538051000001,-2.856,0.794,-35.784,0
1398294412486,41681815980000,171538051000001,-2.856,0.794,-35.784,0
1398294412496,41681825959000,171538051000001,-2.856,0.794,-35.784,0
1398294412508,41681835969000,171538051000001,-2.856,1.121,-35.784,0
1398294412519,41681846009000,171538051000001,-2.856,1.121,-35.784,0
1398294412527,41681856080000,171538051000001,-3.182,1.121,-35.784,0
1398294412536,41681866242000,171538051000001,-3.182,1.121,-35.784,0
1398294412546,41681876069000,171538051000001,-3.182,1.121,-35.784,0
1398294412557,41681886079000,171538051000001,-3.182,1.121,-35.784,0
1398294412566,41681896089000,171538051000001,-3.532,1.437,-35.784,0
1398294412576,41681906098000,171538051000001,-3.532,1.437,-35.784,0
1398294412586,41681916108000,171538051000001,-3.532,1.437,-35.784,0
1398294412596,41681926118000,171538051000001,-3.532,1.437,-35.784,0
1398294412606,41681936097000,171538051000001,-3.532,1.437,-35.784,0
1398294412616,41681946107000,171538051000001,-3.532,1.437,-35.784,0
1398294412628,41681957673000,171538051000001,-3.532,1.437,-35.784,0
1398294412636,41681966157000,171538051000001,-3.532,1.437,-35.784,0
1398294412646,41681976136000,171538051000001,-3.532,1.437,-35.784,0
1398294412656,41681986146000,171538051000001,-3.532,1.742,-35.784,0
1398294412666,41681996156000,171538051000001,-3.532,1.742,-35.784,0
1398294412676,41682006196000,171538051000001,-3.532,1.742,-35.784,0
1398294412686,41682016206000,171538051000001,-3.532,1.742,-35.784,0
1398294412696,41682026185000,171538051000001,-3.532,1.742,-35.784,0
1398294412706,41682036195000,171538051000001,-3.532,1.742,-35.784,0
1398294412716,41682046205000,171538051000001,-3.532,1.742,-35.784,0
1398294412726,41682056214000,171538051000001,-3.532,1.742,-35.784,0
1398294412736,41682066224000,171538051000001,-3.532,1.742,-35.784,0
1398294412746,41682076234000,171538051000001,-3.532,2.055,-35.784,0
1398294412756,41682086244000,171538051000001,-3.532,2.055,-35.784,0
1398294412766,41682096253000,171538051000001,-3.532,2.055,-35.784,0
1398294412776,41682106263000,171538051000001,-3.532,2.055,-35.784,0
1398294412786,41682116273000,171538051000001,-3.532,2.055,-35.784,0
1398294412796,41682126283000,171538051000001,-3.532,2.055,-35.784,0
1398294412830,41682137879000,171538051000001,-3.532,2.055,-35.784,0
1398294412832,41682146363000,171538051000001,-3.532,2.055,-35.784,0
1398294412833,41682156312000,171538051000001,-3.532,2.055,-35.784,0
1398294412837,41682166352000,171538051000001,-3.532,2.055,-35.784,0
1398294412846,41682176393000,171538051000001,-3.532,2.055,-35.784,0
1398294412856,41682186311000,171538051000001,-3.532,2.357,-35.784,0
1398294412866,41682196321000,171538051000001,-3.532,2.357,-35.784,0
1398294412880,41682208863000,171538051000001,-3.532,2.357,-35.784,0
1398294412891,41682220582000,171538051000001,-3.532,2.357,-35.784,0
1398294412897,41682226441000,171538051000001,-3.532,2.357,-35.784,0
1398294412909,41682238954000,171538051000001,-3.532,2.357,-35.784,0
1398294412924,41682253022000,171538051000001,-3.532,2.357,-35.784,0
1398294412927,41682256837000,171538051000001,-3.532,2.357,-35.784,0
1398294412940,41682269258000,171538051000001,-3.86,2.668,-35.784,0
1398294412948,41682277162000,171538051000001,-3.86,2.668,-35.784,0
1398294412959,41682288850000,171538051000001,-3.86,2.668,-35.784,0
1398294412973,41682302735000,171538051000001,-3.86,2.668,-35.784,0
1398294412979,41682308778000,171538051000001,-3.86,2.668,-35.784,0
1398294412994,41682323335000,171538051000001,-4.165,2.668,-35.784,0
1398294412998,41682328004000,171538051000001,-4.165,2.668,-35.784,0
1398294413013,41682343446000,171538051000001,-4.165,2.987,-35.784,0
1398294413017,41682346925000,171538051000001,-4.165,2.987,-35.784,0
1398294413032,41682361756000,171538051000001,-4.165,2.987,-35.784,0
1398294413038,41682366639000,171538051000001,-4.165,2.987,-35.784,0
1398294413047,41682376557000,171538051000001,-4.165,2.987,-35.784,0
1398294413057,41682386567000,171538051000001,-4.165,2.987,-35.784,0
1398294413067,41682396546000,171538051000001,-4.165,2.987,-35.784,0
1398294413077,41682406556000,171538051000001,-4.165,2.987,-35.784,0
1398294413087,41682416566000,171538051000001,-4.165,2.987,-35.784,0
1398294413097,41682426606000,171538051000001,-4.165,2.987,-35.784,0
1398294413107,41682436616000,171538051000001,-4.165,2.987,-35.784,0
1398294413117,41682446626000,171538051000001,-4.165,2.987,-35.784,0
1398294413138,41682456636000,171538051000001,-4.165,2.987,-35.784,0
1398294413140,41682466615000,171538051000001,-4.165,2.987,-35.784,0
1398294413155,41682476686000,171538051000001,-4.165,2.987,-35.784,0
1398294413157,41682486634000,171538051000001,-4.165,2.987,-35.784,0
1398294413193,41682498475000,171538051000001,-4.165,2.987,-35.784,0
1398294413196,41682506715000,171538051000001,-4.165,2.987,-35.784,0
1398294413202,41682516694000,171538051000001,-4.165,2.987,-35.784,0
1398294413204,41682526704000,171538051000001,-4.49,2.987,-35.784,0
1398294413207,41682536683000,171538051000001,-4.49,2.987,-35.784,0
1398294413219,41682546693000,171538051000001,-4.49,2.987,-35.784,0
1398294413227,41682556703000,171538051000001,-4.49,2.987,-35.784,0
1398294413237,41682566743000,171538051000001,-4.49,2.987,-35.784,0
1398294413247,41682576722000,171538051000001,-4.49,2.987,-35.784,0
1398294413259,41682588594000,171538051000001,-4.49,2.987,-35.784,0
1398294413273,41682602754000,171538051000001,-4.49,2.987,-35.784,0
1398294413278,41682608155000,171538051000001,-4.49,3.289,-35.784,0
1398294413292,41682621705000,171538051000001,-4.49,3.289,-35.784,0
1398294413303,41682628846000,171538051000001,-4.49,3.289,-35.784,0
1398294413308,41682638001000,171538051000001,-4.49,3.289,-35.784,0
1398294413319,41682648133000,171538051000001,-4.49,3.289,-35.784,0
1398294413332,41682661805000,171538051000001,-4.49,3.289,-35.784,0
1398294413339,41682669160000,171538051000001,-4.791,3.289,-35.784,0
1398294413354,41682683656000,171538051000001,-4.791,3.289,-35.784,0
1398294413357,41682687440000,171538051000001,-4.791,3.289,-35.784,0
1398294413373,41682703157000,171538051000001,-4.791,3.289,-35.784,0
1398294413379,41682709138000,171538051000001,-4.791,3.289,-35.784,0
1398294413393,41682722810000,171538051000001,-4.791,3.289,-35.784,0
1398294413399,41682728578000,171538051000001,-4.791,3.289,-35.784,0
1398294413413,41682743012000,171538051000001,-4.791,3.289,-35.784,0
1398294413419,41682748994000,171538051000001,-4.791,3.289,-35.784,0
1398294413431,41682759400000,171538051000001,-4.791,3.289,-35.784,0
1398294413438,41682766969000,171538051000001,-4.791,3.289,-35.784,0
1398294413469,41682777619000,171538051000001,-4.791,3.289,-35.784,0
1398294413480,41682787385000,171538051000001,-4.791,3.289,-35.784,0
1398294413492,41682796968000,171538051000001,-4.791,3.289,-35.784,0
1398294413493,41682808290000,171538051000001,-4.791,3.289,-35.784,0
1398294413503,41682816987000,171538051000001,-4.791,3.289,-35.784,0
1398294413519,41682826997000,171538051000001,-4.791,3.289,-35.784,0
1398294413520,41682837007000,171538051000001,-4.791,3.289,-35.784,0
1398294413522,41682846986000,171538051000001,-4.791,3.289,-35.784,0
1398294413538,41682858583000,171538051000001,-4.791,3.289,-35.784,0
1398294413540,41682867036000,171538051000001,-4.791,2.966,-35.784,0
1398294413547,41682876985000,171538051000001,-4.791,2.966,-35.784,0
1398294413557,41682886994000,171538051000001,-4.791,2.966,-35.784,0
1398294413567,41682896974000,171538051000001,-4.791,2.966,-35.784,0
1398294413577,41682906983000,171538051000001,-4.791,2.966,-35.784,0
1398294413587,41682916993000,171538051000001,-4.791,2.966,-35.784,0
1398294413597,41682927003000,171538051000001,-4.791,2.966,-35.784,0
1398294413607,41682937043000,171538051000001,-4.791,2.966,-35.784,0
1398294413617,41682947053000,171538051000001,-4.791,2.966,-35.784,0
1398294413627,41682957063000,171538051000001,-4.791,2.966,-35.784,0
1398294413637,41682967042000,171538051000001,-4.791,2.966,-35.784,0
1398294413647,41682977052000,171538051000001,-4.791,2.633,-35.784,0
1398294413657,41682987062000,171538051000001,-4.791,2.633,-35.784,0
1398294413667,41682997102000,171538051000001,-4.791,2.633,-35.784,0
1398294413677,41683007112000,171538051000001,-4.791,2.633,-35.784,0
1398294413687,41683017121000,171538051000001,-4.791,2.633,-35.784,0
1398294413697,41683027131000,171538051000001,-4.791,2.633,-35.784,0
1398294413709,41683038667000,171538051000001,-4.791,2.633,-35.784,0
1398294413717,41683047181000,171538051000001,-4.791,2.633,-35.784,0
1398294413727,41683057130000,171538051000001,-4.791,2.633,-35.784,0
1398294413737,41683067170000,171538051000001,-4.791,2.299,-35.784,0
1398294413747,41683077180000,171538051000001,-4.791,2.299,-35.784,0
1398294413757,41683087159000,171538051000001,-4.791,2.299,-35.784,0
1398294413767,41683097199000,171538051000001,-4.791,2.299,-35.784,0
1398294413777,41683107179000,171538051000001,-4.791,2.299,-35.784,0
1398294413787,41683117219000,171538051000001,-4.473,2.299,-35.784,0
1398294413797,41683127229000,171538051000001,-4.473,2.299,-35.784,0
1398294413807,41683137208000,171538051000001,-4.473,2.299,-35.784,0
1398294413817,41683147248000,171538051000001,-4.473,2.299,-35.784,0
1398294413827,41683157228000,171538051000001,-4.473,2.299,-35.784,0
1398294413840,41683169465000,171538051000001,-4.473,2.299,-35.784,0
1398294413855,41683184724000,171538051000001,-4.473,2.299,-35.784,0
1398294413857,41683187257000,171538051000001,-4.473,2.299,-35.784,0
1398294413869,41683199067000,171538051000001,-4.473,2.299,-35.784,0
1398294413883,41683213014000,171538051000001,-4.473,2.299,-35.784,0
1398294413891,41683220918000,171538051000001,-4.473,2.299,-35.784,0
1398294413900,41683229493000,171538051000001,-4.473,2.299,-35.784,0
1398294413916,41683242036000,171538051000001,-4.473,2.299,-35.784,0
1398294413919,41683247376000,171538051000001,-4.473,2.299,-35.784,0
1398294413939,41683261659000,171538051000001,-4.473,2.299,-35.784,0
1398294413941,41683267335000,171538051000001,-4.473,2.299,-35.784,0
1398294413955,41683278871000,171538051000001,-4.473,2.299,-35.784,0
1398294413958,41683287904000,171538051000001,-4.473,2.299,-35.784,0
1398294413970,41683297456000,171538051000001,-4.473,2.299,-35.784,0
1398294413985,41683308961000,171538051000001,-4.473,2.299,-35.784,0
1398294413988,41683317445000,171538051000001,-4.473,2.299,-35.784,0
1398294413999,41683327485000,171538051000001,-4.473,2.299,-35.784,0
1398294414008,41683337525000,171538051000001,-4.473,2.299,-35.784,0
1398294414019,41683347474000,171538051000001,-4.473,2.299,-35.784,0
1398294414030,41683357514000,171538051000001,-4.473,2.299,-35.784,0
1398294414039,41683367494000,171538051000001,-4.473,2.299,-35.784,0
1398294414048,41683377503000,171538051000001,-4.473,2.299,-35.784,0
1398294414057,41683387513000,171538051000001,-4.473,2.299,-35.784,0
1398294414075,41683404756000,171538051000001,-4.473,2.299,-35.784,0
1398294414078,41683408204000,171538051000001,-4.473,2.299,-35.784,0
1398294414088,41683417573000,171538051000001,-4.473,2.299,-35.784,0
1398294414099,41683427552000,171538051000001,-4.473,2.299,-35.784,0
1398294414107,41683437532000,171538051000001,-4.473,2.299,-35.784,0
1398294414117,41683447541000,171538051000001,-4.473,2.299,-35.784,0
1398294414128,41683457582000,171538051000001,-4.473,2.299,-35.784,0
1398294414138,41683467591000,171538051000001,-4.473,2.299,-35.784,0
1398294414155,41683484742000,171538051000001,-4.473,2.299,-35.784,0
1398294414158,41683487947000,171538051000001,-4.473,2.299,-35.784,0
1398294414169,41683498994000,171538051000001,-4.473,2.299,-35.784,0
1398294414184,41683513887000,171538051000001,-4.473,2.299,-35.784,0
1398294414189,41683518769000,171538051000001,-4.473,2.299,-35.784,0
1398294414204,41683534303000,171538051000001,-4.473,2.299,-35.784,0
1398294414209,41683539277000,171538051000001,-4.473,2.299,-35.784,0
1398294414218,41683548402000,171538051000001,-4.473,2.299,-35.784,0
1398294414234,41683564088000,171538051000001,-4.473,2.299,-35.784,0
1398294414240,41683569642000,171538051000001,-4.473,2.299,-35.784,0
1398294414254,41683583467000,171538051000001,-4.473,2.299,-35.784,0
1398294414259,41683588563000,171538051000001,-4.473,2.299,-35.784,0
1398294414270,41683600343000,171538051000001,-4.473,2.299,-35.784,0
1398294414285,41683614472000,171538051000001,-4.473,2.299,-35.784,0
1398294414290,41683619416000,171538051000001,-4.473,2.299,-35.784,0
1398294414301,41683627748000,171538051000001,-4.473,2.299,-35.784,0
1398294414310,41683638734000,171538051000001,-4.473,2.299,-35.784,0
1398294414321,41683647767000,171538051000001,-4.473,2.299,-35.784,0
1398294414334,41683658082000,171538051000001,-4.473,2.299,-35.784,0
1398294414338,41683667787000,171538051000001,-4.473,2.299,-35.784,0
1398294414370,41683677980000,171538051000001,-4.473,2.299,-35.784,0
1398294414384,41683687806000,171538051000001,-4.473,1.983,-35.784,0
1398294414386,41683697816000,171538051000001,-4.473,1.983,-35.784,0
1398294414389,41683711274000,171538051000001,-4.473,1.983,-35.784,0
1398294414396,41683717835000,171538051000001,-4.473,1.983,-35.784,0
1398294414400,41683727845000,171538051000001,-4.473,1.983,-35.784,0
1398294414408,41683737855000,171538051000001,-4.473,1.983,-35.784,0
1398294414418,41683747834000,171538051000001,-4.473,1.983,-35.784,0
1398294414431,41683759400000,171538051000001,-4.473,1.983,-35.784,0
1398294414445,41683774964000,171538051000001,-4.473,1.983,-35.784,0
1398294414448,41683778321000,171538051000001,-4.473,1.983,-35.784,0
1398294414461,41683790528000,171538051000001,-4.473,1.666,-35.784,0
1398294414470,41683799623000,171538051000001,-4.473,1.666,-35.784,0
1398294414483,41683810121000,171538051000001,-4.473,1.666,-35.784,0
1398294414491,41683820222000,171538051000001,-4.473,1.666,-35.784,0
1398294414499,41683828187000,171538051000001,-4.473,1.666,-35.784,0
1398294414513,41683842469000,171538051000001,-4.473,1.666,-35.784,0
1398294414520,41683850251000,171538051000001,-4.164,1.666,-35.784,0
1398294414534,41683864228000,171538051000001,-4.164,1.666,-35.784,0
1398294414539,41683869081000,171538051000001,-4.164,1.666,-35.784,0
1398294414555,41683884553000,171538051000001,-4.164,1.666,-35.784,0
1398294414559,41683889466000,171538051000001,-3.779,1.666,-35.784,0
1398294414571,41683898591000,171538051000001,-3.779,1.666,-35.784,0
1398294414585,41683908326000,171538051000001,-3.779,1.666,-35.784,0
1398294414588,41683918519000,171538051000001,-3.779,1.666,-35.784,0
1398294414602,41683928071000,171538051000001,-3.401,1.666,-35.784,0
1398294414610,41683939912000,171538051000001,-3.401,1.666,-35.784,0
1398294414622,41683948121000,171538051000001,-3.401,1.666,-35.784,0
1398294414633,41683958253000,171538051000001,-3.401,1.666,-35.784,0
1398294414638,41683968110000,171538051000001,-3.401,1.666,-35.784,0
1398294414649,41683978089000,171538051000001,-3.086,1.666,-35.784,0
1398294414663,41683992677000,171538051000001,-3.086,1.666,-35.784,0
1398294414670,41683999269000,171538051000001,-3.086,1.666,-35.784,0
1398294414690,41684008119000,171538051000001,-3.086,1.666,-35.784,0
1398294414692,41684018342000,171538051000001,-3.086,1.666,-35.784,0
1398294414701,41684028138000,171538051000001,-2.757,1.666,-35.784,0
1398294414710,41684038148000,171538051000001,-2.757,1.666,-35.784,0
1398294414718,41684048158000,171538051000001,-2.757,1.666,-35.784,0
1398294414736,41684058137000,171538051000001,-2.757,1.666,-35.784,0
1398294414738,41684068177000,171538051000001,-2.757,1.666,-35.784,0
1398294414748,41684078157000,171538051000001,-2.757,1.666,-35.784,0
1398294414758,41684088166000,171538051000001,-2.757,1.666,-35.784,0
1398294414768,41684098207000,171538051000001,-2.757,1.666,-35.784,0
1398294414780,41684108186000,171538051000001,-2.757,1.666,-35.784,0
1398294414790,41684119752000,171538051000001,-2.757,1.666,-35.784,0
1398294414798,41684128449000,171538051000001,-2.757,1.666,-35.784,0
1398294414808,41684138215000,171538051000001,-2.757,1.666,-35.784,0
1398294414825,41684154573000,171538051000001,-2.757,1.666,-35.784,0
1398294414829,41684158662000,171538051000001,-2.757,1.666,-35.784,0
1398294414848,41684174531000,171538051000001,-2.757,1.666,-35.784,0
1398294414850,41684178254000,171538051000001,-2.757,1.283,-35.784,0
1398294414864,41684193940000,171538051000001,-2.757,1.283,-36.09,0
1398294414871,41684199433000,171538051000001,-2.401,1.283,-36.09,0
1398294414882,41684208894000,171538051000001,-2.401,1.283,-36.09,0
1398294414890,41684219178000,171538051000001,-2.401,1.283,-36.09,0
1398294414901,41684228334000,171538051000001,-2.401,0.926,-36.09,0
1398294414919,41684240174000,171538051000001,-2.041,0.926,-36.09,0
1398294414921,41684248384000,171538051000001,-2.041,0.926,-36.09,0
1398294414936,41684259797000,171538051000001,-2.041,0.926,-36.09,0
1398294414939,41684268373000,171538051000001,-2.041,0.926,-36.447,0
1398294414949,41684278382000,171538051000001,-1.64,0.926,-36.447,0
1398294414965,41684293214000,171538051000001,-1.64,0.926,-36.447,0
1398294414970,41684299897000,171538051000001,-1.64,0.926,-36.447,0
1398294414980,41684309876000,171538051000001,-1.319,0.926,-36.447,0
1398294415003,41684323915000,171538051000001,-1.319,0.926,-36.447,0
1398294415004,41684328401000,171538051000001,-1.319,0.926,-36.785,0
1398294415015,41684338441000,171538051000001,-1.002,0.926,-36.785,0
1398294415023,41684348451000,171538051000001,-1.002,0.926,-36.785,0
1398294415029,41684358430000,171538051000001,-1.002,0.926,-36.785,0
1398294415038,41684368440000,171538051000001,-1.002,0.926,-36.785,0
1398294415049,41684378449000,171538051000001,-1.002,0.926,-36.785,0
1398294415058,41684388459000,171538051000001,-1.002,0.926,-36.785,0
1398294415069,41684398469000,171538051000001,-1.002,0.926,-36.785,0
1398294415081,41684408479000,171538051000001,-1.002,1.235,-36.785,0
1398294415091,41684418519000,171538051000001,-1.329,1.235,-36.785,0
1398294415105,41684428529000,171538051000001,-1.329,1.235,-36.785,0
1398294415110,41684438508000,171538051000001,-1.661,1.545,-36.785,0
1398294415119,41684448548000,171538051000001,-1.661,1.545,-36.785,0
1398294415129,41684458497000,171538051000001,-2.212,1.545,-36.785,0
1398294415139,41684468507000,171538051000001,-2.212,1.545,-36.454,0
1398294415151,41684480073000,171538051000001,-2.525,1.545,-36.454,0
1398294415158,41684488557000,171538051000001,-2.525,1.895,-36.454,0
1398294415168,41684498536000,171538051000001,-2.525,1.895,-36.454,0
1398294415178,41684508515000,171538051000001,-2.525,1.895,-36.454,0
1398294415188,41684518525000,171538051000001,-2.857,1.895,-36.454,0
1398294415199,41684528535000,171538051000001,-2.857,1.895,-36.454,0
1398294415209,41684538575000,171538051000001,-2.857,1.895,-36.454,0
1398294415219,41684548585000,171538051000001,-3.16,1.895,-36.128,0
1398294415228,41684558595000,171538051000001,-3.16,1.895,-36.128,0
1398294415238,41684568605000,171538051000001,-3.16,1.895,-36.128,0
1398294415249,41684578797000,171538051000001,-3.16,1.895,-36.128,0
1398294415259,41684588594000,171538051000001,-3.16,1.895,-36.128,0
1398294415269,41684598634000,171538051000001,-3.16,1.895,-36.128,0
1398294415279,41684608644000,171538051000001,-3.16,1.895,-36.128,0
1398294415295,41684618653000,171538051000001,-3.16,1.895,-36.128,0
1398294415299,41684628663000,171538051000001,-3.16,1.895,-35.816,0
1398294415309,41684638734000,171538051000001,-3.16,1.895,-35.816,0
1398294415319,41684648683000,171538051000001,-3.16,1.895,-35.816,0
1398294415330,41684660218000,171538051000001,-3.16,1.895,-35.816,0
1398294415339,41684668733000,171538051000001,-3.16,1.895,-35.816,0
1398294415349,41684678712000,171538051000001,-3.16,1.895,-35.816,0
1398294415366,41684688752000,171538051000001,-3.16,1.895,-35.816,0
1398294415373,41684698793000,171538051000001,-3.16,1.895,-35.816,0
1398294415379,41684708741000,171538051000001,-3.16,1.895,-35.816,0
1398294415389,41684718751000,171538051000001,-3.16,1.895,-35.816,0
1398294415399,41684728761000,171538051000001,-3.16,1.895,-35.816,0
1398294415410,41684738771000,171538051000001,-3.16,1.895,-35.816,0
1398294415419,41684748780000,171538051000001,-3.16,1.895,-35.816,0
1398294415430,41684758790000,171538051000001,-3.16,1.895,-35.816,0
1398294415439,41684768800000,171538051000001,-3.16,1.895,-35.816,0
1398294415451,41684778810000,171538051000001,-3.16,1.583,-35.816,0
1398294415467,41684788819000,171538051000001,-3.16,1.583,-35.816,0
1398294415470,41684798829000,171538051000001,-3.16,1.583,-35.816,0
1398294415483,41684808839000,171538051000001,-3.16,1.583,-35.816,0
1398294415489,41684818849000,171538051000001,-3.16,1.583,-35.816,0
1398294415502,41684828858000,171538051000001,-3.16,1.583,-35.816,0
1398294415512,41684840425000,171538051000001,-3.16,1.583,-35.816,0
1398294415520,41684848970000,171538051000001,-3.16,1.583,-35.816,0
1398294415529,41684858918000,171538051000001,-3.16,1.583,-35.816,0
1398294415542,41684868959000,171538051000001,-3.16,1.583,-35.816,0
1398294415549,41684878968000,171538051000001,-3.494,1.583,-35.816,0
1398294415559,41684888917000,171538051000001,-3.494,1.583,-35.816,0
1398294415569,41684898957000,171538051000001,-3.494,1.583,-35.816,0
1398294415579,41684908937000,171538051000001,-3.494,1.583,-35.816,0
1398294415597,41684918946000,171538051000001,-3.494,1.583,-35.816,0
1398294415599,41684928956000,171538051000001,-3.494,1.583,-35.816,0
1398294415610,41684938996000,171538051000001,-3.494,1.583,-35.816,0
1398294415619,41684948976000,171538051000001,-3.494,1.583,-35.816,0
1398294415629,41684958985000,171538051000001,-3.494,1.583,-35.816,0
1398294415639,41684968995000,171538051000001,-3.494,1.583,-35.816,0
1398294415649,41684978974000,171538051000001,-3.494,1.583,-35.816,0
1398294415661,41684988984000,171538051000001,-3.494,1.583,-35.816,0
1398294415669,41684999024000,171538051000001,-3.494,1.583,-35.816,0
1398294415679,41685009034000,171538051000001,-3.494,1.583,-35.816,0
1398294415691,41685020570000,171538051000001,-3.494,1.583,-35.816,0
1398294415699,41685029267000,171538051000001,-3.494,1.583,-35.816,0
1398294415709,41685039033000,171538051000001,-3.494,1.583,-35.816,0
1398294415719,41685049073000,171538051000001,-3.494,1.583,-35.816,0
1398294415729,41685059053000,171538051000001,-3.494,1.583,-35.816,0
1398294415739,41685069093000,171538051000001,-3.494,1.583,-35.816,0
1398294415749,41685079103000,171538051000001,-3.494,1.583,-35.816,0
1398294415759,41685089112000,171538051000001,-3.494,1.583,-35.816,0
1398294415769,41685099092000,171538051000001,-3.494,1.583,-35.816,0
1398294415779,41685109101000,171538051000001,-3.494,1.583,-35.816,0
1398294415791,41685119142000,171538051000001,-3.494,1.583,-35.816,0
1398294415802,41685129151000,171538051000001,-3.494,1.583,-35.816,0
1398294415815,41685139192000,171538051000001,-3.494,1.583,-35.816,0
1398294415819,41685149171000,171538051000001,-3.494,1.583,-35.816,0
1398294415829,41685159181000,171538051000001,-3.494,1.583,-35.816,0
1398294415839,41685169160000,171538051000001,-3.494,1.583,-35.816,0
1398294415849,41685179200000,171538051000001,-3.494,1.583,-35.816,0
1398294415859,41685189179000,171538051000001,-3.494,1.583,-35.816,0
1398294415871,41685200746000,171538051000001,-3.494,1.904,-35.816,0
1398294415879,41685209260000,171538051000001,-3.494,1.904,-35.816,0
1398294415890,41685219239000,171538051000001,-3.805,1.904,-35.816,0
1398294415899,41685229249000,171538051000001,-3.805,1.904,-35.816,0
1398294415909,41685239228000,171538051000001,-3.805,1.904,-35.816,0
1398294415919,41685249238000,171538051000001,-3.805,1.904,-35.816,0
1398294415929,41685259248000,171538051000001,-3.805,1.904,-35.816,0
1398294415939,41685269258000,171538051000001,-3.805,1.904,-35.816,0
1398294415950,41685279267000,171538051000001,-3.805,1.904,-35.816,0
1398294415960,41685289277000,171538051000001,-4.125,1.904,-35.816,0
1398294415969,41685299317000,171538051000001,-4.125,1.904,-35.816,0
1398294415981,41685309297000,171538051000001,-4.125,1.904,-35.816,0
1398294415989,41685319337000,171538051000001,-4.125,1.904,-35.816,0
1398294415999,41685329316000,171538051000001,-4.461,1.904,-35.816,0
1398294416009,41685339326000,171538051000001,-4.461,1.904,-35.816,0
1398294416019,41685349336000,171538051000001,-4.461,1.904,-35.508,0
1398294416029,41685359376000,171538051000001,-4.461,1.904,-35.508,0
1398294416039,41685369386000,171538051000001,-4.461,1.904,-35.508,0
1398294416051,41685380952000,171538051000001,-4.461,1.904,-35.508,0
1398294416059,41685389436000,171538051000001,-4.461,1.904,-35.508,0
1398294416070,41685399415000,171538051000001,-4.461,1.904,-35.508,0
1398294416079,41685409425000,171538051000001,-4.461,1.904,-35.508,0
1398294416089,41685419435000,171538051000001,-4.461,1.904,-35.508,0
1398294416100,41685429444000,171538051000001,-4.461,1.904,-35.508,0
1398294416109,41685439454000,171538051000001,-4.461,1.602,-35.508,0
1398294416120,41685449464000,171538051000001,-4.835,1.602,-35.508,0
1398294416131,41685459474000,171538051000001,-4.835,1.602,-35.508,0
1398294416140,41685469514000,171538051000001,-4.835,1.602,-35.508,0
1398294416150,41685479676000,171538051000001,-4.835,1.602,-35.508,0
1398294416159,41685489503000,171538051000001,-4.835,1.239,-35.508,0
1398294416170,41685499513000,171538051000001,-4.835,1.239,-35.508,0
1398294416179,41685509522000,171538051000001,-4.835,1.239,-35.508,0
1398294416189,41685519502000,171538051000001,-4.835,1.239,-35.508,0
1398294416200,41685529512000,171538051000001,-4.835,0.868,-35.508,0
1398294416210,41685539552000,171538051000001,-4.835,0.868,-35.18,0
1398294416225,41685553407000,171538051000001,-5.184,0.868,-35.18,0
1398294416231,41685561128000,171538051000001,-5.184,0.868,-35.18,0
1398294416242,41685569612000,171538051000001,-5.184,0.868,-35.18,0
1398294416250,41685579591000,171538051000001,-5.184,0.54,-35.18,0
1398294416260,41685589601000,171538051000001,-5.184,0.54,-35.18,0
1398294416270,41685599580000,171538051000001,-5.184,0.54,-35.18,0
1398294416279,41685609590000,171538051000001,-5.184,0.54,-35.18,0
1398294416290,41685619599000,171538051000001,-5.184,0.54,-35.18,0
1398294416300,41685629640000,171538051000001,-5.184,0.54,-35.18,0
1398294416310,41685639894000,171538051000001,-5.184,0.54,-35.18,0
1398294416320,41685649659000,171538051000001,-5.184,0.54,-35.18,0
1398294416330,41685659669000,171538051000001,-5.184,0.54,-35.18,0
1398294416341,41685669648000,171538051000001,-5.184,0.54,-35.18,0
1398294416350,41685679689000,171538051000001,-5.184,0.54,-35.18,0
1398294416360,41685689668000,171538051000001,-5.184,0.54,-35.18,0
1398294416370,41685699678000,171538051000001,-5.184,0.54,-35.18,0
1398294416380,41685709687000,171538051000001,-5.184,0.54,-35.18,0
1398294416392,41685719697000,171538051000001,-5.493,0.54,-35.18,0
1398294416400,41685729768000,171538051000001,-5.493,0.54,-35.18,0
1398294416411,41685741273000,171538051000001,-5.493,0.54,-35.18,0
1398294416420,41685749787000,171538051000001,-5.493,0.54,-35.18,0
1398294416430,41685759767000,171538051000001,-5.493,0.54,-35.18,0
1398294416444,41685774079000,171538051000001,-5.493,0.86,-35.18,0
1398294416455,41685784516000,171538051000001,-5.493,0.86,-35.18,0
1398294416463,41685793031000,171538051000001,-5.493,0.86,-35.18,0
1398294416470,41685799775000,171538051000001,-5.493,0.86,-35.18,0
1398294416480,41685809785000,171538051000001,-5.493,0.86,-35.18,0
1398294416490,41685819795000,171538051000001,-5.493,0.86,-35.18,0
1398294416500,41685829804000,171538051000001,-5.493,0.86,-35.18,0
1398294416510,41685839814000,171538051000001,-5.493,1.213,-35.18,0
1398294416520,41685849824000,171538051000001,-5.493,1.213,-35.18,0
1398294416530,41685859834000,171538051000001,-5.493,1.213,-35.18,0
1398294416540,41685869844000,171538051000001,-5.493,1.213,-35.18,0
1398294416550,41685879884000,171538051000001,-5.493,1.213,-35.18,0
1398294416560,41685889863000,171538051000001,-5.169,1.213,-35.18,0
1398294416570,41685899873000,171538051000001,-5.169,1.213,-35.18,0
1398294416580,41685909883000,171538051000001,-5.169,1.213,-35.18,0
1398294416592,41685921479000,171538051000001,-5.169,1.213,-35.18,0
1398294416600,41685929963000,171538051000001,-5.169,1.539,-35.18,0
1398294416610,41685939942000,171538051000001,-5.169,1.539,-35.18,0
1398294416620,41685949922000,171538051000001,-5.169,1.539,-35.18,0
1398294416630,41685959931000,171538051000001,-5.169,1.539,-35.18,0
1398294416640,41685969972000,171538051000001,-5.169,1.539,-35.18,0
1398294416650,41685979981000,171538051000001,-5.169,1.849,-35.18,0
1398294416660,41685989961000,171538051000001,-5.169,1.849,-35.18,0
1398294416670,41686000001000,171538051000001,-5.488,1.849,-35.18,0
1398294416680,41686010011000,171538051000001,-5.488,1.849,-35.18,0
1398294416690,41686020021000,171538051000001,-5.488,1.849,-35.18,0
1398294416701,41686030030000,171538051000001,-5.488,1.849,-35.18,0
1398294416710,41686040071000,171538051000001,-5.488,1.849,-35.18,0
1398294416720,41686050019000,171538051000001,-5.488,2.151,-35.18,0
1398294416730,41686060060000,171538051000001,-5.488,2.151,-35.18,0
1398294416742,41686070069000,171538051000001,-5.488,2.151,-35.18,0
1398294416750,41686080049000,171538051000001,-5.488,2.151,-35.18,0
1398294416760,41686090089000,171538051000001,-5.488,2.151,-35.18,0
1398294416772,41686101625000,171538051000001,-5.488,2.151,-35.18,0
1398294416780,41686110108000,171538051000001,-5.488,2.151,-35.18,0
1398294416790,41686120118000,171538051000001,-5.488,2.151,-35.18,0
1398294416800,41686130097000,171538051000001,-5.789,2.151,-35.18,0
1398294416810,41686140107000,171538051000001,-5.789,2.151,-35.18,0
1398294416820,41686150117000,171538051000001,-5.789,2.151,-35.18,0
1398294416830,41686160127000,171538051000001,-5.789,2.151,-35.18,0
1398294416840,41686170167000,171538051000001,-5.789,2.151,-35.18,0
1398294416850,41686180146000,171538051000001,-5.789,2.151,-35.18,0
1398294416860,41686190156000,171538051000001,-5.789,2.151,-35.18,0
1398294416870,41686200166000,171538051000001,-5.789,2.151,-35.18,0
1398294416880,41686210176000,171538051000001,-5.789,2.151,-35.18,0
1398294416890,41686220155000,171538051000001,-5.789,2.151,-35.18,0
1398294416900,41686230195000,171538051000001,-5.789,2.151,-35.18,0
1398294416910,41686240205000,171538051000001,-5.789,2.151,-35.18,0
1398294416920,41686250184000,171538051000001,-6.147,2.151,-35.18,0
1398294416930,41686260224000,171538051000001,-6.147,2.151,-35.18,0
1398294416940,41686270234000,171538051000001,-6.147,2.478,-35.18,0
1398294416952,41686281800000,171538051000001,-6.147,2.478,-35.18,0
1398294416964,41686290315000,171538051000001,-6.147,2.478,-35.18,0
1398294416970,41686300263000,171538051000001,-6.147,2.478,-35.18,0
1398294416980,41686310273000,171538051000001,-6.147,2.478,-35.18,0
1398294416990,41686320283000,171538051000001,-6.147,2.478,-35.18,0
1398294417000,41686330293000,171538051000001,-6.466,2.478,-35.18,0
1398294417010,41686340303000,171538051000001,-6.466,2.478,-35.18,0
1398294417020,41686350312000,171538051000001,-6.466,2.478,-35.18,0
1398294417030,41686360353000,171538051000001,-6.466,2.478,-35.18,0
1398294417040,41686370332000,171538051000001,-6.466,2.784,-35.18,0
1398294417050,41686380342000,171538051000001,-6.466,2.784,-35.18,0
1398294417060,41686390534000,171538051000001,-6.466,2.784,-35.18,0
1398294417070,41686400361000,171538051000001,-6.466,2.784,-35.18,0
1398294417080,41686410401000,171538051000001,-6.466,2.784,-35.18,0
1398294417090,41686420381000,171538051000001,-6.466,2.784,-35.18,0
1398294417100,41686430390000,171538051000001,-6.466,2.784,-35.18,0
1398294417110,41686440461000,171538051000001,-6.466,2.784,-35.18,0
1398294417120,41686450410000,171538051000001,-6.466,2.784,-35.18,0
1398294417132,41686461976000,171538051000001,-6.466,2.784,-35.18,0
1398294417145,41686475038000,171538051000001,-6.108,2.784,-35.18,0
1398294417150,41686480439000,171538051000001,-6.108,2.784,-35.18,0
1398294417160,41686490449000,171538051000001,-6.108,2.784,-35.18,0
1398294417170,41686500459000,171538051000001,-6.108,2.784,-35.18,0
1398294417181,41686510499000,171538051000001,-6.108,2.784,-35.18,0
1398294417196,41686520478000,171538051000001,-6.108,2.784,-35.18,0
1398294417201,41686530549000,171538051000001,-6.108,2.784,-35.18,0
1398294417210,41686540528000,171538051000001,-6.108,2.784,-35.18,0
1398294417221,41686550538000,171538051000001,-6.108,2.784,-35.18,0
1398294417230,41686560548000,171538051000001,-6.108,2.784,-35.18,0
1398294417240,41686570558000,171538051000001,-5.775,2.784,-35.18,0
1398294417250,41686580567000,171538051000001,-5.775,2.784,-35.18,0
1398294417261,41686590577000,171538051000001,-5.775,2.784,-35.18,0
1398294417272,41686600587000,171538051000001,-5.775,2.784,-35.18,0
1398294417281,41686610627000,171538051000001,-5.775,2.784,-35.18,0
1398294417291,41686620668000,171538051000001,-5.389,2.784,-35.18,0
1398294417301,41686630647000,171538051000001,-5.389,2.784,-35.18,0
1398294417312,41686642213000,171538051000001,-5.389,3.096,-35.18,0
1398294417322,41686650697000,171538051000001,-5.082,3.096,-35.18,0
1398294417331,41686660737000,171538051000001,-5.082,3.096,-35.18,0
1398294417345,41686670716000,171538051000001,-5.082,3.096,-35.18,0
1398294417351,41686680726000,171538051000001,-5.082,3.096,-35.18,0
1398294417361,41686690675000,171538051000001,-5.082,3.096,-35.496,0
1398294417371,41686700715000,171538051000001,-5.082,3.096,-35.496,0
1398294417381,41686710664000,171538051000001,-4.769,3.096,-35.496,0
1398294417390,41686720674000,171538051000001,-4.769,3.096,-35.496,0
1398294417401,41686730683000,171538051000001,-4.769,3.096,-35.496,0
1398294417411,41686740693000,171538051000001,-4.769,3.096,-35.496,0
1398294417421,41686750672000,171538051000001,-4.769,3.096,-35.496,0
1398294417431,41686760713000,171538051000001,-4.769,3.096,-35.496,0
1398294417441,41686770722000,171538051000001,-4.769,3.096,-35.496,0
1398294417452,41686782228000,171538051000001,-4.769,3.096,-35.496,0
1398294417462,41686790772000,171538051000001,-4.769,3.096,-35.496,0
1398294417477,41686800813000,171538051000001,-4.769,3.096,-35.496,0
1398294417486,41686810823000,171538051000001,-4.769,3.096,-35.496,0
1398294417492,41686822358000,171538051000001,-4.769,3.096,-35.496,0
1398294417501,41686830842000,171538051000001,-4.769,3.096,-35.496,0
1398294417511,41686840821000,171538051000001,-4.769,3.096,-35.496,0
1398294417521,41686850831000,171538051000001,-4.769,3.096,-35.496,0
1398294417531,41686860841000,171538051000001,-4.769,3.096,-35.496,0
1398294417541,41686870851000,171538051000001,-4.769,3.096,-35.496,0
1398294417551,41686880860000,171538051000001,-4.769,3.096,-35.496,0
1398294417561,41686890840000,171538051000001,-4.769,3.096,-35.496,0
1398294417571,41686900849000,171538051000001,-4.769,3.096,-35.496,0
1398294417581,41686911042000,171538051000001,-4.769,3.096,-35.496,0
1398294417591,41686920869000,171538051000001,-4.461,3.096,-35.496,0
1398294417601,41686930879000,171538051000001,-4.461,3.096,-35.496,0
1398294417611,41686940888000,171538051000001,-4.461,3.096,-35.496,0
1398294417621,41686950868000,171538051000001,-4.461,3.096,-35.496,0
1398294417631,41686960908000,171538051000001,-4.461,3.096,-35.496,0
1398294417641,41686970918000,171538051000001,-4.461,3.096,-35.496,0
1398294417651,41686980928000,171538051000001,-4.461,3.096,-35.496,0
1398294417661,41686990937000,171538051000001,-4.461,3.096,-35.496,0
1398294417675,41687002473000,171538051000001,-4.461,3.096,-35.496,0
1398294417684,41687011048000,171538051000001,-4.461,3.096,-35.496,0
1398294417697,41687020997000,171538051000001,-4.461,3.096,-35.496,0
1398294417701,41687031037000,171538051000001,-4.461,3.096,-35.496,0
1398294417711,41687041017000,171538051000001,-4.461,3.096,-35.496,0
1398294417721,41687051026000,171538051000001,-4.461,3.096,-35.496,0
1398294417731,41687061036000,171538051000001,-4.461,3.096,-35.496,0
1398294417741,41687071046000,171538051000001,-4.461,3.096,-35.496,0
1398294417751,41687081056000,171538051000001,-4.461,3.096,-35.496,0
1398294417761,41687091065000,171538051000001,-4.461,2.775,-35.496,0
1398294417771,41687101075000,171538051000001,-4.461,2.775,-35.496,0
1398294417781,41687111085000,171538051000001,-4.461,2.775,-35.496,0
1398294417792,41687121095000,171538051000001,-4.461,2.775,-35.496,0
1398294417818,41687131105000,171538051000001,-4.158,2.775,-35.496,0
1398294417831,41687141114000,171538051000001,-4.158,2.775,-35.496,0
1398294417833,41687151124000,171538051000001,-4.158,2.427,-35.496,0
1398294417835,41687161134000,171538051000001,-4.158,2.427,-35.496,0
1398294417841,41687171144000,171538051000001,-4.158,2.427,-35.496,0
1398294417853,41687182679000,171538051000001,-4.158,2.427,-35.496,0
1398294417865,41687191224000,171538051000001,-4.158,2.427,-35.496,0
1398294417874,41687201203000,171538051000001,-4.158,2.114,-35.496,0
1398294417881,41687211183000,171538051000001,-4.158,2.114,-35.496,0
1398294417891,41687221192000,171538051000001,-4.158,2.114,-35.496,0
1398294417901,41687231202000,171538051000001,-4.158,2.114,-35.496,0
1398294417911,41687241212000,171538051000001,-4.158,2.114,-35.496,0
1398294417921,41687251222000,171538051000001,-4.158,1.808,-35.496,0
1398294417931,41687261231000,171538051000001,-4.158,1.808,-35.496,0
1398294417941,41687271424000,171538051000001,-4.158,1.808,-35.496,0
1398294417951,41687281251000,171538051000001,-4.158,1.808,-35.496,0
1398294417961,41687291261000,171538051000001,-4.158,1.808,-35.496,0
1398294417971,41687301301000,171538051000001,-4.158,1.808,-35.496,0
1398294417981,41687311280000,171538051000001,-4.158,1.808,-35.496,0
1398294417991,41687321290000,171538051000001,-4.158,1.808,-35.496,0
1398294418001,41687331300000,171538051000001,-4.158,1.808,-35.496,0
1398294418011,41687341310000,171538051000001,-4.158,1.808,-35.496,0
1398294418021,41687351319000,171538051000001,-4.158,1.808,-35.496,0
1398294418033,41687362886000,171538051000001,-4.158,1.808,-35.496,0
1398294418041,41687371369000,171538051000001,-4.158,1.808,-35.496,0
1398294418051,41687381318000,171538051000001,-4.158,1.808,-35.496,0
1398294418062,41687391450000,171538051000001,-4.158,1.808,-35.809,0
1398294418071,41687401368000,171538051000001,-4.158,1.808,-35.809,0
1398294418082,41687411408000,171538051000001,-3.787,1.808,-35.809,0
1398294418093,41687421418000,171538051000001,-3.787,1.808,-35.809,0
1398294418103,41687431397000,171538051000001,-3.787,1.808,-35.809,0
1398294418112,41687441438000,171538051000001,-3.787,1.808,-35.809,0
1398294418121,41687451417000,171538051000001,-3.787,1.808,-35.809,0
1398294418131,41687461427000,171538051000001,-3.427,1.808,-35.809,0
1398294418141,41687471437000,171538051000001,-3.427,1.808,-35.809,0
1398294418151,41687481446000,171538051000001,-3.427,1.808,-36.114,0
1398294418166,41687491487000,171538051000001,-3.062,1.808,-36.114,0
1398294418180,41687501496000,171538051000001,-3.062,1.808,-36.114,0
1398294418182,41687511506000,171538051000001,-3.062,1.808,-36.114,0
1398294418192,41687521516000,171538051000001,-3.062,1.808,-36.114,0
1398294418202,41687531526000,171538051000001,-3.062,1.808,-36.114,0
1398294418213,41687543061000,171538051000001,-3.062,1.808,-36.114,0
1398294418222,41687551576000,171538051000001,-3.062,2.137,-36.114,0
1398294418232,41687561555000,171538051000001,-3.062,2.137,-36.114,0
1398294418242,41687571565000,171538051000001,-3.062,2.137,-36.114,0
1398294418251,41687581544000,171538051000001,-3.062,2.137,-36.114,0
1398294418262,41687591584000,171538051000001,-3.062,2.137,-36.114,0
1398294418272,41687601564000,171538051000001,-3.062,2.49,-36.114,0
1398294418281,41687611573000,171538051000001,-3.062,2.49,-36.114,0
1398294418292,41687621583000,171538051000001,-3.062,2.49,-36.114,0
1398294418301,41687631593000,171538051000001,-3.062,2.49,-36.114,0
1398294418311,41687641603000,171538051000001,-3.062,2.49,-36.114,0
1398294418321,41687651612000,171538051000001,-3.062,2.807,-36.114,0
1398294418331,41687661622000,171538051000001,-3.062,2.807,-36.114,0
1398294418341,41687671632000,171538051000001,-3.437,2.807,-36.114,0
1398294418352,41687681642000,171538051000001,-3.437,2.807,-35.794,0
1398294418361,41687691651000,171538051000001,-3.437,3.138,-35.794,0
1398294418374,41687703858000,171538051000001,-3.788,3.138,-35.794,0
1398294418382,41687711640000,171538051000001,-3.788,3.138,-35.794,0
1398294418393,41687723176000,171538051000001,-3.788,3.138,-35.794,0
1398294418402,41687731690000,171538051000001,-3.788,3.138,-35.794,0
1398294418412,41687741670000,171538051000001,-4.153,3.475,-35.794,0
1398294418422,41687751679000,171538051000001,-4.153,3.475,-35.794,0
1398294418432,41687761689000,171538051000001,-4.153,3.475,-35.794,0
1398294418442,41687771699000,171538051000001,-4.153,3.475,-35.794,0
1398294418452,41687781709000,171538051000001,-4.472,3.475,-35.462,0
1398294418465,41687791719000,171538051000001,-4.472,3.475,-35.462,0
1398294418475,41687801789000,171538051000001,-4.472,3.475,-35.462,0
1398294418482,41687811738000,171538051000001,-4.472,3.475,-35.462,0
1398294418492,41687821717000,171538051000001,-4.811,3.475,-35.462,0
1398294418503,41687831727000,171538051000001,-4.811,3.475,-35.462,0
1398294418512,41687841767000,171538051000001,-4.811,3.781,-35.462,0
1398294418522,41687851838000,171538051000001,-4.811,3.781,-35.462,0
1398294418532,41687861756000,171538051000001,-5.143,3.781,-35.462,0
1398294418542,41687871797000,171538051000001,-5.143,3.781,-35.462,0
1398294418552,41687881776000,171538051000001,-5.143,3.781,-35.462,0
1398294418562,41687891816000,171538051000001,-5.143,3.781,-35.462,0
1398294418573,41687903413000,171538051000001,-5.143,3.781,-35.462,0
1398294418582,41687911836000,171538051000001,-5.143,3.781,-35.462,0
1398294418592,41687921845000,171538051000001,-5.143,3.781,-35.462,0
1398294418602,41687931855000,171538051000001,-5.143,3.781,-35.462,0
1398294418612,41687941835000,171538051000001,-5.143,3.781,-35.462,0
1398294418622,41687951844000,171538051000001,-5.143,3.781,-35.462,0
1398294418632,41687961854000,171538051000001,-5.143,3.781,-35.462,0
1398294418642,41687971864000,171538051000001,-5.143,3.781,-35.462,0
1398294418652,41687981874000,171538051000001,-5.143,3.781,-35.462,0
1398294418662,41687991883000,171538051000001,-5.143,3.781,-35.462,0
1398294418672,41688001924000,171538051000001,-4.823,3.781,-35.462,0
1398294418682,41688011933000,171538051000001,-4.823,3.781,-35.462,0
1398294418692,41688021943000,171538051000001,-4.823,3.781,-35.462,0
1398294418702,41688031953000,171538051000001,-4.823,3.781,-35.462,0
1398294418712,41688041963000,171538051000001,-4.823,3.781,-35.462,0
1398294418722,41688051942000,171538051000001,-4.823,3.781,-35.462,0
1398294418732,41688061952000,171538051000001,-4.823,3.781,-35.462,0
1398294418742,41688071992000,171538051000001,-4.823,3.781,-35.462,0
1398294418754,41688083528000,171538051000001,-4.823,3.781,-35.462,0
1398294418762,41688092042000,171538051000001,-4.823,3.781,-35.462,0
1398294418772,41688101991000,171538051000001,-4.823,3.781,-35.462,0
1398294418782,41688112001000,171538051000001,-4.823,3.781,-35.462,0
1398294418794,41688122071000,171538051000001,-4.823,3.781,-35.462,0
1398294418805,41688135438000,171538051000001,-4.823,3.781,-35.462,0
1398294418814,41688144502000,171538051000001,-4.823,3.781,-35.462,0
1398294418825,41688155488000,171538051000001,-4.823,3.781,-35.462,0
1398294418834,41688164460000,171538051000001,-4.823,3.781,-35.462,0
1398294418845,41688175447000,171538051000001,-4.823,3.781,-35.462,0
1398294418854,41688184449000,171538051000001,-4.823,3.781,-35.462,0
1398294418864,41688194245000,171538051000001,-4.823,3.781,-35.462,0
1398294418878,41688207429000,171538051000001,-4.823,3.781,-35.462,0
1398294418886,41688215638000,171538051000001,-4.823,3.781,-35.462,0
1398294418894,41688223786000,171538051000001,-4.823,3.781,-35.462,0
1398294418905,41688235383000,171538051000001,-5.16,3.781,-35.462,0
1398294418915,41688244508000,171538051000001,-5.16,3.781,-35.462,0
1398294418925,41688255372000,171538051000001,-5.16,3.781,-35.462,0
1398294418936,41688266084000,171538051000001,-5.16,3.781,-35.462,0
1398294418945,41688274659000,171538051000001,-5.16,3.46,-35.462,0
1398294418955,41688285310000,171538051000001,-5.16,3.46,-35.462,0
1398294418963,41688293336000,171538051000001,-5.476,3.46,-35.462,0
1398294418973,41688302247000,171538051000001,-5.476,3.46,-35.462,0
1398294418989,41688317536000,171538051000001,-5.476,3.46,-35.462,0
1398294418992,41688322267000,171538051000001,-5.476,3.102,-35.462,0
1398294419003,41688332276000,171538051000001,-5.476,3.102,-35.462,0
1398294419012,41688342256000,171538051000001,-5.476,3.102,-35.462,0
1398294419022,41688352265000,171538051000001,-5.476,2.79,-35.462,0
1398294419032,41688362275000,171538051000001,-5.476,2.79,-35.462,0
1398294419044,41688373536000,171538051000001,-5.476,2.79,-35.462,0
1398294419053,41688382661000,171538051000001,-5.476,2.79,-35.462,0
1398294419062,41688392304000,171538051000001,-5.476,2.389,-35.462,0
1398294419073,41688403321000,171538051000001,-5.476,2.389,-35.462,0
1398294419084,41688414460000,171538051000001,-5.476,2.389,-35.462,0
1398294419096,41688425569000,171538051000001,-5.476,2.389,-35.462,0
1398294419104,41688434449000,171538051000001,-5.476,2.026,-35.462,0
1398294419115,41688444917000,171538051000001,-5.476,2.026,-35.462,0
1398294419129,41688459168000,171538051000001,-5.476,2.026,-35.462,0
1398294419134,41688464143000,171538051000001,-5.476,2.026,-35.462,0
1398294419149,41688478669000,171538051000001,-5.476,1.708,-35.462,0
1398294419154,41688484010000,171538051000001,-5.476,1.708,-35.462,0
1398294419165,41688494905000,171538051000001,-5.476,1.708,-35.462,0
1398294419172,41688502412000,171538051000001,-5.476,1.708,-35.462,0
1398294419184,41688513215000,171538051000001,-5.476,1.708,-35.462,0
1398294419195,41688523561000,171538051000001,-5.476,1.708,-35.462,0
1398294419205,41688532441000,171538051000001,-5.476,1.394,-35.462,0
1398294419213,41688542512000,171538051000001,-5.476,1.394,-35.462,0
1398294419223,41688552491000,171538051000001,-5.476,1.394,-35.462,0
1398294419243,41688562501000,171538051000001,-5.476,1.394,-35.462,0
1398294419244,41688572511000,171538051000001,-5.476,1.394,-35.462,0
1398294419257,41688582490000,171538051000001,-5.476,1.394,-35.462,0
1398294419263,41688592530000,171538051000001,-5.476,1.394,-35.462,0
1398294419273,41688602510000,171538051000001,-5.476,1.394,-35.462,0
1398294419291,41688612519000,171538051000001,-5.476,1.394,-35.462,0
1398294419295,41688624513000,171538051000001,-5.476,1.394,-35.462,0
1398294419303,41688633180000,171538051000001,-5.476,1.394,-35.462,0
1398294419313,41688642549000,171538051000001,-5.476,1.394,-35.462,0
1398294419323,41688652558000,171538051000001,-5.476,1.394,-35.462,0
1398294419333,41688662568000,171538051000001,-5.476,1.394,-35.462,0
1398294419343,41688672639000,171538051000001,-5.476,1.394,-35.462,0
1398294419353,41688682954000,171538051000001,-5.476,1.394,-35.462,0
1398294419362,41688692567000,171538051000001,-5.476,1.394,-35.462,0
1398294419372,41688702577000,171538051000001,-5.476,1.394,-35.462,0
1398294419382,41688712586000,171538051000001,-5.476,1.394,-35.462,0
1398294419392,41688722596000,171538051000001,-5.787,1.699,-35.462,0
1398294419402,41688732606000,171538051000001,-5.787,1.699,-35.462,0
1398294419412,41688742616000,171538051000001,-5.787,1.699,-35.462,0
1398294419422,41688752626000,171538051000001,-5.787,1.699,-35.462,0
1398294419432,41688762635000,171538051000001,-5.787,1.699,-35.462,0
1398294419442,41688772645000,171538051000001,-5.787,1.699,-35.462,0
1398294419453,41688782655000,171538051000001,-5.787,1.699,-35.462,0
1398294419463,41688792665000,171538051000001,-5.787,1.699,-35.462,0
1398294419477,41688804200000,171538051000001,-5.787,1.699,-35.462,0
1398294419490,41688817201000,171538051000001,-5.787,1.699,-35.462,0
1398294419493,41688822694000,171538051000001,-5.787,1.699,-35.462,0
1398294419503,41688832704000,171538051000001,-5.48,1.699,-35.462,0
1398294419513,41688842713000,171538051000001,-5.48,1.699,-35.462,0
1398294419523,41688852723000,171538051000001,-5.48,2.001,-35.462,0
1398294419533,41688862702000,171538051000001,-5.48,2.001,-35.462,0
1398294419542,41688872743000,171538051000001,-5.48,2.001,-35.462,0
1398294419558,41688882752000,171538051000001,-5.48,2.001,-35.462,0
1398294419566,41688892762000,171538051000001,-5.48,2.001,-35.462,0
1398294419574,41688902772000,171538051000001,-5.48,2.001,-35.462,0
1398294419583,41688912782000,171538051000001,-5.48,2.001,-35.462,0
1398294419593,41688922792000,171538051000001,-5.48,2.001,-35.462,0
1398294419603,41688932771000,171538051000001,-5.48,2.001,-35.462,0
1398294419613,41688942811000,171538051000001,-5.48,2.001,-35.462,0
1398294419623,41688952821000,171538051000001,-5.48,2.001,-35.462,0
1398294419634,41688962831000,171538051000001,-5.48,2.001,-35.462,0
1398294419643,41688972840000,171538051000001,-5.48,2.001,-35.462,0
1398294419655,41688984376000,171538051000001,-5.48,2.001,-35.462,0
1398294419663,41688992890000,171538051000001,-5.48,2.001,-35.462,0
1398294419673,41689002931000,171538051000001,-5.48,2.001,-35.462,0
1398294419683,41689012879000,171538051000001,-5.48,2.001,-35.462,0
1398294419693,41689022889000,171538051000001,-5.48,2.001,-35.462,0
1398294419703,41689032899000,171538051000001,-5.48,2.001,-35.462,0
1398294419713,41689042909000,171538051000001,-5.48,2.001,-35.462,0
1398294419723,41689052918000,171538051000001,-5.48,2.001,-35.462,0
1398294419733,41689062928000,171538051000001,-5.148,2.001,-35.462,0
1398294419743,41689072938000,171538051000001,-5.148,2.001,-35.462,0
1398294419753,41689083131000,171538051000001,-5.148,2.001,-35.462,0
1398294419763,41689092958000,171538051000001,-5.148,2.001,-35.462,0
1398294419773,41689102967000,171538051000001,-5.148,2.001,-35.462,0
1398294419783,41689112977000,171538051000001,-5.148,2.001,-35.462,0
1398294419793,41689122987000,171538051000001,-5.148,2.001,-35.462,0
1398294419803,41689132997000,171538051000001,-5.148,2.001,-35.462,0
1398294419813,41689143006000,171538051000001,-5.148,2.001,-35.462,0
1398294419823,41689153016000,171538051000001,-5.148,2.001,-35.462,0
1398294419835,41689164582000,171538051000001,-5.148,2.001,-35.462,0
1398294419843,41689173066000,171538051000001,-5.148,2.001,-35.462,0
1398294419855,41689184510000,171538051000001,-5.148,2.001,-35.462,0
1398294419865,41689195283000,171538051000001,-5.148,2.001,-35.462,0
1398294419877,41689206727000,171538051000001,-5.148,2.001,-35.462,0
1398294419885,41689215303000,171538051000001,-4.815,2.001,-35.462,0
1398294419897,41689226686000,171538051000001,-4.815,2.001,-35.462,0
1398294419910,41689239411000,171538051000001,-4.815,2.001,-35.462,0
1398294419914,41689244325000,171538051000001,-4.815,2.001,-35.462,0
1398294419926,41689255738000,171538051000001,-4.815,2.001,-35.462,0
1398294419937,41689266633000,171538051000001,-4.815,2.001,-35.462,0
1398294419947,41689277040000,171538051000001,-4.815,2.001,-35.462,0
1398294419956,41689285585000,171538051000001,-4.815,2.001,-35.462,0
1398294419967,41689296632000,171538051000001,-4.815,2.001,-35.462,0
1398294419977,41689306672000,171538051000001,-4.815,2.001,-35.462,0
1398294419986,41689315827000,171538051000001,-4.815,2.001,-35.462,0
1398294419997,41689326875000,171538051000001,-4.815,2.001,-35.462,0
1398294420008,41689333741000,171538051000001,-4.815,2.001,-35.462,0
1398294420028,41689345429000,171538051000001,-4.815,2.001,-35.462,0
1398294420033,41689353334000,171538051000001,-4.815,2.001,-35.462,0
1398294420034,41689363282000,171538051000001,-4.815,2.001,-35.462,0
1398294420043,41689373262000,171538051000001,-4.815,2.001,-35.462,0
1398294420053,41689383271000,171538051000001,-4.815,2.001,-35.462,0
1398294420063,41689393281000,171538051000001,-4.815,2.001,-35.462,0
1398294420074,41689403321000,171538051000001,-4.815,2.001,-35.462,0
1398294420084,41689413331000,171538051000001,-4.815,2.001,-35.462,0
1398294420093,41689423310000,171538051000001,-4.815,2.001,-35.462,0
1398294420103,41689433320000,171538051000001,-4.815,2.001,-35.462,0
1398294420113,41689443330000,171538051000001,-4.815,2.001,-35.462,0
1398294420123,41689453340000,171538051000001,-4.815,2.001,-35.462,0
1398294420133,41689463380000,171538051000001,-4.815,2.001,-35.462,0
1398294420143,41689473390000,171538051000001,-4.815,2.001,-35.462,0
1398294420153,41689483369000,171538051000001,-4.815,2.001,-35.462,0
1398294420166,41689496034000,171538051000001,-4.815,2.001,-35.462,0
1398294420177,41689507142000,171538051000001,-4.815,2.001,-35.462,0
1398294420186,41689516175000,171538051000001,-4.815,2.001,-35.462,0
1398294420200,41689530183000,171538051000001,-4.815,2.001,-35.462,0
1398294420205,41689535279000,171538051000001,-4.815,2.001,-35.462,0
1398294420228,41689553956000,171538051000001,-4.815,2.001,-35.462,0
1398294420230,41689558290000,171538051000001,-4.815,2.001,-35.462,0
1398294420235,41689565034000,171538051000001,-4.815,2.001,-35.462,0
1398294420247,41689577119000,171538051000001,-4.815,2.001,-35.462,0
1398294420257,41689587098000,171538051000001,-4.815,2.001,-35.462,0
1398294420268,41689597718000,171538051000001,-4.815,2.001,-35.462,0
1398294420277,41689603517000,171538051000001,-4.815,2.001,-35.462,0
1398294420286,41689613587000,171538051000001,-4.815,2.001,-35.462,0
1398294420298,41689625825000,171538051000001,-4.815,2.001,-35.462,0
1398294420314,41689633515000,171538051000001,-4.815,2.326,-35.462,0
1398294420316,41689643525000,171538051000001,-4.815,2.326,-35.462,0
1398294420324,41689653565000,171538051000001,-4.815,2.326,-35.462,0
1398294420334,41689663545000,171538051000001,-4.815,2.326,-35.462,0
1398294420343,41689673524000,171538051000001,-4.815,2.326,-35.462,0
1398294420354,41689683564000,171538051000001,-4.815,2.326,-35.462,0
1398294420364,41689693605000,171538051000001,-4.815,2.326,-35.462,0
1398294420376,41689705140000,171538051000001,-4.815,2.326,-35.462,0
1398294420384,41689713655000,171538051000001,-4.815,2.326,-35.462,0
1398294420394,41689723603000,171538051000001,-4.815,2.326,-35.462,0
1398294420404,41689733613000,171538051000001,-5.14,2.326,-35.462,0
1398294420416,41689745973000,171538051000001,-5.14,2.326,-35.462,0
1398294420428,41689758454000,171538051000001,-5.14,2.326,-35.462,0
1398294420437,41689767152000,171538051000001,-5.14,2.326,-35.462,0
1398294420446,41689775666000,171538051000001,-5.14,2.326,-35.462,0
1398294420454,41689783845000,171538051000001,-5.14,2.326,-35.462,0
1398294420465,41689794129000,171538051000001,-5.14,2.326,-35.462,0
1398294420476,41689806092000,171538051000001,-5.14,2.326,-35.462,0
1398294420486,41689815522000,171538051000001,-5.14,2.326,-35.462,0
1398294420497,41689823701000,171538051000001,-5.14,2.326,-35.462,0
1398294420504,41689833680000,171538051000001,-5.14,2.326,-35.462,0
1398294420514,41689844178000,171538051000001,-5.14,2.326,-35.462,0
1398294420526,41689855287000,171538051000001,-5.14,2.326,-35.462,0
1398294420535,41689863771000,171538051000001,-5.14,2.326,-35.462,0
1398294420544,41689873750000,171538051000001,-5.14,2.326,-35.462,0
1398294420556,41689885316000,171538051000001,-5.14,2.326,-35.462,0
1398294420568,41689894258000,171538051000001,-5.14,2.326,-35.462,0
1398294420577,41689906556000,171538051000001,-5.14,2.326,-35.462,0
1398294420589,41689913789000,171538051000001,-5.14,2.326,-35.462,0
1398294420594,41689923829000,171538051000001,-5.14,2.326,-35.462,0
1398294420604,41689933839000,171538051000001,-5.14,2.326,-35.462,0
1398294420614,41689943849000,171538051000001,-5.14,2.326,-35.462,0
1398294420624,41689953858000,171538051000001,-5.14,2.008,-35.784,0
1398294420638,41689964143000,171538051000001,-5.14,2.008,-35.784,0
1398294420645,41689973878000,171538051000001,-5.14,2.008,-35.784,0
1398294420655,41689983949000,171538051000001,-5.14,2.008,-35.784,0
1398294420664,41689994020000,171538051000001,-5.14,2.008,-35.784,0
1398294420674,41690003877000,171538051000001,-5.14,2.008,-35.784,0
1398294420684,41690013887000,171538051000001,-5.14,2.008,-35.784,0
1398294420694,41690023866000,171538051000001,-5.14,2.008,-35.784,0
1398294420704,41690033876000,171538051000001,-5.14,2.008,-35.784,0
1398294420714,41690043916000,171538051000001,-5.14,2.008,-35.784,0
1398294420724,41690053956000,171538051000001,-5.14,2.008,-35.784,0
1398294420736,41690065492000,171538051000001,-5.14,2.008,-35.784,0
1398294420744,41690073976000,171538051000001,-5.14,2.008,-35.784,0
1398294420754,41690083955000,171538051000001,-5.14,2.008,-35.784,0
1398294420764,41690093965000,171538051000001,-5.14,2.008,-35.426,0
1398294420774,41690103974000,171538051000001,-5.14,2.008,-35.426,0
1398294420784,41690113984000,171538051000001,-5.14,2.008,-35.426,0
1398294420794,41690124024000,171538051000001,-5.14,2.008,-35.426,0
1398294420804,41690134034000,171538051000001,-5.14,2.008,-35.426,0
1398294420814,41690144044000,171538051000001,-5.14,2.008,-35.426,0
1398294420826,41690156465000,171538051000001,-5.14,2.008,-35.426,0
1398294420834,41690163972000,171538051000001,-5.14,2.008,-35.426,0
1398294420845,41690174012000,171538051000001,-5.14,2.008,-35.426,0
1398294420855,41690184053000,171538051000001,-5.14,2.008,-35.426,0
1398294420865,41690194062000,171538051000001,-5.14,1.683,-35.426,0
1398294420875,41690204072000,171538051000001,-5.14,1.683,-35.426,0
1398294420885,41690214112000,171538051000001,-5.14,1.683,-35.426,0
1398294420896,41690224092000,171538051000001,-5.14,1.683,-35.426,0
1398294420904,41690234101000,171538051000001,-5.14,1.683,-35.426,0
1398294420916,41690245637000,171538051000001,-5.14,1.683,-35.426,0
1398294420924,41690254151000,171538051000001,-5.14,1.683,-35.426,0
1398294420934,41690264100000,171538051000001,-5.14,1.683,-35.426,0
1398294420951,41690274140000,171538051000001,-5.14,1.359,-35.426,0
1398294420959,41690284150000,171538051000001,-5.14,1.359,-35.426,0
1398294420966,41690294160000,171538051000001,-5.14,1.359,-35.426,0
1398294420974,41690304170000,171538051000001,-5.14,1.359,-35.426,0
1398294420984,41690314179000,171538051000001,-5.14,1.359,-35.426,0
1398294420999,41690324159000,171538051000001,-5.14,1.359,-35.426,0
1398294421004,41690334168000,171538051000001,-5.14,1.359,-35.426,0
1398294421015,41690344209000,171538051000001,-5.14,1.057,-35.426,0
1398294421024,41690354188000,171538051000001,-5.14,1.057,-35.426,0
1398294421034,41690364228000,171538051000001,-5.14,1.057,-35.426,0
1398294421047,41690374208000,171538051000001,-5.14,1.057,-35.426,0
1398294421054,41690384248000,171538051000001,-5.14,1.057,-35.426,0
1398294421064,41690394258000,171538051000001,-5.14,1.057,-35.426,0
1398294421074,41690404267000,171538051000001,-5.14,1.057,-35.426,0
1398294421084,41690414247000,171538051000001,-5.14,1.057,-35.426,0
1398294421096,41690425813000,171538051000001,-5.14,1.057,-35.426,0
1398294421104,41690434327000,171538051000001,-5.14,1.057,-35.124,0
1398294421114,41690444459000,171538051000001,-5.14,1.057,-35.124,0
1398294421125,41690454286000,171538051000001,-5.14,0.724,-35.124,0
1398294421145,41690468690000,171538051000001,-5.14,0.724,-35.124,0
1398294421147,41690474275000,171538051000001,-5.14,0.724,-35.124,0
1398294421155,41690484529000,171538051000001,-5.14,0.724,-35.124,0
1398294421165,41690494325000,171538051000001,-5.14,0.724,-35.124,0
1398294421175,41690504304000,171538051000001,-5.14,0.724,-35.124,0
1398294421184,41690514314000,171538051000001,-5.14,0.724,-35.124,0
1398294421194,41690524324000,171538051000001,-5.14,0.724,-35.124,0
1398294421204,41690534333000,171538051000001,-5.14,0.724,-35.124,0
1398294421214,41690544343000,171538051000001,-5.14,0.724,-35.124,0
1398294421224,41690554353000,171538051000001,-5.14,0.724,-35.124,0
1398294421234,41690564363000,171538051000001,-5.14,0.724,-35.124,0
1398294421245,41690574372000,171538051000001,-5.14,0.724,-35.124,0
1398294421254,41690584382000,171538051000001,-5.14,0.724,-35.124,0
1398294421264,41690594392000,171538051000001,-5.14,0.724,-35.124,0
1398294421276,41690605958000,171538051000001,-5.14,0.724,-35.124,0
1398294421284,41690614442000,171538051000001,-5.14,0.724,-35.124,0
1398294421294,41690624421000,171538051000001,-5.14,0.724,-35.124,0
1398294421304,41690634431000,171538051000001,-5.14,0.724,-35.124,0
1398294421314,41690644441000,171538051000001,-5.14,0.724,-35.124,0
1398294421324,41690654450000,171538051000001,-5.14,0.724,-35.124,0
1398294421335,41690664674000,171538051000001,-5.14,0.724,-35.124,0
1398294421344,41690674531000,171538051000001,-5.14,0.724,-35.124,0
1398294421354,41690684510000,171538051000001,-5.14,0.724,-35.124,0
1398294421364,41690694520000,171538051000001,-5.14,0.724,-35.124,0
1398294421387,41690705384000,171538051000001,-5.14,0.724,-35.124,0
1398294421388,41690714540000,171538051000001,-5.14,0.724,-35.124,0
1398294421394,41690724519000,171538051000001,-5.14,0.724,-35.124,0
1398294421404,41690734529000,171538051000001,-5.14,0.724,-35.124,0
1398294421414,41690744538000,171538051000001,-5.14,0.724,-35.124,0
1398294421425,41690754579000,171538051000001,-5.14,0.724,-35.124,0
1398294421439,41690769074000,171538051000001,-5.14,0.724,-35.124,0
1398294421446,41690774629000,171538051000001,-5.14,0.724,-35.124,0
1398294421456,41690786134000,171538051000001,-5.497,0.724,-35.124,0
1398294421465,41690794648000,171538051000001,-5.497,0.724,-35.124,0
1398294421475,41690804627000,171538051000001,-5.497,0.724,-35.124,0
1398294421485,41690814607000,171538051000001,-5.497,0.724,-35.124,0
1398294421495,41690824616000,171538051000001,-5.838,0.724,-35.124,0
1398294421504,41690834596000,171538051000001,-5.838,0.724,-35.124,0
1398294421514,41690844606000,171538051000001,-5.838,0.724,-34.819,0
1398294421525,41690854615000,171538051000001,-5.838,0.724,-34.819,0
1398294421540,41690864686000,171538051000001,-5.838,0.724,-34.819,0
1398294421549,41690874665000,171538051000001,-5.838,0.724,-34.819,0
1398294421555,41690884675000,171538051000001,-5.838,0.724,-34.819,0
1398294421565,41690894898000,171538051000001,-5.838,0.724,-34.819,0
1398294421575,41690904756000,171538051000001,-5.838,0.724,-34.819,0
1398294421585,41690914765000,171538051000001,-5.838,0.724,-34.819,0
1398294421595,41690924745000,171538051000001,-5.838,0.724,-34.819,0
1398294421604,41690934754000,171538051000001,-5.838,0.724,-34.819,0
1398294421615,41690944764000,171538051000001,-5.838,0.724,-34.819,0
1398294421624,41690954774000,171538051000001,-5.838,0.724,-34.819,0
1398294421636,41690966340000,171538051000001,-5.838,0.724,-34.819,0
1398294421645,41690974824000,171538051000001,-5.838,0.724,-34.819,0
1398294421655,41690984803000,171538051000001,-5.838,0.724,-34.819,0
1398294421669,41690994844000,171538051000001,-5.838,0.724,-34.819,0
1398294421675,41691004853000,171538051000001,-5.838,0.724,-34.819,0
1398294421685,41691014863000,171538051000001,-5.471,0.724,-34.819,0
1398294421695,41691024842000,171538051000001,-5.471,0.724,-35.125,0
1398294421705,41691034852000,171538051000001,-5.471,0.724,-35.125,0
1398294421715,41691044862000,171538051000001,-5.471,0.724,-35.125,0
1398294421725,41691054872000,171538051000001,-5.471,0.724,-35.125,0
1398294421735,41691064881000,171538051000001,-5.471,0.724,-35.125,0
1398294421751,41691074922000,171538051000001,-5.471,0.724,-35.125,0
1398294421755,41691084901000,171538051000001,-5.471,0.724,-35.125,0
1398294421765,41691094911000,171538051000001,-5.471,0.724,-35.125,0
1398294421775,41691104920000,171538051000001,-5.471,0.724,-35.125,0
1398294421785,41691114930000,171538051000001,-5.471,0.724,-35.125,0
1398294421795,41691124940000,171538051000001,-5.471,1.034,-35.125,0
1398294421805,41691134950000,171538051000001,-5.471,1.034,-35.125,0
1398294421816,41691146516000,171538051000001,-5.471,1.034,-35.125,0
1398294421825,41691155000000,171538051000001,-5.471,1.034,-35.125,0
1398294421835,41691165010000,171538051000001,-5.471,1.034,-35.125,0
1398294421845,41691174958000,171538051000001,-5.471,1.034,-35.125,0
1398294421855,41691184968000,171538051000001,-5.471,1.034,-35.125,0
1398294421865,41691194978000,171538051000001,-5.471,1.034,-35.125,0
1398294421876,41691204957000,171538051000001,-5.471,1.034,-35.125,0
1398294421885,41691215028000,171538051000001,-5.471,1.034,-35.125,0
1398294421895,41691225007000,171538051000001,-5.471,1.034,-35.125,0
1398294421905,41691234986000,171538051000001,-5.471,1.034,-35.125,0
1398294421915,41691245027000,171538051000001,-5.471,1.034,-35.125,0
1398294421931,41691255067000,171538051000001,-5.471,1.034,-35.125,0
1398294421943,41691265077000,171538051000001,-5.471,1.034,-35.125,0
1398294421951,41691275056000,171538051000001,-5.471,1.034,-35.125,0
1398294421955,41691285096000,171538051000001,-5.471,1.034,-35.125,0
1398294421965,41691295075000,171538051000001,-5.471,1.034,-35.125,0
1398294421975,41691305085000,171538051000001,-5.471,1.034,-35.125,0
1398294421985,41691315095000,171538051000001,-5.471,0.729,-35.125,0
1398294421997,41691326631000,171538051000001,-5.471,0.729,-35.125,0
1398294422005,41691335145000,171538051000001,-5.471,0.729,-35.125,0
1398294422015,41691345124000,171538051000001,-5.146,0.416,-35.125,0
1398294422027,41691355134000,171538051000001,-5.146,0.416,-35.125,0
1398294422035,41691365144000,171538051000001,-5.146,0.416,-35.125,0
1398294422045,41691375154000,171538051000001,-5.146,0.079,-35.125,0
1398294422055,41691385224000,171538051000001,-5.146,0.079,-35.125,0
1398294422065,41691395173000,171538051000001,-4.786,0.079,-35.125,0
1398294422075,41691405183000,171538051000001,-4.786,-0.297,-35.125,0
1398294422085,41691415193000,171538051000001,-4.786,-0.297,-35.125,0
1398294422095,41691425202000,171538051000001,-4.359,-0.297,-35.125,0
1398294422106,41691435243000,171538051000001,-4.359,-0.637,-35.125,0
1398294422117,41691445283000,171538051000001,-4.359,-0.637,-35.125,0
1398294422131,41691455232000,171538051000001,-3.965,-0.637,-35.125,0
1398294422135,41691465211000,171538051000001,-3.965,-0.968,-35.125,0
1398294422147,41691475251000,171538051000001,-3.965,-0.968,-35.125,0
1398294422155,41691485261000,171538051000001,-3.572,-0.968,-35.125,0
1398294422167,41691495271000,171538051000001,-3.572,-0.968,-35.125,0
1398294422178,41691506806000,171538051000001,-3.572,-1.275,-35.125,0
1398294422185,41691515321000,171538051000001,-3.572,-1.275,-35.125,0
1398294422195,41691525300000,171538051000001,-3.208,-1.275,-35.433,0
1398294422210,41691535310000,171538051000001,-3.208,-1.275,-35.433,0
1398294422221,41691545350000,171538051000001,-3.208,-1.275,-35.433,0
1398294422229,41691555329000,171538051000001,-3.208,-1.275,-35.433,0
1398294422235,41691565339000,171538051000001,-3.208,-1.275,-35.433,0
1398294422245,41691575349000,171538051000001,-3.208,-1.275,-35.746,0
1398294422255,41691585389000,171538051000001,-3.208,-1.275,-35.746,0
1398294422265,41691595368000,171538051000001,-3.208,-1.275,-35.746,0
1398294422276,41691605378000,171538051000001,-3.208,-0.962,-35.746,0
1398294422285,41691615388000,171538051000001,-3.208,-0.962,-35.746,0
1398294422295,41691625398000,171538051000001,-3.208,-0.962,-35.746,0
1398294422305,41691635377000,171538051000001,-3.208,-0.962,-35.746,0
1398294422315,41691645387000,171538051000001,-3.208,-0.595,-35.746,0
1398294422325,41691655427000,171538051000001,-3.208,-0.595,-35.746,0
1398294422335,41691665406000,171538051000001,-3.208,-0.595,-35.746,0
1398294422345,41691675416000,171538051000001,-3.52,-0.23,-35.746,0
1398294422357,41691686982000,171538051000001,-3.52,-0.23,-35.746,0
1398294422367,41691697480000,171538051000001,-3.52,-0.23,-35.746,0
1398294422375,41691705476000,171538051000001,-3.828,0.21,-35.746,0
1398294422385,41691715486000,171538051000001,-3.828,0.21,-35.746,0
1398294422395,41691725495000,171538051000001,-3.828,0.21,-35.746,0
1398294422405,41691735505000,171538051000001,-4.196,0.659,-35.423,0
1398294422416,41691745515000,171538051000001,-4.196,0.659,-35.423,0
1398294422425,41691755525000,171538051000001,-4.196,0.659,-35.423,0
1398294422435,41691765534000,171538051000001,-4.519,1.055,-35.423,0
1398294422445,41691775544000,171538051000001,-4.519,1.055,-35.423,0
1398294422455,41691785707000,171538051000001,-4.519,1.055,-35.423,0
1398294422465,41691795564000,171538051000001,-4.898,1.408,-35.423,0
1398294422475,41691805574000,171538051000001,-4.898,1.408,-35.423,0
1398294422485,41691815583000,171538051000001,-4.898,1.408,-35.423,0
1398294422496,41691825624000,171538051000001,-5.25,1.736,-35.423,0
1398294422505,41691835603000,171538051000001,-5.25,1.736,-35.423,0
1398294422515,41691845613000,171538051000001,-5.25,1.736,-35.423,0
1398294422525,41691855622000,171538051000001,-5.25,1.736,-35.423,0
1398294422541,41691868043000,171538051000001,-5.25,1.736,-35.423,0
1398294422548,41691875733000,171538051000001,-5.25,1.736,-35.423,0
1398294422558,41691885682000,171538051000001,-5.25,2.04,-35.423,0
1398294422572,41691895692000,171538051000001,-5.25,2.04,-35.423,0
1398294422578,41691905702000,171538051000001,-5.25,2.04,-35.423,0
1398294422587,41691915742000,171538051000001,-5.25,2.04,-35.423,0
1398294422602,41691925721000,171538051000001,-5.25,2.04,-35.423,0
1398294422607,41691935731000,171538051000001,-5.25,2.04,-35.423,0
1398294422616,41691945741000,171538051000001,-5.25,2.04,-35.423,0
1398294422626,41691955751000,171538051000001,-5.563,2.04,-35.423,0
1398294422636,41691965760000,171538051000001,-5.563,2.04,-35.423,0
1398294422646,41691975740000,171538051000001,-5.563,2.04,-35.423,0
1398294422656,41691985780000,171538051000001,-5.563,2.04,-35.423,0
1398294422666,41691995790000,171538051000001,-5.563,2.04,-35.423,0
1398294422676,41692006013000,171538051000001,-5.563,2.04,-35.423,0
1398294422686,41692015748000,171538051000001,-5.563,2.04,-35.423,0
1398294422696,41692025758000,171538051000001,-5.563,2.04,-35.423,0
1398294422706,41692035768000,171538051000001,-5.563,2.04,-35.423,0
1398294422717,41692047334000,171538051000001,-5.563,2.04,-35.423,0
1398294422726,41692055818000,171538051000001,-5.563,2.04,-35.423,0
1398294422736,41692065797000,171538051000001,-5.563,2.04,-35.423,0
1398294422746,41692075837000,171538051000001,-5.563,2.04,-35.423,0
1398294422756,41692085816000,171538051000001,-5.563,2.04,-35.423,0
1398294422766,41692095826000,171538051000001,-5.563,2.04,-35.423,0
1398294422776,41692105836000,171538051000001,-5.563,2.04,-35.423,0
1398294422786,41692115846000,171538051000001,-5.563,2.04,-35.423,0
1398294422796,41692125855000,171538051000001,-5.563,2.04,-35.423,0
1398294422824,41692135865000,171538051000001,-5.563,2.04,-35.423,0
1398294422826,41692145906000,171538051000001,-5.563,2.04,-35.423,0
1398294422828,41692155915000,171538051000001,-5.563,2.04,-35.095,0
1398294422836,41692165925000,171538051000001,-5.563,2.04,-35.095,0
1398294422846,41692175935000,171538051000001,-5.563,2.04,-35.095,0
1398294422856,41692185945000,171538051000001,-5.563,2.04,-35.095,0
1398294422866,41692195924000,171538051000001,-5.563,2.04,-35.095,0
1398294422876,41692205934000,171538051000001,-5.563,2.04,-35.095,0
1398294422886,41692215974000,171538051000001,-5.563,2.04,-35.095,0
1398294422898,41692227510000,171538051000001,-5.563,2.04,-35.095,0
1398294422906,41692236207000,171538051000001,-5.563,2.04,-35.095,0
1398294422916,41692246003000,171538051000001,-5.563,2.04,-35.095,0
1398294422926,41692256013000,171538051000001,-5.563,2.04,-35.095,0
1398294422939,41692268525000,171538051000001,-5.563,2.04,-35.095,0
1398294422951,41692280915000,171538051000001,-5.563,2.04,-35.095,0
1398294422959,41692288606000,171538051000001,-5.563,2.04,-35.095,0
1398294422972,41692302369000,171538051000001,-5.563,2.04,-35.095,0
1398294422982,41692311677000,171538051000001,-5.563,2.04,-35.095,0
1398294422988,41692318299000,171538051000001,-5.563,2.04,-35.095,0
1398294422998,41692327485000,171538051000001,-5.563,2.04,-35.095,0
1398294423009,41692338929000,171538051000001,-5.563,2.04,-35.095,0
1398294423019,41692348573000,171538051000001,-5.563,2.04,-35.095,0
1398294423031,41692361299000,171538051000001,-5.563,2.04,-35.095,0
1398294423039,41692368928000,171538051000001,-5.563,2.04,-35.095,0
1398294423048,41692378327000,171538051000001,-5.563,2.04,-35.095,0
1398294423060,41692388215000,171538051000001,-5.563,2.04,-35.095,0
1398294423066,41692396211000,171538051000001,-5.563,2.04,-35.095,0
1398294423078,41692407777000,171538051000001,-5.563,2.04,-35.095,0
1398294423086,41692416261000,171538051000001,-5.563,2.04,-35.095,0
1398294423096,41692426240000,171538051000001,-5.563,2.04,-35.095,0
1398294423106,41692436280000,171538051000001,-5.563,2.04,-35.095,0
1398294423116,41692446290000,171538051000001,-5.563,2.04,-35.095,0
1398294423126,41692456300000,171538051000001,-5.563,2.04,-35.095,0
1398294423136,41692466279000,171538051000001,-5.563,2.04,-35.095,0
1398294423146,41692476319000,171538051000001,-5.563,2.04,-35.095,0
1398294423156,41692486299000,171538051000001,-5.563,2.04,-35.095,0
1398294423173,41692502748000,171538051000001,-5.563,2.04,-35.095,0
1398294423178,41692507752000,171538051000001,-5.563,2.04,-35.095,0
1398294423193,41692522615000,171538051000001,-5.563,2.04,-35.095,0
1398294423198,41692527833000,171538051000001,-5.563,1.716,-35.095,0
1398294423213,41692542634000,171538051000001,-5.563,1.716,-35.095,0
1398294423219,41692548524000,171538051000001,-5.563,1.716,-35.095,0
1398294423233,41692563020000,171538051000001,-5.563,1.716,-35.095,0
1398294423238,41692567933000,171538051000001,-5.563,1.716,-35.095,0
1398294423253,41692582612000,171538051000001,-5.563,1.716,-35.095,0
1398294423260,41692590180000,171538051000001,-5.563,1.716,-35.095,0
1398294423271,41692601533000,171538051000001,-5.563,1.716,-35.095,0
1398294423284,41692614106000,171538051000001,-5.563,1.716,-35.095,0
1398294423286,41692616365000,171538051000001,-5.563,1.716,-35.095,0
1398294423299,41692628724000,171538051000001,-5.563,1.716,-35.095,0
1398294423315,41692644502000,171538051000001,-5.563,1.716,-35.095,0
1398294423317,41692646546000,171538051000001,-5.563,1.716,-35.095,0
1398294423333,41692662965000,171538051000001,-5.563,1.716,-35.095,0
1398294423339,41692669282000,171538051000001,-5.563,1.716,-35.095,0
1398294423353,41692682771000,171538051000001,-5.563,1.716,-35.095,0
1398294423359,41692688783000,171538051000001,-5.563,1.716,-35.095,0
1398294423373,41692702760000,171538051000001,-5.563,1.716,-35.095,0
1398294423380,41692709962000,171538051000001,-5.563,1.716,-35.095,0
1398294423390,41692720185000,171538051000001,-5.563,1.716,-35.095,0
1398294423400,41692728852000,171538051000001,-5.563,1.716,-35.095,0
1398294423412,41692742341000,171538051000001,-5.229,1.716,-35.095,0
1398294423418,41692748078000,171538051000001,-5.229,1.716,-35.095,0
1398294423431,41692761231000,171538051000001,-5.229,1.716,-35.095,0
1398294423440,41692770112000,171538051000001,-5.229,1.716,-35.095,0
1398294423451,41692780854000,171538051000001,-5.229,1.716,-35.095,0
1398294423462,41692792146000,171538051000001,-5.229,1.716,-35.095,0
1398294423469,41692798860000,171538051000001,-5.229,1.716,-35.095,0
1398294423483,41692813111000,171538051000001,-5.229,1.716,-35.095,0
1398294423488,41692818147000,171538051000001,-5.229,1.716,-35.095,0
1398294423499,41692829042000,171538051000001,-5.229,1.716,-35.095,0
1398294423513,41692842744000,171538051000001,-5.229,1.716,-35.095,0
1398294423520,41692849488000,171538051000001,-5.229,1.716,-35.095,0
1398294423533,41692862824000,171538051000001,-5.229,1.716,-35.095,0
1398294423539,41692868806000,171538051000001,-4.907,1.716,-35.095,0
1398294423552,41692881501000,171538051000001,-4.907,1.716,-35.095,0
1398294423559,41692886872000,171538051000001,-4.907,1.716,-35.095,0
1398294423567,41692896668000,171538051000001,-4.907,1.716,-35.095,0
1398294423577,41692906678000,171538051000001,-4.907,1.716,-35.095,0
1398294423588,41692916658000,171538051000001,-4.907,1.716,-35.095,0
1398294423597,41692926698000,171538051000001,-4.907,1.716,-35.095,0
1398294423608,41692936677000,171538051000001,-4.907,1.716,-35.095,0
1398294423619,41692948243000,171538051000001,-4.907,1.716,-35.095,0
1398294423627,41692956758000,171538051000001,-4.907,1.716,-35.095,0
1398294423637,41692966706000,171538051000001,-4.907,1.716,-35.095,0
1398294423647,41692976716000,171538051000001,-4.907,1.716,-35.095,0
1398294423657,41692986726000,171538051000001,-4.907,1.716,-35.095,0
1398294423673,41693002778000,171538051000001,-4.907,1.716,-35.095,0
1398294423679,41693008851000,171538051000001,-4.907,1.716,-35.095,0
1398294423693,41693022981000,171538051000001,-4.907,1.716,-35.095,0
1398294423699,41693028718000,171538051000001,-4.907,1.716,-35.095,0
1398294423713,41693043122000,171538051000001,-4.907,1.716,-35.095,0
1398294423719,41693049104000,171538051000001,-4.907,1.716,-35.095,0
1398294423733,41693063050000,171538051000001,-4.907,1.716,-35.095,0
1398294423739,41693069032000,171538051000001,-4.907,1.716,-35.095,0
1398294423753,41693083100000,171538051000001,-4.907,1.716,-35.095,0
1398294423758,41693088044000,171538051000001,-4.907,1.716,-35.095,0
1398294423773,41693103150000,171538051000001,-4.907,1.716,-35.095,0
1398294423779,41693109132000,171538051000001,-4.907,1.716,-35.095,0
1398294423793,41693123109000,171538051000001,-4.907,1.716,-35.095,0
1398294423800,41693129884000,171538051000001,-4.907,1.716,-35.095,0
1398294423812,41693141755000,171538051000001,-4.907,1.716,-35.095,0
1398294423819,41693149262000,171538051000001,-4.907,1.716,-35.095,0
1398294423833,41693163178000,171538051000001,-4.907,1.716,-35.095,0
1398294423839,41693169099000,171538051000001,-4.907,1.716,-35.095,0
1398294423853,41693183412000,171538051000001,-4.907,1.716,-35.095,0
1398294423859,41693188600000,171538051000001,-4.907,1.716,-35.095,0
1398294423870,41693199433000,171538051000001,-4.907,1.716,-35.095,0
1398294423883,41693212983000,171538051000001,-4.907,1.716,-35.095,0
1398294423890,41693219667000,171538051000001,-4.907,1.716,-35.095,0
1398294423902,41693230744000,171538051000001,-4.907,1.716,-35.095,0
1398294423909,41693238801000,171538051000001,-4.907,1.716,-35.095,0
1398294423923,41693252229000,171538051000001,-4.907,1.716,-35.095,0
1398294423929,41693256990000,171538051000001,-4.907,1.716,-35.095,0
1398294423939,41693268434000,171538051000001,-4.907,1.716,-35.095,0
1398294423948,41693277009000,171538051000001,-4.907,1.716,-35.095,0
1398294423959,41693287049000,171538051000001,-4.907,1.716,-35.095,0
1398294423969,41693298738000,171538051000001,-4.907,1.716,-35.095,0
1398294423979,41693308595000,171538051000001,-4.907,1.716,-35.095,0
1398294423989,41693317079000,171538051000001,-4.907,1.716,-35.095,0
1398294423997,41693327058000,171538051000001,-4.907,1.716,-35.095,0
1398294424008,41693337098000,171538051000001,-4.907,1.716,-35.095,0
1398294424022,41693349275000,171538051000001,-4.907,1.716,-35.095,0
1398294424027,41693357118000,171538051000001,-4.907,1.716,-35.095,0
1398294424041,41693367127000,171538051000001,-4.907,1.716,-35.095,0
1398294424051,41693381166000,171538051000001,-4.907,1.716,-35.095,0
1398294424058,41693387239000,171538051000001,-4.907,1.716,-35.095,0
1398294424072,41693397187000,171538051000001,-4.907,1.716,-35.095,0
1398294424077,41693407167000,171538051000001,-4.907,1.716,-35.095,0
1398294424095,41693417176000,171538051000001,-4.907,1.716,-35.095,0
1398294424097,41693427186000,171538051000001,-4.907,1.716,-35.095,0
1398294424107,41693437196000,171538051000001,-5.209,1.716,-35.095,0
1398294424117,41693447206000,171538051000001,-5.209,1.716,-35.095,0
1398294424127,41693457246000,171538051000001,-5.209,1.716,-35.095,0
1398294424137,41693467225000,171538051000001,-5.209,1.716,-35.095,0
1398294424147,41693477235000,171538051000001,-5.209,1.716,-35.095,0
1398294424159,41693488771000,171538051000001,-5.209,1.716,-35.095,0
1398294424167,41693497285000,171538051000001,-5.209,1.716,-35.095,0
1398294424177,41693507264000,171538051000001,-5.209,1.716,-35.095,0
1398294424187,41693517274000,171538051000001,-5.209,1.716,-35.095,0
1398294424197,41693527314000,171538051000001,-5.209,1.716,-35.095,0
1398294424211,41693540742000,171538051000001,-5.52,1.716,-35.095,0
1398294424217,41693547242000,171538051000001,-5.52,1.716,-35.095,0
1398294424227,41693557283000,171538051000001,-5.52,1.716,-35.095,0
1398294424237,41693567262000,171538051000001,-5.52,1.716,-35.095,0
1398294424252,41693577363000,171538051000001,-5.52,1.716,-35.095,0
1398294424264,41693587495000,171538051000001,-5.52,1.716,-35.095,0
1398294424267,41693597322000,171538051000001,-5.52,1.716,-35.095,0
1398294424277,41693607331000,171538051000001,-5.52,1.716,-35.095,0
1398294424287,41693617341000,171538051000001,-5.52,1.716,-35.095,0
1398294424297,41693627351000,171538051000001,-5.52,1.716,-35.095,0
1398294424309,41693637361000,171538051000001,-5.52,1.716,-35.095,0
1398294424317,41693647370000,171538051000001,-5.52,1.388,-35.095,0
1398294424328,41693657380000,171538051000001,-5.52,1.388,-35.095,0
1398294424339,41693668916000,171538051000001,-5.52,1.388,-35.095,0
1398294424347,41693677430000,171538051000001,-5.52,1.388,-35.095,0
1398294424357,41693687379000,171538051000001,-5.52,1.388,-35.095,0
1398294424367,41693697389000,171538051000001,-5.52,1.388,-35.095,0
1398294424377,41693707429000,171538051000001,-5.52,1.388,-35.095,0
1398294424387,41693717439000,171538051000001,-5.52,1.388,-35.095,0
1398294424403,41693727479000,171538051000001,-5.52,1.388,-35.095,0
1398294424416,41693737458000,171538051000001,-5.52,1.388,-35.095,0
1398294424418,41693747682000,171538051000001,-5.52,1.388,-35.095,0
1398294424428,41693757478000,171538051000001,-5.52,1.388,-35.095,0
1398294424437,41693767488000,171538051000001,-5.52,1.388,-35.095,0
1398294424448,41693777497000,171538051000001,-5.882,1.388,-35.095,0
1398294424458,41693787507000,171538051000001,-5.882,1.388,-35.095,0
1398294424468,41693797486000,171538051000001,-5.882,1.388,-35.095,0
1398294424478,41693807527000,171538051000001,-5.882,1.388,-35.095,0
1398294424488,41693817536000,171538051000001,-5.882,1.02,-35.095,0
1398294424497,41693827516000,171538051000001,-5.882,1.02,-35.095,0
1398294424511,41693841157000,171538051000001,-5.882,1.02,-35.095,0
1398294424520,41693849092000,171538051000001,-5.882,1.02,-35.095,0
1398294424528,41693857606000,171538051000001,-5.882,1.02,-35.095,0
1398294424538,41693867585000,171538051000001,-5.561,0.631,-35.095,0
1398294424548,41693877595000,171538051000001,-4.988,0.631,-35.095,0
1398294424558,41693887605000,171538051000001,-4.437,0.631,-35.095,0
1398294424568,41693897615000,171538051000001,-4.022,0.315,-35.095,0
1398294424578,41693907624000,171538051000001,-3.72,0.315,-35.095,0
1398294424588,41693917634000,171538051000001,-3.341,0.315,-35.095,0
1398294424598,41693927674000,171538051000001,-3.341,-0.03,-35.095,0
1398294424608,41693937654000,171538051000001,-3.341,-0.03,-35.095,0
1398294424620,41693947633000,171538051000001,-3.341,-0.03,-35.095,0
1398294424628,41693957673000,171538051000001,-2.896,-0.361,-35.095,0
1398294424638,41693967683000,171538051000001,-2.896,-0.361,-35.095,0
1398294424648,41693977693000,171538051000001,-3.312,-0.361,-35.095,0
1398294424658,41693987702000,171538051000001,-3.312,-0.361,-35.095,0
1398294424669,41693997682000,171538051000001,-3.312,-0.735,-35.095,0
1398294424678,41694007722000,171538051000001,-2.874,-0.735,-35.095,0
1398294424688,41694017701000,171538051000001,-2.874,-0.735,-35.095,0
1398294424699,41694029267000,171538051000001,-2.572,-0.735,-35.095,0
1398294424713,41694037782000,171538051000001,-2.572,-0.735,-35.429,0
1398294424723,41694047761000,171538051000001,-2.572,-0.735,-35.429,0
1398294424732,41694057771000,171538051000001,-2.273,-0.735,-35.429,0
1398294424738,41694067781000,171538051000001,-2.273,-0.735,-35.429,0
1398294424748,41694077790000,171538051000001,-2.273,-0.735,-35.429,0
1398294424758,41694087800000,171538051000001,-2.273,-0.395,-35.429,0
1398294424769,41694097779000,171538051000001,-2.273,-0.395,-35.429,0
1398294424778,41694107820000,171538051000001,-2.273,-0.395,-35.429,0
1398294424788,41694117799000,171538051000001,-2.273,-0.083,-35.429,0
1398294424798,41694127809000,171538051000001,-2.273,-0.083,-35.429,0
1398294424808,41694137818000,171538051000001,-2.273,-0.083,-35.429,0
1398294424823,41694148133000,171538051000001,-2.273,0.292,-35.429,0
1398294424829,41694157838000,171538051000001,-2.273,0.292,-35.429,0
1398294424838,41694167878000,171538051000001,-2.583,0.292,-35.429,0
1398294424853,41694177888000,171538051000001,-2.583,0.72,-35.429,0
1398294424860,41694187898000,171538051000001,-2.583,0.72,-35.429,0
1398294424872,41694197908000,171538051000001,-2.583,1.086,-35.429,0
1398294424880,41694209474000,171538051000001,-2.583,1.086,-35.429,0
1398294424888,41694217958000,171538051000001,-2.896,1.409,-35.429,0
1398294424898,41694227906000,171538051000001,-2.896,1.409,-35.429,0
1398294424908,41694237916000,171538051000001,-2.896,1.409,-35.429,0
1398294424920,41694247926000,171538051000001,-2.896,1.82,-35.429,0
1398294424928,41694257966000,171538051000001,-3.242,1.82,-35.429,0
1398294424938,41694267976000,171538051000001,-3.242,1.82,-35.429,0
1398294424948,41694277986000,171538051000001,-3.242,1.82,-35.429,0
1398294424966,41694287995000,171538051000001,-3.242,2.171,-35.429,0
1398294424972,41694298066000,171538051000001,-3.242,2.171,-35.429,0
1398294424983,41694308045000,171538051000001,-3.564,2.171,-35.429,0
1398294424988,41694317994000,171538051000001,-3.564,2.171,-35.429,0
1398294424998,41694328004000,171538051000001,-3.564,2.476,-35.429,0
1398294425008,41694338044000,171538051000001,-3.564,2.476,-35.429,0
1398294425023,41694348023000,171538051000001,-3.869,2.476,-35.429,0
1398294425028,41694358064000,171538051000001,-3.869,2.476,-35.429,0
1398294425038,41694368043000,171538051000001,-3.869,2.476,-35.429,0
1398294425048,41694378053000,171538051000001,-3.869,2.476,-35.429,0
1398294425060,41694389619000,171538051000001,-3.869,2.476,-35.429,0
1398294425070,41694398103000,171538051000001,-3.869,2.476,-35.429,0
1398294425079,41694408113000,171538051000001,-3.869,2.476,-35.429,0
1398294425088,41694418122000,171538051000001,-3.869,2.476,-35.429,0
1398294425098,41694428102000,171538051000001,-4.176,2.476,-35.429,0
1398294425108,41694438142000,171538051000001,-4.176,2.476,-35.429,0
1398294425118,41694448152000,171538051000001,-4.176,2.476,-35.429,0
1398294425132,41694462007000,171538051000001,-4.176,2.476,-35.429,0
1398294425138,41694468171000,171538051000001,-4.176,2.476,-35.429,0
1398294425148,41694478181000,171538051000001,-4.176,2.476,-35.429,0
1398294425158,41694488191000,171538051000001,-4.176,2.476,-35.429,0
1398294425168,41694498200000,171538051000001,-4.176,2.476,-35.429,0
1398294425178,41694508210000,171538051000001,-4.176,2.476,-35.429,0
1398294425188,41694518220000,171538051000001,-4.176,2.476,-35.429,0
1398294425198,41694528199000,171538051000001,-4.176,2.476,-35.429,0
1398294425208,41694538209000,171538051000001,-4.176,2.476,-35.429,0
1398294425219,41694548249000,171538051000001,-4.176,2.476,-35.429,0
1398294425228,41694558229000,171538051000001,-4.176,2.476,-35.429,0
1398294425240,41694569795000,171538051000001,-4.176,2.476,-35.429,0
1398294425248,41694578279000,171538051000001,-4.176,2.171,-35.429,0
1398294425262,41694588288000,171538051000001,-4.519,2.171,-35.429,0
1398294425271,41694598298000,171538051000001,-4.519,2.171,-35.429,0
1398294425278,41694608277000,171538051000001,-4.519,2.171,-35.429,0
1398294425288,41694618318000,171538051000001,-4.519,2.171,-35.429,0
1398294425298,41694628327000,171538051000001,-4.519,2.171,-35.429,0
1398294425308,41694638337000,171538051000001,-4.824,2.171,-35.429,0
1398294425318,41694648347000,171538051000001,-4.824,2.171,-35.429,0
1398294425328,41694658357000,171538051000001,-4.824,2.171,-35.429,0
1398294425338,41694668366000,171538051000001,-4.824,2.171,-35.102,0
1398294425348,41694678346000,171538051000001,-4.824,2.171,-35.102,0
1398294425358,41694688386000,171538051000001,-4.824,2.171,-35.102,0
1398294425368,41694698365000,171538051000001,-4.824,2.171,-35.102,0
1398294425378,41694708375000,171538051000001,-5.145,2.171,-35.102,0
1398294425388,41694718385000,171538051000001,-5.145,2.171,-35.102,0
1398294425398,41694728395000,171538051000001,-5.145,2.171,-35.102,0
1398294425408,41694738404000,171538051000001,-5.145,2.171,-35.102,0
1398294425420,41694749970000,171538051000001,-5.145,2.171,-35.102,0
1398294425429,41694758790000,171538051000001,-5.145,2.171,-35.102,0
1398294425440,41694769868000,171538051000001,-5.145,1.86,-35.102,0
1398294425449,41694778443000,171538051000001,-5.145,1.86,-35.102,0
1398294425458,41694788453000,171538051000001,-4.806,1.86,-35.102,0
1398294425469,41694798463000,171538051000001,-4.806,1.86,-35.102,0
1398294425478,41694808473000,171538051000001,-4.806,1.86,-35.102,0
1398294425489,41694818482000,171538051000001,-4.486,1.86,-35.102,0
1398294425502,41694828492000,171538051000001,-4.486,1.86,-35.102,0
1398294425508,41694838502000,171538051000001,-4.486,1.86,-35.102,0
1398294425518,41694848512000,171538051000001,-4.165,1.86,-35.102,0
1398294425528,41694858522000,171538051000001,-4.165,1.86,-35.414,0
1398294425542,41694868562000,171538051000001,-4.165,1.86,-35.414,0
1398294425549,41694878572000,171538051000001,-4.165,1.86,-35.414,0
1398294425559,41694888551000,171538051000001,-4.165,1.86,-35.414,0
1398294425569,41694898591000,171538051000001,-3.863,1.86,-35.414,0
1398294425579,41694908570000,171538051000001,-3.863,1.86,-35.414,0
1398294425589,41694918641000,171538051000001,-3.863,1.86,-35.414,0
1398294425600,41694930360000,171538051000001,-3.863,1.86,-35.414,0
1398294425609,41694938691000,171538051000001,-3.863,1.86,-35.414,0
1398294425619,41694948640000,171538051000001,-3.863,1.86,-35.414,0
1398294425629,41694958680000,171538051000001,-3.863,1.86,-35.414,0
1398294425639,41694968659000,171538051000001,-3.863,1.86,-35.414,0
1398294425649,41694978700000,171538051000001,-3.863,1.86,-35.414,0
1398294425659,41694988679000,171538051000001,-3.863,1.86,-35.414,0
1398294425669,41694998689000,171538051000001,-3.863,1.86,-35.414,0
1398294425679,41695008760000,171538051000001,-4.216,1.86,-35.414,0
1398294425689,41695018708000,171538051000001,-4.216,1.86,-35.414,0
1398294425699,41695028718000,171538051000001,-4.216,1.86,-35.414,0
1398294425709,41695038758000,171538051000001,-4.589,1.86,-35.414,0
1398294425719,41695048768000,171538051000001,-4.589,1.86,-35.414,0
1398294425729,41695058808000,171538051000001,-4.589,1.86,-35.414,0
1398294425739,41695068757000,171538051000001,-4.589,1.86,-35.414,0
1398294425750,41695078736000,171538051000001,-4.931,1.86,-35.414,0
1398294425759,41695088929000,171538051000001,-4.931,1.86,-35.414,0
1398294425769,41695098756000,171538051000001,-4.931,1.86,-35.414,0
1398294425780,41695110292000,171538051000001,-4.931,1.86,-35.414,0
1398294425789,41695118806000,171538051000001,-4.931,1.86,-35.414,0
1398294425799,41695128785000,171538051000001,-4.931,1.86,-35.414,0
1398294425809,41695138795000,171538051000001,-4.931,1.86,-35.414,0
1398294425819,41695148805000,171538051000001,-4.931,1.86,-35.414,0
1398294425829,41695158814000,171538051000001,-4.931,1.86,-35.414,0
1398294425839,41695168824000,171538051000001,-4.931,1.86,-35.414,0
1398294425849,41695178865000,171538051000001,-4.931,1.86,-35.414,0
1398294425866,41695188874000,171538051000001,-4.931,1.86,-35.414,0
1398294425871,41695198854000,171538051000001,-4.931,1.86,-35.414,0
1398294425879,41695208863000,171538051000001,-4.931,1.86,-35.414,0
1398294425892,41695218904000,171538051000001,-4.931,1.86,-35.414,0
1398294425901,41695228883000,171538051000001,-4.931,1.86,-35.414,0
1398294425909,41695238893000,171538051000001,-4.931,1.86,-35.414,0
1398294425919,41695248933000,171538051000001,-4.931,1.86,-35.414,0
1398294425930,41695258912000,171538051000001,-4.931,1.86,-35.414,0
1398294425939,41695268922000,171538051000001,-4.931,1.522,-35.414,0
1398294425949,41695278932000,171538051000001,-4.931,1.522,-35.414,0
1398294425961,41695290650000,171538051000001,-4.931,1.522,-35.414,0
1398294425969,41695298982000,171538051000001,-4.931,1.522,-35.414,0
1398294425979,41695308961000,171538051000001,-4.931,1.522,-35.414,0
1398294425989,41695318971000,171538051000001,-4.931,1.522,-35.414,0
1398294425999,41695328981000,171538051000001,-4.931,1.522,-35.414,0
1398294426009,41695338990000,171538051000001,-4.931,1.522,-35.414,0
1398294426019,41695349000000,171538051000001,-4.931,1.522,-35.111,0
1398294426029,41695359010000,171538051000001,-4.931,1.522,-35.111,0
1398294426039,41695369081000,171538051000001,-4.931,1.522,-35.111,0
1398294426050,41695379731000,171538051000001,-4.931,1.522,-35.111,0
1398294426059,41695389344000,171538051000001,-4.931,1.522,-35.111,0
1398294426070,41695399049000,171538051000001,-4.931,1.522,-35.111,0
1398294426079,41695409059000,171538051000001,-4.931,1.829,-35.111,0
1398294426089,41695419068000,171538051000001,-4.931,1.829,-35.111,0
1398294426099,41695429078000,171538051000001,-4.931,1.829,-35.111,0
1398294426109,41695439088000,171538051000001,-4.931,1.829,-35.111,0
1398294426119,41695449098000,171538051000001,-4.931,1.829,-35.111,0
1398294426129,41695459107000,171538051000001,-4.931,1.829,-35.111,0
1398294426141,41695470643000,171538051000001,-4.931,1.829,-35.111,0
1398294426149,41695479158000,171538051000001,-4.931,1.829,-35.111,0
1398294426159,41695489137000,171538051000001,-4.931,1.829,-35.111,0
1398294426169,41695499147000,171538051000001,-4.931,1.829,-35.111,0
1398294426179,41695509156000,171538051000001,-4.931,1.829,-35.111,0
1398294426189,41695519166000,171538051000001,-4.931,1.829,-35.111,0
1398294426199,41695529176000,171538051000001,-4.602,1.829,-35.111,0
1398294426209,41695539186000,171538051000001,-4.602,1.829,-35.111,0
1398294426219,41695549195000,171538051000001,-4.602,1.829,-35.111,0
1398294426229,41695559205000,171538051000001,-4.602,1.829,-35.111,0
1398294426239,41695569215000,171538051000001,-4.602,1.829,-35.111,0
1398294426249,41695579225000,171538051000001,-4.602,1.829,-35.111,0
1398294426259,41695589234000,171538051000001,-4.602,1.829,-35.111,0
1398294426269,41695599244000,171538051000001,-4.602,1.829,-35.111,0
1398294426279,41695609254000,171538051000001,-4.602,2.154,-35.111,0
1398294426289,41695619264000,171538051000001,-4.602,2.154,-35.111,0
1398294426299,41695629273000,171538051000001,-4.602,2.154,-35.111,0
1398294426313,41695639283000,171538051000001,-4.602,2.154,-35.111,0
1398294426323,41695652803000,171538051000001,-4.602,2.154,-35.111,0
1398294426333,41695662782000,171538051000001,-4.602,2.154,-35.111,0
1398294426342,41695671632000,171538051000001,-4.602,2.154,-35.111,0
1398294426356,41695680970000,171538051000001,-4.602,2.154,-35.111,0
1398294426367,41695695588000,171538051000001,-4.602,2.154,-35.111,0
1398294426373,41695699372000,171538051000001,-4.602,2.154,-35.111,0
1398294426381,41695709352000,171538051000001,-4.602,2.496,-35.111,0
1398294426390,41695719361000,171538051000001,-4.602,2.496,-35.111,0
1398294426400,41695729371000,171538051000001,-4.602,2.496,-35.111,0
1398294426410,41695739381000,171538051000001,-4.602,2.496,-35.111,0
1398294426420,41695749421000,171538051000001,-4.602,2.496,-35.111,0
1398294426430,41695759400000,171538051000001,-4.602,2.496,-35.111,0
1398294426440,41695769410000,171538051000001,-4.602,2.804,-35.111,0
1398294426449,41695779420000,171538051000001,-4.602,2.804,-35.111,0
1398294426460,41695789430000,171538051000001,-4.602,2.804,-35.111,0
1398294426471,41695799439000,171538051000001,-4.602,2.804,-35.111,0
1398294426481,41695810823000,171538051000001,-4.602,2.804,-35.111,0
1398294426494,41695823457000,171538051000001,-4.602,2.804,-35.111,0
1398294426504,41695833589000,171538051000001,-4.602,2.804,-35.111,0
1398294426513,41695842958000,171538051000001,-4.602,2.804,-35.111,0
1398294426523,41695852784000,171538051000001,-4.602,2.804,-35.111,0
1398294426533,41695862763000,171538051000001,-4.602,3.115,-35.111,0
1398294426543,41695872773000,171538051000001,-4.602,3.115,-35.111,0
1398294426556,41695886109000,171538051000001,-4.602,3.115,-35.111,0
1398294426561,41695890962000,171538051000001,-4.602,3.115,-35.111,0
1398294426576,41695905824000,171538051000001,-4.602,3.115,-35.111,0
1398294426582,41695911805000,171538051000001,-4.602,3.115,-35.111,0
1398294426596,41695926087000,171538051000001,-4.602,3.115,-35.111,0
1398294426601,41695931153000,171538051000001,-4.602,3.115,-35.111,0
1398294426614,41695943666000,171538051000001,-4.602,3.115,-35.111,0
1398294426625,41695954896000,171538051000001,-4.602,3.115,-35.111,0
1398294426633,41695963471000,171538051000001,-4.602,3.115,-35.111,0
1398294426641,41695971314000,171538051000001,-4.602,3.115,-35.111,0
1398294426653,41695983064000,171538051000001,-4.602,3.115,-35.111,0
1398294426666,41695995301000,171538051000001,-4.267,3.115,-35.111,0
1398294426675,41696004640000,171538051000001,-4.267,3.115,-35.111,0
1398294426685,41696014283000,171538051000001,-4.267,3.115,-35.111,0
1398294426693,41696022981000,171538051000001,-4.267,3.115,-35.111,0
1398294426703,41696032746000,171538051000001,-4.267,3.115,-35.111,0
1398294426713,41696043122000,171538051000001,-4.267,3.115,-35.111,0
1398294426723,41696052949000,171538051000001,-4.267,3.115,-35.111,0
1398294426733,41696062776000,171538051000001,-4.267,3.115,-35.111,0
1398294426743,41696073091000,171538051000001,-4.267,3.115,-35.111,0
1398294426753,41696082978000,171538051000001,-4.267,3.115,-35.111,0
1398294426763,41696092897000,171538051000001,-4.267,3.115,-35.111,0
1398294426776,41696106172000,171538051000001,-4.267,3.115,-35.111,0
1398294426782,41696111726000,171538051000001,-4.267,3.115,-35.111,0
1398294426796,41696126069000,171538051000001,-4.267,3.115,-35.111,0
1398294426801,41696131288000,171538051000001,-4.267,3.115,-35.111,0
1398294426812,41696142182000,171538051000001,-4.267,3.115,-35.111,0
1398294426826,41696156068000,171538051000001,-4.267,3.115,-35.111,0
1398294426832,41696162019000,171538051000001,-4.267,3.115,-35.111,0
1398294426846,41696176271000,171538051000001,-4.267,3.115,-35.111,0
1398294426852,41696181794000,171538051000001,-4.267,3.115,-35.111,0
1398294426866,41696192750000,171538051000001,-4.267,3.115,-35.111,0
1398294426870,41696199891000,171538051000001,-4.267,3.115,-35.111,0
1398294426880,41696209840000,171538051000001,-4.267,3.115,-35.111,0
1398294426890,41696219880000,171538051000001,-4.267,3.115,-35.111,0
1398294426900,41696229859000,171538051000001,-4.267,3.115,-35.111,0
1398294426910,41696239869000,171538051000001,-4.267,3.115,-35.111,0
1398294426920,41696249909000,171538051000001,-4.267,3.115,-35.111,0
1398294426930,41696259889000,171538051000001,-4.267,3.115,-35.111,0
1398294426940,41696269898000,171538051000001,-4.267,2.803,-35.111,0
1398294426950,41696280122000,171538051000001,-4.579,2.803,-35.111,0
1398294426961,41696289918000,171538051000001,-4.579,2.803,-35.111,0
1398294426977,41696306794000,171538051000001,-4.579,2.803,-35.111,0
1398294426987,41696316804000,171538051000001,-4.579,2.803,-35.111,0
1398294426992,41696321015000,171538051000001,-4.579,2.803,-35.111,0
1398294427003,41696333131000,171538051000001,-4.579,2.803,-35.111,0
1398294427013,41696342927000,171538051000001,-4.579,2.803,-35.111,0
1398294427023,41696352937000,171538051000001,-4.579,2.485,-35.111,0
1398294427033,41696362977000,171538051000001,-4.579,2.485,-35.111,0
1398294427044,41696373902000,171538051000001,-4.579,2.485,-35.111,0
1398294427056,41696381776000,171538051000001,-4.579,2.485,-35.111,0
1398294427068,41696391206000,171538051000001,-4.579,2.485,-35.111,0
1398294427070,41696400056000,171538051000001,-4.579,2.485,-35.111,0
1398294427085,41696410340000,171538051000001,-4.885,2.485,-35.111,0
1398294427092,41696421784000,171538051000001,-4.885,2.131,-35.111,0
1398294427106,41696430116000,171538051000001,-4.885,2.131,-35.111,0
1398294427115,41696440156000,171538051000001,-4.885,2.131,-35.111,0
1398294427121,41696450166000,171538051000001,-4.885,2.131,-35.111,0
1398294427132,41696460176000,171538051000001,-4.885,2.131,-35.111,0
1398294427142,41696471681000,171538051000001,-4.885,2.131,-35.111,0
1398294427153,41696483125000,171538051000001,-5.192,2.131,-35.111,0
1398294427162,41696491761000,171538051000001,-5.192,2.131,-35.111,0
1398294427177,41696500123000,171538051000001,-5.192,2.131,-35.111,0
1398294427185,41696510133000,171538051000001,-5.192,2.131,-35.111,0
1398294427192,41696520173000,171538051000001,-5.192,2.131,-35.111,0
1398294427200,41696530152000,171538051000001,-5.192,2.131,-35.111,0
1398294427210,41696540162000,171538051000001,-5.192,2.131,-35.111,0
1398294427222,41696551728000,171538051000001,-5.509,2.131,-35.111,0
1398294427230,41696560212000,171538051000001,-5.509,2.131,-35.111,0
1398294427240,41696570161000,171538051000001,-5.509,2.131,-35.111,0
1398294427250,41696580201000,171538051000001,-5.509,2.131,-35.111,0
1398294427260,41696590180000,171538051000001,-5.509,2.131,-35.111,0
1398294427270,41696600221000,171538051000001,-5.509,2.131,-35.111,0
1398294427283,41696612855000,171538051000001,-5.509,2.131,-35.111,0
1398294427290,41696620179000,171538051000001,-5.509,2.131,-35.111,0
1398294427300,41696630189000,171538051000001,-5.509,2.131,-35.111,0
1398294427310,41696640199000,171538051000001,-5.509,2.131,-35.111,0
1398294427320,41696650209000,171538051000001,-5.509,2.131,-35.111,0
1398294427330,41696660218000,171538051000001,-5.509,2.131,-35.111,0
1398294427340,41696670228000,171538051000001,-5.509,2.131,-35.111,0
1398294427350,41696680238000,171538051000001,-5.509,2.131,-35.111,0
1398294427360,41696690278000,171538051000001,-5.509,2.131,-35.111,0
1398294427370,41696700257000,171538051000001,-5.509,2.131,-35.111,0
1398294427380,41696710267000,171538051000001,-5.509,2.131,-35.111,0
1398294427390,41696720277000,171538051000001,-5.509,2.131,-35.111,0
1398294427402,41696731843000,171538051000001,-5.509,2.131,-35.111,0
1398294427410,41696740357000,171538051000001,-5.509,2.131,-35.111,0
1398294427420,41696750306000,171538051000001,-5.509,2.131,-35.111,0
1398294427430,41696760316000,171538051000001,-5.509,2.131,-35.111,0
1398294427440,41696770326000,171538051000001,-5.509,2.131,-35.111,0
1398294427450,41696780366000,171538051000001,-5.509,2.131,-35.111,0
1398294427460,41696790345000,171538051000001,-5.509,2.131,-35.111,0
1398294427470,41696800355000,171538051000001,-5.509,2.131,-35.111,0
1398294427484,41696810365000,171538051000001,-5.509,2.131,-35.111,0
1398294427494,41696824037000,171538051000001,-5.509,2.131,-35.111,0
1398294427504,41696834016000,171538051000001,-5.509,2.131,-35.111,0
1398294427513,41696842622000,171538051000001,-5.191,2.131,-35.111,0
1398294427524,41696854096000,171538051000001,-5.191,2.131,-35.111,0
1398294427537,41696862947000,171538051000001,-5.191,2.131,-35.111,0
1398294427550,41696872773000,171538051000001,-5.191,2.131,-35.111,0
1398294427553,41696880494000,171538051000001,-5.191,2.131,-35.111,0
1398294427570,41696892030000,171538051000001,-5.191,1.817,-35.111,0
1398294427572,41696900544000,171538051000001,-5.191,1.817,-35.111,0
1398294427595,41696912202000,171538051000001,-5.191,1.817,-35.111,0
1398294427598,41696920838000,171538051000001,-5.191,1.817,-35.111,0
1398294427602,41696930543000,171538051000001,-5.191,1.817,-35.111,0
1398294427614,41696941438000,171538051000001,-5.191,1.817,-35.111,0
1398294427622,41696951020000,171538051000001,-5.191,1.817,-35.111,0
1398294427634,41696962007000,171538051000001,-5.191,1.817,-35.111,0
1398294427644,41696970948000,171538051000001,-5.191,1.817,-35.111,0
1398294427655,41696980592000,171538051000001,-5.191,1.817,-35.111,0
1398294427664,41696990602000,171538051000001,-5.191,1.817,-35.111,0
1398294427671,41697000642000,171538051000001,-5.506,1.817,-35.111,0
1398294427681,41697010652000,171538051000001,-5.506,1.817,-35.111,0
1398294427691,41697020631000,171538051000001,-5.506,1.817,-35.111,0
1398294427701,41697030641000,171538051000001,-5.506,1.817,-35.111,0
1398294427713,41697040650000,171538051000001,-5.506,1.817,-35.111,0
1398294427721,41697050660000,171538051000001,-5.506,1.817,-35.111,0
1398294427731,41697060670000,171538051000001,-5.506,1.817,-35.111,0
1398294427741,41697070680000,171538051000001,-5.506,1.817,-35.111,0
1398294427751,41697080659000,171538051000001,-5.506,1.817,-35.111,0
1398294427762,41697092225000,171538051000001,-5.506,1.817,-35.111,0
1398294427771,41697100770000,171538051000001,-5.506,1.817,-35.111,0
1398294427787,41697117036000,171538051000001,-5.506,1.817,-35.111,0
1398294427793,41697123017000,171538051000001,-5.506,1.817,-35.111,0
1398294427828,41697132081000,171538051000001,-5.506,1.817,-35.111,0
1398294427836,41697140718000,171538051000001,-5.506,1.817,-35.111,0
1398294427838,41697150727000,171538051000001,-5.506,1.817,-35.111,0
1398294427840,41697160737000,171538051000001,-5.506,1.817,-35.111,0
1398294427842,41697170960000,171538051000001,-5.506,1.817,-35.111,0
1398294427857,41697187104000,171538051000001,-5.506,1.817,-35.111,0
1398294427863,41697192750000,171538051000001,-5.506,1.817,-35.111,0
1398294427875,41697204835000,171538051000001,-5.506,1.817,-35.111,0
1398294427894,41697222322000,171538051000001,-5.506,1.817,-35.111,0
1398294427909,41697224092000,171538051000001,-5.506,1.817,-35.111,0
1398294427911,41697230836000,171538051000001,-5.506,1.817,-35.111,0
1398294427914,41697240876000,171538051000001,-5.506,1.817,-35.111,0
1398294427925,41697254762000,171538051000001,-5.506,1.817,-35.111,0
1398294427934,41697264436000,171538051000001,-5.506,1.817,-35.111,0
1398294427944,41697274262000,171538051000001,-5.506,1.817,-35.111,0
1398294427954,41697284425000,171538051000001,-5.178,1.817,-35.111,0
1398294427964,41697294435000,171538051000001,-5.178,1.817,-35.111,0
1398294427974,41697304383000,171538051000001,-5.178,1.817,-35.111,0
1398294427988,41697314576000,171538051000001,-5.178,1.817,-35.111,0
1398294427992,41697321443000,171538051000001,-5.178,1.817,-35.111,0
1398294428007,41697337251000,171538051000001,-5.178,1.817,-35.111,0
1398294428012,41697342347000,171538051000001,-5.178,1.817,-35.111,0
1398294428028,41697357637000,171538051000001,-5.178,1.817,-35.111,0
1398294428033,41697362489000,171538051000001,-4.864,1.817,-35.111,0
1398294428045,41697371614000,171538051000001,-4.864,1.817,-35.111,0
1398294428053,41697382173000,171538051000001,-4.864,1.817,-35.111,0
1398294428067,41697390992000,171538051000001,-4.864,1.817,-35.111,0
1398294428072,41697401734000,171538051000001,-4.864,1.817,-35.111,0
1398294428083,41697411042000,171538051000001,-4.864,1.817,-35.111,0
1398294428099,41697422700000,171538051000001,-4.864,1.817,-35.111,0
1398294428102,41697431031000,171538051000001,-4.864,1.817,-35.111,0
1398294428117,41697441011000,171538051000001,-4.864,1.817,-35.111,0
1398294428127,41697453889000,171538051000001,-4.864,1.817,-35.111,0
1398294428134,41697463868000,171538051000001,-4.864,1.817,-35.111,0
1398294428142,41697471986000,171538051000001,-4.864,1.817,-35.111,0
1398294428152,41697481935000,171538051000001,-4.864,1.817,-35.111,0
1398294428165,41697491059000,171538051000001,-4.864,1.817,-35.111,0
1398294428178,41697501130000,171538051000001,-4.864,1.817,-35.111,0
1398294428188,41697511109000,171538051000001,-4.864,1.817,-35.111,0
1398294428193,41697521119000,171538051000001,-4.864,1.817,-35.111,0
1398294428209,41697531129000,171538051000001,-4.864,1.817,-35.111,0
1398294428212,41697541108000,171538051000001,-4.864,1.817,-35.111,0
1398294428221,41697551423000,171538051000001,-4.864,1.817,-35.111,0
1398294428231,41697561128000,171538051000001,-4.864,1.817,-35.111,0
1398294428242,41697571137000,171538051000001,-4.864,1.817,-35.111,0
1398294428251,41697581147000,171538051000001,-4.864,1.817,-35.111,0
1398294428261,41697591188000,171538051000001,-4.864,1.817,-35.111,0
1398294428271,41697601167000,171538051000001,-4.864,1.817,-35.111,0
1398294428281,41697611146000,171538051000001,-4.864,1.817,-35.111,0
1398294428294,41697621369000,171538051000001,-4.864,1.817,-35.111,0
1398294428304,41697633637000,171538051000001,-4.864,1.817,-35.111,0
1398294428313,41697641572000,171538051000001,-4.864,1.817,-35.111,0
1398294428321,41697651185000,171538051000001,-4.864,1.817,-35.111,0
1398294428331,41697661195000,171538051000001,-4.864,1.817,-35.111,0
1398294428341,41697671205000,171538051000001,-4.864,1.817,-35.111,0
1398294428351,41697681214000,171538051000001,-4.864,1.817,-35.111,0
1398294428361,41697691224000,171538051000001,-4.864,1.817,-35.111,0
1398294428371,41697701234000,171538051000001,-4.864,1.817,-35.111,0
1398294428383,41697711244000,171538051000001,-4.864,1.817,-35.111,0
1398294428391,41697721253000,171538051000001,-4.864,1.817,-35.111,0
1398294428401,41697731263000,171538051000001,-5.218,1.817,-35.111,0
1398294428411,41697741273000,171538051000001,-5.218,1.817,-35.111,0
1398294428421,41697751283000,171538051000001,-5.218,1.817,-35.111,0
1398294428431,41697761293000,171538051000001,-5.218,1.817,-35.111,0
1398294428441,41697771272000,171538051000001,-5.218,1.817,-35.111,0
1398294428451,41697781312000,171538051000001,-5.218,1.817,-35.111,0
1398294428461,41697791352000,171538051000001,-5.218,2.122,-35.111,0
1398294428471,41697801332000,171538051000001,-5.554,2.122,-35.111,0
1398294428483,41697812898000,171538051000001,-5.554,2.122,-35.111,0
1398294428493,41697821382000,171538051000001,-5.554,2.122,-35.111,0
1398294428502,41697831697000,171538051000001,-5.554,2.432,-35.111,0
1398294428519,41697846101000,171538051000001,-5.554,2.432,-35.111,0
1398294428522,41697851380000,171538051000001,-5.554,2.432,-35.111,0
1398294428532,41697861390000,171538051000001,-5.554,2.432,-35.111,0
1398294428541,41697871369000,171538051000001,-5.554,2.751,-35.111,0
1398294428551,41697881410000,171538051000001,-5.554,2.751,-35.111,0
1398294428561,41697891389000,171538051000001,-5.554,2.751,-35.111,0
1398294428571,41697901429000,171538051000001,-5.554,2.751,-35.111,0
1398294428586,41697911439000,171538051000001,-5.554,2.751,-35.111,0
1398294428601,41697921479000,171538051000001,-5.554,2.751,-35.111,0
1398294428603,41697931886000,171538051000001,-5.554,2.751,-35.111,0
1398294428612,41697941529000,171538051000001,-5.203,2.751,-35.111,0
1398294428621,41697951478000,171538051000001,-5.203,2.751,-35.111,0
1398294428631,41697961457000,171538051000001,-5.203,2.751,-35.111,0
1398294428641,41697971528000,171538051000001,-5.203,2.751,-35.111,0
1398294428652,41697981507000,171538051000001,-5.203,2.751,-35.111,0
1398294428665,41697993074000,171538051000001,-5.203,2.751,-35.111,0
1398294428671,41698001557000,171538051000001,-5.203,2.751,-35.111,0
1398294428682,41698011537000,171538051000001,-5.203,2.751,-35.111,0
1398294428692,41698021546000,171538051000001,-5.203,2.751,-35.111,0
1398294428702,41698031556000,171538051000001,-5.203,2.751,-35.111,0
1398294428712,41698041566000,171538051000001,-5.203,2.751,-35.111,0
1398294428721,41698051545000,171538051000001,-5.203,2.751,-35.111,0
1398294428731,41698061555000,171538051000001,-5.203,2.751,-35.111,0
1398294428742,41698071778000,171538051000001,-5.203,2.751,-35.111,0
1398294428751,41698081574000,171538051000001,-5.203,2.751,-35.111,0
1398294428761,41698091584000,171538051000001,-5.203,2.751,-35.111,0
1398294428772,41698101594000,171538051000001,-5.203,2.751,-35.111,0
1398294428784,41698111665000,171538051000001,-5.203,2.751,-35.111,0
1398294428802,41698121705000,171538051000001,-5.203,2.751,-35.111,0
1398294428804,41698131684000,171538051000001,-5.203,2.751,-35.111,0
1398294428820,41698146852000,171538051000001,-5.203,2.751,-35.111,0
1398294428822,41698151673000,171538051000001,-5.203,2.751,-35.111,0
1398294428832,41698161714000,171538051000001,-5.203,2.751,-35.111,0
1398294428843,41698173280000,171538051000001,-5.203,2.751,-35.111,0
1398294428852,41698181764000,171538051000001,-5.203,2.751,-35.111,0
1398294428862,41698191743000,171538051000001,-5.203,2.751,-35.111,0
1398294428872,41698201753000,171538051000001,-5.203,2.751,-35.111,0
1398294428882,41698211793000,171538051000001,-5.203,2.751,-35.111,0
1398294428892,41698221803000,171538051000001,-5.203,2.751,-35.111,0
1398294428902,41698231843000,171538051000001,-5.203,2.751,-35.111,0
1398294428912,41698241761000,171538051000001,-5.203,2.751,-35.111,0
1398294428922,41698252107000,171538051000001,-5.203,2.751,-35.111,0
1398294428932,41698261811000,171538051000001,-5.203,2.751,-35.111,0
1398294428943,41698271821000,171538051000001,-5.203,2.751,-35.111,0
1398294428952,41698281800000,171538051000001,-5.203,2.751,-35.111,0
1398294428962,41698291810000,171538051000001,-5.203,2.751,-35.111,0
1398294428972,41698301820000,171538051000001,-5.203,2.751,-35.111,0
1398294428982,41698311799000,171538051000001,-5.203,2.751,-35.111,0
1398294428992,41698321839000,171538051000001,-5.203,2.751,-35.111,0
1398294429006,41698331880000,171538051000001,-5.203,2.751,-35.111,0
1398294429013,41698341889000,171538051000001,-5.203,2.751,-35.111,0
1398294429029,41698353395000,171538051000001,-5.203,2.751,-35.111,0
1398294429032,41698361909000,171538051000001,-5.203,2.751,-35.111,0
1398294429042,41698371888000,171538051000001,-5.203,2.751,-35.111,0
1398294429052,41698381867000,171538051000001,-5.203,2.751,-35.111,0
1398294429062,41698391877000,171538051000001,-5.203,2.751,-35.111,0
1398294429072,41698401887000,171538051000001,-5.203,2.751,-35.111,0
1398294429082,41698411927000,171538051000001,-5.203,2.751,-35.111,0
1398294429092,41698421937000,171538051000001,-5.203,2.751,-35.111,0
1398294429102,41698431916000,171538051000001,-5.203,2.751,-35.111,0
1398294429112,41698441926000,171538051000001,-5.203,2.751,-35.111,0
1398294429126,41698456208000,171538051000001,-5.203,2.751,-35.111,0
1398294429132,41698461946000,171538051000001,-5.203,2.442,-35.111,0
1398294429142,41698471955000,171538051000001,-5.203,2.442,-35.111,0
1398294429152,41698481965000,171538051000001,-5.203,2.442,-35.111,0
1398294429162,41698492005000,171538051000001,-4.812,2.442,-35.423,0
1398294429172,41698501985000,171538051000001,-4.812,2.442,-35.423,0
1398294429182,41698512025000,171538051000001,-4.812,2.442,-35.423,0
1398294429192,41698522004000,171538051000001,-4.379,2.133,-35.423,0
1398294429204,41698533570000,171538051000001,-4.379,2.133,-35.423,0
1398294429212,41698542085000,171538051000001,-4.048,2.133,-35.423,0
1398294429227,41698552033000,171538051000001,-4.048,2.133,-35.423,0
1398294429232,41698562074000,171538051000001,-4.048,2.133,-35.745,0
1398294429242,41698572084000,171538051000001,-3.643,2.133,-35.745,0
1398294429252,41698582063000,171538051000001,-3.643,2.133,-35.745,0
1398294429262,41698592103000,171538051000001,-3.643,1.809,-35.745,0
1398294429272,41698602082000,171538051000001,-3.329,1.809,-35.745,0
1398294429282,41698612092000,171538051000001,-3.329,1.809,-35.745,0
1398294429295,41698622132000,171538051000001,-3.329,1.809,-35.745,0
1398294429304,41698632142000,171538051000001,-3.329,1.809,-35.745,0
1398294429313,41698642335000,171538051000001,-3.329,1.809,-35.745,0
1398294429323,41698652162000,171538051000001,-3.329,1.809,-35.745,0
1398294429332,41698662171000,171538051000001,-3.329,1.809,-35.745,0
1398294429342,41698672181000,171538051000001,-3.329,1.809,-35.745,0
1398294429353,41698682191000,171538051000001,-3.329,1.809,-35.745,0
1398294429364,41698692201000,171538051000001,-3.329,1.809,-35.745,0
1398294429373,41698702210000,171538051000001,-3.329,1.809,-35.745,0
1398294429384,41698713746000,171538051000001,-3.329,1.809,-35.745,0
1398294429392,41698722261000,171538051000001,-3.329,1.809,-35.745,0
1398294429402,41698732209000,171538051000001,-3.329,2.148,-35.745,0
1398294429412,41698742311000,171538051000001,-3.329,2.148,-35.745,0
1398294429422,41698752290000,171538051000001,-3.694,2.148,-35.745,0
1398294429436,41698766267000,171538051000001,-3.694,2.148,-35.745,0
1398294429442,41698772279000,171538051000001,-3.694,2.148,-35.745,0
1398294429452,41698782319000,171538051000001,-3.694,2.148,-35.745,0
1398294429462,41698792329000,171538051000001,-3.694,2.455,-35.745,0
1398294429472,41698802308000,171538051000001,-3.694,2.455,-35.745,0
1398294429482,41698812348000,171538051000001,-3.694,2.455,-35.745,0
1398294429492,41698822358000,171538051000001,-4.034,2.455,-35.745,0
1398294429502,41698832337000,171538051000001,-4.034,2.455,-35.432,0
1398294429512,41698842378000,171538051000001,-4.034,2.455,-35.432,0
1398294429522,41698852387000,171538051000001,-4.034,2.455,-35.432,0
1398294429532,41698862367000,171538051000001,-4.034,2.758,-35.432,0
1398294429542,41698872376000,171538051000001,-4.034,2.758,-35.432,0
1398294429552,41698882386000,171538051000001,-4.034,2.758,-35.432,0
1398294429564,41698893952000,171538051000001,-4.034,2.758,-35.432,0
1398294429572,41698902467000,171538051000001,-4.034,2.758,-35.432,0
1398294429583,41698912446000,171538051000001,-4.034,2.758,-35.432,0
1398294429594,41698922456000,171538051000001,-4.034,2.758,-35.432,0
1398294429603,41698932466000,171538051000001,-4.034,2.758,-35.432,0
1398294429613,41698942475000,171538051000001,-4.034,2.758,-35.432,0
1398294429623,41698952455000,171538051000001,-4.034,2.758,-35.432,0
1398294429633,41698962709000,171538051000001,-4.034,2.758,-35.432,0
1398294429644,41698972505000,171538051000001,-4.034,2.758,-35.432,0
1398294429653,41698982514000,171538051000001,-4.034,2.758,-35.432,0
1398294429663,41698992524000,171538051000001,-4.034,2.758,-35.432,0
1398294429672,41699002503000,171538051000001,-4.034,2.432,-35.432,0
1398294429682,41699012513000,171538051000001,-4.034,2.432,-35.432,0
1398294429692,41699022523000,171538051000001,-4.034,2.432,-35.432,0
1398294429702,41699032716000,171538051000001,-4.034,2.432,-35.432,0
1398294429712,41699042543000,171538051000001,-4.034,2.432,-35.432,0
1398294429722,41699052552000,171538051000001,-4.034,2.432,-35.432,0
1398294429734,41699062593000,171538051000001,-4.034,2.432,-35.432,0
1398294429746,41699075715000,171538051000001,-4.034,2.432,-35.432,0
1398294429753,41699082582000,171538051000001,-4.367,2.432,-35.432,0
1398294429763,41699092561000,171538051000001,-4.367,2.432,-35.432,0
1398294429772,41699102571000,171538051000001,-4.367,2.432,-35.432,0
1398294429782,41699112580000,171538051000001,-4.367,2.432,-35.432,0
1398294429792,41699122590000,171538051000001,-4.367,2.432,-35.432,0
1398294429802,41699132600000,171538051000001,-4.367,2.432,-35.432,0
1398294429813,41699142610000,171538051000001,-4.367,2.432,-35.432,0
1398294429823,41699152650000,171538051000001,-4.367,2.432,-35.432,0
1398294429833,41699162629000,171538051000001,-4.367,2.432,-35.432,0
1398294429842,41699172639000,171538051000001,-4.367,2.432,-35.432,0
1398294429853,41699182649000,171538051000001,-4.367,2.432,-35.432,0
1398294429862,41699192658000,171538051000001,-4.367,2.432,-35.432,0
1398294429873,41699202699000,171538051000001,-4.367,2.432,-35.432,0
1398294429883,41699212678000,171538051000001,-4.367,2.796,-35.432,0
1398294429893,41699222688000,171538051000001,-4.367,2.796,-35.432,0
1398294429903,41699232698000,171538051000001,-4.367,2.796,-35.432,0
1398294429913,41699242738000,171538051000001,-4.367,2.796,-35.432,0
1398294429924,41699254273000,171538051000001,-4.367,2.796,-35.432,0
1398294429933,41699262788000,171538051000001,-4.367,2.796,-35.432,0
1398294429943,41699272737000,171538051000001,-4.367,2.796,-35.432,0
1398294429953,41699282746000,171538051000001,-4.367,2.796,-35.432,0
1398294429964,41699293580000,171538051000001,-4.367,2.796,-35.432,0
1398294429975,41699305482000,171538051000001,-4.367,2.796,-35.432,0
1398294429985,41699315248000,171538051000001,-4.367,2.796,-35.432,0
1398294429995,41699325196000,171538051000001,-4.367,3.1,-35.432,0
1398294430005,41699335237000,171538051000001,-4.367,3.1,-35.432,0
1398294430016,41699345460000,171538051000001,-4.367,3.1,-35.432,0
1398294430026,41699355500000,171538051000001,-4.367,3.1,-35.432,0
1398294430033,41699362916000,171538051000001,-4.367,3.1,-35.432,0
1398294430050,41699379365000,171538051000001,-4.367,3.1,-35.432,0
1398294430060,41699389314000,171538051000001,-4.367,3.1,-35.432,0
1398294430066,41699396394000,171538051000001,-4.367,3.1,-35.432,0
1398294430075,41699405305000,171538051000001,-4.367,3.1,-35.432,0
1398294430087,41699416658000,171538051000001,-4.367,3.1,-35.432,0
1398294430094,41699424104000,171538051000001,-4.367,3.1,-35.432,0
1398294430107,41699435487000,171538051000001,-4.367,3.1,-35.432,0
1398294430113,41699442994000,171538051000001,-4.367,3.1,-35.432,0
1398294430123,41699452973000,171538051000001,-4.367,3.1,-35.432,0
1398294430133,41699462953000,171538051000001,-4.367,3.1,-35.432,0
1398294430143,41699472993000,171538051000001,-4.367,3.421,-35.432,0
1398294430153,41699483003000,171538051000001,-4.367,3.421,-35.432,0
1398294430163,41699493012000,171538051000001,-4.367,3.421,-35.432,0
1398294430173,41699503022000,171538051000001,-4.367,3.421,-35.432,0
1398294430183,41699513032000,171538051000001,-4.367,3.421,-35.432,0
1398294430193,41699523011000,171538051000001,-4.367,3.421,-35.432,0
1398294430205,41699535432000,171538051000001,-4.367,3.421,-35.432,0
1398294430217,41699546632000,171538051000001,-4.367,3.421,-35.432,0
1398294430226,41699555696000,171538051000001,-4.367,3.421,-35.432,0
1398294430240,41699569734000,171538051000001,-4.367,3.421,-35.432,0
1398294430245,41699574555000,171538051000001,-4.367,3.421,-35.432,0
1398294430260,41699589387000,171538051000001,-4.367,3.421,-35.432,0
1398294430265,41699594544000,171538051000001,-4.367,3.421,-35.432,0
1398294430275,41699605348000,171538051000001,-4.367,3.421,-35.432,0
1398294430288,41699617829000,171538051000001,-4.367,3.421,-35.432,0
1398294430297,41699626863000,171538051000001,-4.367,3.421,-35.432,0
1398294430309,41699638948000,171538051000001,-4.367,3.421,-35.432,0
1398294430316,41699645906000,171538051000001,-4.367,3.421,-35.432,0
1398294430324,41699653169000,171538051000001,-4.367,3.421,-35.432,0
1398294430334,41699664125000,171538051000001,-4.689,3.421,-35.432,0
1398294430351,41699679963000,171538051000001,-4.689,3.421,-35.107,0
1398294430359,41699689241000,171538051000001,-4.689,3.421,-35.107,0
1398294430364,41699694154000,171538051000001,-4.689,3.421,-35.107,0
1398294430377,41699706574000,171538051000001,-4.689,3.421,-35.107,0
1398294430386,41699716004000,171538051000001,-4.998,3.421,-35.107,0
1398294430397,41699727449000,171538051000001,-4.998,3.421,-35.107,0
1398294430406,41699735719000,171538051000001,-4.998,3.421,-35.107,0
1398294430417,41699746919000,171538051000001,-4.998,3.421,-35.107,0
1398294430426,41699755891000,171538051000001,-4.998,3.421,-35.107,0
1398294430437,41699767121000,171538051000001,-4.998,3.421,-35.107,0
1398294430447,41699777101000,171538051000001,-4.998,3.105,-35.107,0
1398294430457,41699786775000,171538051000001,-4.998,3.105,-35.107,0
1398294430470,41699800202000,171538051000001,-4.998,3.105,-35.107,0
1398294430475,41699804780000,171538051000001,-4.998,3.105,-35.107,0
1398294430490,41699819612000,171538051000001,-4.998,3.105,-35.107,0
1398294430495,41699824922000,171538051000001,-4.998,3.105,-35.107,0
1398294430507,41699837098000,171538051000001,-4.998,3.105,-35.107,0
1398294430517,41699847108000,171538051000001,-4.998,3.105,-35.107,0
1398294430526,41699855989000,171538051000001,-4.998,3.105,-35.107,0
1398294430540,41699869966000,171538051000001,-4.998,3.105,-35.107,0
1398294430545,41699875001000,171538051000001,-4.627,3.105,-35.107,0
1398294430557,41699887086000,171538051000001,-4.627,3.105,-35.107,0
1398294430567,41699896424000,171538051000001,-4.627,3.105,-35.107,0
1398294430574,41699903718000,171538051000001,-4.627,3.105,-35.107,0
1398294430587,41699917085000,171538051000001,-4.627,3.105,-35.107,0
1398294430596,41699925904000,171538051000001,-4.273,3.105,-35.107,0
1398294430606,41699933869000,171538051000001,-4.273,3.105,-35.107,0
1398294430613,41699943452000,171538051000001,-4.273,3.105,-35.107,0
1398294430624,41699953462000,171538051000001,-4.273,3.105,-35.107,0
1398294430634,41699963471000,171538051000001,-4.273,3.105,-35.107,0
1398294430645,41699975038000,171538051000001,-4.273,3.105,-35.107,0
1398294430654,41699983522000,171538051000001,-4.273,3.105,-35.107,0
1398294430668,41699997956000,171538051000001,-4.273,3.105,-35.107,0
1398294430674,41700004365000,171538051000001,-4.273,3.105,-35.107,0
1398294430692,41700013490000,171538051000001,-4.273,3.105,-35.107,0
1398294430701,41700023561000,171538051000001,-4.273,3.105,-35.107,0
1398294430704,41700033570000,171538051000001,-4.273,3.105,-35.107,0
1398294430714,41700043580000,171538051000001,-4.273,3.105,-35.107,0
1398294430724,41700053834000,171538051000001,-4.273,3.105,-35.107,0
1398294430736,41700066346000,171538051000001,-4.273,3.105,-35.107,0
1398294430750,41700079743000,171538051000001,-4.273,3.105,-35.107,0
1398294430755,41700085115000,171538051000001,-4.273,3.105,-35.107,0
1398294430767,41700097077000,171538051000001,-4.273,3.105,-35.107,0
1398294430777,41700107301000,171538051000001,-4.273,3.105,-35.107,0
1398294430789,41700119386000,171538051000001,-4.273,3.105,-35.107,0
1398294430796,41700126161000,171538051000001,-4.273,3.105,-35.107,0
1398294430810,41700140077000,171538051000001,-4.273,3.105,-35.107,0
1398294430816,41700145631000,171538051000001,-4.273,3.105,-35.107,0
1398294430828,41700157563000,171538051000001,-4.273,3.105,-35.107,0
1398294430839,41700168946000,171538051000001,-4.273,3.105,-35.107,0
1398294430847,41700177278000,171538051000001,-4.273,3.105,-35.107,0
1398294430858,41700187776000,171538051000001,-4.273,3.105,-35.107,0
1398294430868,41700198213000,171538051000001,-4.273,3.105,-35.107,0
1398294430878,41700207765000,171538051000001,-4.273,3.105,-35.107,0
1398294430889,41700218843000,171538051000001,-4.273,3.105,-35.107,0
1398294430898,41700227571000,171538051000001,-4.273,3.105,-35.107,0
1398294430908,41700238130000,171538051000001,-4.273,3.105,-35.107,0
1398294430915,41700245149000,171538051000001,-4.273,3.105,-35.107,0
1398294430928,41700258180000,171538051000001,-4.273,3.105,-35.107,0
1398294430935,41700264558000,171538051000001,-4.273,3.105,-35.44,0
1398294430950,41700279542000,171538051000001,-4.273,3.105,-35.44,0
1398294430956,41700285981000,171538051000001,-4.273,3.105,-35.44,0
1398294430970,41700300202000,171538051000001,-4.273,3.105,-35.44,0
1398294430977,41700306428000,171538051000001,-4.273,3.105,-35.44,0
1398294430988,41700317842000,171538051000001,-4.595,3.419,-35.44,0
1398294430998,41700328218000,171538051000001,-4.595,3.419,-35.44,0
1398294431010,41700339387000,171538051000001,-4.595,3.419,-35.44,0
1398294431016,41700346437000,171538051000001,-4.595,3.419,-35.44,0
1398294431026,41700355958000,171538051000001,-4.595,3.419,-35.44,0
1398294431038,41700367829000,171538051000001,-4.595,3.419,-35.44,0
1398294431048,41700378175000,171538051000001,-4.595,3.419,-35.44,0
1398294431058,41700388276000,171538051000001,-4.595,3.419,-35.44,0
1398294431068,41700398011000,171538051000001,-4.595,3.419,-35.44,0
1398294431079,41700409272000,171538051000001,-4.595,3.419,-35.44,0
1398294431087,41700417420000,171538051000001,-4.595,3.419,-35.44,0
1398294431098,41700428071000,171538051000001,-4.595,3.419,-35.44,0
1398294431108,41700438081000,171538051000001,-4.595,3.419,-35.44,0
1398294431118,41700447724000,171538051000001,-4.595,3.419,-35.44,0
1398294431125,41700454255000,171538051000001,-4.898,3.419,-35.44,0
1398294431135,41700463929000,171538051000001,-4.898,3.419,-35.128,0
1398294431144,41700473939000,171538051000001,-4.898,3.419,-35.128,0
1398294431154,41700483949000,171538051000001,-4.898,3.419,-35.128,0
1398294431164,41700493959000,171538051000001,-4.898,3.419,-35.128,0
1398294431174,41700503999000,171538051000001,-4.898,3.419,-35.128,0
1398294431186,41700515565000,171538051000001,-4.898,3.419,-35.128,0
1398294431194,41700524049000,171538051000001,-4.898,3.419,-35.128,0
1398294431204,41700534028000,171538051000001,-4.898,3.419,-35.128,0
1398294431214,41700544007000,171538051000001,-4.898,3.419,-35.128,0
1398294431226,41700556306000,171538051000001,-4.898,3.419,-35.128,0
1398294431238,41700568452000,171538051000001,-4.898,3.419,-35.128,0
1398294431248,41700578401000,171538051000001,-4.898,3.419,-35.128,0
1398294431258,41700588502000,171538051000001,-4.898,3.419,-35.128,0
1398294431266,41700595582000,171538051000001,-4.898,3.419,-35.128,0
1398294431286,41700605866000,171538051000001,-4.898,3.419,-35.128,0
1398294431289,41700615357000,171538051000001,-4.898,3.419,-35.128,0
1398294431297,41700624085000,171538051000001,-4.898,3.419,-35.128,0
1398294431308,41700634095000,171538051000001,-4.898,3.419,-35.128,0
1398294431321,41700644105000,171538051000001,-4.898,3.419,-35.128,0
1398294431324,41700654145000,171538051000001,-4.898,3.419,-35.128,0
1398294431353,41700664094000,171538051000001,-4.898,3.419,-35.128,0
1398294431357,41700674317000,171538051000001,-4.898,3.419,-35.128,0
1398294431359,41700684205000,171538051000001,-4.898,3.419,-35.128,0
1398294431368,41700695710000,171538051000001,-4.898,3.419,-35.128,0
1398294431374,41700704194000,171538051000001,-4.898,3.419,-35.128,0
1398294431398,41700715028000,171538051000001,-4.898,3.419,-35.128,0
1398294431399,41700724183000,171538051000001,-4.898,3.419,-35.128,0
1398294431405,41700734193000,171538051000001,-4.898,3.419,-35.128,0
1398294431418,41700747987000,171538051000001,-4.898,3.419,-35.128,0
1398294431426,41700756501000,171538051000001,-4.898,3.419,-35.128,0
1398294431437,41700764649000,171538051000001,-4.898,3.419,-35.128,0
1398294431451,41700778474000,171538051000001,-4.898,3.419,-35.128,0
1398294431456,41700785768000,171538051000001,-4.898,3.419,-35.128,0
1398294431467,41700796418000,171538051000001,-4.898,3.419,-35.128,0
1398294431479,41700808595000,171538051000001,-4.898,3.419,-35.128,0
1398294431491,41700819703000,171538051000001,-4.898,3.419,-35.128,0
1398294431497,41700824342000,171538051000001,-4.898,3.419,-35.128,0
1398294431508,41700838197000,171538051000001,-4.898,3.419,-35.128,0
1398294431519,41700848603000,171538051000001,-4.898,3.419,-35.128,0
1398294431527,41700856416000,171538051000001,-4.898,3.419,-35.128,0
1398294431538,41700868104000,171538051000001,-4.898,3.735,-35.128,0
1398294431553,41700882752000,171538051000001,-4.898,3.735,-35.128,0
1398294431556,41700884522000,171538051000001,-4.898,3.735,-35.128,0
1398294431569,41700899171000,171538051000001,-4.898,3.735,-35.128,0
1398294431578,41700908204000,171538051000001,-4.898,3.735,-35.128,0
1398294431588,41700916474000,171538051000001,-4.898,3.735,-35.128,0
1398294431599,41700928407000,171538051000001,-4.898,3.735,-35.128,0
1398294431609,41700938813000,171538051000001,-4.898,3.735,-35.128,0
1398294431619,41700948487000,171538051000001,-4.898,3.735,-35.128,0
1398294431627,41700956513000,171538051000001,-4.898,3.735,-35.128,0
1398294431639,41700968659000,171538051000001,-4.898,3.735,-35.128,0
1398294431649,41700978822000,171538051000001,-4.898,3.735,-35.128,0
1398294431659,41700988771000,171538051000001,-4.898,4.043,-35.128,0
1398294431669,41700998841000,171538051000001,-4.898,4.043,-35.128,0
1398294431680,41701010041000,171538051000001,-4.898,4.043,-35.128,0
1398294431687,41701016786000,171538051000001,-4.898,4.043,-35.128,0
1398294431701,41701030732000,171538051000001,-4.898,4.043,-35.128,0
1398294431707,41701036653000,171538051000001,-4.898,4.043,-35.128,0
1398294431721,41701050965000,171538051000001,-4.898,4.043,-35.128,0
1398294431728,41701058137000,171538051000001,-4.898,4.043,-35.128,0
1398294431739,41701068666000,171538051000001,-4.898,4.043,-35.128,0
1398294431749,41701078828000,171538051000001,-4.898,4.043,-35.128,0
1398294431760,41701090028000,171538051000001,-4.898,4.043,-35.128,0
1398294431768,41701098146000,171538051000001,-4.898,4.043,-35.128,0
1398294431780,41701110261000,171538051000001,-4.898,4.043,-35.128,0
1398294431787,41701116975000,171538051000001,-4.898,4.043,-35.128,0
1398294431800,41701129243000,171538051000001,-4.898,4.043,-35.128,0
1398294431806,41701134584000,171538051000001,-4.898,4.043,-35.443,0
1398294431816,41701144593000,171538051000001,-4.898,4.043,-35.443,0
1398294431825,41701154603000,171538051000001,-4.898,4.043,-35.443,0
1398294431835,41701164613000,171538051000001,-4.898,4.043,-35.443,0
1398294431845,41701174653000,171538051000001,-4.898,4.043,-35.443,0
1398294431855,41701184632000,171538051000001,-4.898,4.043,-35.443,0
1398294431865,41701194886000,171538051000001,-4.898,4.043,-35.443,0
1398294431875,41701204835000,171538051000001,-4.898,4.043,-35.443,0
1398294431886,41701215943000,171538051000001,-4.898,4.043,-35.443,0
1398294431897,41701227296000,171538051000001,-4.898,4.043,-35.443,0
1398294431911,41701240205000,171538051000001,-4.898,4.043,-35.443,0
1398294431918,41701247865000,171538051000001,-4.898,4.043,-35.443,0
1398294431931,41701260530000,171538051000001,-4.898,4.043,-35.443,0
1398294431937,41701267335000,171538051000001,-4.898,4.043,-35.443,0
1398294431949,41701278596000,171538051000001,-4.898,4.043,-35.443,0
1398294431959,41701288758000,171538051000001,-4.898,4.043,-35.443,0
1398294431969,41701299165000,171538051000001,-4.898,4.043,-35.443,0
1398294431979,41701309083000,171538051000001,-4.898,3.738,-35.443,0
1398294431989,41701319123000,171538051000001,-4.898,3.738,-35.443,0
1398294432000,41701330354000,171538051000001,-4.898,3.738,-35.443,0
1398294432007,41701337098000,171538051000001,-4.898,3.738,-35.443,0
1398294432021,41701351350000,171538051000001,-4.898,3.738,-35.443,0
1398294432026,41701356233000,171538051000001,-4.898,3.738,-35.443,0
1398294432041,41701371125000,171538051000001,-4.898,3.738,-35.443,0
1398294432047,41701377076000,171538051000001,-4.898,3.738,-35.443,0
1398294432061,41701391358000,171538051000001,-4.898,3.738,-35.443,0
1398294432066,41701396424000,171538051000001,-4.898,3.738,-35.443,0
1398294432081,41701411164000,171538051000001,-4.898,3.437,-35.443,0
1398294432089,41701418702000,171538051000001,-4.898,3.437,-35.443,0
1398294432099,41701429170000,171538051000001,-4.898,3.437,-35.443,0
1398294432109,41701439302000,171538051000001,-4.898,3.437,-35.443,0
1398294432119,41701449311000,171538051000001,-4.898,3.092,-35.443,0
1398294432127,41701457276000,171538051000001,-4.898,3.092,-35.443,0
1398294432137,41701465211000,171538051000001,-4.898,3.092,-35.443,0
1398294432154,41701476380000,171538051000001,-4.898,2.693,-35.443,0
1398294432156,41701484895000,171538051000001,-4.898,2.693,-35.443,0
1398294432171,41701494935000,171538051000001,-4.898,2.693,-35.443,0
1398294432175,41701504914000,171538051000001,-4.898,2.235,-35.443,0
1398294432218,41701515260000,171538051000001,-4.898,2.235,-35.443,0
1398294432220,41701524934000,171538051000001,-4.898,1.698,-35.443,0
1398294432224,41701535005000,171538051000001,-4.898,1.698,-35.443,0
1398294432227,41701544984000,171538051000001,-4.898,1.698,-35.443,0
1398294432233,41701554963000,171538051000001,-4.898,1.391,-35.443,0
1398294432237,41701565003000,171538051000001,-4.898,1.391,-35.443,0
1398294432245,41701574983000,171538051000001,-4.898,1.391,-35.443,0
1398294432255,41701584992000,171538051000001,-4.898,0.981,-35.443,0
1398294432268,41701598146000,171538051000001,-4.898,0.981,-35.443,0
1398294432278,41701608491000,171538051000001,-4.898,0.981,-35.443,0
1398294432288,41701618135000,171538051000001,-4.898,0.608,-35.443,0
1398294432300,41701630433000,171538051000001,-4.898,0.608,-35.443,0
1398294432307,41701637422000,171538051000001,-4.898,0.608,-35.443,0
1398294432321,41701646485000,171538051000001,-4.898,0.608,-35.443,0
1398294432328,41701657533000,171538051000001,-4.898,0.608,-35.443,0
1398294432338,41701667604000,171538051000001,-4.898,0.608,-35.443,0
1398294432348,41701677217000,171538051000001,-4.898,0.608,-35.443,0
1398294432360,41701689607000,171538051000001,-4.898,0.608,-35.443,0
1398294432371,41701700715000,171538051000001,-4.898,0.608,-35.443,0
1398294432378,41701708558000,171538051000001,-4.898,0.608,-35.443,0
1398294432390,41701720307000,171538051000001,-4.898,0.608,-35.443,0
1398294432401,41701728120000,171538051000001,-4.545,0.608,-35.443,0
1398294432407,41701736634000,171538051000001,-4.545,0.608,-35.443,0
1398294432423,41701746614000,171538051000001,-4.545,0.608,-35.443,0
1398294432426,41701755464000,171538051000001,-4.545,0.608,-35.443,0
1398294432437,41701765229000,171538051000001,-4.199,0.608,-35.762,0
1398294432465,41701780671000,171538051000001,-4.199,0.608,-35.762,0
1398294432466,41701785066000,171538051000001,-3.871,0.608,-35.762,0
1398294432469,41701795228000,171538051000001,-3.871,0.608,-35.762,0
1398294432475,41701805238000,171538051000001,-3.871,0.608,-35.762,0
1398294432486,41701815217000,171538051000001,-3.544,0.608,-36.093,0
1398294432495,41701825227000,171538051000001,-3.544,0.608,-36.093,0
1398294432507,41701836366000,171538051000001,-3.544,0.608,-36.093,0
1398294432519,41701845277000,171538051000001,-3.155,0.608,-36.093,0
1398294432529,41701859162000,171538051000001,-3.155,0.608,-36.093,0
1398294432537,41701865480000,171538051000001,-3.155,0.608,-36.093,0
1398294432548,41701875276000,171538051000001,-3.155,0.608,-36.093,0
1398294432555,41701885285000,171538051000001,-3.155,0.608,-36.093,0
1398294432570,41701895295000,171538051000001,-3.155,0.608,-36.093,0
1398294432575,41701905305000,171538051000001,-3.155,0.994,-36.093,0
1398294432585,41701915315000,171538051000001,-3.155,0.994,-36.093,0
1398294432595,41701925324000,171538051000001,-3.155,0.994,-36.093,0
1398294432606,41701935365000,171538051000001,-3.155,0.994,-36.093,0
1398294432624,41701945375000,171538051000001,-3.155,1.318,-36.093,0
1398294432627,41701956971000,171538051000001,-3.155,1.318,-36.093,0
1398294432636,41701965455000,171538051000001,-3.155,1.318,-36.093,0
1398294432646,41701975434000,171538051000001,-3.509,1.318,-36.093,0
1398294432660,41701989289000,171538051000001,-3.509,1.686,-36.093,0
1398294432669,41701998750000,171538051000001,-3.509,1.686,-36.093,0
1398294432681,41702011048000,171538051000001,-3.509,1.686,-36.093,0
1398294432688,41702017976000,171538051000001,-3.509,1.686,-36.093,0
1398294432707,41702030763000,171538051000001,-3.509,1.686,-36.093,0
1398294432709,41702035432000,171538051000001,-3.814,1.686,-36.093,0
1398294432722,41702046174000,171538051000001,-3.814,2.011,-35.746,0
1398294432727,41702057160000,171538051000001,-3.814,2.011,-35.746,0
1398294432737,41702065492000,171538051000001,-3.814,2.011,-35.746,0
1398294432749,41702077149000,171538051000001,-3.814,2.011,-35.746,0
1398294432756,41702085511000,171538051000001,-3.814,2.011,-35.746,0
1398294432768,41702095521000,171538051000001,-3.814,2.011,-35.746,0
1398294432779,41702108338000,171538051000001,-3.814,2.011,-35.746,0
1398294432788,41702117738000,171538051000001,-3.814,2.011,-35.746,0
1398294432797,41702126191000,171538051000001,-3.814,2.011,-35.746,0
1398294432833,41702144441000,171538051000001,-3.814,2.011,-35.746,0
1398294432839,41702147553000,171538051000001,-3.814,2.011,-35.746,0
1398294432843,41702155549000,171538051000001,-3.814,2.011,-35.746,0
1398294432845,41702165834000,171538051000001,-3.814,2.011,-35.746,0
1398294432847,41702175569000,171538051000001,-3.814,2.011,-35.746,0
1398294432856,41702185578000,171538051000001,-3.814,2.011,-35.746,0
1398294432866,41702195588000,171538051000001,-3.814,2.011,-35.746,0
1398294432876,41702205598000,171538051000001,-3.814,2.011,-35.746,0
1398294432886,41702215608000,171538051000001,-3.814,2.011,-35.746,0
1398294432898,41702225617000,171538051000001,-3.814,2.011,-35.746,0
1398294432907,41702235627000,171538051000001,-4.127,2.011,-35.746,0
1398294432918,41702245637000,171538051000001,-4.127,2.011,-35.746,0
1398294432928,41702255677000,171538051000001,-4.127,2.011,-35.746,0
1398294432936,41702265657000,171538051000001,-4.127,2.011,-35.746,0
1398294432947,41702275666000,171538051000001,-4.435,2.011,-35.746,0
1398294432957,41702285676000,171538051000001,-4.435,2.011,-35.746,0
1398294432966,41702295686000,171538051000001,-4.435,2.011,-35.746,0
1398294432976,41702305696000,171538051000001,-4.8,2.011,-35.746,0
1398294432987,41702317262000,171538051000001,-4.8,2.011,-35.746,0
1398294432999,41702325746000,171538051000001,-4.8,2.011,-35.746,0
1398294433006,41702335725000,171538051000001,-4.8,2.011,-35.746,0
1398294433016,41702345735000,171538051000001,-5.163,2.011,-35.746,0
1398294433026,41702355714000,171538051000001,-5.163,2.011,-35.377,0
1398294433036,41702365754000,171538051000001,-5.163,2.011,-35.377,0
1398294433046,41702375733000,171538051000001,-5.163,2.011,-35.377,0
1398294433056,41702385743000,171538051000001,-5.163,2.011,-35.377,0
1398294433066,41702395783000,171538051000001,-5.163,2.011,-35.377,0
1398294433076,41702405793000,171538051000001,-5.163,2.011,-35.377,0
1398294433086,41702415803000,171538051000001,-5.163,2.011,-35.377,0
1398294433096,41702425813000,171538051000001,-5.163,2.011,-35.377,0
1398294433107,41702435823000,171538051000001,-5.163,2.011,-35.377,0
1398294433120,41702449647000,171538051000001,-5.163,2.011,-35.377,0
1398294433126,41702455842000,171538051000001,-5.163,1.643,-35.377,0
1398294433136,41702465821000,171538051000001,-4.815,1.643,-35.377,0
1398294433146,41702475831000,171538051000001,-4.815,1.643,-35.377,0
1398294433156,41702485841000,171538051000001,-4.815,1.643,-35.377,0
1398294433168,41702497407000,171538051000001,-4.815,1.643,-35.377,0
1398294433176,41702505891000,171538051000001,-4.457,1.264,-35.377,0
1398294433186,41702515870000,171538051000001,-4.457,1.264,-35.377,0
1398294433196,41702525880000,171538051000001,-4.457,1.264,-35.377,0
1398294433206,41702535890000,171538051000001,-4.106,1.264,-35.377,0
1398294433216,41702546113000,171538051000001,-4.106,0.924,-35.377,0
1398294433226,41702555909000,171538051000001,-4.106,0.924,-35.377,0
1398294433236,41702565919000,171538051000001,-3.718,0.924,-35.377,0
1398294433246,41702575929000,171538051000001,-3.718,0.924,-35.377,0
1398294433256,41702585939000,171538051000001,-3.718,0.924,-35.71,0
1398294433266,41702595948000,171538051000001,-3.718,0.924,-35.71,0
1398294433276,41702605958000,171538051000001,-3.385,0.924,-35.71,0
1398294433286,41702615998000,171538051000001,-3.385,0.924,-35.71,0
1398294433297,41702626039000,171538051000001,-3.385,0.924,-35.71,0
1398294433306,41702636018000,171538051000001,-3.385,0.924,-36.061,0
1398294433316,41702646058000,171538051000001,-3.385,0.924,-36.061,0
1398294433326,41702656037000,171538051000001,-3.067,0.924,-36.061,0
1398294433336,41702666047000,171538051000001,-3.067,0.924,-36.061,0
1398294433349,41702677613000,171538051000001,-3.067,0.924,-36.061,0
1398294433356,41702686128000,171538051000001,-3.067,0.924,-36.061,0
1398294433366,41702696076000,171538051000001,-3.067,0.924,-36.061,0
1398294433376,41702706086000,171538051000001,-2.761,0.924,-36.061,0
1398294433386,41702716096000,171538051000001,-2.761,0.924,-36.061,0
1398294433397,41702726136000,171538051000001,-2.761,0.924,-36.061,0
1398294433406,41702736146000,171538051000001,-2.761,0.924,-36.061,0
1398294433422,41702746156000,171538051000001,-2.761,0.924,-36.061,0
1398294433427,41702756837000,171538051000001,-2.761,0.924,-36.061,0
1398294433436,41702766114000,171538051000001,-2.761,0.924,-36.061,0
1398294433446,41702776094000,171538051000001,-3.126,0.924,-36.061,0
1398294433456,41702786103000,171538051000001,-3.126,0.924,-36.061,0
1398294433466,41702796144000,171538051000001,-3.126,0.924,-36.061,0
1398294433476,41702806123000,171538051000001,-3.126,1.268,-36.061,0
1398294433486,41702816163000,171538051000001,-3.126,1.268,-36.061,0
1398294433496,41702826142000,171538051000001,-3.126,1.268,-36.061,0
1398294433506,41702836152000,171538051000001,-3.46,1.268,-36.061,0
1398294433516,41702846192000,171538051000001,-3.46,1.657,-36.061,0
1398294433528,41702857728000,171538051000001,-3.46,1.657,-36.061,0
1398294433536,41702866242000,171538051000001,-3.797,1.657,-36.061,0
1398294433546,41702876191000,171538051000001,-3.797,1.995,-36.061,0
1398294433556,41702886201000,171538051000001,-3.797,1.995,-36.061,0
1398294433566,41702896211000,171538051000001,-4.112,1.995,-35.751,0
1398294433576,41702906220000,171538051000001,-4.112,1.995,-35.751,0
1398294433586,41702916261000,171538051000001,-4.112,2.404,-35.751,0
1398294433596,41702926271000,171538051000001,-4.112,2.404,-35.751,0
1398294433606,41702936250000,171538051000001,-4.429,2.404,-35.751,0
1398294433616,41702946260000,171538051000001,-4.429,2.404,-35.751,0
1398294433626,41702956269000,171538051000001,-4.429,2.404,-35.751,0
1398294433636,41702966279000,171538051000001,-4.429,2.404,-35.751,0
1398294433646,41702976289000,171538051000001,-4.429,2.404,-35.751,0
1398294433656,41702986299000,171538051000001,-4.429,2.404,-35.751,0
1398294433666,41702996491000,171538051000001,-4.429,2.404,-35.751,0
1398294433676,41703006318000,171538051000001,-4.429,2.404,-35.751,0
1398294433686,41703016328000,171538051000001,-4.429,2.404,-35.751,0
1398294433696,41703026338000,171538051000001,-4.429,2.404,-35.751,0
1398294433708,41703037904000,171538051000001,-4.429,2.404,-35.751,0
1398294433720,41703049256000,171538051000001,-4.429,2.706,-35.45,0
1398294433738,41703067262000,171538051000001,-4.429,2.706,-35.45,0
1398294433741,41703071137000,171538051000001,-4.429,2.706,-35.45,0
1398294433750,41703079988000,171538051000001,-4.429,2.706,-35.45,0
1398294433761,41703090577000,171538051000001,-4.429,2.706,-35.45,0
1398294433769,41703099397000,171538051000001,-4.429,2.706,-35.45,0
1398294433781,41703107759000,171538051000001,-4.429,2.706,-35.45,0
1398294433790,41703118409000,171538051000001,-4.429,2.706,-35.45,0
1398294433797,41703126496000,171538051000001,-4.429,2.706,-35.45,0
1398294433812,41703140870000,171538051000001,-4.429,2.706,-35.45,0
1398294433821,41703146485000,171538051000001,-4.429,2.706,-35.45,0
1398294433829,41703157258000,171538051000001,-4.429,2.706,-35.45,0
1398294433840,41703166535000,171538051000001,-4.429,2.706,-35.45,0
1398294433847,41703176545000,171538051000001,-4.429,2.706,-35.45,0
1398294433862,41703188722000,171538051000001,-4.429,2.706,-35.45,0
1398294433867,41703196565000,171538051000001,-4.429,2.706,-35.45,0
1398294433878,41703206574000,171538051000001,-4.429,2.706,-35.45,0
1398294433898,41703222657000,171538051000001,-4.429,2.706,-35.45,0
1398294433900,41703226594000,171538051000001,-4.429,2.706,-35.45,0
1398294433911,41703236604000,171538051000001,-4.429,2.706,-35.45,0
1398294433917,41703246614000,171538051000001,-4.429,2.706,-35.45,0
1398294433929,41703256593000,171538051000001,-4.429,2.706,-35.772,0
1398294433937,41703266664000,171538051000001,-4.429,2.706,-35.772,0
1398294433947,41703276643000,171538051000001,-4.429,2.706,-35.772,0
1398294433958,41703286683000,171538051000001,-4.429,2.706,-35.772,0
1398294433967,41703296723000,171538051000001,-4.429,2.706,-35.772,0
1398294433978,41703306642000,171538051000001,-4.429,2.706,-35.772,0
1398294433987,41703316651000,171538051000001,-4.429,2.706,-35.772,0
1398294433997,41703326661000,171538051000001,-4.429,2.706,-35.772,0
1398294434010,41703339051000,171538051000001,-4.429,2.706,-35.772,0
1398294434021,41703350343000,171538051000001,-4.429,2.706,-35.772,0
1398294434027,41703356721000,171538051000001,-4.429,2.706,-35.772,0
1398294434046,41703367219000,171538051000001,-4.429,2.706,-35.772,0
1398294434047,41703376710000,171538051000001,-4.429,2.706,-35.772,0
1398294434066,41703390565000,171538051000001,-4.429,2.706,-35.772,0
1398294434082,41703398286000,171538051000001,-4.429,2.706,-35.469,0
1398294434083,41703406831000,171538051000001,-4.429,2.706,-35.469,0
1398294434087,41703416749000,171538051000001,-4.429,2.706,-35.469,0
1398294434097,41703426759000,171538051000001,-4.745,2.706,-35.469,0
1398294434107,41703436799000,171538051000001,-4.745,2.706,-35.469,0
1398294434117,41703446809000,171538051000001,-4.745,2.706,-35.469,0
1398294434128,41703456819000,171538051000001,-4.745,2.706,-35.469,0
1398294434137,41703466828000,171538051000001,-4.745,2.706,-35.469,0
1398294434147,41703476808000,171538051000001,-4.745,2.706,-35.469,0
1398294434157,41703486817000,171538051000001,-4.745,2.706,-35.469,0
1398294434167,41703496858000,171538051000001,-4.745,2.706,-35.469,0
1398294434177,41703506837000,171538051000001,-4.745,2.706,-35.469,0
1398294434187,41703516847000,171538051000001,-4.745,2.706,-35.469,0
1398294434197,41703526856000,171538051000001,-4.745,2.706,-35.469,0
1398294434207,41703536866000,171538051000001,-4.745,2.706,-35.469,0
1398294434217,41703546876000,171538051000001,-4.745,2.706,-35.469,0
1398294434227,41703556886000,171538051000001,-4.745,2.706,-35.469,0
1398294434237,41703566896000,171538051000001,-4.745,2.706,-35.469,0
1398294434248,41703578462000,171538051000001,-4.745,2.706,-35.469,0
1398294434257,41703586946000,171538051000001,-4.745,2.706,-35.469,0
1398294434267,41703596925000,171538051000001,-4.745,2.706,-35.469,0
1398294434277,41703606935000,171538051000001,-4.745,2.706,-35.469,0
1398294434295,41703616975000,171538051000001,-4.745,2.706,-35.469,0
1398294434298,41703626985000,171538051000001,-4.745,2.706,-35.469,0
1398294434307,41703636994000,171538051000001,-4.745,2.706,-35.469,0
1398294434317,41703647004000,171538051000001,-4.745,2.706,-35.469,0
1398294434327,41703656983000,171538051000001,-4.745,2.706,-35.469,0
1398294434337,41703666993000,171538051000001,-4.745,2.706,-35.469,0
1398294434350,41703678437000,171538051000001,-4.745,2.706,-35.469,0
1398294434357,41703686982000,171538051000001,-4.745,2.706,-35.469,0
1398294434367,41703696992000,171538051000001,-4.745,2.706,-35.469,0
1398294434377,41703707002000,171538051000001,-4.745,2.706,-35.469,0
1398294434387,41703717012000,171538051000001,-4.745,2.706,-35.469,0
1398294434397,41703727021000,171538051000001,-4.745,2.706,-35.469,0
1398294434407,41703737062000,171538051000001,-4.745,2.706,-35.469,0
1398294434417,41703747102000,171538051000001,-4.745,2.706,-35.469,0
1398294434428,41703758637000,171538051000001,-4.745,2.706,-35.469,0
1398294434437,41703767091000,171538051000001,-4.745,2.706,-35.469,0
1398294434447,41703777070000,171538051000001,-5.09,2.706,-35.469,0
1398294434457,41703787110000,171538051000001,-5.09,2.706,-35.469,0
1398294434467,41703797090000,171538051000001,-5.09,2.706,-35.469,0
1398294434477,41703807069000,171538051000001,-5.09,2.706,-35.469,0
1398294434487,41703817109000,171538051000001,-5.09,2.706,-35.469,0
1398294434497,41703827119000,171538051000001,-5.09,2.706,-35.469,0
1398294434507,41703837129000,171538051000001,-5.09,2.706,-35.469,0
1398294434517,41703847138000,171538051000001,-5.09,2.706,-35.469,0
1398294434527,41703857148000,171538051000001,-5.09,2.706,-35.469,0
1398294434537,41703867189000,171538051000001,-5.09,2.706,-35.469,0
1398294434547,41703877168000,171538051000001,-5.09,2.706,-35.469,0
1398294434557,41703887361000,171538051000001,-5.09,2.706,-35.469,0
1398294434567,41703897370000,171538051000001,-5.09,2.706,-35.469,0
1398294434583,41703912324000,171538051000001,-5.09,2.706,-35.469,0
1398294434587,41703917237000,171538051000001,-5.09,2.706,-35.469,0
1398294434597,41703927217000,171538051000001,-5.09,2.706,-35.469,0
1398294434609,41703938783000,171538051000001,-5.09,2.706,-35.469,0
1398294434617,41703947297000,171538051000001,-5.09,2.706,-35.469,0
1398294434627,41703957246000,171538051000001,-5.09,2.706,-35.469,0
1398294434637,41703967256000,171538051000001,-4.763,2.706,-35.469,0
1398294434647,41703977265000,171538051000001,-4.763,2.706,-35.469,0
1398294434657,41703987275000,171538051000001,-4.763,2.706,-35.469,0
1398294434667,41703997315000,171538051000001,-4.763,2.706,-35.469,0
1398294434677,41704007325000,171538051000001,-4.763,2.706,-35.469,0
1398294434687,41704017304000,171538051000001,-4.763,2.706,-35.148,0
1398294434697,41704027314000,171538051000001,-4.763,2.706,-35.148,0
1398294434708,41704037324000,171538051000001,-4.763,2.706,-35.148,0
1398294434721,41704047425000,171538051000001,-4.763,2.706,-35.148,0
1398294434731,41704057374000,171538051000001,-4.763,2.706,-35.148,0
1398294434739,41704067414000,171538051000001,-4.763,2.706,-35.148,0
1398294434748,41704077394000,171538051000001,-4.763,2.706,-35.148,0
1398294434763,41704087403000,171538051000001,-4.763,2.706,-35.148,0
1398294434770,41704097474000,171538051000001,-4.763,2.706,-35.148,0
1398294434778,41704107453000,171538051000001,-4.763,2.706,-35.148,0
1398294434789,41704118989000,171538051000001,-4.763,2.706,-35.148,0
1398294434798,41704127503000,171538051000001,-4.763,2.706,-35.148,0
1398294434809,41704137452000,171538051000001,-4.763,2.706,-35.148,0
1398294434817,41704147492000,171538051000001,-4.763,2.706,-35.148,0
1398294434827,41704157472000,171538051000001,-4.763,3.042,-35.148,0
1398294434837,41704167481000,171538051000001,-4.763,3.042,-35.148,0
1398294434847,41704177491000,171538051000001,-4.763,3.042,-35.148,0
1398294434857,41704187501000,171538051000001,-4.763,3.042,-35.148,0
1398294434867,41704197511000,171538051000001,-4.763,3.042,-35.148,0
1398294434877,41704207521000,171538051000001,-4.763,3.042,-35.148,0
1398294434887,41704217530000,171538051000001,-4.763,3.042,-35.148,0
1398294434898,41704227540000,171538051000001,-4.763,3.042,-35.148,0
1398294434914,41704237550000,171538051000001,-5.11,3.042,-35.148,0
1398294434921,41704247590000,171538051000001,-5.11,3.042,-35.148,0
1398294434928,41704257600000,171538051000001,-5.11,3.358,-35.148,0
1398294434938,41704267579000,171538051000001,-5.11,3.358,-35.148,0
1398294434949,41704277619000,171538051000001,-5.11,3.358,-35.148,0
1398294434964,41704291352000,171538051000001,-5.11,3.358,-35.148,0
1398294434970,41704299226000,171538051000001,-5.479,3.358,-35.148,0
1398294434978,41704307649000,171538051000001,-5.479,3.358,-35.148,0
1398294434987,41704317628000,171538051000001,-5.479,3.703,-35.148,0
1398294434998,41704327638000,171538051000001,-5.479,3.703,-35.148,0
1398294435008,41704337800000,171538051000001,-5.479,3.703,-35.148,0
1398294435017,41704347657000,171538051000001,-5.479,3.703,-35.148,0
1398294435029,41704357667000,171538051000001,-5.479,3.703,-35.148,0
1398294435038,41704367677000,171538051000001,-5.479,3.703,-35.148,0
1398294435048,41704377717000,171538051000001,-5.479,3.703,-35.148,0
1398294435058,41704387727000,171538051000001,-5.479,3.703,-35.148,0
1398294435068,41704397706000,171538051000001,-5.479,3.703,-35.148,0
1398294435078,41704407716000,171538051000001,-5.479,3.703,-35.148,0
1398294435088,41704417726000,171538051000001,-5.479,3.703,-35.148,0
1398294435098,41704427735000,171538051000001,-5.479,3.703,-35.148,0
1398294435108,41704437715000,171538051000001,-5.479,3.703,-35.148,0
1398294435118,41704447755000,171538051000001,-5.479,3.703,-35.148,0
1398294435128,41704457765000,171538051000001,-5.479,3.703,-35.148,0
1398294435138,41704467774000,171538051000001,-5.479,3.703,-35.148,0
1398294435149,41704479341000,171538051000001,-5.479,3.703,-35.148,0
1398294435158,41704487824000,171538051000001,-5.479,3.703,-35.148,0
1398294435168,41704497804000,171538051000001,-5.479,3.703,-35.148,0
1398294435178,41704507783000,171538051000001,-5.479,3.703,-35.148,0
1398294435188,41704517793000,171538051000001,-5.479,3.703,-35.148,0
1398294435198,41704527803000,171538051000001,-5.479,3.703,-35.148,0
1398294435209,41704537843000,171538051000001,-5.479,3.703,-35.148,0
1398294435218,41704547883000,171538051000001,-5.479,3.703,-35.148,0
1398294435228,41704557862000,171538051000001,-5.479,3.703,-35.148,0
1398294435238,41704567872000,171538051000001,-5.177,3.703,-35.148,0
1398294435248,41704577851000,171538051000001,-5.177,3.703,-35.148,0
1398294435258,41704587892000,171538051000001,-5.177,3.703,-35.148,0
1398294435270,41704600068000,171538051000001,-5.177,3.703,-35.148,0
1398294435278,41704607881000,171538051000001,-5.177,3.703,-35.148,0
1398294435288,41704617890000,171538051000001,-5.177,3.703,-35.148,0
1398294435298,41704627900000,171538051000001,-5.177,3.703,-35.148,0
1398294435308,41704637910000,171538051000001,-5.177,3.703,-35.148,0
1398294435318,41704647920000,171538051000001,-5.177,3.398,-35.148,0
1398294435330,41704659486000,171538051000001,-5.177,3.398,-35.148,0
1398294435338,41704667939000,171538051000001,-5.177,3.398,-35.148,0
1398294435350,41704677918000,171538051000001,-5.177,3.398,-35.148,0
1398294435360,41704687959000,171538051000001,-5.177,3.398,-35.148,0
1398294435368,41704697999000,171538051000001,-5.177,3.398,-35.148,0
1398294435378,41704708009000,171538051000001,-5.177,3.398,-35.148,0
1398294435388,41704718019000,171538051000001,-5.177,3.398,-35.148,0
1398294435399,41704727998000,171538051000001,-5.177,3.398,-35.148,0
1398294435411,41704738038000,171538051000001,-5.177,3.398,-35.148,0
1398294435419,41704748048000,171538051000001,-5.177,3.398,-35.148,0
1398294435429,41704758088000,171538051000001,-5.177,3.398,-35.148,0
1398294435438,41704768067000,171538051000001,-5.177,3.398,-35.148,0
1398294435448,41704778077000,171538051000001,-5.177,3.398,-35.148,0
1398294435458,41704788240000,171538051000001,-5.177,3.398,-35.148,0
1398294435468,41704798127000,171538051000001,-5.502,3.398,-35.148,0
1398294435478,41704808106000,171538051000001,-5.502,3.398,-35.148,0
1398294435488,41704818086000,171538051000001,-5.502,3.085,-35.148,0
1398294435498,41704828126000,171538051000001,-5.502,3.085,-35.148,0
1398294435509,41704839662000,171538051000001,-5.502,3.085,-35.148,0
1398294435518,41704848176000,171538051000001,-5.502,3.085,-35.148,0
1398294435528,41704858125000,171538051000001,-5.502,3.085,-35.148,0
1398294435538,41704868135000,171538051000001,-5.502,3.085,-35.148,0
1398294435549,41704878205000,171538051000001,-5.502,3.085,-35.148,0
1398294435560,41704888215000,171538051000001,-5.502,3.085,-35.148,0
1398294435573,41704902223000,171538051000001,-5.502,3.085,-35.148,0
1398294435578,41704908113000,171538051000001,-5.502,3.085,-35.148,0
1398294435588,41704918183000,171538051000001,-5.502,3.085,-35.148,0
1398294435598,41704928193000,171538051000001,-5.502,3.085,-35.148,0
1398294435608,41704938203000,171538051000001,-5.502,3.085,-35.148,0
1398294435618,41704948182000,171538051000001,-5.502,2.729,-35.148,0
1398294435628,41704958222000,171538051000001,-5.502,2.729,-35.148,0
1398294435639,41704968202000,171538051000001,-5.502,2.729,-35.148,0
1398294435648,41704978242000,171538051000001,-5.502,2.729,-35.148,0
1398294435658,41704988221000,171538051000001,-5.502,2.729,-35.148,0
1398294435668,41704998262000,171538051000001,-5.502,2.403,-35.148,0
1398294435678,41705008271000,171538051000001,-5.502,2.403,-35.148,0
1398294435690,41705019807000,171538051000001,-5.502,2.403,-35.148,0
1398294435698,41705028321000,171538051000001,-5.502,2.403,-35.148,0
1398294435708,41705038301000,171538051000001,-5.502,2.403,-35.148,0
1398294435718,41705048310000,171538051000001,-5.502,2.403,-35.148,0
1398294435728,41705058320000,171538051000001,-5.502,2.403,-35.148,0
1398294435738,41705068330000,171538051000001,-5.502,2.403,-35.148,0
1398294435748,41705078340000,171538051000001,-5.502,2.085,-35.148,0
1398294435758,41705088349000,171538051000001,-5.502,2.085,-35.148,0
1398294435768,41705098329000,171538051000001,-5.502,2.085,-35.148,0
1398294435778,41705108369000,171538051000001,-5.502,2.085,-35.148,0
1398294435788,41705118348000,171538051000001,-5.502,2.085,-35.148,0
1398294435798,41705128388000,171538051000001,-5.502,2.085,-35.148,0
1398294435808,41705138398000,171538051000001,-5.812,2.085,-35.148,0
1398294435819,41705148408000,171538051000001,-5.812,1.776,-35.148,0
1398294435828,41705158448000,171538051000001,-5.812,1.776,-35.148,0
1398294435839,41705168428000,171538051000001,-5.812,1.776,-35.148,0
1398294435848,41705178437000,171538051000001,-5.812,1.776,-35.148,0
1398294435858,41705188447000,171538051000001,-5.812,1.776,-35.148,0
1398294435870,41705199983000,171538051000001,-5.812,1.776,-35.148,0
1398294435880,41705209443000,171538051000001,-5.812,1.776,-35.148,0
1398294435893,41705218476000,171538051000001,-5.812,1.776,-35.148,0
1398294435900,41705228486000,171538051000001,-5.812,1.776,-35.148,0
1398294435910,41705238740000,171538051000001,-5.812,1.776,-35.148,0
1398294435920,41705248475000,171538051000001,-5.812,1.776,-35.148,0
1398294435929,41705258515000,171538051000001,-5.812,1.776,-35.148,0
1398294435938,41705268495000,171538051000001,-5.812,1.776,-35.148,0
1398294435949,41705278535000,171538051000001,-5.812,1.776,-35.148,0
1398294435959,41705288514000,171538051000001,-5.812,1.776,-35.148,0
1398294435969,41705298554000,171538051000001,-5.812,1.776,-35.148,0
1398294435979,41705308564000,171538051000001,-5.812,1.776,-35.148,0
1398294435989,41705318543000,171538051000001,-5.812,1.776,-35.148,0
1398294435998,41705328553000,171538051000001,-5.812,1.776,-35.148,0
1398294436008,41705338563000,171538051000001,-5.812,1.776,-35.148,0
1398294436018,41705348573000,171538051000001,-5.48,1.776,-35.148,0
1398294436028,41705358583000,171538051000001,-5.48,1.776,-35.148,0
1398294436038,41705368592000,171538051000001,-5.48,1.776,-35.148,0
1398294436050,41705380158000,171538051000001,-5.48,2.111,-35.148,0
1398294436059,41705388673000,171538051000001,-5.48,2.111,-35.148,0
1398294436069,41705398622000,171538051000001,-5.48,2.111,-35.148,0
1398294436078,41705408631000,171538051000001,-5.126,2.111,-35.148,0
1398294436088,41705418641000,171538051000001,-5.126,2.111,-35.148,0
1398294436098,41705428651000,171538051000001,-5.126,2.415,-35.148,0
1398294436108,41705438691000,171538051000001,-5.126,2.415,-35.148,0
1398294436119,41705448701000,171538051000001,-4.785,2.415,-35.148,0
1398294436128,41705458711000,171538051000001,-4.785,2.415,-35.148,0
1398294436138,41705468690000,171538051000001,-4.785,2.415,-35.148,0
1398294436149,41705478730000,171538051000001,-4.785,2.415,-35.148,0
1398294436159,41705488740000,171538051000001,-4.785,2.415,-35.148,0
1398294436169,41705498719000,171538051000001,-4.42,2.415,-35.148,0
1398294436184,41705508760000,171538051000001,-4.42,2.415,-35.148,0
1398294436189,41705518769000,171538051000001,-4.42,2.415,-35.148,0
1398294436199,41705528749000,171538051000001,-4.42,2.415,-35.148,0
1398294436211,41705538758000,171538051000001,-4.42,2.415,-35.148,0
1398294436220,41705548860000,171538051000001,-4.42,2.415,-35.148,0
1398294436231,41705560395000,171538051000001,-4.42,2.415,-35.148,0
1398294436239,41705568818000,171538051000001,-4.42,2.415,-35.148,0
1398294436250,41705578828000,171538051000001,-4.42,2.415,-35.148,0
1398294436259,41705588838000,171538051000001,-4.42,2.415,-35.148,0
1398294436269,41705598817000,171538051000001,-4.42,2.415,-35.148,0
1398294436279,41705608857000,171538051000001,-4.42,2.415,-35.148,0
1398294436289,41705618836000,171538051000001,-4.42,2.415,-35.148,0
1398294436299,41705628846000,171538051000001,-4.42,2.415,-35.148,0
1398294436309,41705638856000,171538051000001,-4.42,2.415,-35.148,0
1398294436319,41705648896000,171538051000001,-4.42,2.415,-35.148,0
1398294436329,41705658876000,171538051000001,-4.42,2.415,-35.148,0
1398294436339,41705668885000,171538051000001,-4.42,2.415,-35.148,0
1398294436349,41705678895000,171538051000001,-4.42,2.415,-35.148,0
1398294436359,41705689057000,171538051000001,-4.42,2.415,-35.148,0
1398294436369,41705698915000,171538051000001,-4.42,2.415,-35.148,0
1398294436379,41705708924000,171538051000001,-4.42,2.415,-35.148,0
1398294436389,41705718934000,171538051000001,-4.42,2.107,-35.148,0
1398294436399,41705728944000,171538051000001,-4.42,2.107,-35.148,0
1398294436411,41705740510000,171538051000001,-4.42,2.107,-35.148,0
1398294436420,41705748994000,171538051000001,-4.42,2.107,-35.148,0
1398294436429,41705759004000,171538051000001,-4.42,1.792,-35.148,0
1398294436439,41705768983000,171538051000001,-4.42,1.792,-35.148,0
1398294436449,41705779084000,171538051000001,-4.106,1.792,-35.148,0
1398294436465,41705789094000,171538051000001,-4.106,1.451,-35.148,0
1398294436469,41705799073000,171538051000001,-4.106,1.451,-35.148,0
1398294436479,41705809022000,171538051000001,-4.106,1.451,-35.148,0
1398294436489,41705819062000,171538051000001,-3.773,1.042,-35.508,0
1398294436499,41705829042000,171538051000001,-3.773,1.042,-35.508,0
1398294436510,41705839082000,171538051000001,-3.773,1.042,-35.508,0
1398294436519,41705849061000,171538051000001,-3.773,0.672,-35.508,0
1398294436529,41705859071000,171538051000001,-3.408,0.672,-35.508,0
1398294436539,41705869081000,171538051000001,-3.408,0.672,-35.508,0
1398294436549,41705879090000,171538051000001,-3.408,0.256,-35.508,0
1398294436559,41705889100000,171538051000001,-3.079,0.256,-35.508,0
1398294436569,41705899110000,171538051000001,-3.079,0.256,-35.508,0
1398294436581,41705909120000,171538051000001,-3.079,-0.103,-35.813,0
1398294436591,41705920716000,171538051000001,-3.079,-0.103,-35.813,0
1398294436599,41705929170000,171538051000001,-2.706,-0.103,-35.813,0
1398294436609,41705939179000,171538051000001,-2.706,-0.537,-35.813,0
1398294436619,41705949159000,171538051000001,-2.706,-0.537,-35.813,0
1398294436629,41705959168000,171538051000001,-2.284,-0.848,-35.813,0
1398294436639,41705969178000,171538051000001,-2.284,-0.848,-35.813,0
1398294436649,41705979188000,171538051000001,-2.284,-0.848,-36.12,0
1398294436659,41705989198000,171538051000001,-1.943,-1.225,-36.12,0
1398294436674,41705999238000,171538051000001,-1.943,-1.225,-36.12,0
1398294436679,41706009248000,171538051000001,-1.943,-1.225,-36.12,0
1398294436689,41706019227000,171538051000001,-1.943,-1.564,-36.12,0
1398294436699,41706029237000,171538051000001,-1.641,-1.564,-36.12,0
1398294436709,41706039247000,171538051000001,-1.641,-1.564,-36.12,0
1398294436719,41706049256000,171538051000001,-1.641,-1.875,-36.12,0
1398294436729,41706059266000,171538051000001,-1.641,-1.875,-36.12,0
1398294436740,41706069276000,171538051000001,-1.641,-1.875,-36.12,0
1398294436749,41706079286000,171538051000001,-1.641,-1.875,-36.12,0
1398294436759,41706089295000,171538051000001,-1.641,-1.875,-36.12,0
1398294436771,41706101045000,171538051000001,-1.641,-2.2,-36.12,0
1398294436780,41706109345000,171538051000001,-1.641,-2.2,-36.12,0
1398294436789,41706119325000,171538051000001,-1.641,-2.2,-36.12,0
1398294436804,41706134339000,171538051000001,-1.641,-2.2,-36.12,0
1398294436810,41706139344000,171538051000001,-1.641,-2.2,-36.12,0
1398294436819,41706149354000,171538051000001,-1.641,-2.2,-36.12,0
1398294436829,41706159364000,171538051000001,-1.641,-2.2,-36.12,0
1398294436839,41706169374000,171538051000001,-1.641,-2.2,-36.12,0
1398294436849,41706179383000,171538051000001,-1.641,-2.2,-36.12,0
1398294436859,41706189393000,171538051000001,-1.641,-2.2,-36.12,0
1398294436870,41706199433000,171538051000001,-1.954,-2.2,-36.12,0
1398294436880,41706209413000,171538051000001,-1.954,-2.2,-36.12,0
1398294436890,41706219453000,171538051000001,-1.954,-2.51,-35.763,0
1398294436899,41706229432000,171538051000001,-2.304,-2.51,-35.763,0
1398294436909,41706239472000,171538051000001,-2.304,-2.51,-35.763,0
1398294436921,41706249452000,171538051000001,-2.304,-2.51,-35.449,0
1398294436930,41706259461000,171538051000001,-2.65,-2.51,-35.449,0
1398294436939,41706269471000,171538051000001,-2.65,-2.818,-35.449,0
1398294436951,41706281037000,171538051000001,-2.65,-2.818,-35.449,0
1398294436959,41706289521000,171538051000001,-2.65,-2.818,-35.449,0
1398294436969,41706299501000,171538051000001,-3.01,-2.818,-35.134,0
1398294436981,41706309541000,171538051000001,-3.01,-2.818,-35.134,0
1398294436990,41706319520000,171538051000001,-3.01,-3.135,-35.134,0
1398294437000,41706329530000,171538051000001,-3.01,-3.135,-35.134,0
1398294437010,41706339540000,171538051000001,-3.01,-3.135,-35.134,0
1398294437019,41706349549000,171538051000001,-3.01,-3.135,-35.134,0
1398294437030,41706359559000,171538051000001,-3.01,-3.135,-34.796,0
1398294437039,41706369569000,171538051000001,-3.01,-3.486,-34.796,0
1398294437050,41706379579000,171538051000001,-3.01,-3.486,-34.796,0
1398294437060,41706389588000,171538051000001,-3.01,-3.486,-34.796,0
1398294437070,41706399598000,171538051000001,-3.01,-3.486,-34.796,0
1398294437080,41706409608000,171538051000001,-3.315,-3.486,-34.796,0
1398294437091,41706419618000,171538051000001,-3.315,-3.79,-34.796,0
1398294437099,41706429627000,171538051000001,-3.315,-3.79,-34.796,0
1398294437113,41706443330000,171538051000001,-3.315,-3.79,-34.796,0
1398294437120,41706449678000,171538051000001,-3.315,-3.79,-34.796,0
1398294437132,41706461244000,171538051000001,-3.315,-3.79,-34.796,0
1398294437144,41706469758000,171538051000001,-3.315,-3.79,-34.796,0
1398294437151,41706479768000,171538051000001,-3.315,-3.79,-34.471,0
1398294437160,41706489686000,171538051000001,-3.315,-3.79,-34.471,0
1398294437170,41706499696000,171538051000001,-3.315,-4.103,-34.471,0
1398294437180,41706509706000,171538051000001,-3.315,-4.103,-34.471,0
1398294437190,41706519685000,171538051000001,-3.315,-4.103,-34.471,0
1398294437200,41706529695000,171538051000001,-3.315,-4.103,-34.471,0
1398294437210,41706539735000,171538051000001,-3.315,-4.103,-34.471,0
1398294437220,41706549745000,171538051000001,-3.315,-4.103,-34.471,0
1398294437230,41706559754000,171538051000001,-3.315,-4.103,-34.471,0
1398294437240,41706569764000,171538051000001,-3.315,-4.103,-34.471,0
1398294437250,41706579774000,171538051000001,-3.315,-4.103,-34.471,0
1398294437260,41706589784000,171538051000001,-3.315,-4.103,-34.471,0
1398294437270,41706599793000,171538051000001,-3.315,-4.103,-34.471,0
1398294437280,41706609803000,171538051000001,-3.315,-4.103,-34.471,0
1398294437290,41706619813000,171538051000001,-3.315,-3.746,-34.471,0
1398294437300,41706629823000,171538051000001,-3.315,-3.746,-34.471,0
1398294437311,41706641389000,171538051000001,-3.315,-3.746,-34.471,0
1398294437320,41706649873000,171538051000001,-3.315,-3.431,-34.471,0
1398294437330,41706659852000,171538051000001,-3.315,-3.431,-34.471,0
1398294437340,41706669862000,171538051000001,-3.315,-3.431,-34.471,0
1398294437350,41706679902000,171538051000001,-3.315,-3.112,-34.471,0
1398294437360,41706689881000,171538051000001,-3.315,-3.112,-34.471,0
1398294437370,41706699891000,171538051000001,-2.954,-3.112,-34.471,0
1398294437382,41706709901000,171538051000001,-2.954,-3.112,-34.783,0
1398294437390,41706719941000,171538051000001,-2.954,-2.742,-34.783,0
1398294437400,41706729920000,171538051000001,-2.954,-2.742,-34.783,0
1398294437410,41706739930000,171538051000001,-2.954,-2.742,-34.783,0
1398294437421,41706750489000,171538051000001,-2.954,-2.742,-34.783,0
1398294437432,41706759950000,171538051000001,-2.954,-2.742,-34.783,0
1398294437440,41706770051000,171538051000001,-2.954,-2.742,-34.783,0
1398294437450,41706779969000,171538051000001,-2.954,-2.742,-34.783,0
1398294437460,41706789949000,171538051000001,-2.954,-2.742,-34.783,0
1398294437470,41706800019000,171538051000001,-2.954,-2.742,-34.783,0
1398294437481,41706809999000,171538051000001,-2.954,-2.742,-34.783,0
1398294437492,41706821565000,171538051000001,-2.954,-2.742,-34.783,0
1398294437502,41706830049000,171538051000001,-2.954,-3.044,-34.783,0
1398294437510,41706840058000,171538051000001,-2.954,-3.044,-34.783,0
1398294437520,41706850099000,171538051000001,-2.954,-3.044,-34.783,0
1398294437530,41706860108000,171538051000001,-2.954,-3.044,-34.783,0
1398294437540,41706870118000,171538051000001,-3.298,-3.427,-34.457,0
1398294437550,41706880097000,171538051000001,-3.298,-3.427,-34.457,0
1398294437560,41706890107000,171538051000001,-3.298,-3.427,-34.457,0
1398294437570,41706900117000,171538051000001,-3.298,-3.427,-34.457,0
1398294437580,41706910127000,171538051000001,-3.619,-3.427,-34.457,0
1398294437594,41706924195000,171538051000001,-3.619,-3.427,-34.457,0
1398294437605,41706934663000,171538051000001,-3.619,-3.427,-34.457,0
1398294437612,41706942597000,171538051000001,-3.619,-3.427,-34.152,0
1398294437620,41706950105000,171538051000001,-3.936,-3.427,-34.152,0
1398294437631,41706960145000,171538051000001,-3.936,-3.427,-34.152,0
1398294437640,41706970185000,171538051000001,-3.936,-3.427,-34.152,0
1398294437651,41706980134000,171538051000001,-3.936,-3.427,-34.152,0
1398294437660,41706990205000,171538051000001,-3.936,-3.427,-34.152,0
1398294437672,41707001771000,171538051000001,-3.936,-3.427,-34.152,0
1398294437680,41707010224000,171538051000001,-3.936,-3.427,-34.152,0
1398294437690,41707020204000,171538051000001,-3.936,-3.097,-34.152,0
1398294437700,41707030397000,171538051000001,-3.936,-3.097,-34.152,0
1398294437710,41707040223000,171538051000001,-3.936,-2.792,-34.152,0
1398294437726,41707050233000,171538051000001,-3.936,-2.792,-34.152,0
1398294437730,41707060243000,171538051000001,-3.936,-2.792,-34.152,0
1398294437740,41707070252000,171538051000001,-3.936,-2.362,-34.504,0
1398294437750,41707080262000,171538051000001,-3.936,-2.362,-34.504,0
1398294437760,41707090272000,171538051000001,-3.936,-2.362,-34.504,0
1398294437770,41707100282000,171538051000001,-3.608,-2.04,-34.504,0
1398294437784,41707110292000,171538051000001,-3.608,-2.04,-34.504,0
1398294437794,41707123963000,171538051000001,-3.608,-2.04,-34.831,0
1398294437804,41707133973000,171538051000001,-3.608,-1.667,-34.831,0
1398294437813,41707142762000,171538051000001,-3.608,-1.667,-34.831,0
1398294437836,41707152436000,171538051000001,-3.251,-1.667,-35.137,0
1398294437844,41707160371000,171538051000001,-3.251,-1.289,-35.137,0
1398294437846,41707170381000,171538051000001,-3.251,-1.289,-35.137,0
1398294437854,41707183412000,171538051000001,-3.251,-1.289,-35.137,0
1398294437864,41707194001000,171538051000001,-3.251,-1.289,-35.137,0
1398294437873,41707202760000,171538051000001,-3.251,-0.984,-35.137,0
1398294437883,41707213410000,171538051000001,-3.251,-0.984,-35.137,0
1398294437894,41707223970000,171538051000001,-3.251,-0.984,-35.137,0
1398294437908,41707230439000,171538051000001,-3.251,-0.984,-35.137,0
1398294437911,41707240937000,171538051000001,-3.251,-0.984,-35.137,0
1398294437925,41707255403000,171538051000001,-3.251,-0.984,-35.137,0
1398294437932,41707261659000,171538051000001,-3.251,-0.984,-35.137,0
1398294437943,41707272676000,171538051000001,-3.251,-0.984,-35.137,0
1398294437954,41707281892000,171538051000001,-3.251,-0.984,-35.137,0
1398294437961,41707290528000,171538051000001,-3.251,-0.984,-35.137,0
1398294437971,41707300508000,171538051000001,-3.251,-0.984,-35.137,0
1398294437981,41707310517000,171538051000001,-3.251,-0.984,-35.137,0
1398294437991,41707320527000,171538051000001,-3.251,-1.29,-35.137,0
1398294438001,41707330537000,171538051000001,-3.617,-1.29,-35.137,0
1398294438011,41707340577000,171538051000001,-3.617,-1.29,-35.137,0
1398294438021,41707350556000,171538051000001,-3.617,-1.29,-35.137,0
1398294438037,41707366700000,171538051000001,-3.617,-1.606,-35.137,0
1398294438041,41707370576000,171538051000001,-3.617,-1.606,-34.826,0
1398294438051,41707380769000,171538051000001,-3.932,-1.606,-34.826,0
1398294438064,41707394227000,171538051000001,-3.932,-1.606,-34.826,0
1398294438073,41707403169000,171538051000001,-3.932,-1.606,-34.826,0
1398294438084,41707413636000,171538051000001,-3.932,-1.939,-34.826,0
1398294438095,41707424623000,171538051000001,-4.257,-1.939,-34.826,0
1398294438103,41707432099000,171538051000001,-4.257,-1.939,-34.826,0
1398294438115,41707443452000,171538051000001,-4.257,-1.939,-34.826,0
1398294438122,41707451448000,171538051000001,-4.257,-1.939,-34.826,0
1398294438133,41707462983000,171538051000001,-4.611,-1.939,-34.51,0
1398294438143,41707472779000,171538051000001,-4.611,-1.939,-34.51,0
1398294438154,41707484254000,171538051000001,-4.611,-1.939,-34.51,0
1398294438164,41707494233000,171538051000001,-4.611,-1.939,-34.51,0
1398294438174,41707504335000,171538051000001,-4.611,-1.939,-34.51,0
1398294438187,41707516511000,171538051000001,-4.611,-1.939,-34.51,0
1398294438193,41707523255000,171538051000001,-4.611,-1.939,-34.51,0
1398294438207,41707537202000,171538051000001,-4.611,-1.939,-34.51,0
1398294438214,41707543428000,171538051000001,-4.611,-1.939,-34.51,0
1398294438228,41707557557000,171538051000001,-4.611,-1.939,-34.51,0
1398294438232,41707562348000,171538051000001,-4.93,-1.939,-34.51,0
1398294438245,41707575257000,171538051000001,-4.93,-1.939,-34.51,0
1398294438255,41707585206000,171538051000001,-4.93,-1.939,-34.51,0
1398294438266,41707596406000,171538051000001,-4.93,-1.939,-34.51,0
1398294438275,41707604524000,171538051000001,-4.93,-1.62,-34.51,0
1398294438287,41707616639000,171538051000001,-4.93,-1.62,-34.51,0
1398294438293,41707623384000,171538051000001,-4.93,-1.62,-34.51,0
1398294438307,41707637330000,171538051000001,-4.93,-1.62,-34.51,0
1398294438312,41707642427000,171538051000001,-4.93,-1.62,-34.51,0
1398294438327,41707657136000,171538051000001,-4.93,-1.62,-34.51,0
1398294438333,41707663087000,171538051000001,-4.93,-1.62,-34.51,0
1398294438344,41707674348000,171538051000001,-4.93,-1.62,-34.51,0
1398294438353,41707682801000,171538051000001,-4.93,-1.62,-34.51,0
1398294438364,41707694428000,171538051000001,-4.93,-1.62,-34.51,0
1398294438373,41707702851000,171538051000001,-4.93,-1.62,-34.51,0
1398294438384,41707714418000,171538051000001,-4.93,-1.62,-34.51,0
1398294438395,41707724488000,171538051000001,-4.93,-1.62,-34.51,0
1398294438404,41707734468000,171538051000001,-4.624,-1.965,-34.51,0
1398294438412,41707741395000,171538051000001,-4.624,-1.965,-34.51,0
1398294438423,41707752900000,171538051000001,-4.624,-1.965,-34.51,0
1398294438431,41707760987000,171538051000001,-4.624,-1.965,-34.51,0
1398294438441,41707770997000,171538051000001,-4.624,-1.965,-34.51,0
1398294438452,41707781190000,171538051000001,-4.624,-2.314,-34.51,0
1398294438464,41707791017000,171538051000001,-4.624,-2.314,-34.51,0
1398294438471,41707801026000,171538051000001,-4.624,-2.314,-34.51,0
1398294438481,41707811036000,171538051000001,-4.624,-2.314,-34.51,0
1398294438491,41707821015000,171538051000001,-4.624,-2.314,-34.51,0
1398294438501,41707830995000,171538051000001,-4.624,-2.642,-34.51,0
1398294438511,41707841004000,171538051000001,-4.624,-2.642,-34.51,0
1398294438521,41707851014000,171538051000001,-4.624,-2.642,-34.51,0
1398294438531,41707861024000,171538051000001,-4.624,-2.642,-34.51,0
1398294438541,41707871034000,171538051000001,-4.624,-2.642,-34.51,0
1398294438551,41707881043000,171538051000001,-4.624,-2.642,-34.51,0
1398294438565,41707895417000,171538051000001,-4.624,-2.97,-34.51,0
1398294438578,41707907929000,171538051000001,-4.624,-2.97,-34.51,0
1398294438583,41707912660000,171538051000001,-4.624,-2.97,-34.51,0
1398294438597,41707927552000,171538051000001,-4.624,-2.97,-34.51,0
1398294438604,41707933930000,171538051000001,-4.624,-2.97,-34.51,0
1398294438617,41707947541000,171538051000001,-4.316,-2.97,-34.51,0
1398294438624,41707953889000,171538051000001,-4.316,-2.97,-34.51,0
1398294438637,41707966493000,171538051000001,-4.316,-2.97,-34.51,0
1398294438642,41707972474000,171538051000001,-4.316,-2.97,-34.51,0
1398294438655,41707984803000,171538051000001,-4.316,-2.97,-34.51,0
1398294438664,41707994599000,171538051000001,-4.01,-2.97,-34.51,0
1398294438675,41708004701000,171538051000001,-4.01,-2.97,-34.51,0
1398294438683,41708013459000,171538051000001,-4.01,-2.97,-34.51,0
1398294438694,41708023713000,171538051000001,-4.01,-2.97,-34.51,0
1398294438705,41708034944000,171538051000001,-4.01,-2.97,-34.51,0
1398294438716,41708044190000,171538051000001,-4.01,-2.97,-34.51,0
1398294438724,41708053926000,171538051000001,-3.656,-2.97,-34.51,0
1398294438735,41708064759000,171538051000001,-3.656,-2.97,-34.51,0
1398294438744,41708073609000,171538051000001,-3.656,-2.97,-34.51,0
1398294438755,41708084962000,171538051000001,-3.656,-2.97,-34.815,0
1398294438764,41708093904000,171538051000001,-3.656,-2.97,-34.815,0
1398294438775,41708104951000,171538051000001,-3.656,-2.604,-34.815,0
1398294438787,41708117127000,171538051000001,-3.34,-2.604,-34.815,0
1398294438794,41708123933000,171538051000001,-3.34,-2.604,-34.815,0
1398294438805,41708134614000,171538051000001,-3.34,-2.12,-35.136,0
1398294438818,41708147889000,171538051000001,-3.34,-1.786,-35.136,0
1398294438823,41708152986000,171538051000001,-3.34,-1.475,-35.136,0
1398294438835,41708164826000,171538051000001,-3.34,-1.475,-35.136,0
1398294438844,41708173921000,171538051000001,-3.34,-1.048,-35.136,0
1398294438858,41708187959000,171538051000001,-3.34,-1.048,-35.136,0
1398294438863,41708192872000,171538051000001,-3.34,-1.048,-35.136,0
1398294438875,41708204591000,171538051000001,-3.34,-1.048,-35.136,0
1398294438888,41708217897000,171538051000001,-3.34,-0.689,-35.136,0
1398294438893,41708222932000,171538051000001,-3.34,-0.689,-35.437,0
1398294438905,41708234895000,171538051000001,-3.34,-0.689,-35.437,0
1398294438914,41708244020000,171538051000001,-3.34,-0.367,-35.437,0
1398294438928,41708257966000,171538051000001,-3.34,-0.367,-35.437,0
1398294438934,41708264131000,171538051000001,-3.34,-0.367,-35.437,0
1398294438957,41708282289000,171538051000001,-3.34,-0.367,-35.437,0
1398294438958,41708286500000,171538051000001,-3.34,-0.367,-35.437,0
1398294438961,41708291932000,171538051000001,-3.34,-0.367,-35.437,0
1398294438972,41708301484000,171538051000001,-3.34,-0.367,-35.437,0
1398294438982,41708311463000,171538051000001,-3.34,-0.367,-35.437,0
1398294438992,41708321534000,171538051000001,-3.34,-0.367,-35.437,0
1398294439002,41708331483000,171538051000001,-3.34,-0.367,-35.437,0
1398294439012,41708341554000,171538051000001,-3.34,-0.367,-35.437,0
1398294439022,41708351899000,171538051000001,-3.34,-0.367,-35.437,0
1398294439032,41708361543000,171538051000001,-3.34,-0.367,-35.437,0
1398294439042,41708371980000,171538051000001,-3.34,-0.367,-35.437,0
1398294439053,41708382478000,171538051000001,-3.34,-0.367,-35.437,0
1398294439064,41708394136000,171538051000001,-3.34,-0.367,-35.108,0
1398294439075,41708405122000,171538051000001,-3.34,-0.367,-35.108,0
1398294439084,41708414155000,171538051000001,-3.34,-0.367,-35.108,0
1398294439095,41708425111000,171538051000001,-3.34,-0.367,-35.108,0
1398294439105,41708434815000,171538051000001,-3.34,-0.367,-35.108,0
1398294439115,41708444642000,171538051000001,-3.34,-0.688,-35.108,0
1398294439123,41708453340000,171538051000001,-3.643,-0.688,-35.108,0
1398294439135,41708465119000,171538051000001,-3.643,-0.688,-35.108,0
1398294439144,41708474244000,171538051000001,-3.643,-0.688,-35.108,0
1398294439153,41708483247000,171538051000001,-3.643,-0.688,-35.108,0
1398294439167,41708492158000,171538051000001,-3.643,-0.688,-35.108,0
1398294439173,41708502564000,171538051000001,-3.643,-0.688,-35.108,0
1398294439184,41708511689000,171538051000001,-3.643,-0.688,-35.108,0
1398294439194,41708523866000,171538051000001,-3.643,-0.688,-35.108,0
1398294439207,41708531678000,171538051000001,-3.643,-0.688,-35.108,0
1398294439216,41708541719000,171538051000001,-3.643,-0.688,-35.108,0
1398294439222,41708551728000,171538051000001,-3.643,-0.688,-35.108,0
1398294439232,41708561982000,171538051000001,-3.643,-1.0,-35.108,0
1398294439243,41708573365000,171538051000001,-3.643,-1.0,-35.108,0
1398294439252,41708582154000,171538051000001,-3.643,-1.0,-35.108,0
1398294439267,41708595704000,171538051000001,-3.643,-1.0,-35.108,0
1398294439272,41708601747000,171538051000001,-3.643,-1.0,-35.108,0
1398294439283,41708611787000,171538051000001,-3.643,-1.0,-35.108,0
1398294439295,41708623323000,171538051000001,-3.643,-1.0,-35.108,0
1398294439304,41708632386000,171538051000001,-3.643,-1.0,-35.108,0
1398294439320,41708641847000,171538051000001,-3.643,-1.0,-35.108,0
1398294439327,41708652711000,171538051000001,-3.643,-1.0,-35.108,0
1398294439332,41708661866000,171538051000001,-3.643,-1.0,-35.108,0
1398294439342,41708671845000,171538051000001,-3.643,-1.0,-35.108,0
1398294439352,41708681855000,171538051000001,-3.643,-1.0,-35.108,0
1398294439364,41708691896000,171538051000001,-3.643,-1.0,-35.108,0
1398294439372,41708701905000,171538051000001,-3.643,-1.0,-35.108,0
1398294439382,41708711885000,171538051000001,-3.643,-1.313,-35.108,0
1398294439392,41708721864000,171538051000001,-3.643,-1.313,-35.108,0
1398294439405,41708732209000,171538051000001,-3.643,-1.313,-35.108,0
1398294439421,41708742189000,171538051000001,-3.643,-1.313,-35.108,0
1398294439426,41708751924000,171538051000001,-3.643,-1.632,-35.108,0
1398294439432,41708761933000,171538051000001,-3.294,-1.632,-35.108,0
1398294439443,41708771974000,171538051000001,-3.294,-1.632,-35.108,0
1398294439453,41708782106000,171538051000001,-3.294,-1.632,-35.108,0
1398294439466,41708792634000,171538051000001,-3.294,-1.94,-35.108,0
1398294439477,41708806031000,171538051000001,-3.294,-1.94,-35.108,0
1398294439482,41708812013000,171538051000001,-3.294,-1.94,-35.108,0
1398294439495,41708823854000,171538051000001,-3.294,-1.94,-35.108,0
1398294439505,41708834321000,171538051000001,-3.294,-2.272,-35.108,0
1398294439513,41708843354000,171538051000001,-3.294,-2.272,-35.108,0
1398294439529,41708851991000,171538051000001,-3.294,-2.272,-35.108,0
1398294439536,41708862031000,171538051000001,-2.987,-2.272,-35.108,0
1398294439547,41708872041000,171538051000001,-2.987,-2.272,-35.108,0
1398294439552,41708882020000,171538051000001,-2.987,-2.272,-35.108,0
1398294439573,41708896974000,171538051000001,-2.987,-2.272,-35.108,0
1398294439575,41708902223000,171538051000001,-2.987,-2.272,-35.108,0
1398294439582,41708912049000,171538051000001,-2.987,-2.272,-35.108,0
1398294439592,41708922059000,171538051000001,-2.987,-2.272,-35.108,0
1398294439602,41708932069000,171538051000001,-2.987,-2.272,-35.108,0
1398294439612,41708942079000,171538051000001,-2.987,-2.272,-35.108,0
1398294439622,41708952058000,171538051000001,-3.355,-2.272,-35.108,0
1398294439632,41708962495000,171538051000001,-3.355,-2.272,-35.108,0
1398294439642,41708972077000,171538051000001,-3.355,-1.858,-35.108,0
1398294439654,41708983674000,171538051000001,-3.355,-1.858,-35.108,0
1398294439662,41708992158000,171538051000001,-3.7,-1.858,-35.108,0
1398294439672,41709002137000,171538051000001,-3.7,-1.858,-35.108,0
1398294439682,41709012147000,171538051000001,-3.7,-1.499,-35.108,0
1398294439692,41709022157000,171538051000001,-3.7,-1.499,-35.108,0
1398294439702,41709032167000,171538051000001,-3.7,-1.499,-35.108,0
1398294439712,41709042176000,171538051000001,-4.061,-1.499,-35.108,0
1398294439722,41709052186000,171538051000001,-4.061,-1.11,-35.108,0
1398294439732,41709062196000,171538051000001,-4.061,-1.11,-35.108,0
1398294439742,41709072206000,171538051000001,-4.061,-1.11,-35.108,0
1398294439752,41709082215000,171538051000001,-4.061,-1.11,-34.791,0
1398294439762,41709092225000,171538051000001,-4.37,-1.11,-34.791,0
1398294439774,41709102296000,171538051000001,-4.37,-1.11,-34.791,0
1398294439785,41709114686000,171538051000001,-4.37,-1.11,-34.791,0
1398294439796,41709125459000,171538051000001,-4.37,-1.11,-34.791,0
1398294439804,41709134431000,171538051000001,-4.37,-1.11,-34.791,0
1398294439815,41709145478000,171538051000001,-4.37,-1.11,-34.791,0
1398294439824,41709153901000,171538051000001,-4.37,-1.11,-34.791,0
1398294439837,41709166535000,171538051000001,-4.37,-1.11,-34.791,0
1398294439845,41709175233000,171538051000001,-4.37,-1.11,-34.791,0
1398294439859,41709188722000,171538051000001,-4.37,-1.11,-34.791,0
1398294439864,41709194306000,171538051000001,-4.37,-1.11,-34.791,0
1398294439880,41709209962000,171538051000001,-4.37,-1.11,-34.791,0
1398294439884,41709213502000,171538051000001,-4.37,-1.11,-34.791,0
1398294439895,41709224519000,171538051000001,-4.37,-1.11,-34.791,0
1398294439906,41709235414000,171538051000001,-4.679,-1.11,-34.791,0
1398294439913,41709242402000,171538051000001,-4.679,-1.11,-34.791,0
1398294439924,41709254182000,171538051000001,-4.679,-1.11,-34.791,0
1398294439933,41709262544000,171538051000001,-4.679,-1.11,-34.791,0
1398294439945,41709274140000,171538051000001,-4.679,-1.11,-34.791,0
1398294439953,41709282441000,171538051000001,-4.679,-1.11,-34.791,0
1398294439965,41709292939000,171538051000001,-4.679,-1.11,-34.791,0
1398294439973,41709302461000,171538051000001,-4.679,-1.11,-34.791,0
1398294439984,41709312623000,171538051000001,-4.679,-1.11,-34.791,0
1398294439996,41709324281000,171538051000001,-4.679,-1.11,-34.791,0
1398294440004,41709333528000,171538051000001,-4.679,-1.11,-34.791,0
1398294440015,41709344209000,171538051000001,-4.679,-1.11,-34.791,0
1398294440028,41709352540000,171538051000001,-4.679,-1.11,-34.791,0
1398294440035,41709362489000,171538051000001,-4.679,-1.11,-34.791,0
1398294440047,41709372499000,171538051000001,-4.679,-1.11,-34.791,0
1398294440053,41709382508000,171538051000001,-4.679,-1.11,-34.791,0
1398294440063,41709392488000,171538051000001,-4.679,-1.11,-34.791,0
1398294440073,41709402497000,171538051000001,-4.679,-1.11,-34.791,0
1398294440083,41709412538000,171538051000001,-4.679,-1.11,-34.791,0
1398294440094,41709422517000,171538051000001,-4.679,-1.11,-34.791,0
1398294440103,41709432557000,171538051000001,-4.367,-1.11,-34.791,0
1398294440113,41709442536000,171538051000001,-4.367,-1.11,-34.791,0
1398294440122,41709452546000,171538051000001,-4.367,-1.11,-34.791,0
1398294440133,41709463288000,171538051000001,-4.367,-1.11,-34.791,0
1398294440144,41709474031000,171538051000001,-4.367,-1.11,-34.791,0
1398294440159,41709488893000,171538051000001,-4.367,-1.11,-34.791,0
1398294440165,41709495301000,171538051000001,-4.367,-1.11,-34.791,0
1398294440189,41709513093000,171538051000001,-4.367,-1.11,-34.791,0
1398294440190,41709516572000,171538051000001,-4.367,-1.11,-34.791,0
1398294440197,41709524507000,171538051000001,-4.367,-1.11,-34.791,0
1398294440203,41709532685000,171538051000001,-4.696,-1.11,-34.791,0
1398294440216,41709542695000,171538051000001,-4.696,-1.11,-34.791,0
1398294440228,41709555635000,171538051000001,-4.696,-1.11,-34.791,0
1398294440233,41709562684000,171538051000001,-4.696,-1.11,-34.791,0
1398294440248,41709573396000,171538051000001,-4.696,-1.11,-34.791,0
1398294440255,41709585053000,171538051000001,-4.696,-1.11,-34.791,0
1398294440263,41709592713000,171538051000001,-4.696,-1.11,-34.791,0
1398294440274,41709603578000,171538051000001,-4.696,-1.11,-34.791,0
1398294440283,41709612763000,171538051000001,-4.696,-1.11,-34.791,0
1398294440301,41709622773000,171538051000001,-4.696,-1.11,-34.791,0
1398294440310,41709632752000,171538051000001,-4.696,-1.11,-34.791,0
1398294440320,41709642793000,171538051000001,-4.696,-1.11,-34.791,0
1398294440333,41709652772000,171538051000001,-4.696,-1.11,-34.791,0
1398294440336,41709663331000,171538051000001,-4.696,-1.11,-34.791,0
1398294440344,41709672792000,171538051000001,-4.696,-1.11,-34.791,0
1398294440353,41709682801000,171538051000001,-4.696,-1.11,-34.791,0
1398294440363,41709692781000,171538051000001,-4.696,-1.11,-34.791,0
1398294440375,41709704347000,171538051000001,-4.696,-1.449,-34.791,0
1398294440383,41709712861000,171538051000001,-4.696,-1.449,-34.791,0
1398294440394,41709722810000,171538051000001,-4.696,-1.449,-34.791,0
1398294440403,41709732820000,171538051000001,-4.376,-1.449,-34.791,0
1398294440413,41709743043000,171538051000001,-4.376,-1.449,-34.791,0
1398294440423,41709752870000,171538051000001,-4.376,-1.8,-34.791,0
1398294440433,41709762879000,171538051000001,-4.376,-1.8,-34.791,0
1398294440444,41709772859000,171538051000001,-4.376,-1.8,-34.791,0
1398294440453,41709782899000,171538051000001,-4.376,-1.8,-34.791,0
1398294440463,41709792909000,171538051000001,-4.376,-1.8,-34.791,0
1398294440473,41709802888000,171538051000001,-4.376,-1.8,-34.791,0
1398294440483,41709812898000,171538051000001,-4.376,-1.8,-34.791,0
1398294440493,41709822846000,171538051000001,-4.376,-1.8,-34.791,0
1398294440507,41709832917000,171538051000001,-4.376,-1.8,-34.791,0
1398294440515,41709842927000,171538051000001,-4.376,-1.8,-34.791,0
1398294440523,41709852906000,171538051000001,-4.376,-1.8,-34.791,0
1398294440533,41709862947000,171538051000001,-4.376,-2.114,-34.791,0
1398294440543,41709872926000,171538051000001,-4.376,-2.114,-34.791,0
1398294440554,41709884492000,171538051000001,-4.376,-2.114,-34.791,0
1398294440563,41709893006000,171538051000001,-4.376,-2.114,-34.791,0
1398294440573,41709902955000,171538051000001,-4.376,-2.114,-34.791,0
1398294440584,41709912965000,171538051000001,-4.376,-2.114,-34.791,0
1398294440593,41709923005000,171538051000001,-4.376,-2.114,-34.791,0
1398294440603,41709932984000,171538051000001,-4.376,-2.114,-34.791,0
1398294440613,41709943025000,171538051000001,-4.376,-2.114,-34.791,0
1398294440623,41709953034000,171538051000001,-4.376,-2.114,-34.791,0
1398294440633,41709963044000,171538051000001,-4.376,-2.114,-34.791,0
1398294440643,41709973054000,171538051000001,-4.376,-2.42,-34.791,0
1398294440653,41709983064000,171538051000001,-4.376,-2.42,-34.791,0
1398294440663,41709993074000,171538051000001,-4.376,-2.42,-34.791,0
1398294440673,41710003083000,171538051000001,-4.01,-2.42,-34.791,0
1398294440689,41710013124000,171538051000001,-4.01,-2.42,-34.791,0
1398294440697,41710023164000,171538051000001,-4.01,-2.42,-34.791,0
1398294440703,41710033143000,171538051000001,-4.01,-2.42,-34.791,0
1398294440713,41710043122000,171538051000001,-4.01,-2.42,-34.791,0
1398294440723,41710053132000,171538051000001,-3.684,-2.42,-34.791,0
1398294440735,41710064698000,171538051000001,-3.684,-2.42,-34.791,0
1398294440743,41710073213000,171538051000001,-3.684,-2.42,-34.791,0
1398294440753,41710083161000,171538051000001,-3.684,-2.42,-34.791,0
1398294440763,41710093202000,171538051000001,-3.684,-2.42,-34.791,0
1398294440773,41710103181000,171538051000001,-3.684,-2.42,-34.791,0
1398294440783,41710113191000,171538051000001,-3.684,-2.42,-34.791,0
1398294440795,41710124726000,171538051000001,-3.684,-2.42,-34.791,0
1398294440803,41710133180000,171538051000001,-3.684,-2.42,-34.791,0
1398294440813,41710143189000,171538051000001,-3.684,-2.42,-34.791,0
1398294440823,41710153382000,171538051000001,-3.684,-2.42,-34.791,0
1398294440833,41710163209000,171538051000001,-3.684,-2.42,-34.791,0
1398294440843,41710173219000,171538051000001,-3.684,-2.42,-34.791,0
1398294440853,41710183229000,171538051000001,-3.684,-2.42,-34.791,0
1398294440864,41710193238000,171538051000001,-3.684,-2.42,-34.791,0
1398294440873,41710203248000,171538051000001,-3.684,-2.42,-34.791,0
1398294440883,41710213258000,171538051000001,-3.684,-2.42,-34.791,0
1398294440893,41710223268000,171538051000001,-3.684,-2.117,-34.791,0
1398294440903,41710233277000,171538051000001,-3.684,-2.117,-34.791,0
1398294440915,41710244844000,171538051000001,-3.684,-2.117,-34.791,0
1398294440923,41710253358000,171538051000001,-3.684,-2.117,-34.791,0
1398294440933,41710263307000,171538051000001,-3.684,-2.117,-34.791,0
1398294440943,41710273316000,171538051000001,-3.684,-2.117,-34.791,0
1398294440953,41710283326000,171538051000001,-3.684,-2.117,-34.791,0
1398294440963,41710293336000,171538051000001,-3.684,-2.117,-34.791,0
1398294440973,41710303346000,171538051000001,-3.684,-2.117,-34.791,0
1398294440985,41710314393000,171538051000001,-3.684,-1.783,-34.791,0
1398294440996,41710325990000,171538051000001,-3.684,-1.783,-34.791,0
1398294441007,41710337098000,171538051000001,-3.684,-1.783,-34.791,0
1398294441017,41710347108000,171538051000001,-3.684,-1.783,-34.791,0
1398294441027,41710357240000,171538051000001,-3.684,-1.783,-34.791,0
1398294441037,41710367280000,171538051000001,-3.684,-1.783,-34.791,0
1398294441047,41710377076000,171538051000001,-3.684,-1.445,-34.791,0
1398294441057,41710387116000,171538051000001,-4.005,-1.445,-34.791,0
1398294441069,41710399262000,171538051000001,-4.005,-1.445,-34.791,0
1398294441076,41710406007000,171538051000001,-4.005,-1.445,-34.791,0
1398294441087,41710416963000,171538051000001,-4.005,-1.445,-34.791,0
1398294441096,41710426057000,171538051000001,-4.005,-1.445,-34.791,0
1398294441110,41710439271000,171538051000001,-4.005,-1.445,-34.791,0
1398294441116,41710445710000,171538051000001,-4.005,-1.445,-34.791,0
1398294441128,41710457551000,171538051000001,-4.005,-1.445,-34.791,0
1398294441137,41710467286000,171538051000001,-4.327,-1.121,-34.791,0
1398294441149,41710478486000,171538051000001,-4.327,-1.121,-34.791,0
1398294441156,41710486116000,171538051000001,-4.327,-1.121,-34.791,0
1398294441167,41710497132000,171538051000001,-4.327,-1.121,-34.791,0
1398294441178,41710507569000,171538051000001,-4.327,-1.121,-34.791,0
1398294441188,41710517671000,171538051000001,-4.327,-1.121,-34.791,0
1398294441194,41710523652000,171538051000001,-4.327,-1.121,-34.791,0
1398294441204,41710533631000,171538051000001,-4.327,-1.121,-34.791,0
1398294441214,41710543641000,171538051000001,-4.652,-1.121,-34.791,0
1398294441224,41710553651000,171538051000001,-4.652,-1.121,-34.791,0
1398294441234,41710563661000,171538051000001,-4.652,-1.121,-34.791,0
1398294441244,41710573670000,171538051000001,-4.652,-1.121,-34.791,0
1398294441254,41710583680000,171538051000001,-4.652,-1.121,-34.791,0
1398294441264,41710593904000,171538051000001,-4.652,-1.121,-34.791,0
1398294441275,41710605287000,171538051000001,-4.652,-1.121,-34.791,0
1398294441284,41710613771000,171538051000001,-4.652,-1.121,-34.791,0
1398294441295,41710624879000,171538051000001,-4.652,-1.121,-34.791,0
1398294441308,41710637788000,171538051000001,-4.652,-1.121,-34.791,0
1398294441322,41710648072000,171538051000001,-4.652,-1.121,-34.791,0
1398294441324,41710653749000,171538051000001,-4.652,-1.121,-34.791,0
1398294441338,41710663789000,171538051000001,-4.652,-1.121,-34.791,0
1398294441350,41710673799000,171538051000001,-4.652,-1.121,-34.791,0
1398294441364,41710683991000,171538051000001,-4.652,-1.121,-34.791,0
1398294441366,41710693849000,171538051000001,-4.652,-1.121,-34.791,0
1398294441391,41710703828000,171538051000001,-4.652,-1.121,-34.791,0
1398294441393,41710713838000,171538051000001,-4.652,-1.121,-34.791,0
1398294441415,41710724702000,171538051000001,-4.652,-1.121,-34.791,0
1398294441417,41710739900000,171538051000001,-4.652,-1.121,-34.791,0
1398294441418,41710744172000,171538051000001,-4.995,-1.121,-34.791,0
1398294441427,41710753877000,171538051000001,-4.995,-1.121,-34.791,0
1398294441434,41710763887000,171538051000001,-4.995,-1.121,-34.791,0
1398294441444,41710773866000,171538051000001,-4.995,-1.121,-34.791,0
1398294441456,41710785432000,171538051000001,-4.995,-1.121,-34.791,0
1398294441466,41710795381000,171538051000001,-5.332,-1.121,-34.791,0
1398294441475,41710804719000,171538051000001,-5.332,-1.121,-34.49,0
1398294441488,41710817720000,171538051000001,-5.332,-1.121,-34.49,0
1398294441495,41710824525000,171538051000001,-5.332,-1.121,-34.49,0
1398294441507,41710836579000,171538051000001,-5.332,-1.121,-34.49,0
1398294441514,41710843934000,171538051000001,-5.332,-1.121,-34.49,0
1398294441528,41710857545000,171538051000001,-5.332,-1.121,-34.49,0
1398294441538,41710868165000,171538051000001,-5.332,-1.121,-34.49,0
1398294441551,41710876802000,171538051000001,-5.332,-1.121,-34.49,0
1398294441563,41710883973000,171538051000001,-5.332,-1.121,-34.49,0
1398294441565,41710893983000,171538051000001,-5.332,-1.121,-34.49,0
1398294441581,41710904450000,171538051000001,-5.332,-1.121,-34.49,0
1398294441596,41710914002000,171538051000001,-5.332,-1.121,-34.49,0
1398294441598,41710924012000,171538051000001,-5.332,-1.121,-34.49,0
1398294441604,41710934022000,171538051000001,-5.332,-1.121,-34.49,0
1398294441626,41710944032000,171538051000001,-5.332,-1.121,-34.49,0
1398294441629,41710954072000,171538051000001,-5.332,-1.121,-34.49,0
1398294441636,41710965638000,171538051000001,-5.332,-1.121,-34.49,0
1398294441645,41710974122000,171538051000001,-5.332,-1.121,-34.49,0
1398294441654,41710984071000,171538051000001,-5.332,-1.121,-34.49,0
1398294441664,41710994081000,171538051000001,-5.332,-1.121,-34.49,0
1398294441674,41711004090000,171538051000001,-5.332,-1.121,-34.49,0
1398294441684,41711014100000,171538051000001,-5.332,-1.121,-34.49,0
1398294441694,41711024110000,171538051000001,-5.332,-1.121,-34.49,0
1398294441704,41711034303000,171538051000001,-5.332,-1.121,-34.49,0
1398294441714,41711044129000,171538051000001,-5.332,-1.121,-34.49,0
1398294441724,41711054170000,171538051000001,-5.332,-1.121,-34.49,0
1398294441734,41711064149000,171538051000001,-5.332,-1.121,-34.49,0
1398294441744,41711074159000,171538051000001,-5.332,-1.121,-34.49,0
1398294441754,41711084168000,171538051000001,-5.332,-1.121,-34.49,0
1398294441764,41711094148000,171538051000001,-5.332,-1.121,-34.49,0
1398294441774,41711104188000,171538051000001,-5.332,-1.121,-34.49,0
1398294441784,41711114198000,171538051000001,-4.995,-1.121,-34.49,0
1398294441794,41711124208000,171538051000001,-4.995,-1.121,-34.49,0
1398294441804,41711134217000,171538051000001,-4.66,-1.121,-34.49,0
1398294441816,41711145783000,171538051000001,-4.116,-1.473,-34.49,0
1398294441824,41711154267000,171538051000001,-4.116,-1.473,-34.49,0
1398294441834,41711164247000,171538051000001,-3.726,-1.473,-34.49,0
1398294441845,41711174653000,171538051000001,-3.726,-1.473,-34.49,0
1398294441863,41711188539000,171538051000001,-3.726,-1.829,-34.828,0
1398294441865,41711194245000,171538051000001,-3.726,-1.829,-34.828,0
1398294441878,41711204255000,171538051000001,-3.726,-1.829,-34.828,0
1398294441896,41711218476000,171538051000001,-3.726,-1.829,-34.828,0
1398294441897,41711224305000,171538051000001,-3.3,-2.18,-35.156,0
1398294441917,41711234803000,171538051000001,-3.3,-2.18,-35.156,0
1398294441918,41711244294000,171538051000001,-3.3,-2.18,-35.156,0
1398294441928,41711254304000,171538051000001,-2.923,-2.18,-35.156,0
1398294441935,41711264344000,171538051000001,-2.923,-2.18,-35.156,0
1398294441946,41711274781000,171538051000001,-2.923,-2.18,-35.156,0
1398294441957,41711286073000,171538051000001,-2.923,-2.497,-35.458,0
1398294441969,41711298677000,171538051000001,-2.923,-2.497,-35.458,0
1398294441975,41711304780000,171538051000001,-2.923,-2.497,-35.458,0
1398294441990,41711314424000,171538051000001,-2.923,-2.497,-35.458,0
1398294441998,41711326295000,171538051000001,-2.923,-2.497,-35.458,0
1398294442010,41711334443000,171538051000001,-2.923,-2.497,-35.458,0
1398294442014,41711344453000,171538051000001,-2.923,-2.497,-35.458,0
1398294442029,41711354615000,171538051000001,-2.923,-2.497,-35.458,0
1398294442035,41711364442000,171538051000001,-2.923,-2.497,-35.458,0
1398294442044,41711374421000,171538051000001,-2.923,-2.497,-35.458,0
1398294442056,41711384431000,171538051000001,-2.923,-2.192,-35.458,0
1398294442065,41711394471000,171538051000001,-2.923,-2.192,-35.458,0
1398294442074,41711404481000,171538051000001,-3.262,-2.192,-35.458,0
1398294442086,41711414460000,171538051000001,-3.262,-2.192,-35.458,0
1398294442094,41711424470000,171538051000001,-3.262,-2.192,-35.458,0
1398294442108,41711438264000,171538051000001,-3.262,-2.192,-35.458,0
1398294442120,41711449525000,171538051000001,-3.582,-2.192,-35.458,0
1398294442128,41711458070000,171538051000001,-3.582,-2.192,-35.147,0
1398294442139,41711469087000,171538051000001,-3.582,-2.192,-35.147,0
1398294442149,41711478852000,171538051000001,-3.582,-2.192,-35.147,0
1398294442159,41711488740000,171538051000001,-4.011,-2.192,-35.147,0
1398294442166,41711496125000,171538051000001,-4.011,-2.192,-35.147,0
1398294442180,41711510102000,171538051000001,-4.389,-2.192,-34.773,0
1398294442188,41711518098000,171538051000001,-4.389,-2.192,-34.773,0
1398294442197,41711526673000,171538051000001,-4.692,-2.192,-34.773,0
1398294442211,41711540925000,171538051000001,-5.079,-2.192,-34.773,0
1398294442217,41711547364000,171538051000001,-5.398,-2.192,-34.471,0
1398294442227,41711557008000,171538051000001,-5.815,-2.192,-34.471,0
1398294442241,41711571382000,171538051000001,-5.815,-2.192,-34.471,0
1398294442246,41711576600000,171538051000001,-5.815,-2.192,-34.471,0
1398294442261,41711590943000,171538051000001,-5.815,-2.192,-34.164,0
1398294442267,41711597352000,171538051000001,-5.815,-2.497,-34.164,0
1398294442280,41711606233000,171538051000001,-5.815,-2.497,-34.164,0
1398294442296,41711618409000,171538051000001,-5.815,-2.497,-34.164,0
1398294442297,41711624665000,171538051000001,-6.158,-2.497,-34.164,0
1398294442313,41711635408000,171538051000001,-6.158,-2.87,-34.164,0
1398294442315,41711644715000,171538051000001,-6.158,-2.87,-34.164,0
1398294442336,41711654725000,171538051000001,-6.158,-2.87,-34.164,0
1398294442341,41711667024000,171538051000001,-6.158,-2.87,-33.857,0
1398294442348,41711674775000,171538051000001,-6.158,-2.87,-33.857,0
1398294442361,41711686860000,171538051000001,-6.158,-3.192,-33.857,0
1398294442365,41711694795000,171538051000001,-6.481,-3.192,-33.857,0
1398294442380,41711704743000,171538051000001,-6.481,-3.192,-33.857,0
1398294442389,41711714784000,171538051000001,-6.481,-3.192,-33.857,0
1398294442397,41711724763000,171538051000001,-6.481,-3.192,-33.857,0
1398294442406,41711734803000,171538051000001,-6.481,-3.192,-33.857,0
1398294442415,41711744783000,171538051000001,-6.481,-3.192,-33.857,0
1398294442425,41711754762000,171538051000001,-6.481,-3.192,-33.857,0
1398294442435,41711764802000,171538051000001,-6.481,-3.192,-33.857,0
1398294442445,41711774781000,171538051000001,-6.481,-3.192,-33.857,0
1398294442457,41711784822000,171538051000001,-6.481,-3.192,-33.857,0
1398294442465,41711794831000,171538051000001,-6.481,-3.192,-33.857,0
1398294442475,41711804811000,171538051000001,-6.481,-3.192,-33.857,0
1398294442485,41711814820000,171538051000001,-6.481,-2.874,-33.857,0
1398294442495,41711824830000,171538051000001,-6.481,-2.874,-33.857,0
1398294442505,41711834840000,171538051000001,-6.481,-2.874,-33.857,0
1398294442515,41711844850000,171538051000001,-6.481,-2.572,-33.857,0
1398294442525,41711854859000,171538051000001,-6.481,-2.572,-33.857,0
1398294442536,41711866426000,171538051000001,-6.481,-2.572,-33.857,0
1398294442545,41711874909000,171538051000001,-6.481,-2.261,-33.857,0
1398294442556,41711884919000,171538051000001,-6.175,-2.261,-33.857,0
1398294442565,41711894898000,171538051000001,-6.175,-2.261,-33.857,0
1398294442575,41711904939000,171538051000001,-6.175,-2.261,-33.857,0
1398294442586,41711914918000,171538051000001,-6.175,-1.896,-33.857,0
1398294442595,41711924958000,171538051000001,-6.175,-1.896,-33.857,0
1398294442605,41711934968000,171538051000001,-6.175,-1.896,-33.857,0
1398294442615,41711944947000,171538051000001,-6.175,-1.896,-33.857,0
1398294442625,41711954957000,171538051000001,-5.824,-1.896,-33.857,0
1398294442638,41711967927000,171538051000001,-5.824,-1.896,-33.857,0
1398294442650,41711974946000,171538051000001,-5.824,-1.896,-34.181,0
1398294442663,41711984986000,171538051000001,-5.824,-1.527,-34.181,0
1398294442665,41711994996000,171538051000001,-5.824,-1.527,-34.181,0
1398294442675,41712004975000,171538051000001,-5.824,-1.527,-34.181,0
1398294442685,41712015016000,171538051000001,-5.824,-1.527,-34.181,0
1398294442695,41712025025000,171538051000001,-5.824,-1.527,-34.181,0
1398294442705,41712035035000,171538051000001,-5.824,-1.527,-34.181,0
1398294442716,41712046571000,171538051000001,-5.824,-1.527,-34.181,0
1398294442725,41712055055000,171538051000001,-5.824,-1.527,-34.181,0
1398294442735,41712065034000,171538051000001,-5.824,-1.527,-34.181,0
1398294442745,41712075044000,171538051000001,-5.456,-1.527,-34.181,0
1398294442755,41712085053000,171538051000001,-5.456,-1.527,-34.181,0
1398294442765,41712095033000,171538051000001,-5.456,-1.527,-34.181,0
1398294442775,41712105073000,171538051000001,-5.456,-1.527,-34.181,0
1398294442785,41712115083000,171538051000001,-5.125,-1.527,-34.181,0
1398294442796,41712125123000,171538051000001,-5.125,-1.527,-34.181,0
1398294442807,41712135133000,171538051000001,-5.125,-1.527,-34.181,0
1398294442815,41712145112000,171538051000001,-5.125,-1.527,-34.181,0
1398294442840,41712155152000,171538051000001,-5.125,-1.527,-34.181,0
1398294442844,41712165162000,171538051000001,-5.125,-1.527,-34.181,0
1398294442847,41712175172000,171538051000001,-5.125,-1.527,-34.181,0
1398294442855,41712185182000,171538051000001,-5.125,-1.527,-34.181,0
1398294442865,41712195161000,171538051000001,-5.125,-1.527,-34.181,0
1398294442876,41712205201000,171538051000001,-5.125,-1.527,-34.181,0
1398294442885,41712215180000,171538051000001,-5.125,-1.527,-34.181,0
1398294442897,41712226747000,171538051000001,-5.125,-1.527,-34.181,0
1398294442906,41712235261000,171538051000001,-5.125,-1.527,-34.181,0
1398294442915,41712245210000,171538051000001,-5.125,-1.527,-34.181,0
1398294442926,41712255220000,171538051000001,-5.125,-1.527,-34.181,0
1398294442935,41712265229000,171538051000001,-5.125,-1.527,-34.181,0
1398294442950,41712280152000,171538051000001,-5.125,-1.527,-34.181,0
1398294442955,41712285218000,171538051000001,-5.125,-1.852,-34.181,0
1398294442966,41712295289000,171538051000001,-5.125,-1.852,-34.181,0
1398294442975,41712305299000,171538051000001,-5.125,-1.852,-34.181,0
1398294442985,41712315278000,171538051000001,-5.125,-1.852,-34.181,0
1398294442999,41712325318000,171538051000001,-5.125,-1.852,-34.181,0
1398294443012,41712335298000,171538051000001,-5.125,-1.852,-34.181,0
1398294443015,41712345338000,171538051000001,-5.125,-1.852,-34.181,0
1398294443025,41712355348000,171538051000001,-5.125,-1.852,-34.181,0
1398294443036,41712365357000,171538051000001,-5.125,-1.852,-34.181,0
1398294443045,41712375520000,171538051000001,-5.125,-1.852,-34.181,0
1398294443055,41712385408000,171538051000001,-5.427,-1.852,-34.181,0
1398294443065,41712395387000,171538051000001,-5.427,-1.852,-34.181,0
1398294443077,41712406953000,171538051000001,-5.427,-1.852,-34.181,0
1398294443086,41712415467000,171538051000001,-5.427,-1.852,-34.181,0
1398294443095,41712425416000,171538051000001,-5.427,-1.852,-34.181,0
1398294443105,41712435426000,171538051000001,-5.427,-1.852,-34.181,0
1398294443115,41712445436000,171538051000001,-5.427,-1.852,-34.181,0
1398294443125,41712455445000,171538051000001,-5.427,-1.852,-34.181,0
1398294443135,41712465455000,171538051000001,-5.427,-1.852,-34.181,0
1398294443146,41712475465000,171538051000001,-5.427,-1.852,-34.181,0
1398294443156,41712485475000,171538051000001,-5.752,-1.852,-34.181,0
1398294443166,41712495484000,171538051000001,-5.752,-1.852,-34.181,0
1398294443175,41712505464000,171538051000001,-5.752,-1.852,-34.181,0
1398294443185,41712515473000,171538051000001,-5.752,-1.852,-34.181,0
1398294443195,41712525483000,171538051000001,-5.752,-1.852,-34.181,0
1398294443205,41712535462000,171538051000001,-5.752,-1.852,-34.181,0
1398294443215,41712545503000,171538051000001,-5.752,-1.852,-34.181,0
1398294443225,41712555512000,171538051000001,-5.752,-1.852,-34.181,0
1398294443235,41712565522000,171538051000001,-5.752,-1.852,-34.181,0
1398294443245,41712575532000,171538051000001,-5.432,-1.852,-34.181,0
1398294443258,41712587953000,171538051000001,-5.432,-1.852,-34.181,0
1398294443265,41712595582000,171538051000001,-5.432,-1.852,-34.181,0
1398294443275,41712605561000,171538051000001,-5.432,-1.852,-34.181,0
1398294443285,41712615571000,171538051000001,-5.432,-1.852,-34.181,0
1398294443295,41712625581000,171538051000001,-5.123,-1.852,-34.181,0
1398294443305,41712635591000,171538051000001,-5.123,-1.852,-34.181,0
1398294443315,41712645600000,171538051000001,-5.123,-1.852,-34.181,0
1398294443326,41712655610000,171538051000001,-5.123,-1.852,-34.181,0
1398294443335,41712665620000,171538051000001,-5.123,-1.852,-34.181,0
1398294443345,41712675630000,171538051000001,-5.123,-1.852,-34.181,0
1398294443355,41712685639000,171538051000001,-4.806,-1.852,-34.181,0
1398294443365,41712695649000,171538051000001,-4.806,-1.852,-34.181,0
1398294443376,41712705659000,171538051000001,-4.806,-1.852,-34.181,0
1398294443385,41712715669000,171538051000001,-4.806,-1.852,-34.181,0
1398294443395,41712725678000,171538051000001,-4.806,-1.852,-34.181,0
1398294443405,41712735688000,171538051000001,-4.806,-1.852,-34.181,0
1398294443415,41712745698000,171538051000001,-4.806,-1.852,-34.181,0
1398294443426,41712755738000,171538051000001,-4.806,-1.852,-34.181,0
1398294443438,41712767304000,171538051000001,-4.806,-1.852,-34.181,0
1398294443446,41712775819000,171538051000001,-4.806,-1.852,-34.181,0
1398294443456,41712785768000,171538051000001,-4.806,-1.852,-34.181,0
1398294443466,41712795747000,171538051000001,-4.806,-1.852,-34.181,0
1398294443479,41712808595000,171538051000001,-4.806,-1.852,-34.181,0
1398294443491,41712820466000,171538051000001,-4.806,-1.852,-34.181,0
1398294443498,41712828126000,171538051000001,-4.806,-1.852,-34.181,0
1398294443506,41712835847000,171538051000001,-4.806,-1.852,-34.181,0
1398294443516,41712845826000,171538051000001,-4.806,-1.852,-34.181,0
1398294443526,41712855866000,171538051000001,-4.806,-1.852,-34.181,0
1398294443536,41712865876000,171538051000001,-4.806,-1.852,-34.181,0
1398294443546,41712875855000,171538051000001,-4.806,-1.852,-34.181,0
1398294443556,41712885896000,171538051000001,-4.806,-1.852,-34.181,0
1398294443566,41712895875000,171538051000001,-4.806,-1.852,-34.181,0
1398294443577,41712907014000,171538051000001,-4.806,-1.852,-34.181,0
1398294443586,41712915895000,171538051000001,-4.806,-1.852,-34.181,0
1398294443596,41712925904000,171538051000001,-4.806,-1.852,-34.181,0
1398294443613,41712942750000,171538051000001,-4.806,-1.852,-34.181,0
1398294443619,41712948884000,171538051000001,-4.806,-1.852,-34.181,0
1398294443632,41712960206000,171538051000001,-4.806,-1.852,-34.181,0
1398294443637,41712967286000,171538051000001,-4.806,-1.852,-34.181,0
1398294443651,41712980928000,171538051000001,-4.806,-1.852,-34.181,0
1398294443658,41712988343000,171538051000001,-4.806,-1.852,-34.181,0
1398294443671,41713001161000,171538051000001,-4.806,-1.852,-34.181,0
1398294443679,41713008729000,171538051000001,-4.806,-1.852,-34.181,0
1398294443691,41713020570000,171538051000001,-4.806,-1.852,-34.181,0
1398294443700,41713030030000,171538051000001,-4.806,-1.852,-34.181,0
1398294443711,41713041322000,171538051000001,-4.806,-1.852,-34.181,0
1398294443720,41713049897000,171538051000001,-4.806,-1.852,-34.492,0
1398294443730,41713059907000,171538051000001,-4.806,-1.852,-34.492,0
1398294443740,41713069703000,171538051000001,-4.806,-1.852,-34.492,0
1398294443752,41713081910000,171538051000001,-4.806,-1.852,-34.492,0
1398294443759,41713088655000,171538051000001,-4.806,-1.852,-34.492,0
1398294443776,41713100740000,171538051000001,-4.806,-1.852,-34.492,0
1398294443778,41713106111000,171538051000001,-4.806,-1.852,-34.492,0
1398294443786,41713116120000,171538051000001,-4.806,-1.852,-34.492,0
1398294443798,41713127687000,171538051000001,-4.806,-1.852,-34.492,0
1398294443806,41713136170000,171538051000001,-4.806,-1.852,-34.492,0
1398294443819,41713146150000,171538051000001,-4.806,-1.852,-34.492,0
1398294443826,41713156190000,171538051000001,-4.806,-1.852,-34.492,0
1398294443837,41713166200000,171538051000001,-4.806,-1.852,-34.492,0
1398294443846,41713176210000,171538051000001,-4.806,-1.852,-34.492,0
1398294443856,41713186189000,171538051000001,-4.806,-1.852,-34.492,0
1398294443876,41713201112000,171538051000001,-4.806,-1.852,-34.492,0
1398294443878,41713206208000,171538051000001,-5.143,-1.852,-34.492,0
1398294443887,41713216218000,171538051000001,-5.143,-1.519,-34.492,0
1398294443901,41713226228000,171538051000001,-5.143,-1.519,-34.492,0
1398294443910,41713236573000,171538051000001,-5.143,-1.519,-34.492,0
1398294443918,41713246247000,171538051000001,-5.143,-1.519,-34.492,0
1398294443926,41713256227000,171538051000001,-5.143,-1.519,-34.492,0
1398294443936,41713266236000,171538051000001,-5.143,-1.519,-34.492,0
1398294443946,41713276246000,171538051000001,-5.502,-1.519,-34.492,0
1398294443956,41713286256000,171538051000001,-5.502,-1.519,-34.492,0
1398294443966,41713296266000,171538051000001,-5.502,-1.519,-34.492,0
1398294443978,41713307801000,171538051000001,-5.502,-1.519,-34.492,0
1398294443986,41713316316000,171538051000001,-5.502,-1.519,-34.492,0
1398294443996,41713326295000,171538051000001,-5.502,-1.519,-34.492,0
1398294444006,41713336305000,171538051000001,-5.86,-1.519,-34.492,0
1398294444016,41713346314000,171538051000001,-5.86,-1.519,-34.492,0
1398294444026,41713356294000,171538051000001,-5.86,-1.519,-34.492,0
1398294444036,41713366334000,171538051000001,-5.86,-1.519,-34.492,0
1398294444046,41713376344000,171538051000001,-5.86,-1.519,-34.492,0
1398294444056,41713386354000,171538051000001,-5.86,-1.519,-34.492,0
1398294444066,41713396333000,171538051000001,-5.86,-1.519,-34.492,0
1398294444076,41713406373000,171538051000001,-5.86,-1.519,-34.492,0
1398294444086,41713416383000,171538051000001,-5.86,-1.519,-34.492,0
1398294444100,41713426393000,171538051000001,-5.86,-1.519,-34.176,0
1398294444108,41713436402000,171538051000001,-5.86,-1.519,-34.176,0
1398294444117,41713446412000,171538051000001,-5.86,-1.519,-34.176,0
1398294444127,41713456452000,171538051000001,-5.86,-1.519,-34.176,0
1398294444146,41713466432000,171538051000001,-5.86,-1.519,-34.176,0
1398294444148,41713476441000,171538051000001,-5.86,-1.519,-34.176,0
1398294444158,41713488038000,171538051000001,-5.86,-1.519,-34.176,0
1398294444167,41713496491000,171538051000001,-5.86,-1.519,-34.176,0
1398294444177,41713506471000,171538051000001,-5.86,-1.519,-34.176,0
1398294444187,41713516511000,171538051000001,-5.86,-1.519,-34.176,0
1398294444196,41713526490000,171538051000001,-5.522,-1.519,-34.176,0
1398294444207,41713536470000,171538051000001,-5.522,-1.519,-34.176,0
1398294444216,41713546479000,171538051000001,-5.522,-1.519,-34.176,0
1398294444226,41713556489000,171538051000001,-5.522,-1.519,-34.176,0
1398294444236,41713566499000,171538051000001,-5.522,-1.519,-34.176,0
1398294444247,41713576539000,171538051000001,-5.522,-1.82,-34.176,0
1398294444257,41713586549000,171538051000001,-5.522,-1.82,-34.176,0
1398294444271,41713596528000,171538051000001,-5.522,-1.82,-34.176,0
1398294444277,41713606568000,171538051000001,-5.522,-1.82,-34.176,0
1398294444287,41713616639000,171538051000001,-5.522,-1.82,-34.176,0
1398294444297,41713626710000,171538051000001,-5.522,-1.82,-34.176,0
1398294444307,41713636628000,171538051000001,-5.522,-1.82,-34.176,0
1398294444317,41713646638000,171538051000001,-5.522,-1.82,-34.176,0
1398294444327,41713656648000,171538051000001,-5.522,-1.82,-34.176,0
1398294444338,41713668214000,171538051000001,-5.522,-1.82,-34.176,0
1398294444347,41713676728000,171538051000001,-5.522,-1.82,-34.176,0
1398294444357,41713686677000,171538051000001,-5.522,-1.82,-34.176,0
1398294444367,41713696687000,171538051000001,-5.522,-1.82,-34.176,0
1398294444377,41713706849000,171538051000001,-5.522,-1.82,-34.176,0
1398294444387,41713716676000,171538051000001,-5.522,-1.82,-34.176,0
1398294444396,41713726686000,171538051000001,-5.522,-1.82,-34.176,0
1398294444407,41713736726000,171538051000001,-5.522,-1.82,-34.176,0
1398294444422,41713746766000,171538051000001,-5.522,-1.82,-34.176,0
1398294444427,41713756776000,171538051000001,-5.522,-1.82,-34.176,0
1398294444437,41713766755000,171538051000001,-5.522,-1.82,-34.176,0
1398294444447,41713776765000,171538051000001,-5.522,-1.82,-34.176,0
1398294444457,41713786744000,171538051000001,-5.522,-1.82,-34.176,0
1398294444467,41713796784000,171538051000001,-5.522,-1.82,-34.176,0
1398294444477,41713806764000,171538051000001,-5.522,-1.82,-34.176,0
1398294444487,41713816773000,171538051000001,-5.522,-1.82,-34.176,0
1398294444497,41713826783000,171538051000001,-5.522,-1.82,-34.176,0
1398294444507,41713836976000,171538051000001,-5.522,-1.82,-34.176,0
1398294444518,41713848329000,171538051000001,-5.522,-1.82,-34.176,0
1398294444527,41713856813000,171538051000001,-5.522,-1.82,-34.176,0
1398294444538,41713866792000,171538051000001,-5.522,-1.82,-34.176,0
1398294444547,41713876893000,171538051000001,-5.522,-1.82,-34.176,0
1398294444557,41713886872000,171538051000001,-5.522,-1.82,-34.176,0
1398294444567,41713896852000,171538051000001,-5.522,-1.82,-34.176,0
1398294444577,41713906922000,171538051000001,-5.522,-1.82,-34.176,0
1398294444587,41713916902000,171538051000001,-5.522,-1.82,-34.176,0
1398294444597,41713926911000,171538051000001,-5.522,-1.82,-34.176,0
1398294444607,41713936891000,171538051000001,-5.522,-1.82,-34.176,0
1398294444617,41713946931000,171538051000001,-5.522,-1.82,-34.176,0
1398294444627,41713956941000,171538051000001,-5.522,-1.82,-34.176,0
1398294444637,41713966950000,171538051000001,-5.522,-1.82,-34.176,0
1398294444647,41713976930000,171538051000001,-5.522,-1.82,-34.176,0
1398294444657,41713986970000,171538051000001,-5.522,-1.82,-34.176,0
1398294444667,41713996949000,171538051000001,-5.522,-1.82,-34.176,0
1398294444677,41714006959000,171538051000001,-5.522,-1.82,-34.176,0
1398294444687,41714016969000,171538051000001,-5.522,-1.82,-34.176,0
1398294444699,41714028535000,171538051000001,-5.522,-1.82,-34.176,0
1398294444707,41714037080000,171538051000001,-5.522,-1.82,-34.176,0
1398294444717,41714047029000,171538051000001,-5.522,-1.82,-34.176,0
1398294444727,41714057008000,171538051000001,-5.522,-1.82,-34.176,0
1398294444737,41714067018000,171538051000001,-5.522,-1.82,-34.176,0
1398294444747,41714077027000,171538051000001,-5.522,-1.82,-34.487,0
1398294444757,41714087037000,171538051000001,-5.522,-1.82,-34.487,0
1398294444767,41714097047000,171538051000001,-5.522,-1.82,-34.487,0
1398294444777,41714107087000,171538051000001,-5.522,-1.82,-34.487,0
1398294444791,41714121675000,171538051000001,-5.522,-1.82,-34.487,0
1398294444797,41714127107000,171538051000001,-5.522,-1.82,-34.487,0
1398294444807,41714137055000,171538051000001,-5.522,-2.125,-34.487,0
1398294444817,41714147248000,171538051000001,-5.522,-2.125,-34.487,0
1398294444827,41714157075000,171538051000001,-5.522,-2.125,-34.487,0
1398294444838,41714167604000,171538051000001,-5.218,-2.125,-34.487,0
1398294444854,41714183473000,171538051000001,-5.218,-2.125,-34.487,0
1398294444859,41714188813000,171538051000001,-5.218,-2.125,-34.487,0
1398294444872,41714202394000,171538051000001,-5.218,-2.125,-34.487,0
1398294444881,41714210359000,171538051000001,-5.218,-2.125,-34.487,0
1398294444893,41714222779000,171538051000001,-5.218,-2.125,-34.487,0
1398294444898,41714228395000,171538051000001,-5.218,-2.125,-34.487,0
1398294444913,41714242860000,171538051000001,-5.218,-2.125,-34.487,0
1398294444920,41714249757000,171538051000001,-5.218,-2.125,-34.487,0
1398294444932,41714262178000,171538051000001,-5.218,-2.125,-34.184,0
1398294444940,41714269502000,171538051000001,-5.218,-2.125,-34.184,0
1398294444953,41714283448000,171538051000001,-5.522,-2.125,-34.184,0
1398294444958,41714288331000,171538051000001,-5.522,-2.125,-34.184,0
1398294444972,41714301759000,171538051000001,-5.522,-2.125,-34.184,0
1398294444980,41714309358000,171538051000001,-5.522,-2.125,-34.184,0
1398294444992,41714321687000,171538051000001,-5.522,-2.125,-34.184,0
1398294444999,41714329347000,171538051000001,-5.522,-2.125,-34.184,0
1398294445014,41714343629000,171538051000001,-5.522,-2.125,-34.184,0
1398294445017,41714347444000,171538051000001,-5.522,-2.125,-34.184,0
1398294445034,41714363618000,171538051000001,-5.522,-2.465,-34.184,0
1398294445040,41714369538000,171538051000001,-5.522,-2.465,-34.184,0
1398294445051,41714378053000,171538051000001,-5.522,-2.465,-34.184,0
1398294445059,41714388917000,171538051000001,-5.522,-2.465,-34.184,0
1398294445068,41714397401000,171538051000001,-5.522,-2.767,-34.184,0
1398294445077,41714407380000,171538051000001,-5.522,-2.767,-34.184,0
1398294445087,41714417390000,171538051000001,-5.522,-2.767,-34.184,0
1398294445102,41714431733000,171538051000001,-5.183,-3.097,-34.184,0
1398294445107,41714437348000,171538051000001,-5.183,-3.097,-34.184,0
1398294445118,41714447541000,171538051000001,-5.183,-3.097,-34.184,0
1398294445127,41714457398000,171538051000001,-4.835,-3.471,-34.184,0
1398294445138,41714467774000,171538051000001,-4.835,-3.471,-34.184,0
1398294445147,41714477418000,171538051000001,-4.835,-3.471,-34.184,0
1398294445165,41714494447000,171538051000001,-4.531,-3.808,-34.184,0
1398294445168,41714497499000,171538051000001,-4.531,-3.808,-34.184,0
1398294445183,41714513276000,171538051000001,-4.531,-3.808,-34.184,0
1398294445189,41714519013000,171538051000001,-4.531,-3.808,-34.184,0
1398294445204,41714533906000,171538051000001,-4.216,-3.808,-34.184,0
1398294445209,41714538789000,171538051000001,-4.216,-4.151,-34.184,0
1398294445220,41714549439000,171538051000001,-4.216,-4.151,-34.184,0
1398294445234,41714563935000,171538051000001,-4.216,-4.151,-34.184,0
1398294445242,41714570161000,171538051000001,-4.216,-4.151,-34.184,0
1398294445253,41714577973000,171538051000001,-3.866,-4.151,-34.506,0
1398294445259,41714588990000,171538051000001,-3.866,-4.151,-34.506,0
1398294445270,41714597566000,171538051000001,-3.866,-4.151,-34.506,0
1398294445291,41714608430000,171538051000001,-3.866,-4.475,-34.506,0
1398294445293,41714617585000,171538051000001,-3.866,-4.475,-34.506,0
1398294445302,41714627626000,171538051000001,-3.866,-4.475,-34.506,0
1398294445309,41714637605000,171538051000001,-3.866,-4.475,-34.506,0
1398294445319,41714648103000,171538051000001,-3.866,-4.475,-34.506,0
1398294445332,41714661866000,171538051000001,-3.547,-4.475,-34.506,0
1398294445341,41714670350000,171538051000001,-3.547,-4.475,-34.506,0
1398294445350,41714679536000,171538051000001,-3.547,-4.475,-34.812,0
1398294445365,41714687623000,171538051000001,-3.547,-4.475,-34.812,0
1398294445372,41714697633000,171538051000001,-3.547,-4.475,-34.812,0
1398294445383,41714707643000,171538051000001,-3.234,-4.475,-34.812,0
1398294445388,41714717652000,171538051000001,-3.234,-4.475,-34.812,0
1398294445406,41714727632000,171538051000001,-3.234,-4.475,-34.812,0
1398294445409,41714738862000,171538051000001,-3.234,-4.475,-34.812,0
1398294445419,41714749238000,171538051000001,-3.234,-4.475,-34.812,0
1398294445428,41714757691000,171538051000001,-3.234,-4.475,-34.812,0
1398294445438,41714767671000,171538051000001,-3.234,-4.475,-34.812,0
1398294445448,41714777680000,171538051000001,-3.234,-4.475,-34.812,0
1398294445457,41714787690000,171538051000001,-3.234,-4.475,-34.812,0
1398294445467,41714797669000,171538051000001,-3.576,-4.15,-34.812,0
1398294445478,41714807679000,171538051000001,-3.576,-4.15,-34.812,0
1398294445488,41714817689000,171538051000001,-3.576,-4.15,-34.812,0
1398294445498,41714827699000,171538051000001,-3.576,-4.15,-34.492,0
1398294445508,41714837709000,171538051000001,-3.959,-4.15,-34.492,0
1398294445518,41714847718000,171538051000001,-3.959,-4.15,-34.492,0
1398294445528,41714857728000,171538051000001,-3.959,-4.15,-34.492,0
1398294445538,41714867738000,171538051000001,-4.273,-4.15,-34.19,0
1398294445548,41714877778000,171538051000001,-4.273,-4.15,-34.19,0
1398294445558,41714887757000,171538051000001,-4.273,-4.15,-34.19,0
1398294445568,41714897767000,171538051000001,-4.577,-4.15,-34.19,0
1398294445579,41714907777000,171538051000001,-4.577,-4.15,-34.19,0
1398294445588,41714917787000,171538051000001,-4.577,-4.15,-33.813,0
1398294445600,41714929322000,171538051000001,-4.577,-4.15,-33.813,0
1398294445608,41714937867000,171538051000001,-4.91,-4.15,-33.813,0
1398294445622,41714947816000,171538051000001,-4.91,-4.15,-33.813,0
1398294445630,41714957856000,171538051000001,-4.91,-4.15,-33.813,0
1398294445638,41714967835000,171538051000001,-4.91,-4.15,-33.813,0
1398294445648,41714977845000,171538051000001,-4.91,-4.15,-33.813,0
1398294445662,41714987886000,171538051000001,-4.91,-4.15,-33.813,0
1398294445671,41714997865000,171538051000001,-4.91,-4.15,-33.813,0
1398294445678,41715007905000,171538051000001,-4.91,-4.15,-33.813,0
1398294445688,41715017884000,171538051000001,-5.226,-4.15,-33.813,0
1398294445698,41715028077000,171538051000001,-5.226,-4.15,-33.813,0
1398294445710,41715039949000,171538051000001,-5.226,-4.15,-33.813,0
1398294445718,41715047914000,171538051000001,-5.226,-4.15,-33.813,0
1398294445730,41715057923000,171538051000001,-5.226,-4.15,-33.813,0
1398294445738,41715067933000,171538051000001,-5.226,-4.15,-33.813,0
1398294445748,41715077943000,171538051000001,-5.226,-4.15,-33.813,0
1398294445758,41715087953000,171538051000001,-5.226,-3.817,-33.813,0
1398294445768,41715097962000,171538051000001,-5.226,-3.817,-33.813,0
1398294445779,41715109529000,171538051000001,-5.226,-3.817,-33.813,0
1398294445788,41715118012000,171538051000001,-5.226,-3.411,-33.813,0
1398294445798,41715127992000,171538051000001,-5.226,-3.411,-33.813,0
1398294445808,41715138001000,171538051000001,-5.226,-3.083,-34.127,0
1398294445818,41715148011000,171538051000001,-5.226,-3.083,-34.127,0
1398294445828,41715158021000,171538051000001,-5.226,-3.083,-34.127,0
1398294445838,41715168061000,171538051000001,-5.226,-2.775,-34.127,0
1398294445848,41715178041000,171538051000001,-4.917,-2.775,-34.127,0
1398294445858,41715188050000,171538051000001,-4.917,-2.775,-34.127,0
1398294445868,41715198060000,171538051000001,-4.917,-2.775,-34.127,0
1398294445879,41715208070000,171538051000001,-4.917,-2.359,-34.127,0
1398294445888,41715218080000,171538051000001,-4.917,-2.359,-34.472,0
1398294445898,41715228089000,171538051000001,-4.917,-2.359,-34.472,0
1398294445908,41715238099000,171538051000001,-4.917,-2.359,-34.472,0
1398294445918,41715248109000,171538051000001,-4.917,-2.024,-34.472,0
1398294445928,41715258119000,171538051000001,-4.917,-2.024,-34.472,0
1398294445938,41715268128000,171538051000001,-4.917,-2.024,-34.472,0
1398294445953,41715278138000,171538051000001,-4.917,-2.024,-34.472,0
1398294445960,41715289704000,171538051000001,-4.917,-2.024,-34.472,0
1398294445968,41715298219000,171538051000001,-4.917,-1.724,-34.472,0
1398294445978,41715308168000,171538051000001,-4.917,-1.724,-34.472,0
1398294445988,41715318177000,171538051000001,-4.917,-1.724,-34.472,0
1398294445998,41715328187000,171538051000001,-4.917,-1.724,-34.472,0
1398294446008,41715338197000,171538051000001,-4.917,-1.724,-34.472,0
1398294446018,41715348176000,171538051000001,-4.917,-1.724,-34.472,0
1398294446029,41715358216000,171538051000001,-4.917,-1.724,-34.472,0
1398294446038,41715368257000,171538051000001,-4.917,-1.724,-34.472,0
1398294446049,41715378297000,171538051000001,-4.917,-1.724,-34.472,0
1398294446058,41715388276000,171538051000001,-4.917,-1.724,-34.472,0
1398294446068,41715398286000,171538051000001,-4.917,-1.724,-34.472,0
1398294446078,41715408296000,171538051000001,-4.917,-1.724,-34.472,0
1398294446088,41715418305000,171538051000001,-4.917,-1.724,-34.472,0
1398294446098,41715428315000,171538051000001,-4.917,-1.724,-34.472,0
1398294446117,41715438356000,171538051000001,-4.917,-1.724,-34.17,0
1398294446119,41715448365000,171538051000001,-4.917,-1.724,-34.17,0
1398294446137,41715458406000,171538051000001,-4.917,-1.724,-34.17,0
1398294446140,41715469941000,171538051000001,-4.917,-1.724,-34.17,0
1398294446148,41715478425000,171538051000001,-4.917,-1.724,-34.17,0
1398294446158,41715488374000,171538051000001,-4.917,-1.724,-34.17,0
1398294446168,41715498384000,171538051000001,-4.917,-1.724,-34.17,0
1398294446179,41715508424000,171538051000001,-4.917,-1.724,-34.17,0
1398294446188,41715518403000,171538051000001,-4.917,-1.724,-34.17,0
1398294446198,41715528413000,171538051000001,-4.917,-1.724,-34.17,0
1398294446208,41715538423000,171538051000001,-4.917,-1.724,-34.17,0
1398294446219,41715548432000,171538051000001,-4.917,-1.724,-34.17,0
1398294446228,41715558473000,171538051000001,-4.917,-1.724,-34.17,0
1398294446238,41715568452000,171538051000001,-4.917,-1.724,-34.17,0
1398294446249,41715578492000,171538051000001,-4.917,-1.724,-34.17,0
1398294446258,41715588471000,171538051000001,-4.917,-2.027,-34.17,0
1398294446269,41715598512000,171538051000001,-4.917,-2.027,-34.17,0
1398294446279,41715608491000,171538051000001,-4.917,-2.027,-34.17,0
1398294446288,41715618501000,171538051000001,-4.917,-2.027,-34.17,0
1398294446298,41715628511000,171538051000001,-5.22,-2.027,-34.17,0
1398294446308,41715638551000,171538051000001,-5.22,-2.027,-34.17,0
1398294446325,41715655000000,171538051000001,-5.22,-2.027,-34.17,0
1398294446329,41715658631000,171538051000001,-5.22,-2.027,-34.17,0
1398294446339,41715668489000,171538051000001,-5.22,-2.027,-34.17,0
1398294446349,41715678559000,171538051000001,-5.22,-2.027,-34.17,0
1398294446359,41715688600000,171538051000001,-5.22,-2.027,-34.17,0
1398294446369,41715698640000,171538051000001,-5.612,-2.027,-34.17,0
1398294446379,41715708558000,171538051000001,-5.612,-2.027,-34.17,0
1398294446389,41715718568000,171538051000001,-5.612,-2.027,-34.17,0
1398294446401,41715728578000,171538051000001,-5.92,-2.027,-34.17,0
1398294446408,41715738587000,171538051000001,-5.92,-2.027,-34.17,0
1398294446419,41715748567000,171538051000001,-5.92,-2.027,-34.17,0
1398294446429,41715758607000,171538051000001,-5.92,-2.027,-34.17,0
1398294446438,41715768586000,171538051000001,-5.92,-2.027,-34.17,0
1398294446448,41715778596000,171538051000001,-5.92,-2.027,-34.17,0
1398294446459,41715788606000,171538051000001,-5.92,-2.027,-34.17,0
1398294446468,41715798616000,171538051000001,-5.92,-2.027,-34.17,0
1398294446479,41715808686000,171538051000001,-5.92,-2.027,-34.17,0
1398294446488,41715818696000,171538051000001,-5.92,-2.027,-34.17,0
1398294446501,41715830293000,171538051000001,-5.92,-2.027,-34.17,0
1398294446509,41715838777000,171538051000001,-5.92,-2.027,-34.17,0
1398294446528,41715848725000,171538051000001,-5.92,-2.027,-34.17,0
1398294446530,41715859010000,171538051000001,-5.58,-2.027,-34.17,0
1398294446538,41715868745000,171538051000001,-5.58,-2.027,-34.17,0
1398294446549,41715878755000,171538051000001,-5.58,-2.027,-34.17,0
1398294446559,41715888734000,171538051000001,-5.58,-2.027,-34.17,0
1398294446569,41715898744000,171538051000001,-5.178,-2.027,-34.17,0
1398294446579,41715908784000,171538051000001,-5.178,-2.027,-34.17,0
1398294446589,41715918946000,171538051000001,-5.178,-2.027,-34.17,0
1398294446599,41715928803000,171538051000001,-4.827,-2.027,-34.17,0
1398294446609,41715938783000,171538051000001,-4.827,-2.027,-34.17,0
1398294446619,41715948823000,171538051000001,-4.827,-2.349,-34.17,0
1398294446629,41715958833000,171538051000001,-4.827,-2.349,-34.17,0
1398294446642,41715971772000,171538051000001,-4.827,-2.349,-34.17,0
1398294446649,41715978822000,171538051000001,-4.827,-2.349,-34.17,0
1398294446659,41715988832000,171538051000001,-4.827,-2.349,-34.474,0
1398294446669,41715998841000,171538051000001,-4.827,-2.349,-34.474,0
1398294446680,41716010377000,171538051000001,-4.827,-2.349,-34.474,0
1398294446689,41716018891000,171538051000001,-4.827,-2.349,-34.474,0
1398294446699,41716028871000,171538051000001,-4.827,-2.349,-34.474,0
1398294446709,41716038880000,171538051000001,-4.827,-2.349,-34.474,0
1398294446719,41716048890000,171538051000001,-4.827,-2.349,-34.474,0
1398294446729,41716058900000,171538051000001,-4.827,-2.349,-34.474,0
1398294446739,41716068910000,171538051000001,-4.827,-2.349,-34.474,0
1398294446749,41716078919000,171538051000001,-4.827,-2.349,-34.474,0
1398294446759,41716088929000,171538051000001,-4.827,-2.349,-34.474,0
1398294446769,41716098939000,171538051000001,-4.827,-2.349,-34.474,0
1398294446779,41716108949000,171538051000001,-4.827,-2.349,-34.474,0
1398294446789,41716118959000,171538051000001,-4.827,-2.349,-34.474,0
1398294446799,41716128968000,171538051000001,-4.827,-2.349,-34.474,0
1398294446809,41716138978000,171538051000001,-4.827,-2.349,-34.474,0
1398294446819,41716148988000,171538051000001,-4.827,-2.349,-34.474,0
1398294446829,41716158967000,171538051000001,-4.827,-2.349,-34.474,0
1398294446839,41716168977000,171538051000001,-4.827,-2.349,-34.474,0
1398294446849,41716178987000,171538051000001,-4.827,-2.349,-34.474,0
1398294446861,41716190553000,171538051000001,-4.827,-2.349,-34.474,0
1398294446869,41716199098000,171538051000001,-4.827,-2.349,-34.474,0
1398294446879,41716209046000,171538051000001,-4.827,-2.349,-34.474,0
1398294446889,41716219026000,171538051000001,-4.827,-2.349,-34.474,0
1398294446899,41716229035000,171538051000001,-4.521,-2.349,-34.474,0
1398294446909,41716239045000,171538051000001,-4.521,-2.349,-34.474,0
1398294446919,41716249055000,171538051000001,-4.521,-2.349,-34.474,0
1398294446933,41716259126000,171538051000001,-4.521,-2.349,-34.474,0
1398294446949,41716269624000,171538051000001,-4.521,-2.349,-34.474,0
1398294446951,41716279084000,171538051000001,-4.521,-2.349,-34.474,0
1398294446960,41716289125000,171538051000001,-4.521,-2.349,-34.474,0
1398294446969,41716299104000,171538051000001,-4.521,-2.349,-34.474,0
1398294446979,41716309114000,171538051000001,-4.521,-2.349,-34.474,0
1398294446989,41716319123000,171538051000001,-4.521,-2.349,-34.474,0
1398294446999,41716329133000,171538051000001,-4.521,-2.349,-34.474,0
1398294447009,41716339143000,171538051000001,-4.521,-2.349,-34.474,0
1398294447019,41716349153000,171538051000001,-4.521,-2.349,-34.474,0
1398294447029,41716359345000,171538051000001,-4.895,-2.349,-34.474,0
1398294447041,41716370729000,171538051000001,-4.895,-2.69,-34.474,0
1398294447049,41716379212000,171538051000001,-4.895,-2.69,-34.474,0
1398294447060,41716389192000,171538051000001,-4.895,-2.69,-34.474,0
1398294447069,41716399201000,171538051000001,-4.895,-2.69,-34.474,0
1398294447079,41716409242000,171538051000001,-4.895,-2.69,-34.474,0
1398294447089,41716419251000,171538051000001,-4.895,-2.69,-34.474,0
1398294447099,41716429261000,171538051000001,-5.209,-3.038,-34.127,0
1398294447109,41716439271000,171538051000001,-5.209,-3.038,-34.127,0
1398294447119,41716449281000,171538051000001,-5.209,-3.038,-34.127,0
1398294447129,41716459291000,171538051000001,-5.209,-3.038,-34.127,0
1398294447139,41716469300000,171538051000001,-5.209,-3.41,-34.127,0
1398294447149,41716479310000,171538051000001,-5.209,-3.41,-34.127,0
1398294447159,41716489320000,171538051000001,-5.209,-3.41,-34.127,0
1398294447170,41716499330000,171538051000001,-5.209,-3.758,-33.821,0
1398294447179,41716509339000,171538051000001,-5.209,-3.758,-33.821,0
1398294447190,41716519319000,171538051000001,-5.209,-3.758,-33.821,0
1398294447200,41716529359000,171538051000001,-5.209,-4.058,-33.821,0
1398294447210,41716539338000,171538051000001,-5.209,-4.058,-33.821,0
1398294447222,41716550904000,171538051000001,-5.529,-4.058,-33.821,0
1398294447230,41716559419000,171538051000001,-5.529,-4.058,-33.821,0
1398294447239,41716569367000,171538051000001,-5.529,-4.379,-33.821,0
1398294447256,41716584138000,171538051000001,-5.529,-4.379,-33.821,0
1398294447265,41716589418000,171538051000001,-5.529,-4.379,-33.512,0
1398294447273,41716599427000,171538051000001,-5.529,-4.379,-33.512,0
1398294447280,41716609437000,171538051000001,-5.529,-4.379,-33.512,0
1398294447289,41716619416000,171538051000001,-5.529,-4.379,-33.512,0
1398294447299,41716629426000,171538051000001,-5.529,-4.379,-33.512,0
1398294447310,41716639436000,171538051000001,-5.529,-4.379,-33.512,0
1398294447320,41716649446000,171538051000001,-5.529,-4.379,-33.512,0
1398294447330,41716659455000,171538051000001,-5.529,-4.379,-33.512,0
1398294447339,41716669465000,171538051000001,-5.529,-4.379,-33.512,0
1398294447349,41716679475000,171538051000001,-5.529,-4.379,-33.512,0
1398294447359,41716689454000,171538051000001,-5.529,-4.379,-33.512,0
1398294447371,41716699494000,171538051000001,-5.529,-4.379,-33.512,0
1398294447380,41716709504000,171538051000001,-5.529,-4.379,-33.512,0
1398294447390,41716719544000,171538051000001,-5.529,-4.379,-33.512,0
1398294447401,41716731080000,171538051000001,-5.529,-4.379,-33.512,0
1398294447410,41716739595000,171538051000001,-5.215,-4.379,-33.512,0
1398294447420,41716749574000,171538051000001,-5.215,-4.379,-33.512,0
1398294447430,41716759584000,171538051000001,-5.215,-4.379,-33.512,0
1398294447440,41716769593000,171538051000001,-4.814,-4.379,-33.512,0
1398294447450,41716779573000,171538051000001,-4.814,-4.379,-33.854,0
1398294447460,41716789613000,171538051000001,-4.814,-4.379,-33.854,0
1398294447470,41716799592000,171538051000001,-4.393,-4.379,-33.854,0
1398294447482,41716809785000,171538051000001,-4.393,-4.379,-33.854,0
1398294447490,41716819642000,171538051000001,-4.051,-4.379,-33.854,0
1398294447500,41716829621000,171538051000001,-4.051,-4.379,-33.854,0
1398294447512,41716839662000,171538051000001,-4.051,-4.379,-34.208,0
1398294447520,41716849641000,171538051000001,-3.736,-4.379,-34.208,0
1398294447531,41716859681000,171538051000001,-3.736,-4.379,-34.208,0
1398294447542,41716869660000,171538051000001,-3.736,-4.379,-34.208,0
1398294447550,41716879701000,171538051000001,-3.41,-4.379,-34.208,0
1398294447565,41716893586000,171538051000001,-3.41,-4.379,-34.208,0
1398294447570,41716899690000,171538051000001,-3.41,-4.379,-34.529,0
1398294447581,41716911225000,171538051000001,-3.091,-4.379,-34.529,0
1398294447590,41716919740000,171538051000001,-3.091,-4.379,-34.529,0
1398294447600,41716929719000,171538051000001,-3.091,-4.379,-34.529,0
1398294447613,41716939729000,171538051000001,-3.091,-4.379,-34.529,0
1398294447620,41716949769000,171538051000001,-3.091,-4.379,-34.529,0
1398294447630,41716959748000,171538051000001,-3.091,-4.379,-34.529,0
1398294447640,41716969758000,171538051000001,-3.091,-4.379,-34.829,0
1398294447650,41716979768000,171538051000001,-3.091,-4.379,-34.829,0
1398294447660,41716989778000,171538051000001,-3.091,-4.379,-34.829,0
1398294447672,41716999818000,171538051000001,-3.091,-4.379,-34.829,0
1398294447683,41717009828000,171538051000001,-3.091,-4.379,-34.829,0
1398294447690,41717019807000,171538051000001,-3.091,-4.379,-34.829,0
1398294447700,41717029817000,171538051000001,-3.091,-4.379,-34.829,0
1398294447710,41717039826000,171538051000001,-3.091,-4.379,-34.829,0
1398294447720,41717049867000,171538051000001,-3.091,-4.379,-34.829,0
1398294447730,41717059846000,171538051000001,-3.091,-4.379,-34.829,0
1398294447740,41717069856000,171538051000001,-3.091,-4.379,-34.829,0
1398294447750,41717079866000,171538051000001,-3.091,-4.379,-34.829,0
1398294447761,41717091432000,171538051000001,-3.091,-4.379,-34.829,0
1398294447770,41717099916000,171538051000001,-3.091,-4.379,-34.829,0
1398294447780,41717109864000,171538051000001,-3.091,-4.379,-34.829,0
1398294447790,41717119874000,171538051000001,-3.091,-4.379,-34.829,0
1398294447800,41717129884000,171538051000001,-3.091,-4.379,-34.829,0
1398294447810,41717139924000,171538051000001,-3.091,-4.379,-34.829,0
1398294447843,41717149934000,171538051000001,-3.091,-4.379,-34.829,0
1398294447849,41717159974000,171538051000001,-3.091,-4.379,-34.829,0
1398294447851,41717169953000,171538051000001,-3.091,-4.379,-34.829,0
1398294447852,41717179994000,171538051000001,-3.091,-4.379,-34.829,0
1398294447860,41717190126000,171538051000001,-3.091,-4.379,-34.829,0
1398294447870,41717199952000,171538051000001,-3.091,-4.379,-34.829,0
1398294447880,41717209992000,171538051000001,-3.091,-4.718,-34.829,0
1398294447890,41717220002000,171538051000001,-3.091,-4.718,-34.829,0
1398294447903,41717230043000,171538051000001,-3.091,-4.718,-34.829,0
1398294447913,41717240052000,171538051000001,-3.091,-4.718,-34.829,0
1398294447920,41717250245000,171538051000001,-3.091,-4.718,-34.829,0
1398294447936,41717260102000,171538051000001,-3.091,-4.718,-34.829,0
1398294447941,41717271607000,171538051000001,-3.091,-4.718,-34.829,0
1398294447950,41717280091000,171538051000001,-3.091,-4.718,-34.829,0
1398294447960,41717290071000,171538051000001,-3.091,-4.718,-34.829,0
1398294447970,41717300080000,171538051000001,-3.091,-4.718,-34.829,0
1398294447980,41717310090000,171538051000001,-3.091,-4.718,-34.829,0
1398294447990,41717320100000,171538051000001,-3.091,-4.718,-34.829,0
1398294448000,41717330110000,171538051000001,-3.091,-4.718,-34.829,0
1398294448011,41717340119000,171538051000001,-3.091,-4.718,-34.829,0
1398294448020,41717350160000,171538051000001,-3.091,-4.354,-34.829,0
1398294448030,41717360139000,171538051000001,-3.091,-4.354,-34.829,0
1398294448040,41717370149000,171538051000001,-3.091,-4.354,-34.829,0
1398294448050,41717380158000,171538051000001,-3.091,-4.354,-34.829,0
1398294448060,41717390168000,171538051000001,-3.091,-3.971,-34.829,0
1398294448070,41717400178000,171538051000001,-3.091,-3.971,-34.829,0
1398294448080,41717410188000,171538051000001,-3.091,-3.971,-34.829,0
1398294448090,41717420198000,171538051000001,-3.091,-3.971,-34.829,0
1398294448100,41717430207000,171538051000001,-3.091,-3.971,-34.829,0
1398294448110,41717440217000,171538051000001,-3.091,-3.649,-34.829,0
1398294448122,41717451783000,171538051000001,-3.091,-3.649,-34.829,0
1398294448130,41717460267000,171538051000001,-3.091,-3.649,-34.829,0
1398294448140,41717470246000,171538051000001,-3.091,-3.649,-34.829,0
1398294448150,41717480256000,171538051000001,-3.091,-3.649,-34.829,0
1398294448164,41717490327000,171538051000001,-3.091,-3.649,-34.829,0
1398294448193,41717503816000,171538051000001,-3.091,-3.649,-34.829,0
1398294448196,41717510774000,171538051000001,-3.091,-3.649,-34.829,0
1398294448200,41717521089000,171538051000001,-3.091,-3.649,-34.829,0
1398294448205,41717530397000,171538051000001,-3.091,-3.649,-34.829,0
1398294448213,41717540376000,171538051000001,-3.091,-3.649,-34.829,0
1398294448223,41717550416000,171538051000001,-3.091,-3.649,-34.829,0
1398294448232,41717560334000,171538051000001,-3.091,-3.649,-34.829,0
1398294448244,41717570344000,171538051000001,-3.091,-3.649,-34.829,0
1398294448251,41717580384000,171538051000001,-3.091,-3.649,-34.829,0
1398294448263,41717590364000,171538051000001,-3.091,-3.649,-34.829,0
1398294448270,41717600373000,171538051000001,-3.091,-3.649,-34.829,0
1398294448280,41717610383000,171538051000001,-3.091,-3.649,-34.829,0
1398294448290,41717620393000,171538051000001,-3.091,-3.649,-34.829,0
1398294448302,41717631928000,171538051000001,-3.091,-3.649,-34.829,0
1398294448310,41717640443000,171538051000001,-3.091,-3.649,-34.829,0
1398294448321,41717650422000,171538051000001,-3.091,-3.649,-34.829,0
1398294448330,41717660432000,171538051000001,-3.091,-3.649,-34.829,0
1398294448340,41717670411000,171538051000001,-3.091,-3.649,-34.829,0
1398294448350,41717680421000,171538051000001,-3.091,-3.649,-34.829,0
1398294448361,41717690492000,171538051000001,-3.091,-3.649,-34.829,0
1398294448371,41717700685000,171538051000001,-3.091,-3.649,-34.829,0
1398294448381,41717710511000,171538051000001,-3.091,-3.649,-34.829,0
1398294448395,41717720491000,171538051000001,-3.091,-3.344,-34.829,0
1398294448401,41717730531000,171538051000001,-3.091,-3.344,-34.829,0
1398294448411,41717740541000,171538051000001,-3.091,-3.344,-34.829,0
1398294448422,41717750520000,171538051000001,-3.091,-3.344,-34.829,0
1398294448431,41717760530000,171538051000001,-3.091,-3.344,-34.829,0
1398294448441,41717770539000,171538051000001,-3.091,-3.344,-34.829,0
1398294448451,41717780549000,171538051000001,-3.091,-3.344,-34.829,0
1398294448461,41717790559000,171538051000001,-3.091,-3.344,-34.829,0
1398294448471,41717800569000,171538051000001,-3.091,-3.344,-34.829,0
1398294448487,41717815064000,171538051000001,-3.091,-3.344,-34.829,0
1398294448496,41717820588000,171538051000001,-3.091,-3.344,-34.829,0
1398294448503,41717830598000,171538051000001,-3.091,-3.344,-34.829,0
1398294448510,41717840608000,171538051000001,-3.091,-3.344,-34.829,0
1398294448521,41717850617000,171538051000001,-3.091,-3.034,-34.829,0
1398294448531,41717860627000,171538051000001,-3.485,-3.034,-34.829,0
1398294448541,41717870637000,171538051000001,-3.485,-3.034,-34.829,0
1398294448550,41717880616000,171538051000001,-3.485,-3.034,-34.829,0
1398294448561,41717890657000,171538051000001,-3.866,-3.034,-34.829,0
1398294448571,41717900666000,171538051000001,-3.866,-3.034,-34.829,0
1398294448581,41717910676000,171538051000001,-3.866,-3.034,-34.829,0
1398294448590,41717920686000,171538051000001,-4.269,-3.034,-34.526,0
1398294448601,41717930787000,171538051000001,-4.269,-3.034,-34.526,0
1398294448610,41717940705000,171538051000001,-4.269,-3.034,-34.526,0
1398294448621,41717950715000,171538051000001,-4.574,-3.034,-34.526,0
1398294448630,41717960725000,171538051000001,-4.574,-3.034,-34.526,0
1398294448640,41717970735000,171538051000001,-4.574,-3.034,-34.213,0
1398294448651,41717980744000,171538051000001,-4.574,-3.034,-34.213,0
1398294448662,41717992280000,171538051000001,-4.962,-3.034,-34.213,0
1398294448672,41718000794000,171538051000001,-4.962,-3.034,-34.213,0
1398294448681,41718010774000,171538051000001,-4.962,-3.034,-34.213,0
1398294448691,41718020814000,171538051000001,-4.962,-3.034,-34.213,0
1398294448701,41718030793000,171538051000001,-4.962,-3.034,-33.905,0
1398294448711,41718040803000,171538051000001,-4.962,-3.034,-33.905,0
1398294448721,41718050782000,171538051000001,-4.962,-3.034,-33.905,0
1398294448731,41718060792000,171538051000001,-4.962,-3.034,-33.905,0
1398294448747,41718070832000,171538051000001,-4.962,-3.034,-33.905,0
1398294448751,41718080842000,171538051000001,-4.962,-3.034,-33.905,0
1398294448761,41718090852000,171538051000001,-4.962,-3.034,-33.905,0
1398294448771,41718100862000,171538051000001,-4.962,-3.034,-33.905,0
1398294448785,41718114900000,171538051000001,-4.962,-3.034,-33.905,0
1398294448791,41718120881000,171538051000001,-4.962,-3.034,-33.905,0
1398294448801,41718130891000,171538051000001,-4.962,-3.034,-33.905,0
1398294448811,41718140901000,171538051000001,-4.962,-3.034,-33.905,0
1398294448821,41718150910000,171538051000001,-4.962,-3.034,-33.905,0
1398294448831,41718160951000,171538051000001,-4.962,-3.034,-33.905,0
1398294448843,41718172456000,171538051000001,-4.962,-3.034,-33.905,0
1398294448851,41718180970000,171538051000001,-4.962,-3.034,-33.905,0
1398294448861,41718190949000,171538051000001,-4.962,-2.719,-33.905,0
1398294448871,41718200959000,171538051000001,-5.29,-2.719,-33.905,0
1398294448881,41718210969000,171538051000001,-5.29,-2.719,-33.905,0
1398294448891,41718220979000,171538051000001,-5.29,-2.719,-33.905,0
1398294448901,41718230958000,171538051000001,-5.29,-2.719,-33.905,0
1398294448911,41718240968000,171538051000001,-5.29,-2.719,-33.905,0
1398294448921,41718250978000,171538051000001,-5.29,-2.719,-33.905,0
1398294448931,41718260987000,171538051000001,-5.29,-2.391,-33.905,0
1398294448941,41718271028000,171538051000001,-5.29,-2.391,-33.905,0
1398294448952,41718281037000,171538051000001,-5.29,-2.391,-33.905,0
1398294448961,41718291047000,171538051000001,-5.612,-2.391,-33.905,0
1398294448971,41718301057000,171538051000001,-5.612,-2.391,-33.905,0
1398294448981,41718311036000,171538051000001,-5.612,-2.391,-33.905,0
1398294448991,41718321076000,171538051000001,-5.612,-2.391,-33.905,0
1398294449001,41718331056000,171538051000001,-5.612,-2.391,-33.905,0
1398294449011,41718341065000,171538051000001,-5.612,-2.391,-33.905,0
1398294449023,41718352632000,171538051000001,-5.612,-2.391,-33.905,0
1398294449031,41718361146000,171538051000001,-5.612,-2.391,-33.905,0
1398294449041,41718371125000,171538051000001,-5.612,-2.391,-33.905,0
1398294449051,41718381105000,171538051000001,-5.612,-2.391,-33.905,0
1398294449061,41718391145000,171538051000001,-5.612,-2.391,-33.905,0
1398294449071,41718401124000,171538051000001,-5.612,-2.391,-33.905,0
1398294449081,41718411164000,171538051000001,-5.612,-2.391,-33.905,0
1398294449094,41718423707000,171538051000001,-5.612,-2.391,-33.905,0
1398294449101,41718431153000,171538051000001,-5.612,-2.391,-33.905,0
1398294449111,41718441194000,171538051000001,-5.612,-2.391,-33.905,0
1398294449125,41718451203000,171538051000001,-5.612,-2.391,-33.905,0
1398294449135,41718461213000,171538051000001,-5.612,-2.391,-33.905,0
1398294449142,41718471253000,171538051000001,-5.612,-2.391,-33.905,0
1398294449153,41718481233000,171538051000001,-5.612,-2.391,-33.905,0
1398294449161,41718491212000,171538051000001,-5.612,-2.391,-33.905,0
1398294449171,41718501222000,171538051000001,-5.612,-2.391,-33.905,0
1398294449181,41718511231000,171538051000001,-5.612,-2.391,-33.905,0
1398294449191,41718521241000,171538051000001,-5.612,-2.391,-33.905,0
1398294449203,41718532807000,171538051000001,-5.612,-2.391,-33.905,0
1398294449211,41718541322000,171538051000001,-5.612,-2.391,-33.905,0
1398294449221,41718551271000,171538051000001,-5.612,-2.391,-33.905,0
1398294449231,41718561280000,171538051000001,-5.612,-2.391,-33.905,0
1398294449241,41718571290000,171538051000001,-5.612,-2.391,-33.905,0
1398294449251,41718581300000,171538051000001,-5.612,-2.391,-33.905,0
1398294449261,41718591493000,171538051000001,-5.612,-2.391,-33.905,0
1398294449271,41718601319000,171538051000001,-5.612,-2.391,-33.905,0
1398294449281,41718611329000,171538051000001,-5.612,-2.391,-33.905,0
1398294449291,41718621339000,171538051000001,-5.612,-2.391,-33.905,0
1398294449301,41718631349000,171538051000001,-5.612,-2.391,-33.905,0
1398294449311,41718641358000,171538051000001,-5.612,-2.391,-33.905,0
1398294449321,41718651368000,171538051000001,-5.612,-2.391,-33.905,0
1398294449331,41718661378000,171538051000001,-5.612,-2.391,-33.905,0
1398294449341,41718671418000,171538051000001,-5.612,-2.391,-33.905,0
1398294449351,41718681397000,171538051000001,-5.612,-2.391,-33.905,0
1398294449361,41718691407000,171538051000001,-5.612,-2.391,-33.905,0
1398294449371,41718701448000,171538051000001,-5.612,-2.391,-33.905,0
1398294449383,41718713014000,171538051000001,-5.612,-2.391,-33.905,0
1398294449391,41718721528000,171538051000001,-5.612,-2.391,-33.905,0
1398294449401,41718731446000,171538051000001,-5.612,-2.087,-33.905,0
1398294449417,41718742494000,171538051000001,-5.612,-2.087,-33.905,0
1398294449429,41718751588000,171538051000001,-5.612,-2.087,-33.905,0
1398294449433,41718761567000,171538051000001,-5.612,-2.087,-33.905,0
1398294449442,41718771516000,171538051000001,-5.612,-2.087,-33.905,0
1398294449456,41718781556000,171538051000001,-5.921,-2.087,-33.905,0
1398294449463,41718791719000,171538051000001,-5.921,-2.087,-33.905,0
1398294449474,41718801606000,171538051000001,-5.921,-2.087,-33.905,0
1398294449482,41718811524000,171538051000001,-5.921,-2.087,-33.905,0
1398294449493,41718821565000,171538051000001,-5.921,-2.087,-33.905,0
1398294449503,41718831574000,171538051000001,-5.921,-2.087,-33.905,0
1398294449512,41718841584000,171538051000001,-5.921,-2.087,-33.905,0
1398294449522,41718851564000,171538051000001,-5.921,-2.087,-33.905,0
1398294449531,41718861573000,171538051000001,-5.921,-2.087,-33.905,0
1398294449541,41718871583000,171538051000001,-5.921,-2.087,-33.905,0
1398294449551,41718881593000,171538051000001,-5.56,-2.087,-33.905,0
1398294449563,41718893128000,171538051000001,-5.56,-2.087,-33.905,0
1398294449571,41718901643000,171538051000001,-5.56,-2.087,-33.905,0
1398294449581,41718911592000,171538051000001,-5.56,-2.087,-33.905,0
1398294449591,41718921632000,171538051000001,-5.56,-2.087,-33.905,0
1398294449601,41718931642000,171538051000001,-5.56,-2.087,-33.905,0
1398294449612,41718941682000,171538051000001,-5.56,-2.087,-33.905,0
1398294449622,41718951722000,171538051000001,-5.56,-2.398,-33.905,0
1398294449632,41718961671000,171538051000001,-5.25,-2.398,-33.905,0
1398294449641,41718971681000,171538051000001,-5.25,-2.398,-33.905,0
1398294449651,41718981690000,171538051000001,-5.25,-2.398,-33.905,0
1398294449662,41718991700000,171538051000001,-5.25,-2.398,-33.905,0
1398294449683,41719001741000,171538051000001,-5.25,-2.398,-33.905,0
1398294449686,41719015565000,171538051000001,-4.937,-2.398,-33.905,0
1398294449692,41719021760000,171538051000001,-4.937,-2.398,-33.905,0
1398294449702,41719031922000,171538051000001,-4.937,-2.398,-33.905,0
1398294449712,41719041780000,171538051000001,-4.937,-2.398,-33.905,0
1398294449722,41719051789000,171538051000001,-4.937,-2.398,-33.905,0
1398294449732,41719061799000,171538051000001,-4.937,-2.714,-33.905,0
1398294449743,41719073335000,171538051000001,-4.937,-2.714,-33.905,0
1398294449752,41719081880000,171538051000001,-4.937,-2.714,-33.905,0
1398294449762,41719091828000,171538051000001,-4.937,-2.714,-33.905,0
1398294449772,41719101838000,171538051000001,-4.937,-2.714,-33.905,0
1398294449782,41719111848000,171538051000001,-4.937,-2.714,-33.905,0
1398294449792,41719121827000,171538051000001,-4.937,-2.714,-33.905,0
1398294449802,41719131837000,171538051000001,-4.937,-2.714,-33.905,0
1398294449814,41719141908000,171538051000001,-4.937,-2.714,-33.905,0
1398294449824,41719154328000,171538051000001,-4.937,-2.404,-33.905,0
1398294449835,41719165345000,171538051000001,-4.937,-2.404,-34.223,0
1398294449844,41719174470000,171538051000001,-4.937,-2.404,-34.223,0
1398294449855,41719185334000,171538051000001,-4.937,-2.404,-34.223,0
1398294449865,41719194642000,171538051000001,-4.937,-2.404,-34.223,0
1398294449875,41719205384000,171538051000001,-4.937,-2.404,-34.223,0
1398294449884,41719214479000,171538051000001,-4.937,-2.404,-34.223,0
1398294449898,41719228272000,171538051000001,-4.937,-2.404,-34.223,0
1398294449904,41719233918000,171538051000001,-4.937,-2.404,-34.223,0
1398294449915,41719244874000,171538051000001,-4.937,-2.404,-34.223,0
1398294449925,41719254609000,171538051000001,-4.937,-2.404,-34.223,0
1398294449933,41719263093000,171538051000001,-4.937,-2.404,-34.223,0
1398294449942,41719272065000,171538051000001,-4.937,-2.088,-34.223,0
1398294449952,41719282044000,171538051000001,-4.937,-2.088,-34.223,0
1398294449962,41719292054000,171538051000001,-4.937,-2.088,-34.223,0
1398294449972,41719302033000,171538051000001,-4.937,-2.088,-34.223,0
1398294449983,41719312074000,171538051000001,-4.937,-2.088,-34.223,0
1398294449992,41719322114000,171538051000001,-4.937,-2.088,-34.223,0
1398294450002,41719332124000,171538051000001,-4.937,-2.088,-34.529,0
1398294450017,41719347016000,171538051000001,-4.937,-2.088,-34.529,0
1398294450022,41719352052000,171538051000001,-4.937,-2.088,-34.529,0
1398294450032,41719362092000,171538051000001,-4.937,-2.088,-34.529,0
1398294450043,41719372895000,171538051000001,-4.937,-2.088,-34.529,0
1398294450055,41719385346000,171538051000001,-4.937,-2.088,-34.529,0
1398294450065,41719394654000,171538051000001,-4.937,-2.088,-34.529,0
1398294450075,41719405244000,171538051000001,-4.937,-2.088,-34.529,0
1398294450085,41719414460000,171538051000001,-4.937,-2.088,-34.529,0
1398294450098,41719428407000,171538051000001,-4.937,-2.088,-34.529,0
1398294450107,41719436402000,171538051000001,-4.937,-2.088,-34.529,0
1398294450118,41719447816000,171538051000001,-4.937,-2.088,-34.529,0
1398294450125,41719454560000,171538051000001,-4.937,-2.088,-34.529,0
1398294450138,41719468446000,171538051000001,-4.937,-2.088,-34.529,0
1398294450144,41719473756000,171538051000001,-4.937,-2.088,-34.529,0
1398294450155,41719485353000,171538051000001,-4.937,-2.088,-34.529,0
1398294450164,41719494477000,171538051000001,-4.937,-2.088,-34.529,0
1398294450179,41719508760000,171538051000001,-4.937,-2.088,-34.529,0
1398294450184,41719513673000,171538051000001,-4.937,-2.088,-34.529,0
1398294450199,41719528565000,171538051000001,-4.937,-2.088,-34.529,0
1398294450204,41719533723000,171538051000001,-4.937,-2.088,-34.529,0
1398294450215,41719545350000,171538051000001,-4.937,-2.088,-34.529,0
1398294450224,41719554475000,171538051000001,-4.937,-2.088,-34.529,0
1398294450239,41719568727000,171538051000001,-4.937,-2.088,-34.529,0
1398294450244,41719573884000,171538051000001,-4.937,-2.088,-34.529,0
1398294450259,41719588594000,171538051000001,-4.937,-2.088,-34.529,0
1398294450264,41719593873000,171538051000001,-4.937,-2.088,-34.529,0
1398294450275,41719605317000,171538051000001,-4.937,-2.088,-34.529,0
1398294450284,41719613954000,171538051000001,-4.937,-2.088,-34.529,0
1398294450299,41719628480000,171538051000001,-4.937,-2.088,-34.529,0
1398294450305,41719634706000,171538051000001,-4.937,-2.088,-34.529,0
1398294450320,41719649385000,171538051000001,-4.937,-2.088,-34.529,0
1398294450329,41719659364000,171538051000001,-4.937,-2.088,-34.529,0
1398294450334,41719663850000,171538051000001,-4.937,-2.398,-34.529,0
1398294450344,41719674378000,171538051000001,-4.937,-2.398,-34.529,0
1398294450355,41719684663000,171538051000001,-4.937,-2.398,-34.529,0
1398294450365,41719695375000,171538051000001,-4.937,-2.398,-34.529,0
1398294450375,41719704743000,171538051000001,-4.937,-2.398,-34.208,0
1398294450385,41719715333000,171538051000001,-4.937,-2.764,-34.208,0
1398294450395,41719725190000,171538051000001,-4.937,-2.764,-34.208,0
1398294450405,41719735261000,171538051000001,-4.937,-2.764,-34.208,0
1398294450415,41719745332000,171538051000001,-4.937,-2.764,-34.208,0
1398294450426,41719755738000,171538051000001,-4.937,-2.764,-34.208,0
1398294450436,41719762940000,171538051000001,-4.937,-3.157,-34.208,0
1398294450443,41719772492000,171538051000001,-4.937,-3.157,-34.208,0
1398294450453,41719782502000,171538051000001,-4.937,-3.157,-34.208,0
1398294450464,41719794068000,171538051000001,-4.937,-3.157,-34.208,0
1398294450473,41719802583000,171538051000001,-4.937,-3.157,-33.891,0
1398294450483,41719812562000,171538051000001,-4.937,-3.463,-33.891,0
1398294450492,41719822572000,171538051000001,-4.937,-3.463,-33.891,0
1398294450503,41719832582000,171538051000001,-5.316,-3.463,-33.891,0
1398294450513,41719842561000,171538051000001,-5.316,-3.463,-33.891,0
1398294450523,41719852601000,171538051000001,-5.316,-3.463,-33.891,0
1398294450533,41719862763000,171538051000001,-5.632,-3.463,-33.891,0
1398294450545,41719875001000,171538051000001,-5.632,-3.463,-33.58,0
1398294450555,41719882600000,171538051000001,-5.632,-3.463,-33.58,0
1398294450563,41719892640000,171538051000001,-5.632,-3.463,-33.58,0
1398294450573,41719902619000,171538051000001,-6.021,-3.463,-33.58,0
1398294450586,41719912629000,171538051000001,-6.021,-3.463,-33.58,0
1398294450593,41719922639000,171538051000001,-6.021,-3.463,-33.58,0
1398294450608,41719932832000,171538051000001,-6.021,-3.463,-33.58,0
1398294450613,41719942658000,171538051000001,-6.021,-3.463,-33.58,0
1398294450635,41719958924000,171538051000001,-6.021,-3.463,-33.58,0
1398294450636,41719962678000,171538051000001,-6.021,-3.463,-33.58,0
1398294450646,41719974244000,171538051000001,-6.352,-3.463,-33.58,0
1398294450653,41719982728000,171538051000001,-6.352,-3.463,-33.58,0
1398294450669,41719993287000,171538051000001,-6.352,-3.463,-33.58,0
1398294450673,41720002748000,171538051000001,-6.352,-3.463,-33.58,0
1398294450684,41720012727000,171538051000001,-6.352,-3.463,-33.58,0
1398294450693,41720022737000,171538051000001,-6.352,-3.463,-33.58,0
1398294450703,41720032807000,171538051000001,-6.352,-3.463,-33.58,0
1398294450713,41720042756000,171538051000001,-6.352,-3.463,-33.58,0
1398294450723,41720052766000,171538051000001,-5.969,-3.463,-33.58,0
1398294450733,41720062776000,171538051000001,-5.969,-3.463,-33.58,0
1398294450743,41720072785000,171538051000001,-5.969,-3.782,-33.58,0
1398294450753,41720082826000,171538051000001,-5.619,-3.782,-33.58,0
1398294450763,41720092805000,171538051000001,-5.619,-3.782,-33.58,0
1398294450773,41720102815000,171538051000001,-5.619,-3.782,-33.58,0
1398294450783,41720112824000,171538051000001,-5.619,-3.782,-33.912,0
1398294450793,41720122834000,171538051000001,-5.619,-3.782,-33.912,0
1398294450803,41720132814000,171538051000001,-5.619,-3.782,-33.912,0
1398294450816,41720142854000,171538051000001,-5.619,-3.782,-33.912,0
1398294450825,41720154420000,171538051000001,-5.619,-3.782,-33.912,0
1398294450836,41720162904000,171538051000001,-5.619,-3.782,-33.912,0
1398294450843,41720172914000,171538051000001,-5.619,-3.782,-33.912,0
1398294450853,41720182893000,171538051000001,-5.619,-3.782,-33.912,0
1398294450863,41720192903000,171538051000001,-5.619,-3.782,-33.912,0
1398294450873,41720202882000,171538051000001,-5.619,-3.782,-33.912,0
1398294450883,41720212922000,171538051000001,-5.619,-3.782,-33.912,0
1398294450894,41720222962000,171538051000001,-5.619,-3.782,-33.912,0
1398294450903,41720232972000,171538051000001,-5.619,-3.782,-33.912,0
1398294450914,41720242982000,171538051000001,-5.619,-3.782,-33.912,0
1398294450923,41720252992000,171538051000001,-5.619,-3.471,-33.912,0
1398294450938,41720267152000,171538051000001,-5.619,-3.471,-33.912,0
1398294450944,41720272981000,171538051000001,-5.619,-3.471,-33.912,0
1398294450953,41720282991000,171538051000001,-5.619,-3.471,-33.604,0
1398294450966,41720293000000,171538051000001,-5.619,-3.471,-33.604,0
1398294450973,41720303010000,171538051000001,-5.619,-3.471,-33.604,0
1398294450983,41720313020000,171538051000001,-5.619,-3.471,-33.604,0
1398294450993,41720322999000,171538051000001,-5.619,-3.471,-33.604,0
1398294451005,41720334596000,171538051000001,-5.619,-3.471,-33.604,0
1398294451013,41720343080000,171538051000001,-5.619,-3.471,-33.604,0
1398294451023,41720353059000,171538051000001,-5.619,-3.471,-33.604,0
1398294451042,41720363099000,171538051000001,-5.619,-3.471,-33.604,0
1398294451043,41720373078000,171538051000001,-5.619,-3.471,-33.604,0
1398294451053,41720383088000,171538051000001,-5.619,-3.842,-33.604,0
1398294451063,41720393098000,171538051000001,-5.619,-3.842,-33.604,0
1398294451073,41720403108000,171538051000001,-5.25,-3.842,-33.604,0
1398294451083,41720413117000,171538051000001,-5.25,-3.842,-33.604,0
1398294451093,41720423127000,171538051000001,-5.25,-3.842,-33.604,0
1398294451103,41720433137000,171538051000001,-4.931,-3.842,-33.961,0
1398294451114,41720443147000,171538051000001,-4.931,-3.842,-33.961,0
1398294451123,41720453157000,171538051000001,-4.614,-4.167,-33.961,0
1398294451135,41720463166000,171538051000001,-4.614,-4.167,-33.961,0
1398294451143,41720473176000,171538051000001,-4.614,-4.167,-34.31,0
1398294451153,41720483186000,171538051000001,-4.199,-4.167,-34.31,0
1398294451164,41720493165000,171538051000001,-4.199,-4.167,-34.31,0
1398294451173,41720503175000,171538051000001,-4.199,-4.167,-34.31,0
1398294451185,41720514741000,171538051000001,-3.82,-4.167,-34.31,0
1398294451193,41720523255000,171538051000001,-3.82,-4.167,-34.626,0
1398294451203,41720533265000,171538051000001,-3.82,-4.167,-34.626,0
1398294451213,41720543244000,171538051000001,-3.82,-4.167,-34.626,0
1398294451223,41720553254000,171538051000001,-3.82,-4.167,-34.626,0
1398294451234,41720563569000,171538051000001,-3.82,-4.167,-34.626,0
1398294451243,41720573213000,171538051000001,-3.82,-4.167,-34.626,0
1398294451253,41720583222000,171538051000001,-3.82,-4.167,-34.626,0
1398294451264,41720593232000,171538051000001,-3.82,-4.167,-34.626,0
1398294451273,41720603242000,171538051000001,-3.82,-4.167,-34.626,0
1398294451283,41720613282000,171538051000001,-3.479,-4.167,-34.626,0
1398294451293,41720623262000,171538051000001,-3.479,-4.167,-34.626,0
1398294451303,41720633271000,171538051000001,-3.479,-4.167,-34.626,0
1398294451313,41720643281000,171538051000001,-3.479,-3.823,-34.626,0
1398294451323,41720653321000,171538051000001,-3.479,-3.823,-34.626,0
1398294451333,41720663331000,171538051000001,-3.781,-3.823,-34.626,0
1398294451343,41720673341000,171538051000001,-3.781,-3.823,-34.626,0
1398294451355,41720683320000,171538051000001,-3.781,-3.512,-34.626,0
1398294451366,41720695039000,171538051000001,-3.781,-3.512,-34.626,0
1398294451374,41720703736000,171538051000001,-4.208,-3.512,-34.626,0
1398294451383,41720713380000,171538051000001,-4.208,-3.512,-34.626,0
1398294451393,41720723359000,171538051000001,-4.208,-3.512,-34.626,0
1398294451419,41720734254000,171538051000001,-4.553,-3.186,-34.626,0
1398294451420,41720743409000,171538051000001,-4.553,-3.186,-34.626,0
1398294451424,41720753419000,171538051000001,-4.553,-3.186,-34.626,0
1398294451433,41720763429000,171538051000001,-4.553,-3.186,-34.289,0
1398294451443,41720773408000,171538051000001,-4.927,-3.186,-34.289,0
1398294451453,41720783418000,171538051000001,-4.927,-3.186,-34.289,0
1398294451463,41720793428000,171538051000001,-4.927,-3.186,-34.289,0
1398294451473,41720803437000,171538051000001,-4.927,-3.186,-34.289,0
1398294451483,41720813447000,171538051000001,-5.319,-2.835,-34.289,0
1398294451493,41720823640000,171538051000001,-5.319,-2.835,-34.289,0
1398294451504,41720833467000,171538051000001,-5.319,-2.835,-33.94,0
1398294451514,41720843507000,171538051000001,-5.319,-2.835,-33.94,0
1398294451524,41720853517000,171538051000001,-5.319,-2.835,-33.94,0
1398294451534,41720863526000,171538051000001,-5.319,-2.835,-33.94,0
1398294451545,41720875062000,171538051000001,-5.319,-2.835,-33.94,0
1398294451557,41720887025000,171538051000001,-5.319,-2.835,-33.94,0
1398294451564,41720893525000,171538051000001,-5.319,-2.835,-33.94,0
1398294451574,41720903535000,171538051000001,-5.319,-2.835,-33.94,0
1398294451584,41720913606000,171538051000001,-5.319,-2.835,-33.94,0
1398294451594,41720923554000,171538051000001,-5.319,-2.835,-33.94,0
1398294451604,41720933595000,171538051000001,-5.319,-2.835,-33.94,0
1398294451614,41720943605000,171538051000001,-4.963,-2.835,-33.94,0
1398294451624,41720953614000,171538051000001,-4.963,-2.835,-33.94,0
1398294451634,41720963624000,171538051000001,-4.963,-2.835,-33.94,0
1398294451646,41720973634000,171538051000001,-4.64,-2.536,-33.94,0
1398294451654,41720983613000,171538051000001,-4.64,-2.536,-33.94,0
1398294451664,41720993623000,171538051000001,-4.64,-2.536,-34.251,0
1398294451674,41721003633000,171538051000001,-4.64,-2.536,-34.251,0
1398294451684,41721013673000,171538051000001,-4.324,-2.536,-34.251,0
1398294451693,41721023652000,171538051000001,-4.324,-2.536,-34.251,0
1398294451704,41721033692000,171538051000001,-4.324,-2.536,-34.251,0
1398294451721,41721043702000,171538051000001,-4.324,-2.536,-34.251,0
1398294451730,41721055238000,171538051000001,-4.324,-2.536,-34.57,0
1398294451741,41721063752000,171538051000001,-4.324,-2.536,-34.57,0
1398294451746,41721073731000,171538051000001,-4.324,-2.536,-34.57,0
1398294451756,41721083741000,171538051000001,-4.324,-2.536,-34.57,0
1398294451770,41721093751000,171538051000001,-4.324,-2.536,-34.57,0
1398294451774,41721103730000,171538051000001,-4.324,-2.536,-34.57,0
1398294451784,41721113740000,171538051000001,-4.324,-2.536,-34.57,0
1398294451794,41721123750000,171538051000001,-4.324,-2.536,-34.57,0
1398294451804,41721133760000,171538051000001,-4.324,-2.536,-34.57,0
1398294451816,41721143769000,171538051000001,-4.324,-2.536,-34.57,0
1398294451824,41721153810000,171538051000001,-4.324,-2.536,-34.57,0
1398294451834,41721163819000,171538051000001,-4.324,-2.536,-34.57,0
1398294451844,41721173829000,171538051000001,-4.324,-2.21,-34.57,0
1398294451859,41721188661000,171538051000001,-4.324,-2.21,-34.57,0
1398294451864,41721193788000,171538051000001,-4.324,-2.21,-34.57,0
1398294451880,41721203858000,171538051000001,-4.324,-2.21,-34.57,0
1398294451884,41721213868000,171538051000001,-4.658,-2.21,-34.57,0
1398294451894,41721223847000,171538051000001,-4.658,-2.21,-34.57,0
1398294451906,41721235414000,171538051000001,-4.658,-2.21,-34.57,0
1398294451922,41721243928000,171538051000001,-4.658,-2.21,-34.57,0
1398294451924,41721253877000,171538051000001,-4.658,-1.91,-34.57,0
1398294451934,41721263887000,171538051000001,-4.658,-1.91,-34.57,0
1398294451944,41721273896000,171538051000001,-4.988,-1.91,-34.57,0
1398294451954,41721283906000,171538051000001,-4.988,-1.91,-34.255,0
1398294451964,41721293916000,171538051000001,-4.988,-1.91,-34.255,0
1398294451974,41721303926000,171538051000001,-4.988,-1.91,-34.255,0
1398294451984,41721313935000,171538051000001,-4.988,-1.91,-34.255,0
1398294451994,41721323945000,171538051000001,-4.988,-1.91,-34.255,0
1398294452004,41721333955000,171538051000001,-5.366,-1.91,-34.255,0
1398294452014,41721343965000,171538051000001,-5.366,-1.91,-34.255,0
1398294452024,41721353974000,171538051000001,-5.366,-1.91,-34.255,0
1398294452034,41721363984000,171538051000001,-5.366,-1.91,-34.255,0
1398294452044,41721373994000,171538051000001,-5.366,-1.91,-34.255,0
1398294452054,41721384004000,171538051000001,-5.366,-1.91,-34.255,0
1398294452064,41721394013000,171538051000001,-5.366,-1.91,-34.255,0
1398294452074,41721404023000,171538051000001,-5.366,-1.91,-34.255,0
1398294452088,41721415589000,171538051000001,-5.366,-1.91,-34.255,0
1398294452097,41721424073000,171538051000001,-5.366,-1.91,-34.255,0
1398294452106,41721434205000,171538051000001,-5.366,-1.91,-34.255,0
1398294452115,41721444123000,171538051000001,-5.366,-1.91,-34.255,0
1398294452125,41721454103000,171538051000001,-5.366,-1.91,-34.255,0
1398294452134,41721464143000,171538051000001,-5.366,-1.91,-34.255,0
1398294452145,41721474122000,171538051000001,-5.366,-1.91,-34.255,0
1398294452154,41721484193000,171538051000001,-5.366,-1.91,-34.255,0
1398294452170,41721494416000,171538051000001,-5.366,-1.91,-34.255,0
1398294452175,41721504121000,171538051000001,-5.366,-1.91,-34.255,0
1398294452184,41721514131000,171538051000001,-5.366,-1.91,-34.255,0
1398294452194,41721524171000,171538051000001,-5.366,-1.91,-34.255,0
1398294452204,41721534150000,171538051000001,-5.366,-1.91,-34.255,0
1398294452214,41721544160000,171538051000001,-5.366,-1.91,-34.255,0
1398294452224,41721554170000,171538051000001,-5.366,-1.91,-34.255,0
1398294452234,41721564179000,171538051000001,-5.366,-1.91,-34.255,0
1398294452244,41721574189000,171538051000001,-5.366,-1.91,-34.255,0
1398294452254,41721584199000,171538051000001,-5.729,-1.91,-34.255,0
1398294452265,41721595765000,171538051000001,-5.729,-1.91,-34.255,0
1398294452274,41721604249000,171538051000001,-5.729,-1.91,-34.255,0
1398294452284,41721614259000,171538051000001,-5.729,-1.91,-34.255,0
1398294452294,41721624238000,171538051000001,-5.729,-1.91,-34.255,0
1398294452304,41721634248000,171538051000001,-5.729,-1.91,-34.255,0
1398294452314,41721644258000,171538051000001,-5.729,-1.91,-34.255,0
1398294452324,41721654267000,171538051000001,-5.729,-1.91,-34.255,0
1398294452334,41721664277000,171538051000001,-5.729,-1.91,-34.255,0
1398294452344,41721674287000,171538051000001,-5.729,-1.91,-34.255,0
1398294452354,41721684297000,171538051000001,-5.729,-1.91,-34.255,0
1398294452364,41721694306000,171538051000001,-5.729,-1.91,-34.255,0
1398294452374,41721704316000,171538051000001,-5.729,-1.91,-34.255,0
1398294452385,41721714509000,171538051000001,-5.729,-1.91,-34.255,0
1398294452397,41721724336000,171538051000001,-5.729,-1.91,-34.255,0
1398294452404,41721734345000,171538051000001,-5.729,-1.91,-34.255,0
1398294452416,41721744355000,171538051000001,-5.729,-1.91,-34.255,0
1398294452424,41721754365000,171538051000001,-5.729,-1.91,-34.255,0
1398294452435,41721764375000,171538051000001,-5.729,-1.91,-34.255,0
1398294452446,41721775941000,171538051000001,-5.729,-1.91,-34.255,0
1398294452455,41721784486000,171538051000001,-5.729,-1.91,-34.255,0
1398294452465,41721795137000,171538051000001,-5.729,-1.91,-34.255,0
1398294452474,41721804383000,171538051000001,-5.729,-1.91,-34.255,0
1398294452484,41721814424000,171538051000001,-5.729,-1.91,-34.255,0
1398294452494,41721824433000,171538051000001,-5.729,-1.91,-34.255,0
1398294452504,41721834443000,171538051000001,-5.424,-1.91,-34.255,0
1398294452519,41721844453000,171538051000001,-5.424,-1.91,-34.255,0
1398294452525,41721854463000,171538051000001,-5.424,-1.91,-34.255,0
1398294452535,41721864472000,171538051000001,-5.424,-1.91,-34.255,0
1398294452544,41721874482000,171538051000001,-5.424,-1.91,-34.255,0
1398294452554,41721884492000,171538051000001,-5.424,-1.91,-34.255,0
1398294452564,41721894471000,171538051000001,-5.424,-1.91,-34.255,0
1398294452574,41721904481000,171538051000001,-5.424,-1.91,-34.255,0
1398294452584,41721914491000,171538051000001,-5.424,-1.91,-34.255,0
1398294452595,41721924531000,171538051000001,-5.424,-1.91,-34.255,0
1398294452605,41721934541000,171538051000001,-5.424,-1.91,-34.255,0
1398294452615,41721944551000,171538051000001,-5.424,-1.91,-34.255,0
1398294452626,41721956117000,171538051000001,-5.424,-1.91,-34.255,0
1398294452635,41721964601000,171538051000001,-5.424,-1.91,-34.255,0
1398294452645,41721974580000,171538051000001,-5.424,-2.21,-34.255,0
1398294452655,41721984590000,171538051000001,-5.12,-2.21,-34.255,0
1398294452665,41721994599000,171538051000001,-5.12,-2.21,-34.255,0
1398294452675,41722004609000,171538051000001,-5.12,-2.21,-34.255,0
1398294452685,41722014619000,171538051000001,-5.12,-2.21,-34.255,0
1398294452697,41722027009000,171538051000001,-5.12,-2.21,-34.255,0
1398294452713,41722041993000,171538051000001,-5.12,-2.21,-34.255,0
1398294452715,41722044648000,171538051000001,-5.12,-2.21,-34.255,0
1398294452727,41722054658000,171538051000001,-5.12,-2.21,-34.255,0
1398294452735,41722064668000,171538051000001,-5.12,-2.21,-34.255,0
1398294452745,41722074678000,171538051000001,-5.12,-2.21,-34.255,0
1398294452754,41722084657000,171538051000001,-5.12,-2.514,-34.255,0
1398294452765,41722094667000,171538051000001,-5.12,-2.514,-34.255,0
1398294452775,41722104676000,171538051000001,-5.12,-2.514,-34.255,0
1398294452793,41722114717000,171538051000001,-5.12,-2.514,-34.255,0
1398294452795,41722124726000,171538051000001,-5.12,-2.514,-34.255,0
1398294452807,41722136293000,171538051000001,-5.12,-2.514,-34.255,0
1398294452815,41722144776000,171538051000001,-5.468,-2.514,-34.255,0
1398294452836,41722154756000,171538051000001,-5.468,-2.832,-34.255,0
1398294452842,41722164918000,171538051000001,-5.468,-2.832,-34.255,0
1398294452846,41722174745000,171538051000001,-5.468,-2.832,-33.937,0
1398294452856,41722184815000,171538051000001,-5.812,-2.832,-33.937,0
1398294452866,41722194825000,171538051000001,-5.812,-2.832,-33.937,0
1398294452875,41722204866000,171538051000001,-5.812,-2.832,-33.937,0
1398294452885,41722214845000,171538051000001,-5.812,-2.832,-33.937,0
1398294452895,41722224855000,171538051000001,-6.115,-3.169,-33.937,0
1398294452907,41722234864000,171538051000001,-6.115,-3.169,-33.937,0
1398294452915,41722244874000,171538051000001,-6.115,-3.169,-33.937,0
1398294452925,41722254853000,171538051000001,-6.115,-3.169,-33.937,0
1398294452935,41722264863000,171538051000001,-6.115,-3.169,-33.937,0
1398294452945,41722274903000,171538051000001,-6.115,-3.483,-33.937,0
1398294452964,41722284944000,171538051000001,-6.115,-3.483,-33.937,0
1398294452966,41722294923000,171538051000001,-6.115,-3.483,-33.937,0
1398294452976,41722304963000,171538051000001,-6.115,-3.483,-33.937,0
1398294452987,41722316499000,171538051000001,-6.115,-3.483,-33.937,0
1398294452995,41722324983000,171538051000001,-6.115,-3.483,-33.937,0
1398294453005,41722334962000,171538051000001,-6.115,-3.483,-33.937,0
1398294453015,41722344972000,171538051000001,-5.783,-3.483,-33.937,0
1398294453025,41722354951000,171538051000001,-5.783,-3.483,-33.937,0
1398294453035,41722365022000,171538051000001,-5.783,-3.483,-33.937,0
1398294453045,41722375001000,171538051000001,-5.783,-3.483,-33.937,0
1398294453055,41722385041000,171538051000001,-5.783,-3.483,-33.937,0
1398294453065,41722395021000,171538051000001,-5.783,-3.483,-33.937,0
1398294453075,41722405030000,171538051000001,-5.783,-3.483,-33.937,0
1398294453087,41722416078000,171538051000001,-5.783,-3.483,-33.937,0
1398294453095,41722425019000,171538051000001,-5.783,-3.483,-33.937,0
1398294453105,41722435029000,171538051000001,-5.783,-3.483,-33.937,0
1398294453115,41722445008000,171538051000001,-5.783,-3.483,-33.937,0
1398294453125,41722455018000,171538051000001,-5.783,-3.483,-33.937,0
1398294453135,41722465028000,171538051000001,-5.783,-3.483,-33.937,0
1398294453145,41722475038000,171538051000001,-5.783,-3.483,-33.937,0
1398294453155,41722485047000,171538051000001,-5.783,-3.483,-33.937,0
1398294453167,41722496614000,171538051000001,-5.783,-3.483,-33.937,0
1398294453175,41722505128000,171538051000001,-5.783,-3.483,-33.937,0
1398294453189,41722515138000,171538051000001,-5.473,-3.483,-33.937,0
1398294453199,41722525147000,171538051000001,-5.473,-3.483,-33.937,0
1398294453205,41722535127000,171538051000001,-5.473,-3.483,-33.937,0
1398294453215,41722545137000,171538051000001,-5.473,-3.161,-33.937,0
1398294453225,41722555146000,171538051000001,-5.473,-3.161,-33.937,0
1398294453235,41722565156000,171538051000001,-5.473,-3.161,-33.937,0
1398294453245,41722575135000,171538051000001,-5.473,-3.161,-33.937,0
1398294453255,41722585145000,171538051000001,-5.473,-3.161,-33.937,0
1398294453265,41722595185000,171538051000001,-5.473,-2.842,-33.937,0
1398294453275,41722605195000,171538051000001,-5.473,-2.842,-33.937,0
1398294453285,41722615388000,171538051000001,-5.473,-2.842,-33.937,0
1398294453295,41722625215000,171538051000001,-5.473,-2.522,-33.937,0
1398294453305,41722635224000,171538051000001,-5.473,-2.522,-33.937,0
1398294453315,41722645234000,171538051000001,-5.473,-2.522,-33.937,0
1398294453325,41722655244000,171538051000001,-5.473,-2.522,-33.937,0
1398294453335,41722665254000,171538051000001,-5.473,-2.127,-33.937,0
1398294453347,41722676789000,171538051000001,-5.473,-2.127,-33.937,0
1398294453355,41722685304000,171538051000001,-5.473,-2.127,-33.937,0
1398294453365,41722695314000,171538051000001,-5.473,-2.127,-33.937,0
1398294453375,41722705293000,171538051000001,-5.473,-1.8,-33.937,0
1398294453385,41722715303000,171538051000001,-5.473,-1.8,-33.937,0
1398294453400,41722729951000,171538051000001,-5.473,-1.8,-33.937,0
1398294453406,41722735383000,171538051000001,-5.473,-1.8,-33.937,0
1398294453415,41722745332000,171538051000001,-5.473,-1.8,-33.937,0
1398294453426,41722755311000,171538051000001,-5.473,-1.8,-33.937,0
1398294453435,41722765351000,171538051000001,-5.473,-1.8,-33.937,0
1398294453445,41722775331000,171538051000001,-5.473,-1.8,-33.937,0
1398294453455,41722785340000,171538051000001,-5.473,-1.464,-33.937,0
1398294453465,41722795350000,171538051000001,-5.473,-1.464,-33.937,0
1398294453475,41722805390000,171538051000001,-5.473,-1.464,-33.937,0
1398294453485,41722815400000,171538051000001,-5.473,-1.464,-33.937,0
1398294453495,41722825410000,171538051000001,-5.162,-1.464,-33.937,0
1398294453505,41722835420000,171538051000001,-5.162,-1.464,-34.239,0
1398294453519,41722848542000,171538051000001,-5.162,-1.464,-34.239,0
1398294453532,41722861543000,171538051000001,-5.162,-1.464,-34.239,0
1398294453537,41722867036000,171538051000001,-5.162,-1.464,-34.239,0
1398294453551,41722880464000,171538051000001,-5.162,-1.464,-34.239,0
1398294453558,41722888001000,171538051000001,-4.838,-1.464,-34.239,0
1398294453571,41722900575000,171538051000001,-4.838,-1.464,-34.239,0
1398294453578,41722908143000,171538051000001,-4.838,-1.464,-34.239,0
1398294453592,41722922090000,171538051000001,-4.838,-1.464,-34.541,0
1398294453597,41722926972000,171538051000001,-4.838,-1.464,-34.541,0
1398294453611,41722940461000,171538051000001,-4.838,-1.156,-34.541,0
1398294453619,41722949006000,171538051000001,-4.838,-1.156,-34.541,0
1398294453630,41722959718000,171538051000001,-4.838,-1.156,-34.541,0
1398294453638,41722968171000,171538051000001,-4.838,-1.156,-34.541,0
1398294453651,41722980561000,171538051000001,-4.838,-1.156,-34.541,0
1398294453658,41722988130000,171538051000001,-4.838,-1.156,-34.541,0
1398294453671,41723000550000,171538051000001,-4.838,-1.156,-34.541,0
1398294453678,41723008363000,171538051000001,-4.838,-1.156,-34.851,0
1398294453704,41723022401000,171538051000001,-4.838,-1.156,-34.851,0
1398294453713,41723031770000,171538051000001,-4.838,-1.156,-34.851,0
1398294453717,41723037171000,171538051000001,-4.838,-1.156,-34.851,0
1398294453718,41723045716000,171538051000001,-4.838,-1.156,-34.851,0
1398294453732,41723056001000,171538051000001,-4.838,-1.156,-34.851,0
1398294453736,41723065675000,171538051000001,-4.838,-1.156,-34.851,0
1398294453746,41723075715000,171538051000001,-4.838,-1.156,-34.851,0
1398294453765,41723085664000,171538051000001,-4.838,-1.156,-34.851,0
1398294453769,41723095735000,171538051000001,-4.838,-1.156,-34.851,0
1398294453779,41723105714000,171538051000001,-4.838,-1.156,-34.851,0
1398294453786,41723115724000,171538051000001,-4.838,-1.156,-34.851,0
1398294453796,41723125733000,171538051000001,-4.838,-1.156,-34.851,0
1398294453807,41723136445000,171538051000001,-4.838,-1.156,-34.851,0
1398294453818,41723147248000,171538051000001,-4.838,-1.156,-34.851,0
1398294453828,41723155793000,171538051000001,-4.838,-1.156,-34.851,0
1398294453838,41723168183000,171538051000001,-4.838,-1.156,-34.851,0
1398294453853,41723175965000,171538051000001,-4.838,-1.156,-34.851,0
1398294453862,41723185823000,171538051000001,-4.838,-1.156,-34.851,0
1398294453868,41723195832000,171538051000001,-4.838,-1.156,-34.851,0
1398294453876,41723205812000,171538051000001,-4.838,-1.156,-34.851,0
1398294453888,41723217347000,171538051000001,-4.838,-1.156,-34.851,0
1398294453896,41723225831000,171538051000001,-4.838,-1.156,-34.851,0
1398294453910,41723235810000,171538051000001,-4.838,-1.156,-34.851,0
1398294453916,41723245851000,171538051000001,-4.838,-1.156,-34.851,0
1398294453926,41723255860000,171538051000001,-4.838,-1.156,-34.851,0
1398294453936,41723265870000,171538051000001,-4.838,-1.156,-34.851,0
1398294453946,41723275880000,171538051000001,-4.838,-1.156,-34.851,0
1398294453956,41723285890000,171538051000001,-4.838,-1.156,-34.851,0
1398294453966,41723295899000,171538051000001,-4.838,-1.156,-34.851,0
1398294453981,41723310578000,171538051000001,-4.838,-1.156,-34.851,0
1398294453989,41723318452000,171538051000001,-4.838,-1.156,-34.851,0
1398294454004,41723328889000,171538051000001,-4.838,-1.156,-34.851,0
1398294454013,41723336213000,171538051000001,-4.838,-1.156,-34.851,0
1398294454026,41723345979000,171538051000001,-4.838,-1.156,-34.851,0
1398294454028,41723355989000,171538051000001,-4.838,-1.156,-34.851,0
1398294454046,41723368348000,171538051000001,-4.838,-1.156,-34.851,0
1398294454048,41723375947000,171538051000001,-4.838,-1.156,-34.851,0
1398294454061,41723386140000,171538051000001,-5.16,-1.499,-34.851,0
1398294454068,41723397523000,171538051000001,-5.16,-1.499,-34.851,0
1398294454078,41723406037000,171538051000001,-5.16,-1.499,-34.851,0
1398294454086,41723415986000,171538051000001,-5.16,-1.499,-34.851,0
1398294454099,41723425996000,171538051000001,-5.16,-1.809,-34.851,0
1398294454116,41723436036000,171538051000001,-5.16,-1.809,-34.851,0
1398294454118,41723446046000,171538051000001,-5.16,-1.809,-34.851,0
1398294454126,41723456056000,171538051000001,-5.16,-1.809,-34.851,0
1398294454136,41723466035000,171538051000001,-5.16,-1.809,-34.851,0
1398294454146,41723476045000,171538051000001,-4.82,-1.809,-34.851,0
1398294454158,41723487977000,171538051000001,-4.82,-1.809,-34.851,0
1398294454171,41723500489000,171538051000001,-4.82,-2.143,-34.851,0
1398294454179,41723508943000,171538051000001,-4.82,-2.143,-34.851,0
1398294454192,41723522340000,171538051000001,-4.82,-2.143,-34.851,0
1398294454197,41723527131000,171538051000001,-4.82,-2.143,-34.851,0
1398294454210,41723536561000,171538051000001,-4.82,-2.143,-34.851,0
1398294454216,41723546113000,171538051000001,-4.82,-2.143,-34.851,0
1398294454226,41723556153000,171538051000001,-4.447,-2.143,-34.851,0
1398294454239,41723567170000,171538051000001,-4.447,-2.143,-34.851,0
1398294454248,41723577699000,171538051000001,-4.447,-2.45,-34.851,0
1398294454256,41723586213000,171538051000001,-4.447,-2.45,-34.851,0
1398294454266,41723596192000,171538051000001,-4.447,-2.45,-34.851,0
1398294454278,41723606233000,171538051000001,-4.11,-2.45,-34.851,0
1398294454292,41723618348000,171538051000001,-4.11,-2.45,-34.851,0
1398294454297,41723626924000,171538051000001,-4.11,-2.45,-35.191,0
1398294454316,41723639405000,171538051000001,-4.11,-2.45,-35.191,0
1398294454319,41723648744000,171538051000001,-4.11,-2.45,-35.191,0
1398294454334,41723656282000,171538051000001,-4.11,-2.45,-35.191,0
1398294454337,41723666719000,171538051000001,-4.11,-2.45,-35.191,0
1398294454353,41723676301000,171538051000001,-4.11,-2.45,-35.191,0
1398294454357,41723686280000,171538051000001,-4.11,-2.45,-35.191,0
1398294454366,41723696260000,171538051000001,-4.11,-2.45,-35.191,0
1398294454376,41723706269000,171538051000001,-4.11,-2.45,-35.191,0
1398294454386,41723716279000,171538051000001,-4.11,-2.751,-35.191,0
1398294454396,41723726289000,171538051000001,-4.11,-2.751,-35.191,0
1398294454409,41723736329000,171538051000001,-3.767,-2.751,-35.191,0
1398294454416,41723746339000,171538051000001,-3.767,-2.751,-35.191,0
1398294454428,41723757905000,171538051000001,-3.767,-2.751,-35.191,0
1398294454436,41723766389000,171538051000001,-3.767,-2.751,-35.191,0
1398294454453,41723782838000,171538051000001,-3.767,-2.751,-35.191,0
1398294454458,41723787873000,171538051000001,-3.767,-3.063,-35.191,0
1398294454473,41723802735000,171538051000001,-3.459,-3.063,-35.191,0
1398294454478,41723808381000,171538051000001,-3.459,-3.063,-35.191,0
1398294454493,41723823152000,171538051000001,-3.459,-3.063,-35.191,0
1398294454498,41723828065000,171538051000001,-3.459,-3.063,-35.191,0
1398294454509,41723839234000,171538051000001,-3.459,-3.063,-35.191,0
1398294454521,41723851258000,171538051000001,-3.105,-3.401,-35.191,0
1398294454530,41723859986000,171538051000001,-3.105,-3.401,-35.191,0
1398294454542,41723866426000,171538051000001,-3.105,-3.401,-35.191,0
1398294454547,41723877168000,171538051000001,-2.748,-3.401,-35.191,0
1398294454563,41723887025000,171538051000001,-2.748,-3.723,-35.191,0
1398294454567,41723896485000,171538051000001,-2.748,-3.723,-35.191,0
1398294454579,41723906495000,171538051000001,-2.748,-3.723,-35.191,0
1398294454592,41723916596000,171538051000001,-2.363,-3.723,-35.501,0
1398294454598,41723927400000,171538051000001,-2.363,-3.723,-35.501,0
1398294454609,41723938050000,171538051000001,-2.363,-3.723,-35.501,0
1398294454628,41723956605000,171538051000001,-2.363,-3.723,-35.501,0
1398294454631,41723960694000,171538051000001,-2.363,-3.723,-35.501,0
1398294454641,41723967927000,171538051000001,-2.363,-3.723,-35.501,0
1398294454647,41723976564000,171538051000001,-2.363,-3.723,-35.501,0
1398294454660,41723986634000,171538051000001,-2.363,-3.723,-35.501,0
1398294454669,41723996553000,171538051000001,-2.363,-3.723,-35.501,0
1398294454686,41724006715000,171538051000001,-2.363,-3.723,-35.501,0
1398294454688,41724016725000,171538051000001,-2.363,-3.723,-35.501,0
1398294454696,41724026612000,171538051000001,-2.363,-3.723,-35.501,0
1398294454706,41724036592000,171538051000001,-2.363,-3.723,-35.501,0
1398294454716,41724046632000,171538051000001,-2.363,-3.723,-35.501,0
1398294454728,41724056642000,171538051000001,-2.363,-3.723,-35.501,0
1398294454737,41724066682000,171538051000001,-2.363,-3.723,-35.501,0
1398294454747,41724076631000,171538051000001,-2.699,-3.329,-35.501,0
1398294454757,41724086640000,171538051000001,-2.699,-3.329,-35.501,0
1398294454767,41724096711000,171538051000001,-2.699,-3.329,-35.501,0
1398294454777,41724106690000,171538051000001,-2.699,-3.329,-35.501,0
1398294454788,41724118196000,171538051000001,-2.699,-3.329,-35.501,0
1398294454796,41724126710000,171538051000001,-2.699,-3.329,-35.501,0
1398294454807,41724136689000,171538051000001,-2.699,-3.329,-35.501,0
1398294454816,41724146699000,171538051000001,-2.699,-2.984,-35.501,0
1398294454827,41724156709000,171538051000001,-2.699,-2.984,-35.501,0
1398294454837,41724166688000,171538051000001,-2.699,-2.984,-35.501,0
1398294454847,41724176728000,171538051000001,-3.021,-2.984,-35.501,0
1398294454857,41724186738000,171538051000001,-3.021,-2.984,-35.501,0
1398294454867,41724196748000,171538051000001,-3.021,-2.984,-35.501,0
1398294454877,41724206758000,171538051000001,-3.021,-2.984,-35.501,0
1398294454888,41724216767000,171538051000001,-3.021,-2.984,-35.501,0
1398294454897,41724226808000,171538051000001,-3.021,-2.984,-35.501,0
1398294454907,41724236817000,171538051000001,-3.021,-2.658,-35.501,0
1398294454917,41724246797000,171538051000001,-3.021,-2.658,-35.501,0
1398294454927,41724257295000,171538051000001,-3.021,-2.658,-35.501,0
1398294454940,41724267182000,171538051000001,-3.021,-2.658,-35.501,0
1398294454947,41724276826000,171538051000001,-3.021,-2.658,-35.501,0
1398294454957,41724286805000,171538051000001,-3.323,-2.658,-35.501,0
1398294454969,41724298371000,171538051000001,-3.323,-2.658,-35.501,0
1398294454977,41724306886000,171538051000001,-3.323,-2.316,-35.501,0
1398294454988,41724316835000,171538051000001,-3.323,-2.316,-35.501,0
1398294454997,41724326875000,171538051000001,-3.323,-2.316,-35.501,0
1398294455007,41724336854000,171538051000001,-3.678,-2.316,-35.501,0
1398294455018,41724346864000,171538051000001,-3.678,-1.95,-35.177,0
1398294455027,41724356874000,171538051000001,-3.678,-1.95,-35.177,0
1398294455038,41724366883000,171538051000001,-4.006,-1.95,-35.177,0
1398294455047,41724376893000,171538051000001,-4.006,-1.95,-35.177,0
1398294455057,41724387086000,171538051000001,-4.006,-1.579,-35.177,0
1398294455067,41724396913000,171538051000001,-4.377,-1.579,-35.177,0
1398294455077,41724406922000,171538051000001,-4.377,-1.579,-34.832,0
1398294455088,41724416932000,171538051000001,-4.377,-1.579,-34.832,0
1398294455097,41724426942000,171538051000001,-4.776,-1.257,-34.832,0
1398294455111,41724436952000,171538051000001,-4.776,-1.257,-34.832,0
1398294455117,41724446961000,171538051000001,-4.776,-1.257,-34.832,0
1398294455127,41724457276000,171538051000001,-4.776,-1.257,-34.832,0
1398294455138,41724466981000,171538051000001,-5.102,-1.257,-34.832,0
1398294455148,41724478517000,171538051000001,-5.102,-1.257,-34.832,0
1398294455158,41724487031000,171538051000001,-5.102,-0.898,-34.481,0
1398294455167,41724497010000,171538051000001,-5.102,-0.898,-34.481,0
1398294455177,41724507051000,171538051000001,-5.45,-0.898,-34.481,0
1398294455188,41724517030000,171538051000001,-5.45,-0.898,-34.481,0
1398294455197,41724527040000,171538051000001,-5.45,-0.898,-34.481,0
1398294455207,41724537049000,171538051000001,-5.45,-0.898,-34.481,0
1398294455217,41724547059000,171538051000001,-5.45,-0.898,-34.481,0
1398294455227,41724557069000,171538051000001,-5.45,-0.898,-34.481,0
1398294455238,41724568330000,171538051000001,-5.45,-0.898,-34.481,0
1398294455248,41724577058000,171538051000001,-5.45,-0.898,-34.481,0
1398294455257,41724587068000,171538051000001,-5.45,-0.898,-34.481,0
1398294455267,41724597077000,171538051000001,-5.45,-0.898,-34.481,0
1398294455277,41724607118000,171538051000001,-5.45,-0.898,-34.481,0
1398294455287,41724617127000,171538051000001,-5.45,-0.898,-34.481,0
1398294455298,41724627137000,171538051000001,-5.45,-0.898,-34.481,0
1398294455308,41724637239000,171538051000001,-5.45,-0.898,-34.481,0
1398294455317,41724647126000,171538051000001,-5.45,-0.898,-34.481,0
1398294455329,41724658692000,171538051000001,-5.45,-0.898,-34.481,0
1398294455337,41724667207000,171538051000001,-5.45,-0.898,-34.481,0
1398294455347,41724677217000,171538051000001,-5.45,-0.898,-34.481,0
1398294455357,41724687196000,171538051000001,-5.45,-0.898,-34.481,0
1398294455367,41724697175000,171538051000001,-5.45,-0.898,-34.481,0
1398294455377,41724707185000,171538051000001,-5.45,-0.898,-34.481,0
1398294455387,41724717225000,171538051000001,-5.45,-0.898,-34.481,0
1398294455397,41724727204000,171538051000001,-5.45,-0.898,-34.481,0
1398294455407,41724737214000,171538051000001,-5.45,-0.898,-34.481,0
1398294455417,41724747254000,171538051000001,-5.45,-0.898,-34.481,0
1398294455427,41724757264000,171538051000001,-5.45,-0.898,-34.481,0
1398294455437,41724767274000,171538051000001,-5.45,-0.898,-34.481,0
1398294455447,41724777284000,171538051000001,-5.45,-0.898,-34.481,0
1398294455457,41724787263000,171538051000001,-5.45,-0.898,-34.481,0
1398294455467,41724797273000,171538051000001,-5.45,-0.898,-34.481,0
1398294455477,41724807283000,171538051000001,-5.45,-0.898,-34.481,0
1398294455488,41724817292000,171538051000001,-5.45,-0.898,-34.481,0
1398294455497,41724827333000,171538051000001,-5.45,-0.898,-34.481,0
1398294455509,41724838868000,171538051000001,-5.45,-0.898,-34.481,0
1398294455518,41724847383000,171538051000001,-5.45,-0.898,-34.481,0
1398294455527,41724857362000,171538051000001,-5.119,-0.898,-34.481,0
1398294455548,41724870484000,171538051000001,-5.119,-0.898,-34.481,0
1398294455550,41724877412000,171538051000001,-5.119,-1.237,-34.481,0
1398294455558,41724887391000,171538051000001,-5.119,-1.237,-34.481,0
1398294455568,41724897401000,171538051000001,-5.119,-1.237,-34.481,0
1398294455577,41724907380000,171538051000001,-5.119,-1.237,-34.481,0
1398294455587,41724917390000,171538051000001,-4.794,-1.237,-34.481,0
1398294455597,41724927430000,171538051000001,-4.794,-1.237,-34.79,0
1398294455607,41724937440000,171538051000001,-4.794,-1.237,-34.79,0
1398294455617,41724947419000,171538051000001,-4.794,-1.237,-34.79,0
1398294455627,41724957429000,171538051000001,-4.794,-1.237,-34.79,0
1398294455637,41724967439000,171538051000001,-4.794,-1.237,-34.79,0
1398294455647,41724977449000,171538051000001,-4.794,-1.237,-34.79,0
1398294455658,41724987489000,171538051000001,-4.794,-1.237,-34.79,0
1398294455667,41724997468000,171538051000001,-4.794,-1.237,-34.79,0
1398294455678,41725007508000,171538051000001,-4.794,-1.237,-34.79,0
1398294455689,41725019074000,171538051000001,-4.794,-1.237,-34.79,0
1398294455697,41725027528000,171538051000001,-4.794,-1.237,-34.79,0
1398294455707,41725037507000,171538051000001,-4.794,-1.237,-34.79,0
1398294455717,41725047517000,171538051000001,-4.794,-1.237,-34.79,0
1398294455727,41725057527000,171538051000001,-4.794,-1.237,-34.79,0
1398294455743,41725072328000,171538051000001,-4.794,-1.237,-34.79,0
1398294455748,41725077516000,171538051000001,-4.794,-1.237,-34.79,0
1398294455758,41725087556000,171538051000001,-4.794,-1.237,-34.79,0
1398294455770,41725097566000,171538051000001,-4.794,-1.237,-34.79,0
1398294455778,41725107606000,171538051000001,-4.794,-1.237,-34.79,0
1398294455788,41725117585000,171538051000001,-5.12,-1.237,-34.79,0
1398294455797,41725127595000,171538051000001,-5.12,-1.237,-34.79,0
1398294455807,41725137605000,171538051000001,-5.12,-1.237,-34.79,0
1398294455817,41725147615000,171538051000001,-5.12,-1.237,-34.79,0
1398294455827,41725157624000,171538051000001,-5.12,-1.237,-34.79,0
1398294455837,41725167634000,171538051000001,-5.12,-1.237,-34.79,0
1398294455853,41725182527000,171538051000001,-5.12,-1.237,-34.79,0
1398294455858,41725187654000,171538051000001,-5.12,-1.237,-34.79,0
1398294455870,41725199220000,171538051000001,-5.12,-1.237,-34.79,0
1398294455878,41725207734000,171538051000001,-5.12,-1.237,-34.79,0
1398294455888,41725217683000,171538051000001,-5.12,-1.237,-34.79,0
1398294455898,41725227693000,171538051000001,-5.12,-1.237,-34.79,0
1398294455908,41725237733000,171538051000001,-5.12,-1.237,-34.79,0
1398294455918,41725247743000,171538051000001,-5.12,-1.237,-34.79,0
1398294455928,41725257752000,171538051000001,-5.12,-1.237,-34.79,0
1398294455938,41725267762000,171538051000001,-5.12,-1.237,-34.79,0
1398294455948,41725277925000,171538051000001,-4.818,-1.237,-34.79,0
1398294455958,41725287782000,171538051000001,-4.818,-1.237,-34.79,0
1398294455968,41725297792000,171538051000001,-4.818,-1.237,-34.79,0
1398294455978,41725307801000,171538051000001,-4.818,-1.237,-34.79,0
1398294455988,41725317811000,171538051000001,-4.818,-1.237,-34.79,0
1398294455998,41725327821000,171538051000001,-4.818,-1.237,-34.79,0
1398294456008,41725337831000,171538051000001,-4.818,-1.237,-34.79,0
1398294456018,41725347840000,171538051000001,-4.818,-1.237,-34.79,0
1398294456028,41725357850000,171538051000001,-4.818,-1.237,-34.79,0
1398294456041,41725370088000,171538051000001,-4.818,-1.237,-34.79,0
1398294456055,41725384736000,171538051000001,-4.818,-1.237,-34.79,0
1398294456059,41725388520000,171538051000001,-4.818,-1.237,-34.79,0
1398294456075,41725404481000,171538051000001,-4.818,-1.237,-34.79,0
1398294456080,41725409394000,171538051000001,-4.818,-1.237,-34.79,0
1398294456090,41725419740000,171538051000001,-4.818,-1.237,-34.79,0
1398294456104,41725434388000,171538051000001,-4.818,-1.237,-34.79,0
1398294456109,41725439515000,171538051000001,-4.818,-1.237,-34.79,0
1398294456124,41725454225000,171538051000001,-4.818,-1.237,-34.79,0
1398294456129,41725459016000,171538051000001,-4.818,-1.237,-34.79,0
1398294456145,41725474519000,171538051000001,-4.818,-1.237,-34.79,0
1398294456150,41725479463000,171538051000001,-4.818,-1.237,-34.79,0
1398294456165,41725494050000,171538051000001,-4.818,-1.237,-34.79,0
1398294456171,41725497987000,171538051000001,-4.818,-1.237,-34.79,0
1398294456178,41725508027000,171538051000001,-4.818,-1.237,-34.79,0
1398294456188,41725518037000,171538051000001,-4.818,-1.237,-34.79,0
1398294456198,41725528047000,171538051000001,-4.818,-1.237,-34.79,0
1398294456208,41725538026000,171538051000001,-4.818,-1.237,-34.79,0
1398294456218,41725548066000,171538051000001,-4.818,-1.237,-34.79,0
1398294456230,41725559602000,171538051000001,-4.818,-1.237,-34.79,0
1398294456238,41725568116000,171538051000001,-4.818,-1.237,-34.79,0
1398294456248,41725578065000,171538051000001,-4.818,-1.237,-34.79,0
1398294456258,41725588075000,171538051000001,-4.818,-1.237,-34.79,0
1398294456268,41725598115000,171538051000001,-4.818,-1.237,-34.79,0
1398294456285,41725614717000,171538051000001,-4.818,-1.237,-34.79,0
1398294456289,41725618592000,171538051000001,-4.818,-1.237,-34.79,0
1398294456305,41725634553000,171538051000001,-4.818,-1.237,-34.79,0
1398294456310,41725639436000,171538051000001,-4.818,-1.237,-34.79,0
1398294456325,41725654450000,171538051000001,-4.818,-1.237,-34.79,0
1398294456331,41725660493000,171538051000001,-4.818,-1.237,-34.79,0
1398294456344,41725674256000,171538051000001,-4.818,-1.237,-34.79,0
1398294456351,41725680940000,171538051000001,-4.818,-1.237,-34.79,0
1398294456365,41725694978000,171538051000001,-4.818,-1.237,-34.79,0
1398294456370,41725699830000,171538051000001,-4.818,-1.237,-34.79,0
1398294456385,41725714631000,171538051000001,-4.818,-1.237,-34.79,0
1398294456390,41725719514000,171538051000001,-4.818,-1.237,-34.79,0
1398294456405,41725734498000,171538051000001,-4.818,-1.237,-34.79,0
1398294456412,41725742066000,171538051000001,-4.818,-1.237,-35.093,0
1398294456423,41725753388000,171538051000001,-4.818,-1.237,-35.093,0
1398294456430,41725759461000,171538051000001,-4.818,-1.237,-35.093,0
1398294456445,41725774781000,171538051000001,-4.818,-1.237,-35.093,0
1398294456449,41725778688000,171538051000001,-4.499,-1.237,-35.093,0
1398294456469,41725798493000,171538051000001,-4.499,-1.237,-35.093,0
1398294456474,41725803773000,171538051000001,-4.499,-1.237,-35.093,0
1398294456481,41725810456000,171538051000001,-4.499,-1.237,-35.093,0
1398294456496,41725825624000,171538051000001,-4.499,-1.237,-35.093,0
1398294456499,41725828706000,171538051000001,-4.499,-1.237,-35.093,0
1398294456514,41725844178000,171538051000001,-4.499,-1.237,-35.093,0
1398294456520,41725849580000,171538051000001,-4.499,-1.237,-35.093,0
1398294456536,41725865754000,171538051000001,-4.499,-1.237,-35.093,0
1398294456539,41725868775000,171538051000001,-4.499,-1.237,-35.093,0
1398294456550,41725879487000,171538051000001,-4.499,-1.237,-35.093,0
1398294456568,41725894044000,171538051000001,-4.499,-1.237,-35.093,0
1398294456570,41725898194000,171538051000001,-4.499,-1.237,-35.093,0
1398294456580,41725908692000,171538051000001,-4.499,-1.237,-35.093,0
1398294456595,41725919953000,171538051000001,-4.499,-1.237,-35.093,0
1398294456607,41725928620000,171538051000001,-4.499,-1.237,-35.093,0
1398294456609,41725938447000,171538051000001,-4.499,-1.237,-35.093,0
1398294456628,41725948426000,171538051000001,-4.499,-1.237,-35.093,0
1398294456630,41725958467000,171538051000001,-4.499,-1.237,-35.093,0
1398294456639,41725968446000,171538051000001,-4.499,-1.237,-35.093,0
1398294456651,41725978456000,171538051000001,-4.832,-1.237,-35.093,0
1398294456658,41725988465000,171538051000001,-4.832,-1.237,-35.093,0
1398294456668,41725998536000,171538051000001,-4.832,-1.237,-35.093,0
1398294456678,41726008485000,171538051000001,-4.832,-1.237,-35.093,0
1398294456689,41726018495000,171538051000001,-4.832,-1.237,-35.093,0
1398294456703,41726032105000,171538051000001,-4.832,-1.237,-34.751,0
1398294456718,41726040986000,171538051000001,-4.832,-1.237,-34.751,0
1398294456722,41726048554000,171538051000001,-4.832,-1.237,-34.751,0
1398294456732,41726060578000,171538051000001,-4.832,-1.237,-34.751,0
1398294456741,41726070558000,171538051000001,-4.832,-1.237,-34.751,0
1398294456750,41726080445000,171538051000001,-4.832,-1.237,-34.751,0
1398294456765,41726095216000,171538051000001,-4.832,-1.237,-34.751,0
1398294456778,41726107392000,171538051000001,-4.832,-1.237,-34.751,0
1398294456781,41726110261000,171538051000001,-4.832,-1.237,-34.751,0
1398294456793,41726123170000,171538051000001,-4.832,-1.237,-34.751,0
1398294456804,41726129975000,171538051000001,-4.832,-1.237,-34.751,0
1398294456810,41726139802000,171538051000001,-4.832,-1.237,-34.751,0
1398294456819,41726149110000,171538051000001,-4.832,-1.237,-34.751,0
1398294456835,41726165010000,171538051000001,-4.832,-1.237,-34.751,0
1398294456839,41726169068000,171538051000001,-4.521,-1.237,-34.751,0
1398294456850,41726179963000,171538051000001,-4.521,-1.237,-34.751,0
1398294456867,41726195222000,171538051000001,-4.521,-1.237,-34.751,0
1398294456869,41726198701000,171538051000001,-4.521,-1.237,-34.751,0
1398294456885,41726214692000,171538051000001,-4.521,-1.545,-34.751,0
1398294456890,41726220124000,171538051000001,-4.521,-1.545,-34.751,0
1398294456905,41726235200000,171538051000001,-4.521,-1.545,-34.751,0
1398294456909,41726239167000,171538051000001,-4.521,-1.545,-34.751,0
1398294456928,41726253816000,171538051000001,-4.521,-1.545,-34.751,0
1398294456930,41726258729000,171538051000001,-4.521,-1.545,-34.751,0
1398294456939,41726268769000,171538051000001,-4.521,-1.545,-34.751,0
1398294456957,41726280366000,171538051000001,-4.521,-1.545,-34.751,0
1398294456959,41726289308000,171538051000001,-4.521,-1.545,-34.751,0
1398294456974,41726298768000,171538051000001,-4.521,-1.545,-34.751,0
1398294456980,41726308808000,171538051000001,-4.521,-1.545,-34.751,0
1398294456989,41726319184000,171538051000001,-4.521,-1.545,-34.751,0
1398294457001,41726330323000,171538051000001,-4.821,-1.545,-34.751,0
1398294457012,41726340913000,171538051000001,-4.821,-1.545,-34.751,0
1398294457022,41726351014000,171538051000001,-4.821,-1.545,-34.751,0
1398294457036,41726362886000,171538051000001,-4.821,-1.545,-34.751,0
1398294457040,41726368836000,171538051000001,-4.821,-1.545,-34.751,0
1398294457056,41726378907000,171538051000001,-4.821,-1.545,-34.751,0
1398294457059,41726388887000,171538051000001,-4.821,-1.545,-34.751,0
1398294457069,41726398896000,171538051000001,-4.821,-1.545,-34.751,0
1398294457083,41726412660000,171538051000001,-4.821,-1.545,-34.751,0
1398294457089,41726418916000,171538051000001,-4.821,-1.545,-34.751,0
1398294457099,41726428926000,171538051000001,-4.821,-1.545,-34.751,0
1398294457109,41726438935000,171538051000001,-4.821,-1.545,-34.751,0
1398294457120,41726448976000,171538051000001,-4.821,-1.545,-34.751,0
1398294457133,41726460511000,171538051000001,-4.821,-1.545,-34.751,0
1398294457140,41726469026000,171538051000001,-4.821,-1.545,-34.751,0
1398294457150,41726478974000,171538051000001,-4.821,-1.545,-34.751,0
1398294457164,41726494294000,171538051000001,-4.821,-1.545,-34.751,0
1398294457170,41726499848000,171538051000001,-4.821,-1.545,-34.751,0
1398294457186,41726509461000,171538051000001,-4.821,-1.545,-34.751,0
1398294457190,41726518983000,171538051000001,-4.821,-1.545,-34.751,0
1398294457201,41726529481000,171538051000001,-4.821,-1.545,-34.751,0
1398294457210,41726539033000,171538051000001,-4.821,-1.545,-34.751,0
1398294457219,41726549012000,171538051000001,-4.821,-1.545,-34.751,0
1398294457235,41726559510000,171538051000001,-4.821,-1.889,-34.751,0
1398294457240,41726569490000,171538051000001,-4.821,-1.889,-34.751,0
1398294457250,41726579042000,171538051000001,-4.821,-1.889,-34.751,0
1398294457261,41726590943000,171538051000001,-4.821,-1.889,-34.751,0
1398294457271,41726599916000,171538051000001,-4.821,-1.889,-34.431,0
1398294457283,41726612062000,171538051000001,-4.821,-1.889,-34.431,0
1398294457291,41726620118000,171538051000001,-4.821,-1.889,-34.431,0
1398294457301,41726629121000,171538051000001,-4.821,-1.889,-34.431,0
1398294457313,41726642457000,171538051000001,-4.821,-1.889,-34.431,0
1398294457320,41726649201000,171538051000001,-4.821,-1.889,-34.431,0
1398294457332,41726659181000,171538051000001,-4.821,-1.889,-34.431,0
1398294457340,41726669190000,171538051000001,-4.821,-1.889,-34.431,0
1398294457349,41726679170000,171538051000001,-4.821,-1.889,-34.431,0
1398294457359,41726689179000,171538051000001,-4.821,-1.889,-34.431,0
1398294457369,41726699159000,171538051000001,-5.133,-1.889,-34.431,0
1398294457379,41726709199000,171538051000001,-5.133,-1.889,-34.431,0
1398294457390,41726719209000,171538051000001,-5.133,-1.889,-34.431,0
1398294457400,41726729249000,171538051000001,-5.133,-1.889,-34.431,0
1398294457409,41726739228000,171538051000001,-5.133,-1.889,-34.431,0
1398294457419,41726749238000,171538051000001,-5.133,-1.889,-34.431,0
1398294457429,41726759248000,171538051000001,-5.133,-1.889,-34.431,0
1398294457441,41726769258000,171538051000001,-5.133,-1.889,-34.431,0
1398294457454,41726784089000,171538051000001,-5.133,-1.889,-34.431,0
1398294457462,41726792359000,171538051000001,-5.133,-1.889,-34.431,0
1398294457471,41726801240000,171538051000001,-5.133,-1.889,-34.431,0
1398294457481,41726810456000,171538051000001,-5.133,-1.889,-34.431,0
1398294457495,41726825044000,171538051000001,-5.133,-1.889,-34.431,0
1398294457500,41726830018000,171538051000001,-5.133,-1.889,-34.431,0
1398294457515,41726845307000,171538051000001,-5.133,-1.889,-34.431,0
1398294457521,41726850495000,171538051000001,-5.133,-1.889,-34.431,0
1398294457536,41726865510000,171538051000001,-5.133,-1.889,-34.431,0
1398294457541,41726871400000,171538051000001,-5.133,-1.889,-34.431,0
1398294457553,41726883363000,171538051000001,-5.133,-1.889,-34.431,0
1398294457565,41726894563000,171538051000001,-5.133,-1.889,-34.431,0
1398294457573,41726903138000,171538051000001,-5.133,-1.889,-34.431,0
1398294457584,41726914369000,171538051000001,-5.133,-1.889,-34.431,0
1398294457593,41726923005000,171538051000001,-5.133,-1.889,-34.431,0
1398294457605,41726935151000,171538051000001,-5.133,-1.889,-34.431,0
1398294457612,41726941835000,171538051000001,-5.133,-1.889,-34.431,0
1398294457626,41726955781000,171538051000001,-5.133,-1.889,-34.431,0
1398294457632,41726961701000,171538051000001,-5.133,-1.889,-34.431,0
1398294457645,41726974885000,171538051000001,-5.133,-1.889,-34.431,0
1398294457653,41726983125000,171538051000001,-5.133,-1.889,-34.431,0
1398294457665,41726995240000,171538051000001,-5.133,-1.889,-34.431,0
1398294457673,41727002534000,171538051000001,-5.133,-1.889,-34.431,0
1398294457686,41727015931000,171538051000001,-5.133,-1.889,-34.431,0
1398294457697,41727026948000,171538051000001,-5.133,-1.889,-34.431,0
1398294457701,41727029939000,171538051000001,-5.133,-1.889,-34.431,0
1398294457716,41727045869000,171538051000001,-5.133,-1.889,-34.431,0
1398294457721,41727050569000,171538051000001,-5.133,-1.889,-34.431,0
1398294457736,41727065705000,171538051000001,-5.133,-1.889,-34.431,0
1398294457740,41727070405000,171538051000001,-5.133,-1.889,-34.431,0
1398294457751,41727080384000,171538051000001,-5.133,-1.889,-34.431,0
1398294457763,41727092805000,171538051000001,-5.133,-1.889,-34.431,0
1398294457773,41727102754000,171538051000001,-5.133,-1.889,-34.431,0
1398294457781,41727110566000,171538051000001,-5.133,-2.227,-34.431,0
1398294457795,41727125367000,171538051000001,-5.133,-2.227,-34.431,0
1398294457801,41727130494000,171538051000001,-5.133,-2.227,-34.431,0
1398294457815,41727145356000,171538051000001,-5.133,-2.227,-34.431,0
1398294457842,41727150697000,171538051000001,-4.827,-2.227,-34.431,0
1398294457845,41727159669000,171538051000001,-4.827,-2.227,-34.431,0
1398294457847,41727169679000,171538051000001,-4.827,-2.227,-34.431,0
1398294457861,41727181214000,171538051000001,-4.827,-2.227,-34.431,0
1398294457862,41727189729000,171538051000001,-4.827,-2.543,-34.431,0
1398294457871,41727200105000,171538051000001,-4.827,-2.543,-34.062,0
1398294457888,41727209687000,171538051000001,-4.827,-2.543,-34.062,0
1398294457902,41727219728000,171538051000001,-5.145,-2.543,-34.062,0
1398294457904,41727229707000,171538051000001,-5.145,-2.856,-34.062,0
1398294457910,41727239717000,171538051000001,-5.145,-2.856,-34.062,0
1398294457920,41727249757000,171538051000001,-5.145,-2.856,-34.062,0
1398294457930,41727259736000,171538051000001,-5.145,-3.198,-34.062,0
1398294457940,41727269746000,171538051000001,-5.145,-3.198,-34.062,0
1398294457950,41727279756000,171538051000001,-5.145,-3.198,-33.75,0
1398294457960,41727289765000,171538051000001,-5.145,-3.529,-33.75,0
1398294457970,41727299745000,171538051000001,-5.145,-3.529,-33.75,0
1398294457980,41727309754000,171538051000001,-5.145,-3.529,-33.75,0
1398294457990,41727319795000,171538051000001,-5.145,-3.529,-33.75,0
1398294458003,41727333253000,171538051000001,-5.145,-3.886,-33.75,0
1398294458009,41727339753000,171538051000001,-5.145,-3.886,-33.75,0
1398294458020,41727349763000,171538051000001,-5.145,-3.886,-33.75,0
1398294458031,41727361329000,171538051000001,-5.145,-3.886,-33.75,0
1398294458040,41727369813000,171538051000001,-5.145,-3.886,-33.75,0
1398294458050,41727379792000,171538051000001,-5.145,-4.238,-33.75,0
1398294458060,41727389802000,171538051000001,-5.145,-4.238,-33.75,0
1398294458070,41727399842000,171538051000001,-5.145,-4.238,-33.75,0
1398294458080,41727409852000,171538051000001,-5.145,-4.238,-33.75,0
1398294458090,41727419862000,171538051000001,-5.145,-4.238,-33.75,0
1398294458100,41727429841000,171538051000001,-5.145,-4.238,-33.75,0
1398294458110,41727439881000,171538051000001,-4.841,-4.238,-33.75,0
1398294458120,41727449891000,171538051000001,-4.841,-4.238,-33.75,0
1398294458130,41727459901000,171538051000001,-4.841,-4.238,-33.75,0
1398294458140,41727469911000,171538051000001,-4.841,-4.238,-33.75,0
1398294458150,41727479920000,171538051000001,-4.841,-4.238,-33.75,0
1398294458160,41727489930000,171538051000001,-4.841,-4.238,-33.75,0
1398294458170,41727499940000,171538051000001,-4.841,-4.238,-33.75,0
1398294458180,41727509950000,171538051000001,-4.841,-3.852,-33.75,0
1398294458190,41727519960000,171538051000001,-4.841,-3.852,-34.072,0
1398294458200,41727529969000,171538051000001,-4.841,-3.852,-34.072,0
1398294458211,41727541535000,171538051000001,-4.841,-3.852,-34.072,0
1398294458220,41727550019000,171538051000001,-4.841,-3.54,-34.072,0
1398294458230,41727559999000,171538051000001,-4.841,-3.54,-34.072,0
1398294458240,41727569978000,171538051000001,-4.841,-3.54,-34.072,0
1398294458250,41727580018000,171538051000001,-4.841,-3.54,-34.072,0
1398294458260,41727590058000,171538051000001,-4.841,-3.54,-34.072,0
1398294458270,41727600038000,171538051000001,-4.524,-3.199,-34.394,0
1398294458280,41727610047000,171538051000001,-4.524,-3.199,-34.394,0
1398294458290,41727620057000,171538051000001,-4.524,-3.199,-34.394,0
1398294458300,41727630067000,171538051000001,-4.524,-3.199,-34.394,0
1398294458310,41727640443000,171538051000001,-4.524,-3.199,-34.394,0
1398294458320,41727650086000,171538051000001,-4.524,-3.199,-34.394,0
1398294458330,41727660096000,171538051000001,-4.524,-2.894,-34.394,0
1398294458340,41727670106000,171538051000001,-4.524,-2.894,-34.394,0
1398294458352,41727680116000,171538051000001,-4.524,-2.894,-34.394,0
1398294458360,41727690187000,171538051000001,-4.524,-2.894,-34.394,0
1398294458370,41727700166000,171538051000001,-4.524,-2.894,-34.394,0
1398294458380,41727710206000,171538051000001,-4.524,-2.894,-34.394,0
1398294458392,41727721742000,171538051000001,-4.524,-2.894,-34.394,0
1398294458400,41727730226000,171538051000001,-4.524,-2.894,-34.394,0
1398294458410,41727740205000,171538051000001,-4.524,-2.894,-34.394,0
1398294458420,41727750215000,171538051000001,-4.524,-2.894,-34.394,0
1398294458430,41727760224000,171538051000001,-4.524,-2.894,-34.394,0
1398294458440,41727770204000,171538051000001,-4.524,-2.894,-34.394,0
1398294458450,41727780244000,171538051000001,-4.524,-2.894,-34.394,0
1398294458461,41727790498000,171538051000001,-4.524,-2.894,-34.394,0
1398294458470,41727800263000,171538051000001,-4.524,-2.894,-34.394,0
1398294458480,41727810243000,171538051000001,-4.524,-2.894,-34.394,0
1398294458490,41727820252000,171538051000001,-4.524,-2.894,-34.057,0
1398294458504,41727830262000,171538051000001,-4.524,-2.894,-34.057,0
1398294458514,41727843751000,171538051000001,-4.524,-2.894,-34.057,0
1398294458522,41727851960000,171538051000001,-4.524,-3.257,-34.057,0
1398294458532,41727861848000,171538051000001,-4.524,-3.257,-34.057,0
1398294458542,41727871858000,171538051000001,-4.524,-3.257,-34.057,0
1398294458554,41727883760000,171538051000001,-4.524,-3.257,-34.057,0
1398294458564,41727893922000,171538051000001,-4.211,-3.601,-34.057,0
1398294458574,41727904237000,171538051000001,-4.211,-3.601,-34.057,0
1398294458586,41727915650000,171538051000001,-4.211,-3.601,-34.057,0
1398294458594,41727924256000,171538051000001,-4.211,-3.601,-34.057,0
1398294458604,41727933930000,171538051000001,-3.892,-3.947,-34.057,0
1398294458620,41727949037000,171538051000001,-3.892,-3.947,-34.057,0
1398294458623,41727952577000,171538051000001,-3.892,-3.947,-34.057,0
1398294458635,41727965028000,171538051000001,-3.892,-4.248,-34.057,0
1398294458643,41727973420000,171538051000001,-3.892,-4.248,-34.057,0
1398294458654,41727983827000,171538051000001,-3.892,-4.248,-34.057,0
1398294458664,41727994355000,171538051000001,-3.892,-4.248,-34.057,0
1398294458674,41728004426000,171538051000001,-3.892,-4.598,-34.057,0
1398294458683,41728012910000,171538051000001,-3.892,-4.598,-34.057,0
1398294458693,41728023072000,171538051000001,-3.892,-4.598,-34.057,0
1398294458704,41728034242000,171538051000001,-3.892,-4.901,-34.057,0
1398294458715,41728044496000,171538051000001,-3.892,-4.901,-34.057,0
1398294458724,41728054414000,171538051000001,-3.892,-4.901,-34.057,0
1398294458734,41728064027000,171538051000001,-3.892,-5.229,-34.057,0
1398294458744,41728074037000,171538051000001,-3.892,-5.229,-33.677,0
1398294458757,41728082063000,171538051000001,-3.892,-5.229,-33.677,0
1398294458766,41728091310000,171538051000001,-3.892,-5.56,-33.677,0
1398294458771,41728100587000,171538051000001,-3.892,-5.56,-33.677,0
1398294458781,41728110566000,171538051000001,-3.892,-5.56,-33.343,0
1398294458791,41728120576000,171538051000001,-3.892,-5.862,-33.343,0
1398294458801,41728130555000,171538051000001,-3.892,-5.862,-33.343,0
1398294458811,41728140595000,171538051000001,-4.238,-5.862,-33.343,0
1398294458821,41728150605000,171538051000001,-4.238,-5.862,-32.978,0
1398294458831,41728160615000,171538051000001,-4.238,-5.862,-32.978,0
1398294458841,41728170625000,171538051000001,-4.545,-5.862,-32.978,0
1398294458851,41728180635000,171538051000001,-4.545,-6.227,-32.978,0
1398294458865,41728190675000,171538051000001,-4.545,-6.227,-32.978,0
1398294458871,41728200654000,171538051000001,-4.545,-6.227,-32.675,0
1398294458881,41728210664000,171538051000001,-4.545,-6.227,-32.675,0
1398294458891,41728220674000,171538051000001,-4.887,-6.227,-32.675,0
1398294458901,41728230683000,171538051000001,-4.887,-6.227,-32.675,0
1398294458911,41728240693000,171538051000001,-4.887,-6.227,-32.675,0
1398294458926,41728255952000,171538051000001,-4.887,-6.227,-32.675,0
1398294458932,41728262269000,171538051000001,-4.887,-6.227,-32.675,0
1398294458941,41728270753000,171538051000001,-4.887,-6.227,-32.675,0
1398294458951,41728280702000,171538051000001,-4.887,-6.227,-32.675,0
1398294458962,41728290772000,171538051000001,-4.887,-6.227,-32.675,0
1398294458974,41728304475000,171538051000001,-4.887,-6.227,-32.675,0
1398294458985,41728314668000,171538051000001,-4.887,-6.227,-32.675,0
1398294458994,41728324281000,171538051000001,-4.887,-6.227,-32.675,0
1398294459005,41728334596000,171538051000001,-4.576,-6.227,-32.675,0
1398294459014,41728344270000,171538051000001,-4.576,-6.227,-32.675,0
1398294459026,41728354890000,171538051000001,-4.576,-6.227,-32.675,0
1398294459033,41728363130000,171538051000001,-4.179,-6.227,-33.023,0
1398294459044,41728374269000,171538051000001,-4.179,-6.227,-33.023,0
1398294459054,41728384156000,171538051000001,-4.179,-6.227,-33.023,0
1398294459064,41728394288000,171538051000001,-3.849,-6.227,-33.023,0
1398294459075,41728404603000,171538051000001,-3.849,-6.227,-33.023,0
1398294459084,41728414460000,171538051000001,-3.849,-6.227,-33.384,0
1398294459094,41728424348000,171538051000001,-3.536,-6.227,-33.384,0
1398294459105,41728435029000,171538051000001,-3.536,-6.227,-33.384,0
1398294459113,41728443086000,171538051000001,-3.536,-6.227,-33.384,0
1398294459134,41728455628000,171538051000001,-3.536,-6.227,-33.728,0
1398294459136,41728460816000,171538051000001,-3.536,-6.227,-33.728,0
1398294459148,41728471742000,171538051000001,-3.536,-6.227,-33.728,0
1398294459151,41728481355000,171538051000001,-3.536,-6.227,-33.728,0
1398294459169,41728490907000,171538051000001,-3.536,-6.227,-33.728,0
1398294459172,41728500947000,171538051000001,-3.536,-6.227,-33.728,0
1398294459183,41728510926000,171538051000001,-3.536,-6.227,-33.728,0
1398294459194,41728521394000,171538051000001,-3.536,-6.227,-33.728,0
1398294459203,41728532807000,171538051000001,-3.536,-6.227,-33.728,0
1398294459212,41728541596000,171538051000001,-3.536,-6.227,-34.056,0
1398294459232,41728560029000,171538051000001,-3.536,-6.227,-34.056,0
1398294459233,41728563111000,171538051000001,-3.536,-6.227,-34.056,0
1398294459247,41728570985000,171538051000001,-3.536,-6.227,-34.056,0
1398294459256,41728580995000,171538051000001,-3.536,-6.227,-34.056,0
1398294459267,41728591004000,171538051000001,-3.536,-6.227,-34.056,0
1398294459271,41728601014000,171538051000001,-3.536,-6.227,-34.056,0
1398294459283,41728611573000,171538051000001,-3.536,-6.227,-34.056,0
1398294459293,41728622621000,171538051000001,-3.536,-6.227,-34.056,0
1398294459301,41728631013000,171538051000001,-3.536,-6.227,-34.056,0
1398294459311,41728640992000,171538051000001,-3.536,-6.227,-34.056,0
1398294459321,41728651002000,171538051000001,-3.536,-6.227,-34.056,0
1398294459331,41728661012000,171538051000001,-3.536,-6.227,-34.056,0
1398294459341,41728671022000,171538051000001,-3.536,-6.227,-34.056,0
1398294459351,41728681031000,171538051000001,-3.536,-6.227,-34.056,0
1398294459361,41728691041000,171538051000001,-3.536,-6.227,-34.056,0
1398294459371,41728701051000,171538051000001,-3.208,-6.227,-34.056,0
1398294459381,41728711061000,171538051000001,-3.208,-6.227,-34.056,0
1398294459391,41728721131000,171538051000001,-3.208,-6.227,-34.056,0
1398294459403,41728731141000,171538051000001,-3.208,-6.227,-34.056,0
1398294459411,41728741120000,171538051000001,-3.208,-6.227,-34.056,0
1398294459421,41728751100000,171538051000001,-3.208,-6.227,-34.056,0
1398294459431,41728761140000,171538051000001,-3.208,-6.227,-33.714,0
1398294459446,41728771119000,171538051000001,-3.208,-6.227,-33.714,0
1398294459451,41728781129000,171538051000001,-3.208,-6.227,-33.714,0
1398294459462,41728791139000,171538051000001,-3.208,-6.227,-33.714,0
1398294459473,41728802705000,171538051000001,-3.208,-6.532,-33.714,0
1398294459482,41728811189000,171538051000001,-3.208,-6.532,-33.714,0
1398294459494,41728821351000,171538051000001,-3.208,-6.532,-33.714,0
1398294459501,41728831178000,171538051000001,-3.208,-6.532,-33.714,0
1398294459511,41728841188000,171538051000001,-3.208,-6.532,-33.714,0
1398294459521,41728851197000,171538051000001,-3.208,-6.532,-33.714,0
1398294459534,41728864076000,171538051000001,-3.208,-6.532,-33.714,0
1398294459547,41728871247000,171538051000001,-3.208,-6.532,-33.714,0
1398294459554,41728881227000,171538051000001,-3.208,-6.532,-33.714,0
1398294459564,41728891236000,171538051000001,-3.208,-6.532,-33.714,0
1398294459571,41728901246000,171538051000001,-3.208,-6.532,-33.714,0
1398294459581,41728911256000,171538051000001,-3.208,-6.532,-33.714,0
1398294459591,41728921266000,171538051000001,-3.208,-6.532,-33.714,0
1398294459601,41728931245000,171538051000001,-3.208,-6.532,-33.714,0
1398294459611,41728941255000,171538051000001,-3.208,-6.532,-33.714,0
1398294459621,41728951264000,171538051000001,-3.208,-6.532,-33.714,0
1398294459634,41728961305000,171538051000001,-3.208,-6.532,-33.714,0
1398294459643,41728971314000,171538051000001,-3.208,-6.532,-33.714,0
1398294459653,41728982881000,171538051000001,-3.208,-6.532,-33.714,0
1398294459662,41728991365000,171538051000001,-3.559,-6.532,-33.714,0
1398294459672,41729001313000,171538051000001,-3.559,-6.217,-33.714,0
1398294459683,41729011354000,171538051000001,-3.559,-6.217,-33.714,0
1398294459691,41729021363000,171538051000001,-3.559,-6.217,-33.34,0
1398294459702,41729031373000,171538051000001,-3.559,-6.217,-33.34,0
1398294459711,41729041383000,171538051000001,-3.559,-6.217,-33.34,0
1398294459721,41729051362000,171538051000001,-3.903,-6.217,-33.34,0
1398294459731,41729061402000,171538051000001,-3.903,-6.217,-33.34,0
1398294459741,41729071382000,171538051000001,-3.903,-5.9,-33.34,0
1398294459751,41729081422000,171538051000001,-3.903,-5.9,-33.34,0
1398294459761,41729091432000,171538051000001,-3.903,-5.9,-33.34,0
1398294459771,41729101441000,171538051000001,-3.903,-5.9,-33.34,0
1398294459781,41729111451000,171538051000001,-3.903,-5.9,-33.34,0
1398294459791,41729121461000,171538051000001,-3.903,-5.9,-33.34,0
1398294459801,41729131440000,171538051000001,-3.903,-5.9,-33.34,0
1398294459811,41729141481000,171538051000001,-3.903,-5.9,-33.34,0
1398294459822,41729151490000,171538051000001,-3.903,-5.598,-33.34,0
1398294459833,41729163026000,171538051000001,-3.903,-5.598,-33.34,0
1398294459847,41729176423000,171538051000001,-3.903,-5.598,-33.34,0
1398294459852,41729181489000,171538051000001,-3.903,-5.598,-33.34,0
1398294459862,41729191590000,171538051000001,-3.903,-5.598,-33.34,0
1398294459871,41729201570000,171538051000001,-3.903,-5.598,-33.34,0
1398294459882,41729211579000,171538051000001,-3.903,-5.598,-33.34,0
1398294459893,41729221589000,171538051000001,-3.903,-5.598,-33.34,0
1398294459902,41729231599000,171538051000001,-3.903,-5.598,-33.34,0
1398294459911,41729241578000,171538051000001,-3.903,-5.598,-33.34,0
1398294459921,41729251588000,171538051000001,-3.553,-5.598,-33.711,0
1398294459932,41729261598000,171538051000001,-3.553,-5.598,-33.711,0
1398294459942,41729271607000,171538051000001,-3.553,-5.598,-33.711,0
1398294459952,41729281617000,171538051000001,-3.553,-5.598,-33.711,0
1398294459962,41729291627000,171538051000001,-3.553,-5.598,-33.711,0
1398294459971,41729301637000,171538051000001,-3.553,-5.598,-33.711,0
1398294459982,41729311647000,171538051000001,-3.553,-5.291,-33.711,0
1398294459991,41729321656000,171538051000001,-3.553,-5.291,-33.711,0
1398294460001,41729331636000,171538051000001,-3.553,-5.291,-33.711,0
1398294460013,41729343202000,171538051000001,-3.553,-5.291,-33.711,0
1398294460022,41729351747000,171538051000001,-3.553,-5.291,-33.711,0
1398294460032,41729361695000,171538051000001,-3.553,-5.291,-33.711,0
1398294460042,41729371705000,171538051000001,-3.553,-5.291,-33.711,0
1398294460052,41729381959000,171538051000001,-3.553,-5.291,-33.711,0
1398294460062,41729391694000,171538051000001,-3.553,-5.291,-33.711,0
1398294460072,41729401704000,171538051000001,-3.553,-5.291,-33.711,0
1398294460082,41729411744000,171538051000001,-3.553,-5.291,-33.711,0
1398294460092,41729421723000,171538051000001,-3.553,-5.291,-33.711,0
1398294460102,41729431794000,171538051000001,-3.553,-5.291,-33.711,0
1398294460112,41729441773000,171538051000001,-3.91,-5.291,-33.711,0
1398294460123,41729451783000,171538051000001,-3.91,-5.291,-33.711,0
1398294460132,41729461793000,171538051000001,-3.91,-5.291,-33.377,0
1398294460142,41729471803000,171538051000001,-3.91,-5.291,-33.377,0
1398294460154,41729483644000,171538051000001,-3.91,-5.291,-33.377,0
1398294460162,41729491822000,171538051000001,-3.91,-5.291,-33.377,0
1398294460176,41729501832000,171538051000001,-3.91,-5.291,-33.377,0
1398294460185,41729511872000,171538051000001,-4.226,-5.291,-33.377,0
1398294460195,41729523683000,171538051000001,-4.226,-5.291,-33.377,0
1398294460202,41729531892000,171538051000001,-4.226,-5.291,-33.377,0
1398294460212,41729541841000,171538051000001,-4.226,-5.291,-33.377,0
1398294460222,41729551850000,171538051000001,-4.226,-5.291,-33.377,0
1398294460232,41729561860000,171538051000001,-4.226,-5.291,-33.377,0
1398294460242,41729571900000,171538051000001,-4.226,-5.291,-33.377,0
1398294460252,41729581880000,171538051000001,-4.226,-5.291,-33.377,0
1398294460262,41729591889000,171538051000001,-4.226,-5.291,-33.377,0
1398294460272,41729601960000,171538051000001,-4.226,-5.291,-33.377,0
1398294460282,41729611909000,171538051000001,-4.226,-4.971,-33.377,0
1398294460292,41729622071000,171538051000001,-4.226,-4.971,-33.377,0
1398294460302,41729631928000,171538051000001,-4.226,-4.971,-33.377,0
1398294460312,41729641938000,171538051000001,-4.226,-4.971,-33.377,0
1398294460322,41729651979000,171538051000001,-4.226,-4.971,-33.377,0
1398294460332,41729661988000,171538051000001,-4.226,-4.971,-33.377,0
1398294460342,41729671998000,171538051000001,-4.226,-4.971,-33.377,0
1398294460352,41729682008000,171538051000001,-4.226,-4.971,-33.377,0
1398294460362,41729692018000,171538051000001,-4.585,-4.971,-33.377,0
1398294460374,41729703553000,171538051000001,-4.585,-4.971,-33.377,0
1398294460382,41729712068000,171538051000001,-4.585,-4.971,-33.377,0
1398294460392,41729722047000,171538051000001,-4.585,-4.971,-33.377,0
1398294460403,41729732026000,171538051000001,-4.585,-4.669,-33.377,0
1398294460416,41729742036000,171538051000001,-4.981,-4.669,-33.377,0
1398294460431,41729752107000,171538051000001,-4.981,-4.669,-33.377,0
1398294460433,41729762300000,171538051000001,-4.981,-4.669,-33.377,0
1398294460442,41729772096000,171538051000001,-5.363,-4.669,-33.377,0
1398294460452,41729782075000,171538051000001,-5.363,-4.669,-33.061,0
1398294460463,41729792115000,171538051000001,-5.363,-4.669,-33.061,0
1398294460473,41729802125000,171538051000001,-5.363,-4.354,-33.061,0
1398294460482,41729812104000,171538051000001,-5.363,-4.354,-33.061,0
1398294460492,41729822114000,171538051000001,-5.363,-4.354,-33.061,0
1398294460502,41729832124000,171538051000001,-5.363,-4.354,-33.061,0
1398294460512,41729842164000,171538051000001,-5.363,-4.354,-33.061,0
1398294460526,41729852174000,171538051000001,-5.363,-4.354,-33.061,0
1398294460533,41729862611000,171538051000001,-5.363,-4.354,-33.061,0
1398294460542,41729872193000,171538051000001,-5.712,-4.354,-33.061,0
1398294460554,41729883760000,171538051000001,-5.712,-4.354,-33.061,0
1398294460562,41729892243000,171538051000001,-5.712,-4.354,-33.061,0
1398294460572,41729902223000,171538051000001,-5.712,-4.354,-33.061,0
1398294460582,41729912232000,171538051000001,-5.712,-4.354,-33.061,0
1398294460592,41729922273000,171538051000001,-5.712,-4.354,-33.061,0
1398294460602,41729932252000,171538051000001,-5.712,-4.354,-33.061,0
1398294460612,41729942292000,171538051000001,-5.712,-4.354,-33.061,0
1398294460623,41729952302000,171538051000001,-5.712,-4.354,-33.061,0
1398294460632,41729962281000,171538051000001,-5.712,-4.354,-33.061,0
1398294460642,41729972291000,171538051000001,-5.712,-4.354,-33.061,0
1398294460652,41729982331000,171538051000001,-5.712,-4.354,-33.061,0
1398294460662,41729992341000,171538051000001,-5.712,-4.354,-33.061,0
1398294460672,41730002351000,171538051000001,-5.712,-4.354,-33.061,0
1398294460682,41730012361000,171538051000001,-5.712,-4.354,-33.061,0
1398294460692,41730022370000,171538051000001,-5.712,-4.354,-33.061,0
1398294460702,41730032350000,171538051000001,-5.712,-4.354,-33.061,0
1398294460712,41730042390000,171538051000001,-5.712,-4.354,-33.061,0
1398294460722,41730052400000,171538051000001,-5.712,-4.354,-33.061,0
1398294460734,41730063935000,171538051000001,-5.712,-4.354,-33.061,0
1398294460742,41730072450000,171538051000001,-5.712,-4.354,-33.061,0
1398294460752,41730082398000,171538051000001,-5.712,-4.687,-33.061,0
1398294460763,41730093049000,171538051000001,-5.712,-4.687,-33.061,0
1398294460772,41730102418000,171538051000001,-5.712,-4.687,-33.061,0
1398294460782,41730112397000,171538051000001,-5.712,-4.687,-33.061,0
1398294460794,41730123323000,171538051000001,-5.712,-4.687,-33.061,0
1398294460805,41730134736000,171538051000001,-5.712,-4.989,-32.757,0
1398294460814,41730143891000,171538051000001,-5.374,-4.989,-32.757,0
1398294460829,41730153352000,171538051000001,-5.374,-4.989,-32.757,0
1398294460833,41730162873000,171538051000001,-5.374,-4.989,-32.757,0
1398294460845,41730172547000,171538051000001,-5.374,-4.989,-32.757,0
1398294460865,41730183869000,171538051000001,-5.374,-4.989,-32.757,0
1398294460873,41730193360000,171538051000001,-5.374,-4.989,-32.757,0
1398294460874,41730202546000,171538051000001,-5.374,-5.314,-32.757,0
1398294460883,41730212556000,171538051000001,-5.374,-5.314,-32.757,0
1398294460893,41730222566000,171538051000001,-5.374,-5.314,-32.757,0
1398294460907,41730233918000,171538051000001,-5.374,-5.314,-32.757,0
1398294460915,41730244416000,171538051000001,-5.374,-5.314,-32.757,0
1398294460925,41730252778000,171538051000001,-5.374,-5.314,-32.757,0
1398294460941,41730262605000,171538051000001,-5.374,-5.314,-32.757,0
1398294460943,41730272615000,171538051000001,-5.374,-5.314,-32.757,0
1398294460955,41730282624000,171538051000001,-5.699,-5.314,-32.757,0
1398294460963,41730292634000,171538051000001,-5.699,-5.314,-32.757,0
1398294460980,41730302644000,171538051000001,-5.699,-5.314,-32.757,0
1398294460983,41730312623000,171538051000001,-5.699,-5.314,-32.757,0
1398294460993,41730322633000,171538051000001,-5.699,-5.314,-32.757,0
1398294461003,41730332643000,171538051000001,-5.699,-5.314,-32.757,0
1398294461013,41730342652000,171538051000001,-5.699,-5.314,-32.757,0
1398294461023,41730352693000,171538051000001,-5.699,-5.314,-32.757,0
1398294461033,41730362702000,171538051000001,-5.699,-5.314,-32.757,0
1398294461043,41730372682000,171538051000001,-5.699,-5.314,-32.757,0
1398294461053,41730382691000,171538051000001,-5.699,-5.314,-32.757,0
1398294461069,41730392854000,171538051000001,-5.699,-5.314,-32.757,0
1398294461074,41730402741000,171538051000001,-5.699,-5.314,-32.757,0
1398294461084,41730413484000,171538051000001,-5.699,-5.314,-32.757,0
1398294461095,41730424348000,171538051000001,-5.699,-5.314,-32.757,0
1398294461105,41730433595000,171538051000001,-5.699,-5.314,-32.757,0
1398294461113,41730442811000,171538051000001,-5.699,-4.992,-32.757,0
1398294461123,41730452821000,171538051000001,-5.699,-4.992,-32.757,0
1398294461135,41730462861000,171538051000001,-5.699,-4.992,-32.757,0
1398294461145,41730474305000,171538051000001,-5.395,-4.992,-32.757,0
1398294461157,41730483674000,171538051000001,-5.395,-4.992,-32.757,0
1398294461165,41730494325000,171538051000001,-5.395,-4.992,-32.757,0
1398294461183,41730502870000,171538051000001,-5.395,-4.992,-32.757,0
1398294461185,41730512849000,171538051000001,-5.395,-4.992,-32.757,0
1398294461204,41730523286000,171538051000001,-5.395,-4.992,-32.757,0
1398294461207,41730532899000,171538051000001,-5.395,-4.992,-32.757,0
1398294461213,41730542878000,171538051000001,-5.395,-4.992,-33.058,0
1398294461223,41730552888000,171538051000001,-5.395,-4.992,-33.058,0
1398294461233,41730562898000,171538051000001,-5.395,-4.992,-33.058,0
1398294461243,41730572908000,171538051000001,-5.395,-4.992,-33.058,0
1398294461253,41730582917000,171538051000001,-5.395,-4.992,-33.058,0
1398294461263,41730593110000,171538051000001,-5.395,-4.992,-33.058,0
1398294461275,41730604493000,171538051000001,-5.395,-4.992,-33.058,0
1398294461283,41730612977000,171538051000001,-5.395,-4.669,-33.058,0
1398294461295,41730625337000,171538051000001,-5.395,-4.669,-33.058,0
1398294461306,41730636628000,171538051000001,-5.395,-4.669,-33.058,0
1398294461315,41730645112000,171538051000001,-5.395,-4.669,-33.058,0
1398294461329,41730659242000,171538051000001,-5.395,-4.669,-33.058,0
1398294461335,41730665650000,171538051000001,-5.395,-4.669,-33.058,0
1398294461349,41730679231000,171538051000001,-5.395,-4.669,-33.058,0
1398294461356,41730685792000,171538051000001,-5.395,-4.669,-33.058,0
1398294461366,41730696565000,171538051000001,-5.395,-4.669,-33.058,0
1398294461383,41730712831000,171538051000001,-5.395,-4.669,-33.058,0
1398294461390,41730714570000,171538051000001,-5.395,-4.669,-33.058,0
1398294461393,41730723054000,171538051000001,-5.395,-4.669,-33.058,0
1398294461410,41730733216000,171538051000001,-5.395,-4.669,-33.372,0
1398294461432,41730744386000,171538051000001,-5.079,-4.669,-33.372,0
1398294461438,41730753114000,171538051000001,-5.079,-4.669,-33.372,0
1398294461443,41730763093000,171538051000001,-5.079,-4.669,-33.372,0
1398294461445,41730773103000,171538051000001,-5.079,-4.325,-33.372,0
1398294461458,41730785127000,171538051000001,-5.079,-4.325,-33.372,0
1398294461465,41730795167000,171538051000001,-5.079,-4.325,-33.372,0
1398294461473,41730803407000,171538051000001,-5.412,-4.325,-33.372,0
1398294461493,41730813142000,171538051000001,-5.412,-4.325,-33.372,0
1398294461494,41730823121000,171538051000001,-5.412,-4.325,-33.372,0
1398294461506,41730833131000,171538051000001,-5.412,-4.325,-33.372,0
1398294461514,41730843385000,171538051000001,-5.412,-4.325,-33.372,0
1398294461523,41730853150000,171538051000001,-5.412,-4.325,-33.372,0
1398294461533,41730863160000,171538051000001,-5.412,-4.325,-33.372,0
1398294461543,41730873170000,171538051000001,-5.412,-4.325,-33.372,0
1398294461553,41730883241000,171538051000001,-5.412,-4.325,-33.372,0
1398294461563,41730893220000,171538051000001,-5.412,-4.325,-33.372,0
1398294461573,41730903199000,171538051000001,-5.412,-4.325,-33.032,0
1398294461583,41730913209000,171538051000001,-5.412,-4.325,-33.032,0
1398294461593,41730923219000,171538051000001,-5.412,-4.325,-33.032,0
1398294461603,41730933229000,171538051000001,-5.412,-4.325,-33.032,0
1398294461613,41730943208000,171538051000001,-5.412,-4.325,-33.032,0
1398294461623,41730953218000,171538051000001,-5.412,-4.325,-33.032,0
1398294461635,41730964784000,171538051000001,-5.412,-4.325,-33.032,0
1398294461643,41730973298000,171538051000001,-5.412,-4.325,-33.032,0
1398294461653,41730983247000,171538051000001,-5.412,-4.325,-33.032,0
1398294461663,41730993287000,171538051000001,-5.412,-4.325,-33.032,0
1398294461673,41731003297000,171538051000001,-5.412,-4.325,-33.032,0
1398294461685,41731014863000,171538051000001,-5.412,-4.325,-33.032,0
1398294461693,41731023316000,171538051000001,-5.412,-4.325,-33.032,0
1398294461703,41731033326000,171538051000001,-5.412,-4.325,-33.032,0
1398294461714,41731043366000,171538051000001,-5.412,-4.325,-33.032,0
1398294461723,41731053346000,171538051000001,-5.412,-4.325,-33.032,0
1398294461733,41731063356000,171538051000001,-5.412,-4.325,-33.032,0
1398294461743,41731073365000,171538051000001,-5.412,-4.325,-33.032,0
1398294461753,41731083406000,171538051000001,-5.412,-4.325,-33.032,0
1398294461767,41731093415000,171538051000001,-5.412,-4.325,-33.032,0
1398294461780,41731103395000,171538051000001,-5.412,-4.325,-33.032,0
1398294461783,41731113404000,171538051000001,-5.412,-4.325,-33.032,0
1398294461793,41731123414000,171538051000001,-5.412,-4.325,-33.032,0
1398294461803,41731133424000,171538051000001,-5.412,-4.325,-33.032,0
1398294461815,41731144960000,171538051000001,-5.412,-4.325,-33.032,0
1398294461824,41731153443000,171538051000001,-5.412,-4.325,-33.032,0
1398294461833,41731163392000,171538051000001,-5.412,-4.325,-33.032,0
1398294461846,41731173402000,171538051000001,-5.412,-4.325,-33.032,0
1398294461854,41731183442000,171538051000001,-5.412,-4.325,-33.032,0
1398294461864,41731193452000,171538051000001,-5.412,-4.325,-33.032,0
1398294461874,41731203462000,171538051000001,-5.412,-4.325,-33.032,0
1398294461885,41731213441000,171538051000001,-5.412,-4.325,-33.032,0
1398294461894,41731223512000,171538051000001,-5.412,-4.325,-33.032,0
1398294461904,41731233491000,171538051000001,-5.412,-4.325,-33.032,0
1398294461913,41731243470000,171538051000001,-5.412,-4.325,-33.032,0
1398294461923,41731253511000,171538051000001,-5.412,-4.325,-33.032,0
1398294461933,41731263490000,171538051000001,-5.412,-4.325,-33.032,0
1398294461943,41731273500000,171538051000001,-5.412,-4.325,-33.032,0
1398294461954,41731283540000,171538051000001,-5.412,-4.325,-33.032,0
1398294461964,41731293550000,171538051000001,-5.412,-4.325,-33.032,0
1398294461974,41731303620000,171538051000001,-5.412,-4.325,-33.032,0
1398294461984,41731313539000,171538051000001,-5.412,-4.325,-33.032,0
1398294461997,41731327424000,171538051000001,-5.412,-4.325,-33.032,0
1398294462003,41731333619000,171538051000001,-5.412,-4.325,-33.032,0
1398294462013,41731343598000,171538051000001,-5.412,-4.325,-33.032,0
1398294462024,41731353608000,171538051000001,-5.412,-4.325,-33.032,0
1398294462034,41731363648000,171538051000001,-5.412,-4.325,-33.032,0
1398294462044,41731373658000,171538051000001,-5.113,-4.325,-33.032,0
1398294462054,41731383668000,171538051000001,-5.113,-4.325,-33.032,0
1398294462063,41731393647000,171538051000001,-5.113,-4.325,-33.032,0
1398294462074,41731403688000,171538051000001,-5.113,-4.325,-33.032,0
1398294462084,41731413697000,171538051000001,-5.113,-4.325,-33.032,0
1398294462094,41731423707000,171538051000001,-5.113,-4.325,-33.032,0
1398294462104,41731433717000,171538051000001,-5.113,-4.325,-33.032,0
1398294462114,41731443727000,171538051000001,-5.113,-4.325,-33.032,0
1398294462124,41731453736000,171538051000001,-5.113,-4.325,-33.032,0
1398294462134,41731463746000,171538051000001,-5.113,-4.325,-33.032,0
1398294462144,41731473756000,171538051000001,-5.113,-4.325,-33.032,0
1398294462154,41731483918000,171538051000001,-5.413,-4.325,-33.032,0
1398294462164,41731493775000,171538051000001,-5.413,-4.325,-33.032,0
1398294462175,41731505342000,171538051000001,-5.413,-4.325,-33.032,0
1398294462184,41731513825000,171538051000001,-5.413,-4.325,-33.032,0
1398294462194,41731523805000,171538051000001,-5.413,-4.325,-33.032,0
1398294462204,41731533814000,171538051000001,-5.413,-4.325,-33.032,0
1398294462214,41731543824000,171538051000001,-5.413,-4.325,-33.032,0
1398294462224,41731553803000,171538051000001,-5.413,-4.325,-33.032,0
1398294462234,41731563844000,171538051000001,-5.413,-4.325,-33.032,0
1398294462244,41731573854000,171538051000001,-5.413,-4.325,-33.032,0
1398294462255,41731584657000,171538051000001,-5.413,-4.325,-33.032,0
1398294462268,41731597901000,171538051000001,-5.413,-4.325,-33.032,0
1398294462278,41731608247000,171538051000001,-5.413,-4.325,-33.032,0
1398294462287,41731616883000,171538051000001,-5.413,-4.325,-33.032,0
1398294462304,41731634217000,171538051000001,-5.413,-4.325,-33.032,0
1398294462306,41731636018000,171538051000001,-5.413,-4.325,-33.032,0
1398294462318,41731648011000,171538051000001,-5.413,-4.325,-33.032,0
1398294462328,41731658021000,171538051000001,-5.413,-4.325,-33.032,0
1398294462338,41731668122000,171538051000001,-5.413,-4.325,-33.032,0
1398294462347,41731677339000,171538051000001,-5.413,-4.325,-33.032,0
1398294462360,41731689454000,171538051000001,-5.046,-4.67,-33.032,0
1398294462367,41731696778000,171538051000001,-5.046,-4.67,-33.032,0
1398294462378,41731708070000,171538051000001,-5.046,-4.67,-33.032,0
1398294462387,41731717469000,171538051000001,-5.046,-4.67,-33.032,0
1398294462398,41731728120000,171538051000001,-4.675,-4.67,-33.032,0
1398294462409,41731738771000,171538051000001,-4.675,-4.67,-33.396,0
1398294462418,41731748139000,171538051000001,-4.675,-4.67,-33.396,0
1398294462428,41731758241000,171538051000001,-4.675,-4.988,-33.396,0
1398294462437,41731766236000,171538051000001,-4.675,-4.988,-33.396,0
1398294462448,41731778474000,171538051000001,-4.675,-4.988,-33.396,0
1398294462458,41731788148000,171538051000001,-4.675,-4.988,-33.396,0
1398294462465,41731795014000,171538051000001,-4.362,-4.988,-33.396,0
1398294462474,41731804139000,171538051000001,-4.362,-4.988,-33.396,0
1398294462484,41731814118000,171538051000001,-4.362,-4.988,-33.396,0
1398294462494,41731824128000,171538051000001,-4.362,-4.988,-33.396,0
1398294462504,41731834138000,171538051000001,-4.362,-4.988,-33.396,0
1398294462514,41731844148000,171538051000001,-4.362,-4.988,-33.396,0
1398294462524,41731854188000,171538051000001,-4.362,-4.988,-33.764,0
1398294462536,41731865754000,171538051000001,-4.362,-4.988,-33.764,0
1398294462544,41731874238000,171538051000001,-4.362,-4.988,-33.764,0
1398294462554,41731884217000,171538051000001,-4.057,-4.988,-33.764,0
1398294462564,41731894197000,171538051000001,-4.057,-4.988,-33.764,0
1398294462578,41731907685000,171538051000001,-4.057,-4.988,-33.764,0
1398294462587,41731917237000,171538051000001,-4.057,-4.988,-33.764,0
1398294462600,41731929750000,171538051000001,-4.057,-4.988,-33.764,0
1398294462611,41731941255000,171538051000001,-4.057,-4.988,-33.764,0
1398294462615,41731944673000,171538051000001,-4.057,-4.988,-33.764,0
1398294462627,41731957337000,171538051000001,-4.057,-4.988,-33.764,0
1398294462639,41731968659000,171538051000001,-3.707,-4.988,-33.764,0
1398294462649,41731979035000,171538051000001,-3.707,-4.988,-33.764,0
1398294462658,41731987886000,171538051000001,-3.707,-4.988,-33.764,0
1398294462668,41731998170000,171538051000001,-3.707,-4.988,-33.764,0
1398294462679,41732008699000,171538051000001,-3.707,-4.988,-34.106,0
1398294462687,41732017335000,171538051000001,-3.707,-4.988,-34.106,0
1398294462698,41732027833000,171538051000001,-3.707,-4.988,-34.106,0
1398294462708,41732038178000,171538051000001,-3.707,-4.988,-34.106,0
1398294462721,41732050233000,171538051000001,-3.707,-4.988,-34.106,0
1398294462727,41732056520000,171538051000001,-3.707,-4.988,-34.106,0
1398294462739,41732068666000,171538051000001,-3.707,-4.988,-34.106,0
1398294462749,41732078767000,171538051000001,-3.707,-4.988,-34.106,0
1398294462758,41732088410000,171538051000001,-3.707,-4.988,-34.106,0
1398294462770,41732099641000,171538051000001,-3.707,-4.988,-34.106,0
1398294462778,41732107972000,171538051000001,-3.707,-4.988,-34.106,0
1398294462787,41732117433000,171538051000001,-3.707,-4.988,-34.106,0
1398294462800,41732129762000,171538051000001,-3.707,-4.988,-34.106,0
1398294462808,41732137910000,171538051000001,-3.707,-4.988,-34.106,0
1398294462820,41732150025000,171538051000001,-3.707,-4.988,-34.106,0
1398294462827,41732156953000,171538051000001,-3.707,-4.988,-34.106,0
1398294462852,41732164460000,171538051000001,-3.707,-4.988,-34.106,0
1398294462858,41732174470000,171538051000001,-3.707,-4.988,-34.106,0
1398294462860,41732184480000,171538051000001,-3.707,-4.988,-34.106,0
1398294462868,41732197999000,171538051000001,-3.707,-4.988,-34.106,0
1398294462878,41732208375000,171538051000001,-3.707,-4.988,-34.106,0
1398294462886,41732215669000,171538051000001,-3.707,-4.988,-34.106,0
1398294462902,41732231202000,171538051000001,-3.707,-4.988,-34.106,0
1398294462909,41732234590000,171538051000001,-3.707,-4.988,-34.106,0
1398294462923,41732252137000,171538051000001,-3.707,-4.988,-34.106,0
1398294462927,41732257051000,171538051000001,-3.707,-4.988,-34.106,0
1398294462939,41732269227000,171538051000001,-3.707,-4.988,-34.106,0
1398294462949,41732278565000,171538051000001,-3.707,-4.988,-34.106,0
1398294462959,41732289064000,171538051000001,-3.707,-4.988,-34.106,0
1398294462965,41732295014000,171538051000001,-3.707,-4.988,-34.106,0
1398294462975,41732304597000,171538051000001,-3.707,-4.988,-34.106,0
1398294462985,41732314607000,171538051000001,-3.707,-4.988,-34.106,0
1398294462995,41732324586000,171538051000001,-3.707,-4.988,-34.106,0
1398294463005,41732334596000,171538051000001,-3.707,-4.988,-34.106,0
1398294463015,41732344606000,171538051000001,-3.707,-4.988,-34.106,0
1398294463025,41732354615000,171538051000001,-3.707,-4.988,-33.77,0
1398294463035,41732364625000,171538051000001,-3.707,-4.988,-33.77,0
1398294463045,41732374635000,171538051000001,-3.707,-4.988,-33.77,0
1398294463055,41732384645000,171538051000001,-3.707,-4.988,-33.77,0
1398294463065,41732394654000,171538051000001,-3.707,-4.988,-33.77,0
1398294463081,41732410035000,171538051000001,-3.707,-4.988,-33.77,0
1398294463086,41732415834000,171538051000001,-3.707,-4.988,-33.77,0
1398294463099,41732428559000,171538051000001,-4.011,-4.988,-33.77,0
1398294463105,41732434693000,171538051000001,-4.011,-4.988,-33.77,0
1398294463121,41732451020000,171538051000001,-4.011,-4.988,-33.77,0
1398294463127,41732456636000,171538051000001,-4.011,-4.988,-33.451,0
1398294463141,41732471040000,171538051000001,-4.011,-4.988,-33.451,0
1398294463147,41732477052000,171538051000001,-4.011,-4.988,-33.451,0
1398294463161,41732490937000,171538051000001,-4.333,-4.988,-33.451,0
1398294463167,41732496919000,171538051000001,-4.333,-4.988,-33.451,0
1398294463181,41732511201000,171538051000001,-4.333,-4.988,-33.451,0
1398294463185,41732515229000,171538051000001,-4.333,-4.988,-33.451,0
1398294463203,41732524873000,171538051000001,-4.333,-4.988,-33.451,0
1398294463206,41732534852000,171538051000001,-4.333,-4.988,-33.451,0
1398294463215,41732544862000,171538051000001,-4.333,-4.988,-33.451,0
1398294463229,41732558412000,171538051000001,-4.333,-4.988,-33.451,0
1398294463238,41732568147000,171538051000001,-4.333,-4.988,-33.451,0
1398294463249,41732579255000,171538051000001,-4.333,-5.305,-33.451,0
1398294463262,41732591157000,171538051000001,-4.333,-5.305,-33.451,0
1398294463266,41732596284000,171538051000001,-4.333,-5.305,-33.451,0
1398294463277,41732606904000,171538051000001,-4.026,-5.305,-33.451,0
1398294463288,41732617219000,171538051000001,-4.026,-5.305,-33.451,0
1398294463299,41732629029000,171538051000001,-4.026,-5.305,-33.451,0
1398294463310,41732639558000,171538051000001,-4.026,-5.305,-33.451,0
1398294463319,41732648957000,171538051000001,-3.646,-5.305,-33.451,0
1398294463329,41732659364000,171538051000001,-3.646,-5.305,-33.769,0
1398294463339,41732668977000,171538051000001,-3.646,-5.305,-33.769,0
1398294463350,41732679475000,171538051000001,-3.646,-5.305,-33.769,0
1398294463358,41732688111000,171538051000001,-3.308,-5.305,-33.769,0
1398294463370,41732700349000,171538051000001,-3.308,-5.305,-33.769,0
1398294463379,41732708558000,171538051000001,-3.308,-5.305,-33.769,0
1398294463387,41732716859000,171538051000001,-3.308,-5.305,-33.769,0
1398294463399,41732728425000,171538051000001,-3.308,-5.305,-33.769,0
1398294463406,41732735719000,171538051000001,-3.308,-5.305,-34.103,0
1398294463420,41732745393000,171538051000001,-3.308,-5.305,-34.103,0
1398294463427,41732757234000,171538051000001,-3.308,-5.305,-34.103,0
1398294463439,41732766603000,171538051000001,-3.308,-5.305,-34.103,0
1398294463453,41732776918000,171538051000001,-3.308,-5.305,-34.103,0
1398294463456,41732785005000,171538051000001,-3.308,-5.305,-34.103,0
1398294463468,41732795289000,171538051000001,-3.308,-5.305,-34.103,0
1398294463477,41732807313000,171538051000001,-3.308,-5.305,-34.103,0
1398294463487,41732815217000,171538051000001,-3.308,-5.305,-34.103,0
1398294463495,41732825044000,171538051000001,-3.308,-5.305,-34.103,0
1398294463507,41732835053000,171538051000001,-3.308,-5.305,-34.103,0
1398294463518,41732845094000,171538051000001,-3.308,-5.305,-34.103,0
1398294463535,41732858918000,171538051000001,-3.308,-5.305,-34.103,0
1398294463537,41732865083000,171538051000001,-3.308,-5.305,-34.103,0
1398294463545,41732875123000,171538051000001,-3.308,-5.305,-34.103,0
1398294463555,41732885102000,171538051000001,-3.308,-5.305,-34.103,0
1398294463565,41732895112000,171538051000001,-3.308,-5.305,-34.103,0
1398294463576,41732905152000,171538051000001,-3.308,-5.305,-34.103,0
1398294463585,41732915132000,171538051000001,-3.308,-5.305,-34.103,0
1398294463598,41732925172000,171538051000001,-3.308,-5.305,-34.103,0
1398294463606,41732935212000,171538051000001,-3.675,-5.305,-33.76,0
1398294463617,41732946748000,171538051000001,-3.675,-5.305,-33.76,0
1398294463626,41732955262000,171538051000001,-3.675,-5.305,-33.76,0
1398294463635,41732965211000,171538051000001,-3.675,-5.305,-33.76,0
1398294463646,41732975221000,171538051000001,-4.058,-5.305,-33.399,0
1398294463655,41732985230000,171538051000001,-4.058,-5.305,-33.399,0
1398294463666,41732995240000,171538051000001,-4.058,-5.305,-33.399,0
1398294463676,41733005281000,171538051000001,-4.478,-5.305,-33.399,0
1398294463686,41733015321000,171538051000001,-4.478,-5.305,-33.033,0
1398294463696,41733025331000,171538051000001,-4.478,-5.305,-33.033,0
1398294463706,41733035310000,171538051000001,-4.794,-4.98,-33.033,0
1398294463715,41733045289000,171538051000001,-4.794,-4.98,-33.033,0
1398294463725,41733055299000,171538051000001,-4.794,-4.98,-33.033,0
1398294463736,41733065309000,171538051000001,-4.794,-4.98,-33.033,0
1398294463746,41733075318000,171538051000001,-4.794,-4.98,-33.033,0
1398294463755,41733085298000,171538051000001,-4.794,-4.98,-33.033,0
1398294463765,41733095307000,171538051000001,-4.794,-4.98,-33.033,0
1398294463775,41733105317000,171538051000001,-4.794,-4.98,-33.033,0
1398294463785,41733115327000,171538051000001,-4.794,-4.98,-33.033,0
1398294463797,41733126893000,171538051000001,-4.794,-4.98,-33.033,0
1398294463805,41733135377000,171538051000001,-4.794,-4.98,-33.033,0
1398294463815,41733145356000,171538051000001,-4.794,-4.98,-33.033,0
1398294463825,41733155366000,171538051000001,-4.794,-4.98,-33.033,0
1398294463840,41733170045000,171538051000001,-4.794,-4.98,-33.033,0
1398294463845,41733175324000,171538051000001,-4.794,-4.98,-33.033,0
1398294463855,41733185365000,171538051000001,-4.794,-4.98,-33.033,0
1398294463865,41733195375000,171538051000001,-4.794,-4.98,-33.033,0
1398294463876,41733205384000,171538051000001,-4.432,-4.98,-33.033,0
1398294463885,41733215394000,171538051000001,-4.432,-4.98,-33.352,0
1398294463895,41733225404000,171538051000001,-4.432,-4.658,-33.352,0
1398294463906,41733235414000,171538051000001,-4.432,-4.658,-33.352,0
1398294463918,41733245423000,171538051000001,-4.432,-4.658,-33.352,0
1398294463926,41733255830000,171538051000001,-4.432,-4.658,-33.352,0
1398294463936,41733265443000,171538051000001,-4.432,-4.658,-33.352,0
1398294463948,41733275422000,171538051000001,-4.432,-4.658,-33.352,0
1398294463956,41733285462000,171538051000001,-4.432,-4.658,-33.352,0
1398294463966,41733295594000,171538051000001,-4.432,-4.658,-33.352,0
1398294463977,41733307008000,171538051000001,-4.432,-4.658,-33.352,0
1398294463986,41733315522000,171538051000001,-4.757,-4.658,-33.352,0
1398294463995,41733325471000,171538051000001,-4.757,-4.658,-33.352,0
1398294464005,41733335481000,171538051000001,-4.757,-4.658,-33.352,0
1398294464015,41733345491000,171538051000001,-4.757,-4.658,-33.352,0
1398294464025,41733355500000,171538051000001,-4.757,-4.658,-33.352,0
1398294464035,41733365510000,171538051000001,-4.757,-4.658,-33.352,0
1398294464045,41733375520000,171538051000001,-4.757,-4.658,-33.352,0
1398294464055,41733385530000,171538051000001,-4.757,-4.658,-33.352,0
1398294464066,41733395570000,171538051000001,-4.757,-4.658,-33.352,0
1398294464076,41733405580000,171538051000001,-4.757,-4.658,-33.352,0
1398294464086,41733415589000,171538051000001,-5.079,-4.658,-33.352,0
1398294464095,41733425569000,171538051000001,-5.079,-4.658,-33.352,0
1398294464105,41733435578000,171538051000001,-5.079,-4.658,-33.352,0
1398294464115,41733445619000,171538051000001,-5.079,-4.658,-33.352,0
1398294464125,41733455598000,171538051000001,-5.079,-4.658,-33.352,0
1398294464140,41733470491000,171538051000001,-5.079,-4.658,-33.352,0
1398294464148,41733475648000,171538051000001,-5.079,-4.658,-33.352,0
1398294464157,41733487214000,171538051000001,-5.079,-4.341,-33.352,0
1398294464165,41733495698000,171538051000001,-5.079,-4.341,-33.352,0
1398294464175,41733505677000,171538051000001,-5.079,-4.341,-33.352,0
1398294464186,41733515687000,171538051000001,-5.079,-4.341,-33.352,0
1398294464196,41733525697000,171538051000001,-5.079,-4.341,-33.352,0
1398294464206,41733535707000,171538051000001,-5.079,-4.341,-33.352,0
1398294464215,41733545716000,171538051000001,-4.769,-4.341,-33.352,0
1398294464225,41733555696000,171538051000001,-4.769,-4.341,-33.352,0
1398294464236,41733565736000,171538051000001,-4.769,-4.341,-33.352,0
1398294464246,41733575746000,171538051000001,-4.769,-4.341,-33.352,0
1398294464256,41733585725000,171538051000001,-4.769,-4.341,-33.352,0
1398294464266,41733595735000,171538051000001,-4.769,-4.341,-33.352,0
1398294464276,41733605744000,171538051000001,-4.769,-4.341,-33.352,0
1398294464286,41733615785000,171538051000001,-4.769,-4.341,-33.352,0
1398294464296,41733625794000,171538051000001,-4.769,-4.341,-33.352,0
1398294464306,41733635804000,171538051000001,-4.769,-4.341,-33.352,0
1398294464316,41733645814000,171538051000001,-4.769,-4.341,-33.352,0
1398294464326,41733655824000,171538051000001,-4.769,-4.341,-33.352,0
1398294464337,41733667359000,171538051000001,-4.769,-4.341,-33.352,0
1398294464349,41733678620000,171538051000001,-4.769,-4.341,-33.352,0
1398294464361,41733690919000,171538051000001,-4.769,-4.341,-33.352,0
1398294464368,41733698426000,171538051000001,-4.452,-4.341,-33.352,0
1398294464381,41733710877000,171538051000001,-4.452,-4.341,-33.352,0
1398294464388,41733718141000,171538051000001,-4.452,-4.341,-33.352,0
1398294464401,41733730897000,171538051000001,-4.452,-4.341,-33.352,0
1398294464408,41733738435000,171538051000001,-4.452,-4.341,-33.352,0
1398294464418,41733747865000,171538051000001,-4.452,-4.341,-33.352,0
1398294464433,41733760713000,171538051000001,-4.452,-4.341,-33.352,0
1398294464437,41733765931000,171538051000001,-4.452,-4.341,-33.66,0
1398294464451,41733780519000,171538051000001,-4.452,-4.341,-33.66,0
1398294464456,41733785951000,171538051000001,-4.452,-4.341,-33.66,0
1398294464466,41733795991000,171538051000001,-4.452,-4.341,-33.66,0
1398294464476,41733806001000,171538051000001,-4.452,-4.341,-33.66,0
1398294464486,41733816011000,171538051000001,-4.452,-4.341,-33.66,0
1398294464496,41733826020000,171538051000001,-4.452,-4.341,-33.66,0
1398294464506,41733836030000,171538051000001,-4.452,-4.341,-33.66,0
1398294464518,41733847596000,171538051000001,-4.452,-4.341,-33.66,0
1398294464526,41733856080000,171538051000001,-4.452,-4.341,-33.66,0
1398294464541,41733870545000,171538051000001,-4.452,-4.341,-33.66,0
1398294464549,41733879029000,171538051000001,-4.452,-4.341,-33.66,0
1398294464561,41733890565000,171538051000001,-4.452,-4.341,-33.66,0
1398294464569,41733899018000,171538051000001,-4.452,-4.341,-33.66,0
1398294464583,41733912782000,171538051000001,-4.452,-4.341,-33.66,0
1398294464588,41733918061000,171538051000001,-4.452,-4.341,-33.66,0
1398294464601,41733930574000,171538051000001,-4.452,-4.341,-33.66,0
1398294464609,41733938722000,171538051000001,-4.452,-4.341,-33.66,0
1398294464620,41733949830000,171538051000001,-4.452,-4.341,-33.66,0
1398294464630,41733959840000,171538051000001,-4.452,-4.341,-33.66,0
1398294464641,41733970552000,171538051000001,-4.452,-4.341,-33.66,0
1398294464649,41733979127000,171538051000001,-4.452,-4.341,-33.66,0
1398294464663,41733992768000,171538051000001,-4.145,-4.341,-33.66,0
1398294464668,41733997621000,171538051000001,-4.145,-4.341,-33.66,0
1398294464683,41734012544000,171538051000001,-4.145,-4.341,-33.66,0
1398294464688,41734017518000,171538051000001,-4.145,-4.341,-34.007,0
1398294464703,41734032868000,171538051000001,-4.145,-4.341,-34.007,0
1398294464708,41734037934000,171538051000001,-4.145,-4.341,-34.007,0
1398294464723,41734052552000,171538051000001,-4.145,-4.341,-34.007,0
1398294464728,41734058473000,171538051000001,-4.145,-4.341,-34.007,0
1398294464743,41734072908000,171538051000001,-4.145,-4.341,-34.007,0
1398294464748,41734077790000,171538051000001,-4.145,-4.341,-34.007,0
1398294464759,41734088777000,171538051000001,-4.145,-4.341,-34.355,0
1398294464771,41734100556000,171538051000001,-4.145,-4.341,-34.355,0
1398294464780,41734109498000,171538051000001,-4.145,-4.341,-34.355,0
1398294464791,41734120881000,171538051000001,-4.145,-4.341,-34.355,0
1398294464801,41734129243000,171538051000001,-3.811,-4.341,-34.355,0
1398294464811,41734140473000,171538051000001,-3.811,-4.341,-34.355,0
1398294464818,41734148164000,171538051000001,-3.811,-4.341,-34.355,0
1398294464831,41734160554000,171538051000001,-3.811,-4.341,-34.355,0
1398294464840,41734169740000,171538051000001,-3.811,-4.341,-34.355,0
1398294464851,41734180574000,171538051000001,-3.811,-4.341,-34.355,0
1398294464861,41734190370000,171538051000001,-3.811,-4.341,-34.355,0
1398294464871,41734200563000,171538051000001,-3.811,-4.341,-34.355,0
1398294464883,41734213197000,171538051000001,-3.488,-4.341,-34.355,0
1398294464888,41734218324000,171538051000001,-3.488,-4.341,-34.355,0
1398294464902,41734232301000,171538051000001,-3.488,-4.341,-34.355,0
1398294464907,41734237306000,171538051000001,-3.488,-4.341,-34.355,0
1398294464918,41734247804000,171538051000001,-3.488,-4.341,-34.355,0
1398294464931,41734258393000,171538051000001,-3.488,-4.341,-34.355,0
1398294464937,41734266480000,171538051000001,-3.182,-4.341,-34.355,0
1398294464948,41734276429000,171538051000001,-3.182,-4.661,-34.355,0
1398294464956,41734286470000,171538051000001,-3.182,-4.661,-34.355,0
1398294464967,41734296479000,171538051000001,-3.182,-4.661,-34.355,0
1398294464982,41734306459000,171538051000001,-3.182,-4.661,-34.355,0
1398294464986,41734316499000,171538051000001,-3.182,-4.661,-34.355,0
1398294465002,41734326509000,171538051000001,-3.182,-4.661,-34.355,0
1398294465012,41734336518000,171538051000001,-3.182,-4.661,-34.355,0
1398294465017,41734346559000,171538051000001,-3.182,-4.661,-34.355,0
1398294465029,41734356538000,171538051000001,-3.182,-4.661,-34.355,0
1398294465039,41734368043000,171538051000001,-3.53,-4.661,-34.355,0
1398294465048,41734377687000,171538051000001,-3.53,-4.661,-34.355,0
1398294465069,41734388124000,171538051000001,-3.53,-4.661,-34.355,0
1398294465071,41734399964000,171538051000001,-3.53,-4.661,-34.355,0
1398294465080,41734406587000,171538051000001,-3.849,-4.661,-34.355,0
1398294465088,41734416596000,171538051000001,-3.849,-4.661,-34.045,0
1398294465097,41734426606000,171538051000001,-3.849,-4.661,-34.045,0
1398294465107,41734436616000,171538051000001,-4.196,-4.661,-34.045,0
1398294465117,41734446595000,171538051000001,-4.196,-4.661,-34.045,0
1398294465127,41734456636000,171538051000001,-4.196,-4.661,-34.045,0
1398294465137,41734466645000,171538051000001,-4.196,-4.661,-33.732,0
1398294465147,41734476655000,171538051000001,-4.533,-4.661,-33.732,0
1398294465157,41734486634000,171538051000001,-4.533,-4.661,-33.732,0
1398294465167,41734496675000,171538051000001,-4.533,-4.661,-33.732,0
1398294465179,41734506684000,171538051000001,-4.533,-4.661,-33.732,0
1398294465187,41734516664000,171538051000001,-4.879,-4.661,-33.732,0
1398294465197,41734526704000,171538051000001,-4.879,-4.661,-33.732,0
1398294465207,41734536683000,171538051000001,-4.879,-4.661,-33.732,0
1398294465217,41734546693000,171538051000001,-4.879,-4.661,-33.418,0
1398294465231,41734556764000,171538051000001,-4.879,-4.661,-33.418,0
1398294465239,41734568299000,171538051000001,-5.274,-4.661,-33.418,0
1398294465247,41734576814000,171538051000001,-5.274,-4.661,-33.418,0
1398294465257,41734586915000,171538051000001,-5.274,-4.661,-33.418,0
1398294465267,41734596772000,171538051000001,-5.274,-4.661,-33.418,0
1398294465277,41734606782000,171538051000001,-5.274,-4.661,-33.076,0
1398294465287,41734616761000,171538051000001,-5.274,-4.661,-33.076,0
1398294465297,41734626771000,171538051000001,-5.589,-4.661,-33.076,0
1398294465307,41734636781000,171538051000001,-5.589,-4.661,-33.076,0
1398294465317,41734646791000,171538051000001,-5.589,-4.661,-33.076,0
1398294465327,41734656861000,171538051000001,-5.589,-4.661,-33.076,0
1398294465337,41734666841000,171538051000001,-5.589,-4.661,-33.076,0
1398294465347,41734676820000,171538051000001,-5.589,-4.661,-33.076,0
1398294465357,41734686860000,171538051000001,-5.589,-4.661,-33.076,0
1398294465367,41734696839000,171538051000001,-5.589,-4.661,-33.076,0
1398294465377,41734706819000,171538051000001,-5.589,-4.661,-33.076,0
1398294465387,41734716828000,171538051000001,-5.589,-4.661,-33.076,0
1398294465397,41734726838000,171538051000001,-5.9,-4.661,-32.759,0
1398294465407,41734736848000,171538051000001,-5.9,-4.661,-32.759,0
1398294465419,41734748414000,171538051000001,-5.9,-4.661,-32.759,0
1398294465427,41734756898000,171538051000001,-5.9,-4.661,-32.759,0
1398294465437,41734766877000,171538051000001,-5.9,-4.661,-32.759,0
1398294465448,41734776887000,171538051000001,-5.9,-4.661,-32.759,0
1398294465457,41734786897000,171538051000001,-5.9,-4.661,-32.759,0
1398294465467,41734796968000,171538051000001,-5.9,-4.661,-32.759,0
1398294465478,41734806977000,171538051000001,-5.9,-4.661,-32.759,0
1398294465487,41734816987000,171538051000001,-5.9,-4.661,-32.759,0
1398294465497,41734826966000,171538051000001,-5.9,-4.661,-32.759,0
1398294465507,41734836976000,171538051000001,-5.9,-4.661,-32.759,0
1398294465517,41734846986000,171538051000001,-5.9,-4.661,-32.759,0
1398294465527,41734856996000,171538051000001,-5.9,-4.661,-32.759,0
1398294465541,41734867036000,171538051000001,-5.9,-4.661,-32.759,0
1398294465551,41734877046000,171538051000001,-5.9,-4.661,-32.759,0
1398294465557,41734887055000,171538051000001,-5.9,-4.661,-32.759,0
1398294465567,41734897065000,171538051000001,-5.9,-4.661,-32.759,0
1398294465577,41734907044000,171538051000001,-5.9,-4.661,-32.759,0
1398294465587,41734917085000,171538051000001,-5.9,-4.661,-32.759,0
1398294465599,41734928620000,171538051000001,-5.9,-4.661,-32.759,0
1398294465607,41734937104000,171538051000001,-5.9,-4.661,-32.759,0
1398294465617,41734947084000,171538051000001,-5.9,-4.661,-32.759,0
1398294465627,41734957124000,171538051000001,-5.9,-4.661,-32.759,0
1398294465637,41734967134000,171538051000001,-5.9,-4.661,-32.759,0
1398294465647,41734977113000,171538051000001,-5.9,-4.661,-32.759,0
1398294465657,41734987123000,171538051000001,-5.9,-4.661,-32.759,0
1398294465667,41734997132000,171538051000001,-5.9,-4.661,-32.759,0
1398294465682,41735011598000,171538051000001,-5.9,-4.661,-32.759,0
1398294465687,41735017121000,171538051000001,-5.9,-4.661,-32.759,0
1398294465698,41735027314000,171538051000001,-5.9,-4.661,-32.759,0
1398294465707,41735037110000,171538051000001,-5.9,-4.661,-32.759,0
1398294465717,41735047151000,171538051000001,-5.574,-4.661,-33.064,0
1398294465727,41735057160000,171538051000001,-5.574,-4.661,-33.064,0
1398294465737,41735067170000,171538051000001,-5.574,-4.661,-33.064,0
1398294465747,41735077180000,171538051000001,-5.574,-4.661,-33.064,0
1398294465758,41735087159000,171538051000001,-5.574,-4.661,-33.367,0
1398294465767,41735097230000,171538051000001,-5.187,-4.661,-33.367,0
1398294465779,41735108796000,171538051000001,-5.187,-4.995,-33.367,0
1398294465787,41735117280000,171538051000001,-5.187,-4.995,-33.367,0
1398294465797,41735127259000,171538051000001,-5.187,-4.995,-33.367,0
1398294465807,41735137269000,171538051000001,-4.841,-4.995,-33.367,0
1398294465817,41735147279000,171538051000001,-4.841,-4.995,-33.367,0
1398294465833,41735157319000,171538051000001,-4.841,-4.995,-33.691,0
1398294465837,41735167359000,171538051000001,-4.841,-4.995,-33.691,0
1398294465848,41735177613000,171538051000001,-4.841,-4.995,-33.691,0
1398294465859,41735187318000,171538051000001,-4.841,-4.995,-33.691,0
1398294465867,41735197358000,171538051000001,-4.541,-4.995,-33.691,0
1398294465877,41735207337000,171538051000001,-4.541,-4.995,-33.691,0
1398294465887,41735217347000,171538051000001,-4.541,-4.995,-33.691,0
1398294465897,41735227357000,171538051000001,-4.541,-4.995,-33.691,0
1398294465907,41735237367000,171538051000001,-4.541,-4.995,-33.691,0
1398294465917,41735247376000,171538051000001,-4.541,-4.995,-33.691,0
1398294465927,41735257417000,171538051000001,-4.541,-4.995,-33.691,0
1398294465937,41735267396000,171538051000001,-4.541,-4.995,-33.691,0
1398294465947,41735277406000,171538051000001,-4.541,-4.995,-33.691,0
1398294465959,41735288972000,171538051000001,-4.541,-4.995,-33.691,0
1398294465967,41735297456000,171538051000001,-4.541,-4.995,-33.691,0
1398294465977,41735307435000,171538051000001,-4.541,-4.995,-33.363,0
1398294465990,41735320527000,171538051000001,-4.541,-4.995,-33.363,0
1398294465997,41735327424000,171538051000001,-4.541,-4.995,-33.363,0
1398294466007,41735337434000,171538051000001,-4.541,-4.995,-33.363,0
1398294466017,41735347444000,171538051000001,-4.541,-4.995,-33.363,0
1398294466027,41735357453000,171538051000001,-4.855,-4.995,-33.363,0
1398294466037,41735367463000,171538051000001,-4.855,-4.995,-33.363,0
1398294466047,41735377473000,171538051000001,-4.855,-4.995,-33.363,0
1398294466057,41735387483000,171538051000001,-4.855,-4.995,-33.363,0
1398294466067,41735397492000,171538051000001,-4.855,-4.995,-33.363,0
1398294466077,41735407502000,171538051000001,-4.855,-4.995,-33.03,0
1398294466087,41735417512000,171538051000001,-4.855,-4.995,-33.03,0
1398294466097,41735427522000,171538051000001,-4.855,-4.995,-33.03,0
1398294466107,41735437532000,171538051000001,-4.855,-4.995,-33.03,0
1398294466117,41735447541000,171538051000001,-5.215,-4.995,-33.03,0
1398294466127,41735457551000,171538051000001,-5.215,-4.995,-33.03,0
1398294466142,41735471314000,171538051000001,-5.215,-4.995,-33.03,0
1398294466150,41735478089000,171538051000001,-5.215,-4.995,-33.03,0
1398294466163,41735488069000,171538051000001,-5.215,-4.995,-33.03,0
1398294466169,41735498719000,171538051000001,-5.215,-4.995,-33.03,0
1398294466182,41735507630000,171538051000001,-5.532,-4.995,-33.03,0
1398294466194,41735519471000,171538051000001,-5.532,-4.995,-33.03,0
1398294466198,41735527680000,171538051000001,-5.532,-5.329,-33.03,0
1398294466211,41735538148000,171538051000001,-5.532,-5.329,-33.03,0
1398294466220,41735549623000,171538051000001,-5.532,-5.329,-33.03,0
1398294466236,41735559724000,171538051000001,-5.532,-5.329,-33.03,0
1398294466238,41735567720000,171538051000001,-5.532,-5.329,-33.03,0
1398294466248,41735577668000,171538051000001,-5.532,-5.329,-33.03,0
1398294466263,41735587739000,171538051000001,-5.532,-5.329,-32.728,0
1398294466270,41735597749000,171538051000001,-5.532,-5.329,-32.728,0
1398294466278,41735607759000,171538051000001,-5.532,-5.329,-32.728,0
1398294466293,41735622651000,171538051000001,-5.532,-5.329,-32.728,0
1398294466297,41735627687000,171538051000001,-5.532,-5.329,-32.728,0
1398294466307,41735637696000,171538051000001,-5.532,-5.329,-32.728,0
1398294466319,41735649262000,171538051000001,-5.532,-5.329,-32.728,0
1398294466328,41735657777000,171538051000001,-5.532,-5.329,-32.728,0
1398294466338,41735667726000,171538051000001,-5.532,-5.329,-32.728,0
1398294466348,41735677766000,171538051000001,-5.532,-5.329,-32.728,0
1398294466358,41735687776000,171538051000001,-5.532,-5.329,-32.728,0
1398294466368,41735697785000,171538051000001,-5.532,-5.329,-32.728,0
1398294466379,41735707795000,171538051000001,-5.532,-5.329,-32.728,0
1398294466388,41735717805000,171538051000001,-5.532,-5.329,-32.728,0
1398294466398,41735727815000,171538051000001,-5.532,-5.329,-32.728,0
1398294466408,41735737824000,171538051000001,-5.532,-5.329,-32.728,0
1398294466418,41735747804000,171538051000001,-5.532,-5.329,-32.728,0
1398294466436,41735757844000,171538051000001,-5.532,-5.329,-32.728,0
1398294466438,41735767854000,171538051000001,-5.532,-5.329,-32.728,0
1398294466448,41735777864000,171538051000001,-5.532,-5.329,-32.728,0
1398294466458,41735787873000,171538051000001,-5.532,-5.329,-32.728,0
1398294466468,41735797853000,171538051000001,-5.532,-5.329,-32.728,0
1398294466478,41735807893000,171538051000001,-5.532,-4.995,-32.728,0
1398294466488,41735817903000,171538051000001,-5.532,-4.995,-32.728,0
1398294466499,41735829438000,171538051000001,-5.532,-4.995,-32.728,0
1398294466508,41735837953000,171538051000001,-5.532,-4.995,-32.728,0
1398294466518,41735847932000,171538051000001,-5.532,-4.652,-32.728,0
1398294466528,41735857911000,171538051000001,-5.532,-4.652,-32.728,0
1398294466538,41735867951000,171538051000001,-5.532,-4.652,-32.728,0
1398294466548,41735877961000,171538051000001,-5.532,-4.652,-32.728,0
1398294466558,41735887940000,171538051000001,-5.532,-4.342,-32.728,0
1398294466568,41735898011000,171538051000001,-5.532,-4.342,-33.041,0
1398294466578,41735907991000,171538051000001,-5.532,-4.342,-33.041,0
1398294466588,41735918183000,171538051000001,-5.532,-4.342,-33.041,0
1398294466603,41735929872000,171538051000001,-5.532,-4.342,-33.041,0
1398294466608,41735937989000,171538051000001,-5.532,-4.342,-33.041,0
1398294466618,41735948060000,171538051000001,-5.532,-4.01,-33.041,0
1398294466628,41735958100000,171538051000001,-5.532,-4.01,-33.041,0
1398294466639,41735968080000,171538051000001,-5.532,-4.01,-33.041,0
1398294466649,41735978120000,171538051000001,-5.532,-4.01,-33.041,0
1398294466658,41735988099000,171538051000001,-5.532,-4.01,-33.041,0
1398294466668,41735998048000,171538051000001,-5.532,-4.01,-33.041,0
1398294466680,41736009614000,171538051000001,-5.532,-4.01,-33.041,0
1398294466688,41736018128000,171538051000001,-5.532,-4.01,-33.041,0
1398294466698,41736028077000,171538051000001,-5.532,-4.01,-33.041,0
1398294466715,41736038148000,171538051000001,-5.532,-4.01,-33.041,0
1398294466718,41736048127000,171538051000001,-5.532,-4.01,-33.041,0
1398294466728,41736058137000,171538051000001,-5.532,-4.01,-33.041,0
1398294466738,41736068116000,171538051000001,-5.532,-4.01,-33.041,0
1398294466748,41736078187000,171538051000001,-5.532,-4.01,-33.041,0
1398294466758,41736088166000,171538051000001,-5.532,-4.01,-33.041,0
1398294466768,41736098207000,171538051000001,-5.532,-4.01,-33.041,0
1398294466778,41736108186000,171538051000001,-5.532,-4.01,-33.041,0
1398294466788,41736118165000,171538051000001,-5.532,-4.01,-33.041,0
1398294466798,41736128205000,171538051000001,-5.532,-4.01,-33.041,0
1398294466808,41736138215000,171538051000001,-5.532,-4.01,-33.041,0
1398294466818,41736148194000,171538051000001,-5.532,-4.01,-33.041,0
1398294466828,41736158204000,171538051000001,-5.532,-4.01,-33.041,0
1398294466838,41736168214000,171538051000001,-5.532,-4.01,-33.041,0
1398294466848,41736178224000,171538051000001,-5.532,-4.01,-33.041,0
1398294466860,41736189790000,171538051000001,-5.177,-4.01,-33.345,0
1398294466868,41736198304000,171538051000001,-5.177,-4.319,-33.345,0
1398294466878,41736208283000,171538051000001,-5.177,-4.319,-33.345,0
1398294466888,41736218293000,171538051000001,-5.177,-4.319,-33.345,0
1398294466898,41736228303000,171538051000001,-5.177,-4.319,-33.345,0
1398294466909,41736238313000,171538051000001,-5.177,-4.319,-33.345,0
1398294466918,41736248292000,171538051000001,-5.177,-4.319,-33.345,0
1398294466928,41736258332000,171538051000001,-5.177,-4.319,-33.345,0
1398294466938,41736268342000,171538051000001,-5.177,-4.319,-33.345,0
1398294466948,41736278352000,171538051000001,-5.177,-4.319,-33.345,0
1398294466958,41736288331000,171538051000001,-5.177,-4.319,-33.345,0
1398294466968,41736298371000,171538051000001,-5.177,-4.319,-33.345,0
1398294466978,41736308351000,171538051000001,-5.177,-4.319,-33.345,0
1398294466988,41736318360000,171538051000001,-5.177,-4.319,-33.345,0
1398294466998,41736328370000,171538051000001,-5.177,-4.319,-33.345,0
1398294467008,41736338380000,171538051000001,-5.177,-4.319,-33.345,0
1398294467026,41736348390000,171538051000001,-5.177,-4.319,-33.345,0
1398294467029,41736358491000,171538051000001,-5.177,-4.319,-33.345,0
1398294467044,41736370057000,171538051000001,-5.177,-4.319,-33.345,0
1398294467049,41736378511000,171538051000001,-5.177,-4.319,-33.345,0
1398294467058,41736388459000,171538051000001,-5.177,-4.319,-33.345,0
1398294467068,41736398469000,171538051000001,-5.177,-4.319,-33.345,0
1398294467078,41736408479000,171538051000001,-5.177,-4.319,-33.345,0
1398294467088,41736418458000,171538051000001,-5.177,-4.319,-33.345,0
1398294467098,41736428468000,171538051000001,-5.177,-4.319,-33.345,0
1398294467108,41736438508000,171538051000001,-5.177,-4.319,-33.345,0
1398294467118,41736448518000,171538051000001,-5.177,-4.319,-33.345,0
1398294467128,41736458528000,171538051000001,-5.177,-4.319,-33.345,0
1398294467138,41736468537000,171538051000001,-5.177,-4.319,-33.345,0
1398294467148,41736478547000,171538051000001,-5.177,-4.319,-33.345,0
1398294467158,41736488557000,171538051000001,-5.177,-4.319,-33.345,0
1398294467168,41736498567000,171538051000001,-5.177,-4.319,-33.345,0
1398294467178,41736508576000,171538051000001,-5.177,-4.319,-33.345,0
1398294467188,41736518586000,171538051000001,-5.177,-4.319,-33.345,0
1398294467198,41736528565000,171538051000001,-5.177,-4.319,-33.345,0
1398294467208,41736538606000,171538051000001,-5.177,-4.319,-33.345,0
1398294467220,41736550172000,171538051000001,-5.177,-4.319,-33.345,0
1398294467229,41736558656000,171538051000001,-5.177,-4.319,-33.345,0
1398294467245,41736568635000,171538051000001,-5.177,-4.319,-33.345,0
1398294467249,41736578645000,171538051000001,-5.177,-4.319,-33.345,0
1398294467259,41736588655000,171538051000001,-5.177,-4.319,-33.345,0
1398294467269,41736598634000,171538051000001,-5.177,-4.319,-33.345,0
1398294467280,41736608674000,171538051000001,-5.177,-4.319,-33.345,0
1398294467291,41736618684000,171538051000001,-5.177,-4.319,-33.345,0
1398294467300,41736628663000,171538051000001,-5.177,-4.319,-33.345,0
1398294467309,41736638673000,171538051000001,-5.177,-4.319,-33.345,0
1398294467319,41736648683000,171538051000001,-5.513,-4.319,-33.345,0
1398294467329,41736658692000,171538051000001,-5.513,-4.319,-33.345,0
1398294467339,41736668733000,171538051000001,-5.513,-4.319,-33.345,0
1398294467349,41736678712000,171538051000001,-5.513,-4.319,-33.345,0
1398294467359,41736688752000,171538051000001,-5.513,-4.319,-33.345,0
1398294467369,41736698731000,171538051000001,-5.513,-4.319,-33.345,0
1398294467379,41736708741000,171538051000001,-5.834,-4.319,-33.345,0
1398294467389,41736718751000,171538051000001,-5.834,-4.319,-33.345,0
1398294467400,41736730317000,171538051000001,-5.834,-4.319,-33.015,0
1398294467409,41736738832000,171538051000001,-5.834,-4.319,-33.015,0
1398294467419,41736748780000,171538051000001,-5.834,-4.319,-33.015,0
1398294467429,41736758821000,171538051000001,-5.834,-4.319,-33.015,0
1398294467439,41736768830000,171538051000001,-5.834,-4.319,-33.015,0
1398294467449,41736778810000,171538051000001,-5.834,-4.319,-33.015,0
1398294467459,41736788819000,171538051000001,-5.834,-4.319,-33.015,0
1398294467469,41736798829000,171538051000001,-5.834,-4.319,-33.015,0
1398294467479,41736809022000,171538051000001,-5.834,-4.319,-33.015,0
1398294467489,41736818879000,171538051000001,-5.834,-4.319,-33.015,0
1398294467499,41736828889000,171538051000001,-5.834,-4.319,-33.015,0
1398294467509,41736838868000,171538051000001,-5.528,-4.319,-33.015,0
1398294467519,41736848908000,171538051000001,-5.528,-4.319,-33.015,0
1398294467529,41736858888000,171538051000001,-5.528,-4.319,-33.015,0
1398294467539,41736868928000,171538051000001,-5.528,-4.319,-33.015,0
1398294467549,41736878938000,171538051000001,-5.528,-4.319,-33.015,0
1398294467559,41736888948000,171538051000001,-5.528,-4.319,-33.015,0
1398294467569,41736898927000,171538051000001,-5.155,-4.629,-33.015,0
1398294467581,41736910493000,171538051000001,-5.155,-4.629,-33.015,0
1398294467589,41736919007000,171538051000001,-5.155,-4.629,-33.348,0
1398294467599,41736928956000,171538051000001,-5.155,-4.629,-33.348,0
1398294467609,41736938966000,171538051000001,-4.824,-4.629,-33.348,0
1398294467619,41736948976000,171538051000001,-4.824,-4.629,-33.348,0
1398294467629,41736958985000,171538051000001,-4.824,-4.629,-33.348,0
1398294467639,41736968995000,171538051000001,-4.824,-4.629,-33.348,0
1398294467649,41736979005000,171538051000001,-4.824,-4.629,-33.348,0
1398294467662,41736992311000,171538051000001,-4.824,-4.629,-33.348,0
1398294467671,41737000947000,171538051000001,-4.824,-4.629,-33.348,0
1398294467685,41737015321000,171538051000001,-4.824,-4.629,-33.348,0
1398294467690,41737019990000,171538051000001,-4.824,-4.629,-33.348,0
1398294467703,41737032685000,171538051000001,-4.824,-4.629,-33.348,0
1398294467712,41737042298000,171538051000001,-4.824,-4.629,-33.348,0
1398294467722,41737052369000,171538051000001,-4.824,-4.629,-33.348,0
1398294467736,41737065736000,171538051000001,-4.824,-4.629,-33.348,0
1398294467741,41737070588000,171538051000001,-4.501,-4.629,-33.348,0
1398294467751,41737081269000,171538051000001,-4.501,-4.629,-33.348,0
1398294467761,41737090730000,171538051000001,-4.501,-4.629,-33.657,0
1398294467770,41737099214000,171538051000001,-4.501,-4.629,-33.657,0
1398294467779,41737109193000,171538051000001,-4.501,-4.629,-33.657,0
1398294467789,41737119172000,171538051000001,-4.501,-4.629,-33.657,0
1398294467800,41737129182000,171538051000001,-4.501,-4.629,-33.657,0
1398294467809,41737139192000,171538051000001,-4.501,-4.629,-33.657,0
1398294467819,41737149201000,171538051000001,-4.501,-4.629,-33.657,0
1398294467830,41737159242000,171538051000001,-4.501,-4.629,-33.657,0
1398294467862,41737169221000,171538051000001,-4.501,-4.629,-33.657,0
1398294467869,41737179231000,171538051000001,-4.501,-4.629,-33.657,0
1398294467872,41737189241000,171538051000001,-4.501,-4.629,-33.657,0
1398294467874,41737199250000,171538051000001,-4.501,-4.629,-33.657,0
1398294467881,41737210511000,171538051000001,-4.501,-4.629,-33.657,0
1398294467892,41737222352000,171538051000001,-4.501,-4.629,-33.657,0
1398294467902,41737231416000,171538051000001,-4.501,-4.629,-33.657,0
1398294467915,41737239320000,171538051000001,-4.501,-4.629,-33.657,0
1398294467921,41737250520000,171538051000001,-4.179,-4.629,-33.657,0
1398294467935,41737265351000,171538051000001,-4.179,-4.629,-33.657,0
1398294467942,41737271730000,171538051000001,-4.179,-4.629,-33.657,0
1398294467953,41737282502000,171538051000001,-4.179,-4.629,-33.657,0
1398294467963,41737292756000,171538051000001,-4.179,-4.629,-33.657,0
1398294467973,41737302461000,171538051000001,-3.849,-4.629,-33.996,0
1398294467986,41737315827000,171538051000001,-3.849,-4.629,-33.996,0
1398294467991,41737320954000,171538051000001,-3.849,-4.978,-33.996,0
1398294468006,41737335694000,171538051000001,-3.849,-4.978,-33.996,0
1398294468012,41737341706000,171538051000001,-3.543,-4.978,-33.996,0
1398294468026,41737355622000,171538051000001,-3.543,-4.978,-33.996,0
1398294468032,41737361634000,171538051000001,-3.543,-4.978,-33.996,0
1398294468046,41737375886000,171538051000001,-3.543,-4.978,-34.33,0
1398294468051,41737381410000,171538051000001,-3.543,-4.978,-34.33,0
1398294468066,41737395783000,171538051000001,-3.543,-5.302,-34.33,0
1398294468072,41737401765000,171538051000001,-3.211,-5.302,-34.33,0
1398294468086,41737415681000,171538051000001,-3.211,-5.302,-34.33,0
1398294468092,41737422364000,171538051000001,-3.211,-5.302,-34.33,0
1398294468104,41737433656000,171538051000001,-3.211,-5.302,-34.33,0
1398294468113,41737441163000,171538051000001,-3.211,-5.302,-34.33,0
1398294468124,41737453431000,171538051000001,-3.211,-5.607,-34.33,0
1398294468130,41737459565000,171538051000001,-2.896,-5.607,-34.33,0
1398294468149,41737472505000,171538051000001,-2.896,-5.607,-34.33,0
1398294468155,41737479524000,171538051000001,-2.896,-5.607,-34.33,0
1398294468160,41737489564000,171538051000001,-2.896,-5.607,-34.33,0
1398294468180,41737500032000,171538051000001,-2.896,-5.607,-34.33,0
1398294468182,41737510438000,171538051000001,-2.896,-5.607,-34.33,0
1398294468190,41737519593000,171538051000001,-2.896,-5.607,-34.33,0
1398294468205,41737530091000,171538051000001,-2.896,-5.607,-34.33,0
1398294468210,41737540132000,171538051000001,-2.896,-5.607,-34.33,0
1398294468221,41737549623000,171538051000001,-2.59,-5.607,-34.33,0
1398294468231,41737561036000,171538051000001,-2.59,-5.607,-34.33,0
1398294468240,41737569673000,171538051000001,-2.59,-5.607,-34.33,0
1398294468254,41737579682000,171538051000001,-2.59,-5.607,-34.33,0
1398294468265,41737595155000,171538051000001,-2.59,-5.607,-34.33,0
1398294468273,41737599641000,171538051000001,-2.59,-5.607,-34.33,0
1398294468286,41737609681000,171538051000001,-2.59,-5.607,-34.33,0
1398294468290,41737619691000,171538051000001,-2.59,-5.607,-34.33,0
1398294468302,41737631227000,171538051000001,-2.59,-5.607,-34.33,0
1398294468310,41737639710000,171538051000001,-2.59,-5.607,-34.33,0
1398294468321,41737649690000,171538051000001,-2.59,-5.607,-34.33,0
1398294468330,41737659699000,171538051000001,-2.59,-5.607,-34.33,0
1398294468340,41737669709000,171538051000001,-2.59,-5.607,-34.33,0
1398294468350,41737679719000,171538051000001,-2.59,-5.607,-34.33,0
1398294468360,41737689729000,171538051000001,-2.59,-5.607,-34.33,0
1398294468371,41737699891000,171538051000001,-2.59,-5.607,-34.33,0
1398294468384,41737713471000,171538051000001,-2.59,-5.607,-34.33,0
1398294468393,41737723451000,171538051000001,-2.902,-5.607,-34.33,0
1398294468404,41737734132000,171538051000001,-2.902,-5.303,-34.33,0
1398294468415,41737745423000,171538051000001,-2.902,-5.303,-34.33,0
1398294468422,41737752168000,171538051000001,-2.902,-5.303,-34.33,0
1398294468433,41737762971000,171538051000001,-2.902,-5.303,-34.33,0
1398294468449,41737777589000,171538051000001,-2.902,-5.303,-34.33,0
1398294468451,41737780458000,171538051000001,-2.902,-4.995,-34.33,0
1398294468465,41737795045000,171538051000001,-2.902,-4.995,-34.33,0
1398294468471,41737800904000,171538051000001,-2.902,-4.995,-34.33,0
1398294468486,41737815034000,171538051000001,-2.902,-4.995,-34.33,0
1398294468491,41737820558000,171538051000001,-2.902,-4.995,-34.33,0
1398294468504,41737833924000,171538051000001,-2.902,-4.995,-34.33,0
1398294468513,41737842774000,171538051000001,-2.902,-4.995,-34.33,0
1398294468523,41737853181000,171538051000001,-2.902,-4.676,-34.33,0
1398294468533,41737862977000,171538051000001,-2.902,-4.676,-34.33,0
1398294468541,41737870454000,171538051000001,-2.902,-4.676,-34.33,0
1398294468558,41737883241000,171538051000001,-2.902,-4.676,-34.33,0
1398294468561,41737889924000,171538051000001,-2.902,-4.676,-34.33,0
1398294468575,41737899964000,171538051000001,-3.213,-4.676,-34.33,0
1398294468587,41737911836000,171538051000001,-3.213,-4.37,-34.33,0
1398294468590,41737919953000,171538051000001,-3.213,-4.37,-34.33,0
1398294468604,41737930665000,171538051000001,-3.213,-4.37,-34.33,0
1398294468612,41737942262000,171538051000001,-3.213,-4.37,-34.33,0
1398294468620,41737949983000,171538051000001,-3.213,-4.37,-34.33,0
1398294468634,41737961671000,171538051000001,-3.213,-4.37,-34.33,0
1398294468642,41737970033000,171538051000001,-3.213,-4.37,-34.33,0
1398294468654,41737980043000,171538051000001,-3.213,-4.37,-34.33,0
1398294468665,41737991609000,171538051000001,-3.213,-4.37,-34.33,0
1398294468674,41738000123000,171538051000001,-3.514,-4.37,-34.33,0
1398294468681,41738010102000,171538051000001,-3.514,-4.37,-34.33,0
1398294468690,41738020082000,171538051000001,-3.514,-4.37,-34.33,0
1398294468701,41738030122000,171538051000001,-3.514,-4.37,-34.33,0
1398294468711,41738040101000,171538051000001,-3.514,-4.37,-34.33,0
1398294468720,41738050111000,171538051000001,-3.514,-4.026,-34.33,0
1398294468731,41738060151000,171538051000001,-3.886,-4.026,-34.33,0
1398294468741,41738070130000,171538051000001,-3.886,-4.026,-34.33,0
1398294468752,41738081788000,171538051000001,-3.886,-4.026,-34.33,0
1398294468761,41738091249000,171538051000001,-3.886,-4.026,-34.33,0
1398294468771,41738100099000,171538051000001,-4.225,-4.026,-34.33,0
1398294468785,41738115571000,171538051000001,-4.225,-4.026,-34.33,0
1398294468792,41738122285000,171538051000001,-4.225,-4.026,-34.33,0
1398294468803,41738133149000,171538051000001,-4.225,-4.026,-34.33,0
1398294468813,41738143098000,171538051000001,-4.225,-3.683,-34.33,0
1398294468822,41738151856000,171538051000001,-4.541,-3.683,-34.33,0
1398294468836,41738166413000,171538051000001,-4.541,-3.683,-34.008,0
1398294468843,41738173219000,171538051000001,-4.541,-3.683,-34.008,0
1398294468856,41738186463000,171538051000001,-4.541,-3.683,-34.008,0
1398294468863,41738192903000,171538051000001,-4.862,-3.683,-34.008,0
1398294468876,41738206422000,171538051000001,-4.862,-3.683,-34.008,0
1398294468883,41738212770000,171538051000001,-4.862,-3.683,-34.008,0
1398294468897,41738226686000,171538051000001,-4.862,-3.683,-34.008,0
1398294468903,41738233033000,171538051000001,-5.165,-3.683,-34.008,0
1398294468914,41738243806000,171538051000001,-5.165,-3.683,-34.008,0
1398294468927,41738256684000,171538051000001,-5.165,-3.683,-34.008,0
1398294468933,41738263063000,171538051000001,-5.165,-3.683,-34.008,0
1398294468946,41738276612000,171538051000001,-5.165,-3.683,-34.008,0
1398294468953,41738282960000,171538051000001,-5.165,-3.683,-34.008,0
1398294468966,41738296510000,171538051000001,-5.165,-3.683,-34.008,0
1398294468973,41738302888000,171538051000001,-5.165,-3.683,-34.008,0
1398294468987,41738316804000,171538051000001,-5.165,-3.683,-34.008,0
1398294468993,41738323121000,171538051000001,-5.165,-3.683,-34.008,0
1398294469006,41738336549000,171538051000001,-5.165,-3.373,-34.008,0
1398294469013,41738342744000,171538051000001,-5.165,-3.373,-34.008,0
1398294469024,41738353272000,171538051000001,-5.165,-3.373,-34.008,0
1398294469034,41738364228000,171538051000001,-5.165,-3.373,-34.008,0
1398294469044,41738374238000,171538051000001,-5.165,-3.373,-34.008,0
1398294469056,41738385438000,171538051000001,-5.165,-3.373,-34.008,0
1398294469068,41738396607000,171538051000001,-5.165,-3.373,-34.008,0
1398294469070,41738400392000,171538051000001,-4.85,-3.373,-34.008,0
1398294469085,41738414765000,171538051000001,-4.85,-3.373,-34.008,0
1398294469093,41738422730000,171538051000001,-4.85,-3.373,-34.008,0
1398294469104,41738434022000,171538051000001,-4.85,-3.373,-34.008,0
1398294469114,41738444062000,171538051000001,-4.85,-3.373,-34.008,0
1398294469123,41738453157000,171538051000001,-4.85,-3.373,-34.008,0
1398294469134,41738464051000,171538051000001,-4.85,-3.373,-34.008,0
1398294469144,41738474214000,171538051000001,-4.85,-3.373,-34.008,0
1398294469153,41738482637000,171538051000001,-4.85,-3.373,-34.008,0
1398294469166,41738495484000,171538051000001,-4.85,-3.373,-34.008,0
1398294469172,41738500825000,171538051000001,-4.85,-3.373,-34.008,0
1398294469182,41738510530000,171538051000001,-4.85,-3.373,-34.008,0
1398294469191,41738520539000,171538051000001,-4.85,-3.373,-34.008,0
1398294469202,41738532136000,171538051000001,-4.85,-3.373,-34.008,0
1398294469211,41738540620000,171538051000001,-4.85,-3.073,-34.008,0
1398294469221,41738550599000,171538051000001,-4.85,-3.073,-34.008,0
1398294469231,41738560609000,171538051000001,-4.85,-3.073,-34.008,0
1398294469241,41738570619000,171538051000001,-4.85,-3.073,-34.008,0
1398294469251,41738580598000,171538051000001,-4.85,-3.073,-34.008,0
1398294469261,41738590791000,171538051000001,-4.85,-3.073,-33.674,0
1398294469272,41738600648000,171538051000001,-4.85,-3.073,-33.674,0
1398294469284,41738614228000,171538051000001,-4.85,-3.073,-33.674,0
1398294469294,41738624208000,171538051000001,-4.85,-3.073,-33.674,0
1398294469305,41738634889000,171538051000001,-4.85,-3.073,-33.674,0
1398294469317,41738643037000,171538051000001,-4.85,-3.073,-33.674,0
1398294469323,41738650697000,171538051000001,-4.85,-3.073,-33.674,0
1398294469335,41738660737000,171538051000001,-4.85,-3.073,-33.674,0
1398294469346,41738670716000,171538051000001,-4.85,-3.073,-33.674,0
1398294469354,41738680757000,171538051000001,-4.85,-3.073,-33.674,0
1398294469402,41738692597000,171538051000001,-4.85,-3.073,-33.674,0
1398294469409,41738705842000,171538051000001,-4.85,-3.073,-33.674,0
1398294469411,41738713258000,171538051000001,-5.154,-3.073,-33.674,0
1398294469416,41738721040000,171538051000001,-5.154,-3.073,-33.674,0
1398294469420,41738730775000,171538051000001,-5.154,-3.073,-33.674,0
1398294469423,41738740785000,171538051000001,-5.154,-3.073,-33.674,0
1398294469425,41738750794000,171538051000001,-5.154,-3.073,-33.345,0
1398294469431,41738760804000,171538051000001,-5.487,-3.073,-33.345,0
1398294469441,41738770783000,171538051000001,-5.487,-3.073,-33.345,0
1398294469451,41738780793000,171538051000001,-5.487,-3.073,-33.345,0
1398294469461,41738790803000,171538051000001,-5.487,-3.073,-33.345,0
1398294469471,41738800843000,171538051000001,-5.487,-3.376,-33.345,0
1398294469481,41738810823000,171538051000001,-5.487,-3.376,-33.345,0
1398294469491,41738820863000,171538051000001,-5.487,-3.376,-33.345,0
1398294469503,41738832734000,171538051000001,-5.487,-3.376,-33.345,0
1398294469513,41738843049000,171538051000001,-5.487,-3.376,-33.345,0
1398294469523,41738852723000,171538051000001,-5.487,-3.376,-33.345,0
1398294469533,41738862214000,171538051000001,-5.793,-3.376,-33.041,0
1398294469544,41738874513000,171538051000001,-5.793,-3.698,-33.041,0
1398294469552,41738881806000,171538051000001,-5.793,-3.698,-33.041,0
1398294469565,41738894746000,171538051000001,-5.793,-3.698,-33.041,0
1398294469577,41738906800000,171538051000001,-5.793,-3.698,-33.041,0
1398294469583,41738913178000,171538051000001,-5.793,-3.698,-33.041,0
1398294469597,41738927186000,171538051000001,-5.793,-3.698,-33.041,0
1398294469603,41738933564000,171538051000001,-5.793,-3.698,-33.041,0
1398294469615,41738944337000,171538051000001,-5.793,-4.029,-33.041,0
1398294469626,41738956330000,171538051000001,-5.793,-4.029,-33.041,0
1398294469634,41738964631000,171538051000001,-5.793,-4.029,-33.041,0
1398294469643,41738972352000,171538051000001,-5.793,-4.029,-33.041,0
1398294469655,41738984712000,171538051000001,-5.793,-4.029,-33.041,0
1398294469663,41738993226000,171538051000001,-5.793,-4.029,-33.041,0
1398294469674,41739004273000,171538051000001,-5.793,-4.029,-33.041,0
1398294469688,41739014100000,171538051000001,-5.793,-4.029,-33.041,0
1398294469692,41739021272000,171538051000001,-5.793,-4.029,-33.041,0
1398294469705,41739031220000,171538051000001,-5.793,-4.029,-33.041,0
1398294469720,41739043366000,171538051000001,-6.14,-4.029,-33.041,0
1398294469722,41739051057000,171538051000001,-6.14,-4.339,-33.041,0
1398294469740,41739061494000,171538051000001,-6.14,-4.339,-33.041,0
1398294469744,41739072633000,171538051000001,-6.14,-4.339,-33.041,0
1398294469753,41739081117000,171538051000001,-6.14,-4.339,-33.041,0
1398294469761,41739091065000,171538051000001,-6.14,-4.339,-33.041,0
1398294469773,41739102723000,171538051000001,-6.14,-4.339,-33.041,0
1398294469782,41739111512000,171538051000001,-6.14,-4.339,-33.041,0
1398294469795,41739124055000,171538051000001,-6.14,-4.339,-33.041,0
1398294469802,41739132203000,171538051000001,-6.14,-4.339,-33.041,0
1398294469817,41739141145000,171538051000001,-6.14,-4.339,-33.041,0
1398294469826,41739151155000,171538051000001,-6.14,-4.339,-33.041,0
1398294469848,41739161164000,171538051000001,-6.14,-4.339,-33.041,0
1398294469850,41739171174000,171538051000001,-6.14,-4.339,-33.041,0
1398294469851,41739181184000,171538051000001,-6.14,-4.339,-33.041,0
1398294469861,41739191163000,171538051000001,-6.14,-4.339,-33.041,0
1398294469871,41739201173000,171538051000001,-6.14,-4.339,-33.041,0
1398294469883,41739211213000,171538051000001,-6.14,-4.339,-33.041,0
1398294469891,41739221192000,171538051000001,-6.14,-4.339,-33.041,0
1398294469901,41739231202000,171538051000001,-6.14,-4.339,-33.041,0
1398294469911,41739241212000,171538051000001,-6.14,-4.339,-33.041,0
1398294469923,41739252778000,171538051000001,-6.14,-4.339,-33.041,0
1398294469934,41739261293000,171538051000001,-6.14,-4.339,-33.041,0
1398294469942,41739271394000,171538051000001,-6.14,-4.339,-33.041,0
1398294469952,41739281251000,171538051000001,-6.14,-4.339,-33.041,0
1398294469964,41739292359000,171538051000001,-6.14,-4.339,-33.041,0
1398294469974,41739301301000,171538051000001,-6.14,-4.339,-33.041,0
1398294469986,41739314942000,171538051000001,-6.14,-4.339,-33.041,0
1398294469992,41739321290000,171538051000001,-6.14,-4.339,-33.041,0
1398294470002,41739331300000,171538051000001,-6.14,-4.339,-33.041,0
1398294470018,41739342774000,171538051000001,-6.14,-4.339,-33.041,0
1398294470021,41739351350000,171538051000001,-6.14,-4.339,-33.041,0
1398294470032,41739361360000,171538051000001,-6.14,-4.339,-33.041,0
1398294470047,41739371369000,171538051000001,-6.14,-4.339,-33.041,0
1398294470054,41739381379000,171538051000001,-6.14,-4.339,-33.041,0
1398294470071,41739391572000,171538051000001,-6.14,-4.339,-33.041,0
1398294470074,41739401429000,171538051000001,-6.14,-4.339,-33.041,0
1398294470081,41739411378000,171538051000001,-6.14,-4.339,-33.041,0
1398294470091,41739421388000,171538051000001,-6.14,-4.339,-33.041,0
1398294470103,41739432954000,171538051000001,-6.14,-4.339,-33.041,0
1398294470113,41739441438000,171538051000001,-6.14,-4.339,-33.041,0
1398294470121,41739451448000,171538051000001,-6.14,-4.339,-33.041,0
1398294470131,41739461427000,171538051000001,-5.838,-4.339,-33.041,0
1398294470142,41739471620000,171538051000001,-5.838,-4.339,-33.041,0
1398294470151,41739481446000,171538051000001,-5.838,-4.339,-33.041,0
1398294470161,41739491456000,171538051000001,-5.838,-4.339,-33.041,0
1398294470171,41739501466000,171538051000001,-5.838,-4.339,-33.041,0
1398294470181,41739511476000,171538051000001,-5.838,-4.339,-33.041,0
1398294470191,41739521455000,171538051000001,-5.838,-4.339,-33.041,0
1398294470202,41739531526000,171538051000001,-5.838,-4.339,-33.041,0
1398294470212,41739541535000,171538051000001,-5.838,-4.339,-33.041,0
1398294470222,41739551545000,171538051000001,-5.838,-4.339,-33.041,0
1398294470235,41739561555000,171538051000001,-5.838,-4.339,-33.041,0
1398294470242,41739571565000,171538051000001,-5.838,-4.339,-33.041,0
1398294470252,41739581574000,171538051000001,-5.838,-4.339,-33.041,0
1398294470263,41739591554000,171538051000001,-5.838,-4.339,-33.041,0
1398294470272,41739601564000,171538051000001,-5.838,-4.339,-33.041,0
1398294470287,41739613496000,171538051000001,-5.494,-4.339,-33.041,0
1398294470297,41739621766000,171538051000001,-5.494,-4.339,-33.041,0
1398294470304,41739631562000,171538051000001,-5.494,-4.339,-33.041,0
1398294470312,41739641572000,171538051000001,-5.494,-4.339,-33.041,0
1398294470322,41739651612000,171538051000001,-5.494,-4.339,-33.041,0
1398294470332,41739661592000,171538051000001,-5.494,-4.339,-33.041,0
1398294470342,41739671601000,171538051000001,-5.169,-4.339,-33.399,0
1398294470353,41739681611000,171538051000001,-5.169,-4.339,-33.399,0
1398294470364,41739691621000,171538051000001,-5.169,-4.339,-33.399,0
1398294470372,41739701631000,171538051000001,-5.169,-4.339,-33.399,0
1398294470382,41739711640000,171538051000001,-4.858,-4.339,-33.399,0
1398294470392,41739721620000,171538051000001,-4.858,-4.339,-33.399,0
1398294470402,41739732026000,171538051000001,-4.858,-4.339,-33.758,0
1398294470412,41739741639000,171538051000001,-4.858,-4.339,-33.758,0
1398294470422,41739751679000,171538051000001,-4.537,-4.339,-33.758,0
1398294470432,41739761689000,171538051000001,-4.537,-4.339,-33.758,0
1398294470447,41739771730000,171538051000001,-4.537,-4.339,-33.758,0
1398294470460,41739781739000,171538051000001,-4.537,-4.339,-33.758,0
1398294470463,41739793275000,171538051000001,-4.229,-4.339,-33.758,0
1398294470472,41739801789000,171538051000001,-4.229,-4.339,-34.08,0
1398294470482,41739811738000,171538051000001,-4.229,-4.339,-34.08,0
1398294470492,41739821809000,171538051000001,-4.229,-4.339,-34.08,0
1398294470502,41739831758000,171538051000001,-4.229,-4.339,-34.08,0
1398294470513,41739841798000,171538051000001,-4.229,-4.339,-34.08,0
1398294470522,41739851808000,171538051000001,-4.229,-4.339,-34.08,0
1398294470532,41739861817000,171538051000001,-4.229,-4.339,-34.08,0
1398294470542,41739871827000,171538051000001,-4.229,-4.339,-34.08,0
1398294470552,41739882020000,171538051000001,-4.229,-4.339,-34.08,0
1398294470562,41739891816000,171538051000001,-4.229,-4.339,-34.08,0
1398294470572,41739901826000,171538051000001,-4.229,-4.339,-34.08,0
1398294470582,41739911866000,171538051000001,-4.229,-4.339,-34.08,0
1398294470593,41739922212000,171538051000001,-4.229,-4.339,-34.08,0
1398294470604,41739933412000,171538051000001,-4.229,-4.339,-33.775,0
1398294470613,41739941865000,171538051000001,-4.229,-4.339,-33.775,0
1398294470622,41739951844000,171538051000001,-4.229,-4.339,-33.775,0
1398294470632,41739961854000,171538051000001,-4.58,-4.339,-33.775,0
1398294470644,41739973420000,171538051000001,-4.58,-4.339,-33.775,0
1398294470652,41739981935000,171538051000001,-4.58,-4.339,-33.775,0
1398294470662,41739991914000,171538051000001,-4.58,-4.339,-33.775,0
1398294470674,41740001954000,171538051000001,-4.58,-4.339,-33.775,0
1398294470685,41740012178000,171538051000001,-4.58,-4.339,-33.775,0
1398294470692,41740021943000,171538051000001,-4.58,-4.339,-33.775,0
1398294470702,41740031953000,171538051000001,-4.914,-4.339,-33.775,0
1398294470712,41740041963000,171538051000001,-4.914,-4.339,-33.775,0
1398294470722,41740051972000,171538051000001,-4.914,-4.339,-33.451,0
1398294470732,41740061982000,171538051000001,-4.914,-4.339,-33.451,0
1398294470742,41740071992000,171538051000001,-4.914,-4.339,-33.451,0
1398294470752,41740082002000,171538051000001,-4.914,-4.339,-33.451,0
1398294470763,41740092012000,171538051000001,-4.914,-4.339,-33.451,0
1398294470772,41740102021000,171538051000001,-4.914,-4.339,-33.451,0
1398294470783,41740112519000,171538051000001,-5.267,-4.02,-33.451,0
1398294470792,41740122041000,171538051000001,-5.267,-4.02,-33.451,0
1398294470802,41740132020000,171538051000001,-5.267,-4.02,-33.451,0
1398294470812,41740142060000,171538051000001,-5.267,-4.02,-33.451,0
1398294470824,41740153596000,171538051000001,-5.267,-4.02,-33.451,0
1398294470832,41740162110000,171538051000001,-5.267,-4.02,-33.451,0
1398294470842,41740172120000,171538051000001,-5.267,-3.717,-33.451,0
1398294470862,41740182160000,171538051000001,-5.645,-3.717,-33.451,0
1398294470864,41740192140000,171538051000001,-5.645,-3.717,-33.451,0
1398294470872,41740202180000,171538051000001,-5.645,-3.717,-33.451,0
1398294470882,41740212159000,171538051000001,-5.645,-3.717,-33.451,0
1398294470892,41740222169000,171538051000001,-5.645,-3.717,-33.451,0
1398294470902,41740232362000,171538051000001,-5.645,-3.717,-33.451,0
1398294470912,41740242158000,171538051000001,-5.645,-3.387,-33.451,0
1398294470922,41740252168000,171538051000001,-5.645,-3.387,-33.451,0
1398294470933,41740262147000,171538051000001,-5.645,-3.387,-33.451,0
1398294470942,41740272157000,171538051000001,-5.645,-3.387,-33.451,0
1398294470952,41740282167000,171538051000001,-5.645,-3.387,-33.451,0
1398294470967,41740292207000,171538051000001,-5.645,-3.387,-33.451,0
1398294470972,41740302186000,171538051000001,-5.952,-3.387,-33.451,0
1398294470983,41740312196000,171538051000001,-5.952,-3.387,-33.451,0
1398294470997,41740322236000,171538051000001,-5.952,-3.387,-33.451,0
1398294471005,41740333772000,171538051000001,-5.952,-3.387,-33.451,0
1398294471020,41740342286000,171538051000001,-5.952,-3.08,-33.451,0
1398294471022,41740352265000,171538051000001,-5.952,-3.08,-33.451,0
1398294471032,41740362275000,171538051000001,-5.952,-3.08,-33.451,0
1398294471042,41740372285000,171538051000001,-5.952,-3.08,-33.451,0
1398294471052,41740382325000,171538051000001,-5.952,-3.08,-33.451,0
1398294471068,41740392304000,171538051000001,-5.952,-3.08,-33.451,0
1398294471072,41740402284000,171538051000001,-5.952,-3.08,-33.451,0
1398294471082,41740412324000,171538051000001,-5.952,-3.08,-33.451,0
1398294471093,41740422303000,171538051000001,-5.952,-3.08,-33.451,0
1398294471102,41740432313000,171538051000001,-5.952,-3.08,-33.451,0
1398294471116,41740442658000,171538051000001,-5.952,-3.08,-33.451,0
1398294471124,41740452424000,171538051000001,-5.952,-3.08,-33.451,0
1398294471133,41740462434000,171538051000001,-5.952,-3.08,-33.451,0
1398294471143,41740472444000,171538051000001,-5.952,-3.08,-33.451,0
1398294471153,41740482453000,171538051000001,-5.952,-3.08,-33.451,0
1398294471165,41740492433000,171538051000001,-5.952,-3.08,-33.451,0
1398294471173,41740502473000,171538051000001,-5.952,-3.08,-33.451,0
1398294471184,41740514039000,171538051000001,-5.952,-3.08,-33.451,0
1398294471192,41740522492000,171538051000001,-5.952,-3.08,-33.451,0
1398294471203,41740532746000,171538051000001,-5.952,-3.08,-33.451,0
1398294471212,41740542543000,171538051000001,-5.952,-3.08,-33.451,0
1398294471223,41740552644000,171538051000001,-5.952,-3.08,-33.451,0
1398294471232,41740562440000,171538051000001,-5.952,-3.08,-33.451,0
1398294471242,41740572450000,171538051000001,-5.952,-3.08,-33.451,0
1398294471252,41740582460000,171538051000001,-5.952,-3.08,-33.451,0
1398294471262,41740592469000,171538051000001,-5.952,-3.08,-33.451,0
1398294471273,41740602479000,171538051000001,-5.65,-3.08,-33.451,0
1398294471284,41740612519000,171538051000001,-5.65,-3.08,-33.451,0
1398294471293,41740622590000,171538051000001,-5.65,-3.08,-33.451,0
1398294471303,41740632600000,171538051000001,-5.65,-3.08,-33.451,0
1398294471313,41740642610000,171538051000001,-5.65,-3.08,-33.451,0
1398294471323,41740652619000,171538051000001,-5.992,-3.08,-33.451,0
1398294471332,41740662599000,171538051000001,-5.992,-3.08,-33.451,0
1398294471344,41740672608000,171538051000001,-5.992,-3.08,-33.451,0
1398294471360,41740682649000,171538051000001,-5.992,-3.08,-33.451,0
1398294471367,41740694184000,171538051000001,-5.992,-3.08,-33.451,0
1398294471373,41740702699000,171538051000001,-5.992,-3.08,-33.451,0
1398294471383,41740712831000,171538051000001,-6.303,-3.08,-33.451,0
1398294471393,41740722718000,171538051000001,-6.303,-3.08,-33.451,0
1398294471403,41740732881000,171538051000001,-6.303,-3.08,-33.451,0
1398294471413,41740742707000,171538051000001,-6.303,-3.08,-33.451,0
1398294471436,41740753572000,171538051000001,-6.303,-3.08,-33.451,0
1398294471438,41740762727000,171538051000001,-6.303,-3.08,-33.451,0
1398294471444,41740772737000,171538051000001,-6.303,-3.08,-33.451,0
1398294471454,41740782746000,171538051000001,-6.303,-3.08,-33.451,0
1398294471464,41740792756000,171538051000001,-6.303,-3.08,-33.451,0
1398294471473,41740802949000,171538051000001,-6.303,-3.08,-33.451,0
1398294471483,41740812745000,171538051000001,-6.303,-3.08,-33.451,0
1398294471494,41740822785000,171538051000001,-6.303,-3.08,-33.451,0
1398294471503,41740832795000,171538051000001,-6.303,-3.08,-33.451,0
1398294471515,41740842774000,171538051000001,-6.303,-3.08,-33.451,0
1398294471523,41740852784000,171538051000001,-6.303,-3.08,-33.451,0
1398294471533,41740862794000,171538051000001,-6.303,-3.08,-33.451,0
1398294471544,41740874330000,171538051000001,-6.303,-3.08,-33.451,0
1398294471553,41740882875000,171538051000001,-6.303,-3.08,-33.451,0
1398294471563,41740893006000,171538051000001,-6.303,-3.08,-33.451,0
1398294471573,41740902833000,171538051000001,-6.303,-3.08,-33.451,0
1398294471583,41740912812000,171538051000001,-6.303,-3.08,-33.451,0
1398294471592,41740922822000,171538051000001,-6.303,-3.08,-33.451,0
1398294471603,41740932862000,171538051000001,-6.303,-3.08,-33.451,0
1398294471613,41740942872000,171538051000001,-6.303,-3.08,-33.451,0
1398294471623,41740952882000,171538051000001,-6.303,-3.08,-33.451,0
1398294471633,41740962892000,171538051000001,-6.303,-3.08,-33.451,0
1398294471643,41740972901000,171538051000001,-6.303,-3.08,-33.451,0
1398294471653,41740982881000,171538051000001,-6.303,-3.08,-33.451,0
1398294471663,41740992890000,171538051000001,-6.303,-3.08,-33.451,0
1398294471673,41741002900000,171538051000001,-6.303,-3.08,-33.451,0
1398294471683,41741012910000,171538051000001,-5.966,-3.08,-33.451,0
1398294471693,41741022920000,171538051000001,-5.966,-3.08,-33.451,0
1398294471703,41741032929000,171538051000001,-5.966,-3.08,-33.451,0
1398294471713,41741042970000,171538051000001,-5.966,-3.08,-33.451,0
1398294471726,41741054505000,171538051000001,-5.966,-3.08,-33.451,0
1398294471733,41741063020000,171538051000001,-5.966,-3.08,-33.451,0
1398294471743,41741072969000,171538051000001,-5.966,-3.08,-33.451,0
1398294471753,41741083009000,171538051000001,-5.966,-3.387,-33.451,0
1398294471764,41741093049000,171538051000001,-5.648,-3.387,-33.451,0
1398294471773,41741102998000,171538051000001,-5.648,-3.387,-33.451,0
1398294471783,41741113038000,171538051000001,-5.648,-3.387,-33.451,0
1398294471793,41741123078000,171538051000001,-5.648,-3.387,-33.451,0
1398294471803,41741133058000,171538051000001,-5.648,-3.387,-33.451,0
1398294471813,41741143067000,171538051000001,-5.648,-3.387,-33.451,0
1398294471825,41741153504000,171538051000001,-5.648,-3.387,-33.451,0
1398294471833,41741163026000,171538051000001,-5.648,-3.387,-33.451,0
1398294471844,41741173066000,171538051000001,-5.648,-3.387,-33.451,0
1398294471853,41741183045000,171538051000001,-5.648,-3.387,-33.451,0
1398294471863,41741193055000,171538051000001,-5.648,-3.387,-33.451,0
1398294471873,41741203065000,171538051000001,-5.648,-3.387,-33.451,0
1398294471883,41741213075000,171538051000001,-5.648,-3.387,-33.451,0
1398294471893,41741223054000,171538051000001,-5.648,-3.387,-33.451,0
1398294471905,41741234651000,171538051000001,-5.648,-3.387,-33.451,0
1398294471913,41741243318000,171538051000001,-5.648,-3.387,-33.451,0
1398294471923,41741253114000,171538051000001,-5.648,-3.387,-33.451,0
1398294471933,41741263124000,171538051000001,-5.648,-3.387,-33.451,0
1398294471943,41741273164000,171538051000001,-5.648,-3.387,-33.451,0
1398294471953,41741283174000,171538051000001,-5.648,-3.387,-33.451,0
1398294471963,41741293153000,171538051000001,-5.648,-3.387,-33.451,0
1398294471973,41741303163000,171538051000001,-5.648,-3.387,-33.451,0
1398294471983,41741313172000,171538051000001,-5.648,-3.387,-33.451,0
1398294471993,41741323182000,171538051000001,-5.316,-3.387,-33.451,0
1398294472003,41741333192000,171538051000001,-5.316,-3.387,-33.451,0
1398294472013,41741343202000,171538051000001,-5.316,-3.387,-33.451,0
1398294472023,41741353242000,171538051000001,-5.316,-3.387,-33.451,0
1398294472033,41741363221000,171538051000001,-5.316,-3.387,-33.451,0
1398294472043,41741373262000,171538051000001,-5.316,-3.387,-33.451,0
1398294472053,41741383241000,171538051000001,-5.316,-3.387,-33.451,0
1398294472063,41741393251000,171538051000001,-5.316,-3.387,-33.451,0
1398294472073,41741403291000,171538051000001,-5.316,-3.387,-33.451,0
1398294472085,41741414826000,171538051000001,-5.316,-3.387,-33.451,0
1398294472093,41741423341000,171538051000001,-5.316,-3.387,-33.451,0
1398294472103,41741433320000,171538051000001,-5.316,-3.387,-33.12,0
1398294472115,41741444734000,171538051000001,-5.316,-3.387,-33.12,0
1398294472126,41741455964000,171538051000001,-5.316,-3.387,-33.12,0
1398294472134,41741463655000,171538051000001,-5.316,-3.721,-33.12,0
1398294472147,41741476991000,171538051000001,-5.316,-3.721,-33.12,0
1398294472158,41741487672000,171538051000001,-5.316,-3.721,-33.12,0
1398294472169,41741495912000,171538051000001,-5.316,-3.721,-33.12,0
1398294472175,41741504304000,171538051000001,-5.618,-3.721,-33.12,0
1398294472184,41741513429000,171538051000001,-5.618,-3.721,-33.12,0
1398294472195,41741523439000,171538051000001,-5.618,-3.721,-33.12,0
1398294472210,41741536012000,171538051000001,-5.618,-3.721,-33.12,0
1398294472214,41741543428000,171538051000001,-5.618,-3.721,-33.12,0
1398294472225,41741553468000,171538051000001,-5.618,-4.071,-33.12,0
1398294472234,41741563478000,171538051000001,-5.618,-4.071,-33.12,0
1398294472246,41741573548000,171538051000001,-5.618,-4.071,-33.12,0
1398294472254,41741583497000,171538051000001,-5.618,-4.071,-33.12,0
1398294472271,41741595094000,171538051000001,-5.94,-4.071,-33.12,0
1398294472282,41741603578000,171538051000001,-5.94,-4.071,-33.12,0
1398294472301,41741613557000,171538051000001,-5.94,-4.071,-33.12,0
1398294472302,41741623536000,171538051000001,-5.94,-4.071,-33.12,0
1398294472304,41741633546000,171538051000001,-5.94,-4.071,-33.12,0
1398294472314,41741643586000,171538051000001,-5.94,-4.071,-33.12,0
1398294472325,41741653565000,171538051000001,-5.94,-4.071,-33.12,0
1398294472334,41741663575000,171538051000001,-5.94,-4.071,-33.12,0
1398294472344,41741673616000,171538051000001,-5.94,-4.071,-33.12,0
1398294472354,41741683595000,171538051000001,-5.94,-4.071,-33.12,0
1398294472364,41741693788000,171538051000001,-5.94,-4.071,-33.12,0
1398294472374,41741703614000,171538051000001,-5.94,-4.071,-33.12,0
1398294472384,41741713624000,171538051000001,-5.94,-4.071,-33.12,0
1398294472394,41741723634000,171538051000001,-5.94,-4.071,-33.12,0
1398294472404,41741733644000,171538051000001,-5.94,-4.071,-33.12,0
1398294472414,41741743623000,171538051000001,-5.94,-4.071,-33.12,0
1398294472424,41741753663000,171538051000001,-5.633,-4.071,-33.12,0
1398294472447,41741763673000,171538051000001,-5.633,-4.071,-33.12,0
1398294472449,41741776765000,171538051000001,-5.633,-4.071,-33.12,0
1398294472454,41741783723000,171538051000001,-5.633,-4.071,-33.12,0
1398294472464,41741793733000,171538051000001,-5.633,-4.071,-33.12,0
1398294472475,41741803712000,171538051000001,-5.633,-4.071,-33.12,0
1398294472484,41741813722000,171538051000001,-5.633,-4.071,-33.12,0
1398294472494,41741823762000,171538051000001,-5.633,-4.071,-33.12,0
1398294472504,41741833772000,171538051000001,-5.633,-4.071,-33.12,0
1398294472514,41741843751000,171538051000001,-5.633,-4.071,-33.12,0
1398294472524,41741853761000,171538051000001,-5.299,-4.071,-33.12,0
1398294472534,41741863801000,171538051000001,-5.299,-4.071,-33.12,0
1398294472544,41741873811000,171538051000001,-5.299,-4.071,-33.12,0
1398294472554,41741883851000,171538051000001,-5.299,-4.071,-33.12,0
1398294472564,41741893800000,171538051000001,-5.299,-4.071,-33.12,0
1398294472580,41741903840000,171538051000001,-5.299,-4.071,-33.12,0
1398294472585,41741913789000,171538051000001,-5.299,-4.071,-33.12,0
1398294472595,41741923799000,171538051000001,-5.299,-4.071,-33.12,0
1398294472604,41741933808000,171538051000001,-5.299,-4.071,-33.12,0
1398294472614,41741943818000,171538051000001,-5.299,-4.071,-33.12,0
1398294472625,41741955354000,171538051000001,-5.299,-4.071,-33.12,0
1398294472634,41741963868000,171538051000001,-5.299,-4.071,-33.12,0
1398294472644,41741973847000,171538051000001,-5.299,-4.071,-33.448,0
1398294472654,41741983857000,171538051000001,-5.299,-4.071,-33.448,0
1398294472664,41741993867000,171538051000001,-5.299,-4.071,-33.448,0
1398294472674,41742003877000,171538051000001,-5.299,-4.071,-33.448,0
1398294472693,41742013887000,171538051000001,-5.299,-4.071,-33.448,0
1398294472694,41742023927000,171538051000001,-5.299,-4.071,-33.448,0
1398294472704,41742033937000,171538051000001,-5.299,-4.071,-33.448,0
1398294472714,41742043916000,171538051000001,-5.299,-4.071,-33.448,0
1398294472724,41742053926000,171538051000001,-5.299,-4.071,-33.448,0
1398294472734,41742063935000,171538051000001,-5.299,-4.071,-33.448,0
1398294472745,41742074189000,171538051000001,-5.299,-4.071,-33.775,0
1398294472754,41742083924000,171538051000001,-5.299,-3.761,-33.775,0
1398294472764,41742093965000,171538051000001,-5.299,-3.761,-33.775,0
1398294472775,41742104188000,171538051000001,-5.299,-3.761,-33.775,0
1398294472784,41742113954000,171538051000001,-5.299,-3.761,-33.775,0
1398294472794,41742123994000,171538051000001,-5.299,-3.761,-33.775,0
1398294472805,41742135530000,171538051000001,-5.299,-3.761,-33.775,0
1398294472814,41742144044000,171538051000001,-5.299,-3.761,-33.775,0
1398294472824,41742154023000,171538051000001,-5.299,-3.761,-33.775,0
1398294472834,41742164033000,171538051000001,-5.299,-3.761,-33.775,0
1398294472844,41742174043000,171538051000001,-5.299,-3.761,-33.775,0
1398294472863,41742184053000,171538051000001,-5.299,-3.761,-33.775,0
1398294472875,41742194062000,171538051000001,-5.299,-3.761,-33.775,0
1398294472876,41742204072000,171538051000001,-5.299,-3.761,-33.775,0
1398294472884,41742214082000,171538051000001,-5.651,-3.761,-33.775,0
1398294472894,41742224061000,171538051000001,-5.651,-3.761,-33.775,0
1398294472905,41742234071000,171538051000001,-5.651,-3.761,-33.775,0
1398294472914,41742244111000,171538051000001,-5.651,-3.761,-33.775,0
1398294472924,41742254121000,171538051000001,-5.651,-3.761,-33.775,0
1398294472940,41742264161000,171538051000001,-5.651,-3.761,-33.775,0
1398294472956,41742274140000,171538051000001,-5.651,-3.761,-33.457,0
1398294472957,41742284364000,171538051000001,-5.651,-3.761,-33.457,0
1398294472964,41742294160000,171538051000001,-5.651,-3.761,-33.457,0
1398294472980,41742304170000,171538051000001,-5.651,-3.761,-33.457,0
1398294472985,41742315705000,171538051000001,-5.651,-3.761,-33.457,0
1398294472994,41742324220000,171538051000001,-6.031,-3.761,-33.457,0
1398294473004,41742334168000,171538051000001,-6.031,-3.761,-33.457,0
1398294473014,41742344209000,171538051000001,-6.031,-3.761,-33.457,0
1398294473024,41742354219000,171538051000001,-6.031,-3.761,-33.457,0
1398294473034,41742364228000,171538051000001,-6.031,-3.761,-33.457,0
1398294473044,41742374238000,171538051000001,-6.031,-3.761,-33.457,0
1398294473054,41742384553000,171538051000001,-6.031,-3.761,-33.457,0
1398294473064,41742394258000,171538051000001,-6.031,-3.761,-33.457,0
1398294473074,41742404267000,171538051000001,-6.031,-3.761,-33.457,0
1398294473084,41742414277000,171538051000001,-6.031,-3.761,-33.457,0
1398294473094,41742424287000,171538051000001,-6.031,-3.761,-33.457,0
1398294473104,41742434297000,171538051000001,-6.031,-3.761,-33.457,0
1398294473114,41742444306000,171538051000001,-6.031,-3.761,-33.457,0
1398294473124,41742454316000,171538051000001,-6.031,-3.761,-33.457,0
1398294473134,41742464326000,171538051000001,-6.031,-3.761,-33.457,0
1398294473145,41742474336000,171538051000001,-6.031,-3.761,-33.457,0
1398294473155,41742484345000,171538051000001,-6.031,-3.761,-33.457,0
1398294473166,41742495912000,171538051000001,-5.715,-3.761,-33.457,0
1398294473176,41742504396000,171538051000001,-5.715,-3.761,-33.457,0
1398294473184,41742514405000,171538051000001,-5.715,-4.083,-33.457,0
1398294473194,41742524385000,171538051000001,-5.715,-4.083,-33.457,0
1398294473205,41742534394000,171538051000001,-5.715,-4.083,-33.457,0
1398294473214,41742544404000,171538051000001,-5.715,-4.083,-33.151,0
1398294473224,41742554414000,171538051000001,-5.715,-4.083,-33.151,0
1398294473234,41742564393000,171538051000001,-5.715,-4.083,-33.151,0
1398294473251,41742574464000,171538051000001,-5.715,-4.083,-33.151,0
1398294473259,41742584626000,171538051000001,-5.715,-4.083,-33.151,0
1398294473265,41742594453000,171538051000001,-5.715,-4.083,-33.151,0
1398294473275,41742604432000,171538051000001,-5.715,-4.083,-33.151,0
1398294473285,41742614472000,171538051000001,-5.715,-4.083,-33.151,0
1398294473295,41742624482000,171538051000001,-5.715,-4.083,-33.151,0
1398294473305,41742634492000,171538051000001,-5.715,-4.083,-33.151,0
1398294473315,41742644502000,171538051000001,-5.715,-4.083,-33.151,0
1398294473325,41742654512000,171538051000001,-5.715,-4.083,-33.151,0
1398294473335,41742664735000,171538051000001,-5.715,-4.083,-33.151,0
1398294473347,41742676118000,171538051000001,-5.715,-4.083,-33.151,0
1398294473355,41742684602000,171538051000001,-5.715,-4.083,-33.151,0
1398294473369,41742698426000,171538051000001,-5.715,-4.083,-33.151,0
1398294473375,41742704560000,171538051000001,-5.715,-4.083,-33.151,0
1398294473385,41742714570000,171538051000001,-5.384,-4.083,-33.151,0
1398294473395,41742724580000,171538051000001,-5.384,-4.083,-33.151,0
1398294473405,41742734590000,171538051000001,-5.384,-4.083,-33.457,0
1398294473415,41742744599000,171538051000001,-5.047,-4.083,-33.457,0
1398294473427,41742754609000,171538051000001,-5.047,-4.083,-33.457,0
1398294473435,41742764619000,171538051000001,-5.047,-4.083,-33.457,0
1398294473445,41742774629000,171538051000001,-5.047,-4.083,-33.457,0
1398294473455,41742784638000,171538051000001,-5.047,-4.083,-33.457,0
1398294473465,41742794648000,171538051000001,-4.721,-4.083,-33.457,0
1398294473486,41742804689000,171538051000001,-4.721,-4.083,-33.802,0
1398294473492,41742822297000,171538051000001,-4.721,-4.083,-33.802,0
1398294473495,41742825776000,171538051000001,-4.721,-4.083,-33.802,0
1398294473505,41742835023000,171538051000001,-4.721,-4.083,-33.802,0
1398294473516,41742845033000,171538051000001,-4.721,-4.083,-33.802,0
1398294473526,41742856538000,171538051000001,-4.721,-4.083,-33.802,0
1398294473535,41742865083000,171538051000001,-4.721,-3.758,-33.802,0
1398294473545,41742875032000,171538051000001,-4.721,-3.758,-33.802,0
1398294473559,41742885041000,171538051000001,-4.721,-3.758,-33.802,0
1398294473570,41742895051000,171538051000001,-4.721,-3.758,-34.106,0
1398294473578,41742905091000,171538051000001,-4.721,-3.758,-34.106,0
1398294473585,41742915040000,171538051000001,-4.721,-3.758,-34.106,0
1398294473595,41742925111000,171538051000001,-4.721,-3.758,-34.106,0
1398294473606,41742935060000,171538051000001,-4.721,-3.758,-34.106,0
1398294473615,41742945130000,171538051000001,-4.721,-3.758,-34.106,0
1398294473625,41742955110000,171538051000001,-4.721,-3.758,-34.106,0
1398294473635,41742965119000,171538051000001,-4.721,-3.758,-34.106,0
1398294473645,41742975190000,171538051000001,-4.721,-3.758,-34.106,0
1398294473655,41742985169000,171538051000001,-4.721,-3.758,-34.106,0
1398294473665,41742995423000,171538051000001,-4.721,-3.758,-34.106,0
1398294473676,41743005220000,171538051000001,-4.721,-3.758,-34.106,0
1398294473686,41743015199000,171538051000001,-4.721,-3.758,-34.106,0
1398294473696,41743025392000,171538051000001,-4.721,-3.758,-34.106,0
1398294473707,41743036775000,171538051000001,-4.721,-3.758,-34.106,0
1398294473715,41743045289000,171538051000001,-4.721,-3.758,-33.779,0
1398294473725,41743055207000,171538051000001,-4.721,-3.758,-33.779,0
1398294473735,41743065248000,171538051000001,-5.059,-3.758,-33.779,0
1398294473745,41743075227000,171538051000001,-5.059,-3.758,-33.779,0
1398294473755,41743085267000,171538051000001,-5.059,-3.758,-33.779,0
1398294473765,41743095246000,171538051000001,-5.059,-4.074,-33.779,0
1398294473775,41743105317000,171538051000001,-5.059,-4.074,-33.779,0
1398294473785,41743115296000,171538051000001,-5.059,-4.074,-33.779,0
1398294473795,41743125337000,171538051000001,-5.059,-4.074,-33.779,0
1398294473805,41743135346000,171538051000001,-5.059,-4.074,-33.779,0
1398294473815,41743145326000,171538051000001,-5.059,-4.074,-33.779,0
1398294473825,41743155305000,171538051000001,-4.705,-4.074,-33.779,0
1398294473835,41743165345000,171538051000001,-4.705,-4.074,-33.779,0
1398294473845,41743175324000,171538051000001,-4.705,-4.396,-33.779,0
1398294473855,41743185395000,171538051000001,-4.705,-4.396,-33.779,0
1398294473865,41743195375000,171538051000001,-4.705,-4.396,-33.779,0
1398294473875,41743205384000,171538051000001,-4.705,-4.396,-33.779,0
1398294473887,41743216920000,171538051000001,-4.705,-4.396,-33.779,0
1398294473895,41743225465000,171538051000001,-4.37,-4.396,-33.779,0
1398294473905,41743235383000,171538051000001,-4.37,-4.396,-33.779,0
1398294473918,41743247834000,171538051000001,-4.37,-4.396,-34.123,0
1398294473928,41743257691000,171538051000001,-4.37,-4.396,-34.123,0
1398294473942,41743272157000,171538051000001,-4.37,-4.396,-34.123,0
1398294473945,41743275422000,171538051000001,-4.37,-4.396,-34.123,0
1398294473961,41743290284000,171538051000001,-4.37,-4.396,-34.123,0
1398294473968,41743298158000,171538051000001,-4.37,-4.396,-34.123,0
1398294473978,41743307923000,171538051000001,-4.37,-4.396,-34.123,0
1398294473989,41743319215000,171538051000001,-4.37,-4.396,-34.123,0
1398294474000,41743330171000,171538051000001,-4.37,-4.396,-34.123,0
1398294474009,41743338807000,171538051000001,-4.37,-4.396,-34.123,0
1398294474019,41743349366000,171538051000001,-4.37,-4.396,-34.123,0
1398294474027,41743357240000,171538051000001,-4.37,-4.396,-34.123,0
1398294474041,41743370515000,171538051000001,-4.37,-4.396,-34.123,0
1398294474048,41743377961000,171538051000001,-4.704,-4.396,-34.123,0
1398294474061,41743390565000,171538051000001,-4.704,-4.396,-34.123,0
1398294474069,41743399079000,171538051000001,-4.704,-4.396,-34.123,0
1398294474080,41743409516000,171538051000001,-4.704,-4.396,-34.123,0
1398294474090,41743416932000,171538051000001,-4.704,-4.396,-34.123,0
1398294474096,41743425599000,171538051000001,-4.704,-4.396,-34.123,0
1398294474106,41743435578000,171538051000001,-4.704,-4.396,-34.123,0
1398294474116,41743445588000,171538051000001,-4.704,-4.396,-34.123,0
1398294474126,41743455567000,171538051000001,-4.704,-4.396,-34.123,0
1398294474136,41743465638000,171538051000001,-4.704,-4.396,-34.123,0
1398294474146,41743475617000,171538051000001,-4.704,-4.396,-34.123,0
1398294474156,41743485658000,171538051000001,-4.704,-4.396,-34.123,0
1398294474166,41743495637000,171538051000001,-4.704,-4.396,-34.123,0
1398294474176,41743505677000,171538051000001,-4.704,-4.396,-34.123,0
1398294474186,41743515657000,171538051000001,-4.394,-4.396,-34.123,0
1398294474199,41743529389000,171538051000001,-4.394,-4.396,-34.123,0
1398294474209,41743539277000,171538051000001,-4.394,-4.396,-34.123,0
1398294474221,41743551454000,171538051000001,-4.394,-4.396,-34.123,0
1398294474227,41743557099000,171538051000001,-4.394,-4.396,-34.123,0
1398294474242,41743572022000,171538051000001,-4.394,-4.396,-34.123,0
1398294474250,41743579652000,171538051000001,-4.394,-4.396,-34.123,0
1398294474260,41743589967000,171538051000001,-4.394,-4.396,-34.123,0
1398294474268,41743598390000,171538051000001,-4.052,-4.396,-34.123,0
1398294474283,41743613069000,171538051000001,-4.052,-4.396,-34.123,0
1398294474296,41743624238000,171538051000001,-4.052,-4.396,-34.123,0
1398294474298,41743627656000,171538051000001,-4.052,-4.396,-34.123,0
1398294474310,41743639466000,171538051000001,-4.052,-4.396,-34.123,0
1398294474318,41743648347000,171538051000001,-4.052,-4.396,-34.123,0
1398294474331,41743660554000,171538051000001,-4.052,-4.396,-34.123,0
1398294474339,41743668794000,171538051000001,-4.052,-4.396,-34.123,0
1398294474351,41743680574000,171538051000001,-4.052,-4.396,-34.439,0
1398294474358,41743688386000,171538051000001,-3.712,-4.396,-34.439,0
1398294474371,41743700990000,171538051000001,-3.712,-4.396,-34.439,0
1398294474380,41743709626000,171538051000001,-3.712,-4.396,-34.439,0
1398294474391,41743720887000,171538051000001,-3.712,-4.396,-34.439,0
1398294474400,41743729585000,171538051000001,-3.712,-4.396,-34.439,0
1398294474410,41743739595000,171538051000001,-3.346,-4.396,-34.439,0
1398294474420,41743750367000,171538051000001,-3.346,-4.396,-34.439,0
1398294474430,41743759461000,171538051000001,-3.346,-4.396,-34.439,0
1398294474442,41743771791000,171538051000001,-3.346,-4.396,-34.439,0
1398294474447,41743777375000,171538051000001,-2.983,-4.396,-34.439,0
1398294474461,41743790559000,171538051000001,-2.983,-4.396,-34.439,0
1398294474469,41743798829000,171538051000001,-2.983,-4.396,-34.439,0
1398294474482,41743812165000,171538051000001,-2.983,-4.759,-34.439,0
1398294474488,41743818177000,171538051000001,-2.616,-4.759,-34.439,0
1398294474501,41743831086000,171538051000001,-2.616,-4.759,-34.439,0
1398294474509,41743838594000,171538051000001,-2.616,-4.759,-34.439,0
1398294474521,41743850862000,171538051000001,-2.305,-4.759,-34.439,0
1398294474528,41743858064000,171538051000001,-2.305,-4.759,-34.439,0
1398294474543,41743872499000,171538051000001,-2.305,-4.759,-34.439,0
1398294474548,41743877564000,171538051000001,-2.305,-4.759,-34.439,0
1398294474562,41743887544000,171538051000001,-2.0,-4.759,-34.439,0
1398294474575,41743896943000,171538051000001,-2.0,-4.759,-34.439,0
1398294474577,41743906098000,171538051000001,-2.0,-4.759,-34.439,0
1398294474611,41743917115000,171538051000001,-2.0,-4.759,-34.439,0
1398294474617,41743928071000,171538051000001,-2.0,-5.073,-34.439,0
1398294474619,41743937593000,171538051000001,-2.0,-5.073,-34.439,0
1398294474626,41743946168000,171538051000001,-2.0,-5.073,-34.439,0
1398294474629,41743956117000,171538051000001,-2.0,-5.073,-34.439,0
1398294474660,41743966126000,171538051000001,-2.0,-5.073,-34.439,0
1398294474662,41743976075000,171538051000001,-2.0,-5.073,-34.439,0
1398294474664,41743986146000,171538051000001,-2.0,-5.073,-34.439,0
1398294474674,41743996125000,171538051000001,-2.0,-5.073,-34.439,0
1398294474677,41744006166000,171538051000001,-2.0,-5.073,-34.439,0
1398294474697,41744016145000,171538051000001,-2.0,-5.073,-34.439,0
1398294474699,41744026185000,171538051000001,-2.0,-5.073,-34.439,0
1398294474708,41744036134000,171538051000001,-2.0,-5.073,-34.439,0
1398294474719,41744046205000,171538051000001,-2.0,-5.073,-34.439,0
1398294474726,41744056153000,171538051000001,-2.0,-5.073,-34.439,0
1398294474736,41744066194000,171538051000001,-2.0,-5.073,-34.439,0
1398294474746,41744076173000,171538051000001,-2.0,-5.073,-34.439,0
1398294474756,41744086213000,171538051000001,-2.0,-5.073,-34.439,0
1398294474767,41744096192000,171538051000001,-2.0,-5.073,-34.439,0
1398294474776,41744106233000,171538051000001,-2.0,-5.073,-34.439,0
1398294474788,41744117738000,171538051000001,-2.0,-5.073,-34.439,0
1398294474796,41744126283000,171538051000001,-2.0,-5.073,-34.439,0
1398294474806,41744136231000,171538051000001,-2.0,-5.073,-34.439,0
1398294474816,41744146241000,171538051000001,-2.305,-4.768,-34.745,0
1398294474826,41744156251000,171538051000001,-2.305,-4.768,-34.745,0
1398294474836,41744166261000,171538051000001,-2.305,-4.768,-34.745,0
1398294474846,41744176240000,171538051000001,-2.305,-4.768,-34.745,0
1398294474856,41744186311000,171538051000001,-2.305,-4.768,-34.745,0
1398294474866,41744196290000,171538051000001,-2.612,-4.768,-34.745,0
1398294474876,41744206330000,171538051000001,-2.612,-4.768,-34.745,0
1398294474889,41744216340000,171538051000001,-2.612,-4.768,-34.745,0
1398294474896,41744226350000,171538051000001,-2.612,-4.768,-34.745,0
1398294474907,41744236360000,171538051000001,-2.612,-4.46,-34.745,0
1398294474918,41744246400000,171538051000001,-2.992,-4.46,-34.745,0
1398294474926,41744256288000,171538051000001,-2.992,-4.46,-34.745,0
1398294474936,41744266328000,171538051000001,-2.992,-4.46,-34.745,0
1398294474946,41744276307000,171538051000001,-2.992,-4.46,-34.745,0
1398294474956,41744286347000,171538051000001,-2.992,-4.46,-34.745,0
1398294474968,41744297883000,171538051000001,-3.308,-4.46,-34.745,0
1398294474982,41744306428000,171538051000001,-3.308,-4.46,-34.745,0
1398294474990,41744316377000,171538051000001,-3.308,-4.46,-34.745,0
1398294474996,41744326417000,171538051000001,-3.308,-4.46,-34.437,0
1398294475006,41744336427000,171538051000001,-3.308,-4.46,-34.437,0
1398294475016,41744346406000,171538051000001,-3.308,-4.46,-34.437,0
1398294475027,41744356599000,171538051000001,-3.63,-4.46,-34.437,0
1398294475036,41744366426000,171538051000001,-3.63,-4.46,-34.437,0
1398294475046,41744376435000,171538051000001,-3.63,-4.46,-34.437,0
1398294475056,41744386415000,171538051000001,-3.63,-4.46,-34.437,0
1398294475067,41744396424000,171538051000001,-3.63,-4.46,-34.437,0
1398294475076,41744406434000,171538051000001,-3.63,-4.46,-34.437,0
1398294475086,41744416474000,171538051000001,-3.63,-4.46,-34.437,0
1398294475096,41744426454000,171538051000001,-3.63,-4.46,-34.437,0
1398294475106,41744436494000,171538051000001,-3.63,-4.46,-34.437,0
1398294475119,41744446473000,171538051000001,-3.63,-4.46,-34.437,0
1398294475132,41744456544000,171538051000001,-3.63,-4.46,-34.437,0
1398294475146,41744466523000,171538051000001,-3.97,-4.46,-34.437,0
1398294475150,41744478089000,171538051000001,-3.97,-4.46,-34.437,0
1398294475156,41744486543000,171538051000001,-3.97,-4.46,-34.437,0
1398294475166,41744496553000,171538051000001,-3.97,-4.46,-34.437,0
1398294475176,41744506532000,171538051000001,-3.97,-4.46,-34.437,0
1398294475186,41744516572000,171538051000001,-3.97,-4.46,-34.437,0
1398294475197,41744526765000,171538051000001,-3.97,-4.46,-34.437,0
1398294475207,41744536592000,171538051000001,-4.328,-4.46,-34.437,0
1398294475217,41744546571000,171538051000001,-4.328,-4.46,-34.104,0
1398294475226,41744556611000,171538051000001,-4.328,-4.46,-34.104,0
1398294475236,41744566590000,171538051000001,-4.328,-4.46,-34.104,0
1398294475246,41744576631000,171538051000001,-4.328,-4.46,-34.104,0
1398294475256,41744586610000,171538051000001,-4.328,-4.46,-34.104,0
1398294475266,41744596650000,171538051000001,-4.328,-4.124,-34.104,0
1398294475276,41744606629000,171538051000001,-4.328,-4.124,-34.104,0
1398294475286,41744616670000,171538051000001,-4.328,-4.124,-34.104,0
1398294475296,41744626649000,171538051000001,-4.328,-4.124,-34.104,0
1398294475306,41744636689000,171538051000001,-4.328,-4.124,-34.104,0
1398294475316,41744646668000,171538051000001,-4.663,-4.124,-34.104,0
1398294475328,41744658265000,171538051000001,-4.663,-3.8,-34.104,0
1398294475336,41744666719000,171538051000001,-4.663,-3.8,-34.104,0
1398294475346,41744676728000,171538051000001,-4.663,-3.8,-34.104,0
1398294475356,41744686708000,171538051000001,-4.663,-3.8,-34.104,0
1398294475366,41744696748000,171538051000001,-4.663,-3.8,-34.104,0
1398294475376,41744706727000,171538051000001,-4.663,-3.8,-34.104,0
1398294475386,41744716767000,171538051000001,-4.663,-3.8,-34.104,0
1398294475396,41744726747000,171538051000001,-4.663,-3.8,-34.104,0
1398294475406,41744736787000,171538051000001,-4.663,-3.8,-34.104,0
1398294475417,41744746766000,171538051000001,-4.663,-3.8,-34.104,0
1398294475431,41744756837000,171538051000001,-4.663,-3.492,-34.104,0
1398294475439,41744766816000,171538051000001,-4.663,-3.492,-34.104,0
1398294475447,41744776826000,171538051000001,-4.663,-3.492,-34.104,0
1398294475457,41744786805000,171538051000001,-4.663,-3.492,-34.104,0
1398294475467,41744796815000,171538051000001,-4.663,-3.492,-34.104,0
1398294475477,41744807008000,171538051000001,-4.663,-3.492,-34.104,0
1398294475487,41744816865000,171538051000001,-4.663,-3.492,-34.104,0
1398294475497,41744826844000,171538051000001,-4.663,-3.492,-34.104,0
1398294475513,41744842408000,171538051000001,-4.663,-3.492,-34.104,0
1398294475518,41744846894000,171538051000001,-4.663,-3.492,-34.104,0
1398294475527,41744856874000,171538051000001,-4.663,-3.492,-34.104,0
1398294475537,41744866853000,171538051000001,-4.663,-3.492,-34.104,0
1398294475547,41744876893000,171538051000001,-4.663,-3.492,-34.104,0
1398294475557,41744886903000,171538051000001,-4.663,-3.492,-34.104,0
1398294475567,41744896913000,171538051000001,-4.663,-3.794,-34.104,0
1398294475577,41744906922000,171538051000001,-4.663,-3.794,-34.104,0
1398294475587,41744916932000,171538051000001,-4.663,-3.794,-34.104,0
1398294475597,41744926911000,171538051000001,-4.663,-3.794,-34.104,0
1398294475607,41744936952000,171538051000001,-4.663,-3.794,-34.104,0
1398294475617,41744946931000,171538051000001,-4.663,-3.794,-34.104,0
1398294475627,41744957002000,171538051000001,-4.663,-3.794,-34.104,0
1398294475637,41744967073000,171538051000001,-4.321,-4.133,-34.104,0
1398294475651,41744977021000,171538051000001,-4.321,-4.133,-34.104,0
1398294475657,41744987001000,171538051000001,-4.321,-4.133,-34.104,0
1398294475668,41744997041000,171538051000001,-4.321,-4.133,-34.104,0
1398294475677,41745007020000,171538051000001,-4.321,-4.133,-34.104,0
1398294475689,41745018617000,171538051000001,-4.321,-4.443,-34.104,0
1398294475697,41745027070000,171538051000001,-4.321,-4.443,-34.104,0
1398294475707,41745037049000,171538051000001,-3.936,-4.443,-34.104,0
1398294475718,41745047029000,171538051000001,-3.936,-4.443,-34.104,0
1398294475727,41745057099000,171538051000001,-3.936,-4.798,-34.104,0
1398294475737,41745067079000,171538051000001,-3.634,-4.798,-34.104,0
1398294475747,41745077119000,171538051000001,-3.634,-4.798,-34.104,0
1398294475757,41745087098000,171538051000001,-3.634,-5.107,-34.104,0
1398294475767,41745097108000,171538051000001,-3.634,-5.107,-34.104,0
1398294475777,41745107087000,171538051000001,-3.257,-5.107,-34.104,0
1398294475787,41745117127000,171538051000001,-3.257,-5.107,-34.104,0
1398294475802,41745127107000,171538051000001,-3.257,-5.456,-34.104,0
1398294475809,41745137178000,171538051000001,-3.257,-5.456,-34.104,0
1398294475823,41745151033000,171538051000001,-2.917,-5.456,-34.104,0
1398294475827,41745157167000,171538051000001,-2.917,-5.456,-34.104,0
1398294475837,41745167176000,171538051000001,-2.917,-5.456,-34.104,0
1398294475847,41745177186000,171538051000001,-2.917,-5.793,-34.104,0
1398294475857,41745187165000,171538051000001,-2.595,-5.793,-34.104,0
1398294475869,41745198762000,171538051000001,-2.595,-5.793,-34.104,0
1398294475877,41745207215000,171538051000001,-2.595,-5.793,-34.104,0
1398294475893,41745217225000,171538051000001,-2.252,-5.793,-34.104,0
1398294475905,41745227235000,171538051000001,-2.252,-5.793,-34.104,0
1398294475907,41745237275000,171538051000001,-2.252,-5.793,-34.104,0
1398294475917,41745247407000,171538051000001,-2.252,-5.793,-34.104,0
1398294475927,41745257264000,171538051000001,-2.252,-5.793,-34.104,0
1398294475937,41745267243000,171538051000001,-2.252,-5.793,-34.104,0
1398294475947,41745277284000,171538051000001,-2.252,-5.793,-34.104,0
1398294475957,41745287263000,171538051000001,-2.252,-5.793,-34.104,0
1398294475967,41745297334000,171538051000001,-2.252,-5.793,-34.104,0
1398294475977,41745307313000,171538051000001,-2.252,-5.438,-34.104,0
1398294475987,41745317384000,171538051000001,-2.252,-5.438,-34.104,0
1398294475997,41745327333000,171538051000001,-2.252,-5.438,-34.448,0
1398294476007,41745337373000,171538051000001,-2.252,-5.099,-34.448,0
1398294476017,41745347352000,171538051000001,-2.252,-5.099,-34.448,0
1398294476027,41745357392000,171538051000001,-2.252,-5.099,-34.448,0
1398294476037,41745367372000,171538051000001,-2.252,-4.774,-34.448,0
1398294476049,41745378938000,171538051000001,-2.252,-4.774,-34.448,0
1398294476057,41745387422000,171538051000001,-2.626,-4.774,-34.448,0
1398294476067,41745397431000,171538051000001,-2.626,-4.438,-34.448,0
1398294476078,41745407441000,171538051000001,-2.626,-4.438,-34.448,0
1398294476087,41745417420000,171538051000001,-2.626,-4.438,-34.448,0
1398294476097,41745427400000,171538051000001,-2.928,-4.438,-34.448,0
1398294476107,41745437440000,171538051000001,-2.928,-4.048,-34.448,0
1398294476118,41745447602000,171538051000001,-2.928,-4.048,-34.448,0
1398294476128,41745458009000,171538051000001,-2.928,-4.048,-34.448,0
1398294476138,41745467439000,171538051000001,-2.928,-4.048,-34.448,0
1398294476148,41745477479000,171538051000001,-3.28,-4.048,-34.448,0
1398294476157,41745487458000,171538051000001,-3.28,-4.048,-34.448,0
1398294476167,41745497499000,171538051000001,-3.28,-4.048,-34.448,0
1398294476177,41745507478000,171538051000001,-3.28,-4.048,-34.448,0
1398294476187,41745517518000,171538051000001,-3.28,-4.048,-34.448,0
1398294476197,41745527497000,171538051000001,-3.28,-4.048,-34.448,0
1398294476207,41745537538000,171538051000001,-3.28,-4.048,-34.448,0
1398294476217,41745547517000,171538051000001,-3.28,-4.048,-34.448,0
1398294476230,41745559114000,171538051000001,-3.28,-4.048,-34.448,0
1398294476238,41745567597000,171538051000001,-3.28,-4.048,-34.448,0
1398294476248,41745577577000,171538051000001,-3.28,-4.048,-34.448,0
1398294476258,41745587586000,171538051000001,-3.628,-4.048,-34.448,0
1398294476268,41745597627000,171538051000001,-3.628,-4.382,-34.448,0
1398294476278,41745607575000,171538051000001,-3.628,-4.382,-34.448,0
1398294476288,41745617646000,171538051000001,-3.628,-4.382,-34.448,0
1398294476298,41745627626000,171538051000001,-3.628,-4.382,-34.448,0
1398294476308,41745637635000,171538051000001,-3.977,-4.382,-34.135,0
1398294476318,41745647615000,171538051000001,-3.977,-4.382,-34.135,0
1398294476328,41745657655000,171538051000001,-3.977,-4.382,-34.135,0
1398294476340,41745667665000,171538051000001,-3.977,-4.382,-34.135,0
1398294476352,41745677705000,171538051000001,-3.977,-4.382,-34.135,0
1398294476358,41745687684000,171538051000001,-4.278,-4.382,-34.135,0
1398294476368,41745697694000,171538051000001,-4.278,-4.382,-34.135,0
1398294476378,41745707704000,171538051000001,-4.278,-4.382,-34.135,0
1398294476388,41745717713000,171538051000001,-4.278,-4.382,-34.135,0
1398294476397,41745727693000,171538051000001,-4.278,-4.382,-34.135,0
1398294476409,41745739259000,171538051000001,-4.278,-4.382,-34.135,0
1398294476418,41745747773000,171538051000001,-4.278,-4.382,-34.135,0
1398294476434,41745757783000,171538051000001,-4.278,-4.035,-34.135,0
1398294476438,41745767762000,171538051000001,-4.278,-4.035,-34.135,0
1398294476448,41745777772000,171538051000001,-4.278,-4.035,-34.135,0
1398294476458,41745787751000,171538051000001,-4.278,-4.035,-34.135,0
1398294476468,41745797822000,171538051000001,-4.278,-3.628,-34.135,0
1398294476478,41745807801000,171538051000001,-4.278,-3.628,-34.135,0
1398294476488,41745817811000,171538051000001,-4.278,-3.628,-34.135,0
1398294476498,41745827882000,171538051000001,-4.278,-3.286,-34.135,0
1398294476508,41745837922000,171538051000001,-4.278,-3.286,-34.135,0
1398294476518,41745847901000,171538051000001,-4.278,-3.286,-34.135,0
1398294476528,41745857911000,171538051000001,-4.278,-2.967,-34.454,0
1398294476538,41745867829000,171538051000001,-3.974,-2.967,-34.454,0
1398294476548,41745877870000,171538051000001,-3.974,-2.967,-34.454,0
1398294476558,41745887849000,171538051000001,-3.974,-2.967,-34.754,0
1398294476568,41745897920000,171538051000001,-3.974,-2.658,-34.754,0
1398294476579,41745907868000,171538051000001,-3.974,-2.658,-34.754,0
1398294476590,41745919465000,171538051000001,-3.61,-2.658,-34.754,0
1398294476598,41745927949000,171538051000001,-3.61,-2.658,-34.754,0
1398294476608,41745937928000,171538051000001,-3.61,-2.658,-34.754,0
1398294476618,41745947908000,171538051000001,-3.61,-2.658,-35.064,0
1398294476628,41745957917000,171538051000001,-3.61,-2.658,-35.064,0
1398294476638,41745967927000,171538051000001,-3.61,-2.658,-35.064,0
1398294476648,41745977967000,171538051000001,-3.61,-2.658,-35.064,0
1398294476659,41745987977000,171538051000001,-3.303,-2.658,-35.064,0
1398294476668,41745998323000,171538051000001,-3.303,-2.355,-35.064,0
1398294476678,41746007966000,171538051000001,-3.303,-2.355,-35.064,0
1398294476688,41746018006000,171538051000001,-3.303,-2.355,-35.064,0
1398294476698,41746027986000,171538051000001,-3.303,-2.355,-35.064,0
1398294476708,41746038026000,171538051000001,-3.303,-2.355,-35.064,0
1398294476718,41746047975000,171538051000001,-3.303,-2.355,-35.064,0
1398294476728,41746058045000,171538051000001,-3.303,-2.355,-35.064,0
1398294476738,41746068025000,171538051000001,-3.303,-2.355,-35.064,0
1398294476748,41746078065000,171538051000001,-3.303,-2.355,-35.064,0
1398294476758,41746088044000,171538051000001,-3.303,-2.355,-35.064,0
1398294476771,41746099610000,171538051000001,-3.303,-2.355,-35.064,0
1398294476778,41746108094000,171538051000001,-3.303,-2.355,-35.064,0
1398294476789,41746118104000,171538051000001,-3.303,-2.355,-35.064,0
1398294476798,41746128083000,171538051000001,-3.303,-2.355,-35.064,0
1398294476808,41746138124000,171538051000001,-3.303,-2.355,-35.064,0
1398294476818,41746148103000,171538051000001,-3.303,-2.355,-35.064,0
1398294476828,41746158143000,171538051000001,-3.303,-2.355,-35.064,0
1398294476838,41746168122000,171538051000001,-3.303,-2.673,-35.064,0
1398294476848,41746178163000,171538051000001,-3.649,-2.673,-35.064,0
1398294476858,41746188142000,171538051000001,-3.649,-2.673,-35.064,0
1398294476868,41746198182000,171538051000001,-3.649,-2.673,-35.064,0
1398294476878,41746208161000,171538051000001,-3.649,-2.673,-35.064,0
1398294476888,41746218232000,171538051000001,-3.649,-2.673,-35.064,0
1398294476898,41746228150000,171538051000001,-4.031,-2.989,-35.064,0
1398294476908,41746238221000,171538051000001,-4.031,-2.989,-35.064,0
1398294476918,41746248200000,171538051000001,-4.031,-2.989,-34.742,0
1398294476928,41746258210000,171538051000001,-4.371,-2.989,-34.742,0
1398294476938,41746268220000,171538051000001,-4.371,-2.989,-34.742,0
1398294476950,41746279817000,171538051000001,-4.371,-2.989,-34.742,0
1398294476963,41746290437000,171538051000001,-4.371,-2.989,-34.742,0
1398294476976,41746305390000,171538051000001,-4.753,-2.989,-34.393,0
1398294476979,41746308259000,171538051000001,-4.753,-2.989,-34.393,0
1398294476988,41746318299000,171538051000001,-4.753,-2.989,-34.393,0
1398294476998,41746328279000,171538051000001,-4.753,-2.989,-34.393,0
1398294477008,41746338319000,171538051000001,-5.087,-2.989,-34.393,0
1398294477024,41746348298000,171538051000001,-5.087,-2.989,-34.078,0
1398294477033,41746358369000,171538051000001,-5.087,-2.989,-34.078,0
1398294477038,41746368318000,171538051000001,-5.087,-2.989,-34.078,0
1398294477048,41746378327000,171538051000001,-5.087,-2.989,-34.078,0
1398294477058,41746388337000,171538051000001,-5.087,-2.989,-34.078,0
1398294477068,41746398377000,171538051000001,-5.087,-2.989,-34.078,0
1398294477078,41746408357000,171538051000001,-5.087,-2.989,-34.078,0
1398294477088,41746418397000,171538051000001,-5.087,-2.989,-34.078,0
1398294477099,41746428376000,171538051000001,-5.087,-2.989,-34.078,0
1398294477109,41746438417000,171538051000001,-5.087,-2.989,-34.078,0
1398294477118,41746448396000,171538051000001,-5.087,-2.989,-34.078,0
1398294477130,41746459992000,171538051000001,-5.087,-2.989,-34.078,0
1398294477138,41746468446000,171538051000001,-5.087,-2.989,-34.078,0
1398294477150,41746478456000,171538051000001,-5.087,-2.989,-34.078,0
1398294477158,41746488435000,171538051000001,-5.419,-2.989,-33.773,0
1398294477168,41746498475000,171538051000001,-5.419,-2.989,-33.773,0
1398294477178,41746508454000,171538051000001,-5.419,-2.989,-33.773,0
1398294477197,41746518495000,171538051000001,-5.419,-2.989,-33.773,0
1398294477199,41746528474000,171538051000001,-5.419,-2.989,-33.773,0
1398294477208,41746538514000,171538051000001,-5.419,-2.989,-33.773,0
1398294477218,41746548493000,171538051000001,-5.419,-2.989,-33.773,0
1398294477228,41746558534000,171538051000001,-5.419,-2.989,-33.773,0
1398294477238,41746568513000,171538051000001,-5.419,-2.989,-33.773,0
1398294477249,41746578706000,171538051000001,-5.419,-2.989,-33.773,0
1398294477258,41746588533000,171538051000001,-5.419,-2.989,-33.773,0
1398294477269,41746598573000,171538051000001,-5.419,-2.989,-33.773,0
1398294477279,41746608552000,171538051000001,-5.419,-2.989,-33.773,0
1398294477288,41746618592000,171538051000001,-5.419,-2.989,-33.773,0
1398294477298,41746628572000,171538051000001,-5.419,-2.989,-33.773,0
1398294477310,41746640138000,171538051000001,-5.419,-2.989,-33.773,0
1398294477318,41746648622000,171538051000001,-5.419,-2.989,-33.773,0
1398294477329,41746658631000,171538051000001,-5.419,-3.295,-33.773,0
1398294477339,41746668611000,171538051000001,-5.014,-3.295,-33.773,0
1398294477354,41746682008000,171538051000001,-5.014,-3.295,-33.773,0
1398294477364,41746688630000,171538051000001,-5.014,-3.295,-33.773,0
1398294477369,41746698670000,171538051000001,-4.711,-3.295,-33.773,0
1398294477379,41746708680000,171538051000001,-4.711,-3.295,-33.773,0
1398294477389,41746718720000,171538051000001,-4.711,-3.295,-33.773,0
1398294477400,41746728730000,171538051000001,-4.711,-3.295,-33.773,0
1398294477411,41746738740000,171538051000001,-4.409,-3.295,-33.773,0
1398294477419,41746748750000,171538051000001,-4.409,-3.295,-33.773,0
1398294477429,41746758760000,171538051000001,-4.409,-3.295,-34.141,0
1398294477439,41746768739000,171538051000001,-4.409,-3.295,-34.141,0
1398294477449,41746778779000,171538051000001,-4.409,-3.295,-34.141,0
1398294477459,41746788758000,171538051000001,-4.409,-3.295,-34.141,0
1398294477474,41746798829000,171538051000001,-4.409,-3.295,-34.141,0
1398294477486,41746808808000,171538051000001,-4.409,-3.295,-34.141,0
1398294477490,41746820405000,171538051000001,-4.409,-3.295,-34.141,0
1398294477499,41746828828000,171538051000001,-4.409,-3.295,-34.141,0
1398294477509,41746838838000,171538051000001,-4.409,-3.295,-34.141,0
1398294477519,41746848817000,171538051000001,-4.409,-3.295,-34.141,0
1398294477529,41746858857000,171538051000001,-4.409,-3.295,-34.141,0
1398294477539,41746868836000,171538051000001,-4.409,-3.295,-34.141,0
1398294477549,41746878877000,171538051000001,-4.409,-3.295,-34.141,0
1398294477561,41746888887000,171538051000001,-4.409,-3.295,-34.141,0
1398294477569,41746898927000,171538051000001,-4.409,-3.295,-34.141,0
1398294477580,41746908876000,171538051000001,-4.409,-3.295,-34.141,0
1398294477589,41746918916000,171538051000001,-4.409,-3.295,-34.141,0
1398294477599,41746928895000,171538051000001,-4.409,-3.295,-34.141,0
1398294477610,41746938935000,171538051000001,-4.409,-3.295,-34.141,0
1398294477619,41746948915000,171538051000001,-4.409,-3.295,-34.141,0
1398294477629,41746958955000,171538051000001,-4.409,-3.295,-34.141,0
1398294477639,41746968904000,171538051000001,-4.409,-3.295,-34.141,0
1398294477649,41746978974000,171538051000001,-4.409,-3.295,-34.141,0
1398294477660,41746989198000,171538051000001,-4.409,-3.295,-34.141,0
1398294477671,41747000550000,171538051000001,-4.409,-3.295,-34.141,0
1398294477682,41747009004000,171538051000001,-4.409,-3.295,-34.141,0
1398294477689,41747019227000,171538051000001,-4.409,-3.295,-34.141,0
1398294477699,41747029023000,171538051000001,-4.409,-3.295,-34.141,0
1398294477709,41747039094000,171538051000001,-4.409,-3.295,-34.141,0
1398294477720,41747049012000,171538051000001,-4.409,-3.295,-34.141,0
1398294477729,41747059022000,171538051000001,-4.409,-3.295,-34.141,0
1398294477739,41747069032000,171538051000001,-4.409,-3.295,-34.141,0
1398294477749,41747079042000,171538051000001,-4.409,-3.295,-34.141,0
1398294477760,41747089051000,171538051000001,-4.409,-3.295,-34.141,0
1398294477769,41747099061000,171538051000001,-4.409,-3.295,-34.141,0
1398294477779,41747109040000,171538051000001,-4.409,-3.295,-34.141,0
1398294477789,41747119081000,171538051000001,-4.104,-3.295,-34.471,0
1398294477799,41747129060000,171538051000001,-4.104,-3.295,-34.471,0
1398294477809,41747139100000,171538051000001,-4.104,-3.295,-34.471,0
1398294477819,41747149079000,171538051000001,-4.104,-3.295,-34.471,0
1398294477829,41747159120000,171538051000001,-4.104,-3.295,-34.471,0
1398294477839,41747169099000,171538051000001,-4.104,-3.295,-34.471,0
1398294477868,41747180696000,171538051000001,-4.104,-3.295,-34.471,0
1398294477878,41747189179000,171538051000001,-4.104,-3.295,-34.471,0
1398294477880,41747199159000,171538051000001,-4.104,-3.295,-34.471,0
1398294477882,41747209138000,171538051000001,-4.104,-3.295,-34.471,0
1398294477889,41747219178000,171538051000001,-4.104,-3.295,-34.471,0
1398294477899,41747229158000,171538051000001,-4.104,-3.295,-34.471,0
1398294477918,41747239198000,171538051000001,-4.104,-3.295,-34.471,0
1398294477920,41747249177000,171538051000001,-3.768,-3.295,-34.471,0
1398294477929,41747259217000,171538051000001,-3.768,-3.295,-34.471,0
1398294477939,41747269197000,171538051000001,-3.768,-3.295,-34.471,0
1398294477949,41747279237000,171538051000001,-3.768,-3.295,-34.471,0
1398294477964,41747289216000,171538051000001,-3.768,-3.295,-34.471,0
1398294477970,41747299256000,171538051000001,-3.768,-3.295,-34.471,0
1398294477979,41747309236000,171538051000001,-3.768,-3.295,-34.471,0
1398294477989,41747319276000,171538051000001,-3.768,-3.295,-34.471,0
1398294477999,41747329255000,171538051000001,-3.768,-3.295,-34.471,0
1398294478009,41747339295000,171538051000001,-3.768,-3.295,-34.471,0
1398294478019,41747349275000,171538051000001,-3.768,-3.295,-34.471,0
1398294478031,41747360841000,171538051000001,-3.768,-3.295,-34.471,0
1398294478039,41747369325000,171538051000001,-3.768,-3.295,-34.471,0
1398294478049,41747379304000,171538051000001,-3.768,-3.295,-34.471,0
1398294478059,41747389283000,171538051000001,-3.768,-3.295,-34.471,0
1398294478069,41747399324000,171538051000001,-3.768,-3.295,-34.471,0
1398294478079,41747409364000,171538051000001,-3.768,-3.295,-34.471,0
1398294478089,41747419343000,171538051000001,-3.768,-3.295,-34.471,0
1398294478099,41747429383000,171538051000001,-3.768,-3.295,-34.471,0
1398294478112,41747439393000,171538051000001,-3.768,-3.295,-34.471,0
1398294478120,41747449403000,171538051000001,-3.768,-3.295,-34.471,0
1398294478129,41747459565000,171538051000001,-3.768,-3.295,-34.471,0
1398294478139,41747469422000,171538051000001,-3.768,-3.295,-34.471,0
1398294478149,41747479432000,171538051000001,-3.768,-3.295,-34.471,0
1398294478159,41747489442000,171538051000001,-3.768,-3.295,-34.471,0
1398294478169,41747499452000,171538051000001,-3.768,-2.983,-34.471,0
1398294478179,41747509461000,171538051000001,-4.074,-2.983,-34.471,0
1398294478189,41747519471000,171538051000001,-4.074,-2.983,-34.471,0
1398294478200,41747529512000,171538051000001,-4.074,-2.983,-34.471,0
1398294478211,41747541047000,171538051000001,-4.074,-2.983,-34.471,0
1398294478224,41747549562000,171538051000001,-4.074,-2.983,-34.471,0
1398294478230,41747559571000,171538051000001,-4.074,-2.983,-34.471,0
1398294478240,41747569581000,171538051000001,-4.429,-2.983,-34.471,0
1398294478250,41747579560000,171538051000001,-4.429,-2.983,-34.471,0
1398294478260,41747589570000,171538051000001,-4.429,-2.983,-34.471,0
1398294478270,41747599580000,171538051000001,-4.429,-2.983,-34.471,0
1398294478280,41747609620000,171538051000001,-4.429,-2.983,-34.471,0
1398294478291,41747619599000,171538051000001,-4.429,-2.983,-34.471,0
1398294478306,41747635041000,171538051000001,-4.429,-2.983,-34.471,0
1398294478311,41747640595000,171538051000001,-4.429,-2.983,-34.471,0
1398294478325,41747654878000,171538051000001,-4.429,-2.983,-34.471,0
1398294478331,41747660585000,171538051000001,-4.429,-2.983,-34.471,0
1398294478341,41747670594000,171538051000001,-4.429,-2.983,-34.471,0
1398294478356,41747685823000,171538051000001,-4.429,-2.983,-34.471,0
1398294478360,41747690431000,171538051000001,-4.429,-2.983,-34.471,0
1398294478371,41747701203000,171538051000001,-4.429,-2.983,-34.471,0
1398294478381,41747710939000,171538051000001,-4.429,-2.983,-34.471,0
1398294478394,41747723634000,171538051000001,-4.429,-2.983,-34.471,0
1398294478404,41747733460000,171538051000001,-4.429,-2.983,-34.471,0
1398294478413,41747742921000,171538051000001,-4.429,-2.983,-34.471,0
1398294478423,41747753114000,171538051000001,-4.429,-2.983,-34.471,0
1398294478433,41747763032000,171538051000001,-4.429,-2.983,-34.471,0
1398294478441,41747770570000,171538051000001,-4.429,-2.983,-34.471,0
1398294478456,41747785676000,171538051000001,-4.429,-2.983,-34.471,0
1398294478461,41747790559000,171538051000001,-4.429,-2.983,-34.471,0
1398294478487,41747805574000,171538051000001,-4.429,-2.983,-34.471,0
1398294478490,41747810151000,171538051000001,-4.429,-2.983,-34.471,0
1398294478491,41747819856000,171538051000001,-4.106,-2.983,-34.471,0
1398294478501,41747829927000,171538051000001,-4.106,-2.983,-34.471,0
1398294478511,41747840394000,171538051000001,-4.106,-2.983,-34.471,0
1398294478526,41747856141000,171538051000001,-4.106,-2.983,-34.471,0
1398294478532,41747861787000,171538051000001,-4.106,-2.983,-34.471,0
1398294478544,41747873445000,171538051000001,-4.106,-2.983,-34.471,0
1398294478556,41747885713000,171538051000001,-4.106,-2.983,-34.471,0
1398294478563,41747892488000,171538051000001,-4.106,-2.983,-34.471,0
1398294478577,41747906709000,171538051000001,-4.106,-2.983,-34.471,0
1398294478586,41747915193000,171538051000001,-4.106,-2.983,-34.471,0
1398294478592,41747919923000,171538051000001,-4.106,-2.983,-34.471,0
1398294478607,41747929933000,171538051000001,-4.431,-2.983,-34.147,0
1398294478617,41747939912000,171538051000001,-4.431,-2.983,-34.147,0
1398294478632,41747949983000,171538051000001,-4.431,-2.983,-34.147,0
1398294478634,41747960084000,171538051000001,-4.431,-2.983,-34.147,0
1398294478654,41747969941000,171538051000001,-4.431,-2.983,-34.147,0
1398294478664,41747979920000,171538051000001,-4.431,-2.983,-34.147,0
1398294478666,41747989991000,171538051000001,-4.431,-2.983,-34.147,0
1398294478670,41748000032000,171538051000001,-4.431,-2.983,-34.147,0
1398294478680,41748009980000,171538051000001,-4.431,-2.983,-34.147,0
1398294478690,41748019990000,171538051000001,-4.431,-2.983,-34.147,0
1398294478704,41748030030000,171538051000001,-4.431,-2.983,-34.147,0
1398294478710,41748039979000,171538051000001,-4.431,-2.983,-34.147,0
1398294478720,41748050050000,171538051000001,-4.431,-2.983,-34.147,0
1398294478731,41748059999000,171538051000001,-4.734,-2.983,-34.147,0
1398294478742,41748071870000,171538051000001,-4.734,-2.983,-34.147,0
1398294478754,41748083894000,171538051000001,-4.734,-2.983,-34.147,0
1398294478763,41748093080000,171538051000001,-4.734,-2.983,-34.147,0
1398294478772,41748101869000,171538051000001,-4.734,-2.983,-34.147,0
1398294478782,41748111878000,171538051000001,-4.734,-2.983,-34.147,0
1398294478794,41748121461000,171538051000001,-4.734,-2.983,-34.147,0
1398294478802,41748131806000,171538051000001,-4.734,-2.983,-34.147,0
1398294478812,41748142274000,171538051000001,-4.428,-2.983,-34.147,0
1398294478823,41748152009000,171538051000001,-4.428,-2.983,-34.147,0
1398294478836,41748165711000,171538051000001,-4.428,-2.983,-34.147,0
1398294478842,41748172578000,171538051000001,-4.428,-2.983,-34.147,0
1398294478856,41748186585000,171538051000001,-4.428,-2.983,-34.147,0
1398294478862,41748192292000,171538051000001,-4.428,-2.983,-34.147,0
1398294478876,41748206452000,171538051000001,-4.428,-2.983,-34.147,0
1398294478888,41748217561000,171538051000001,-4.428,-2.983,-34.147,0
1398294478893,41748220613000,171538051000001,-4.428,-2.983,-34.147,0
1398294478903,41748232148000,171538051000001,-4.428,-2.983,-34.147,0
1398294478912,41748241822000,171538051000001,-4.428,-2.983,-34.147,0
1398294478922,41748251863000,171538051000001,-4.428,-2.983,-34.147,0
1398294478934,41748264009000,171538051000001,-4.107,-2.983,-34.147,0
1398294478944,41748273896000,171538051000001,-4.107,-2.983,-34.147,0
1398294478952,41748282075000,171538051000001,-4.107,-2.983,-34.147,0
1398294478962,41748291902000,171538051000001,-4.107,-2.983,-34.147,0
1398294478973,41748302766000,171538051000001,-4.107,-2.983,-34.147,0
1398294478985,41748314607000,171538051000001,-4.107,-2.983,-34.147,0
1398294478992,41748321839000,171538051000001,-4.107,-2.983,-34.147,0
1398294479004,41748333863000,171538051000001,-4.107,-2.983,-34.147,0
1398294479012,41748341920000,171538051000001,-4.107,-2.983,-34.147,0
1398294479024,41748353913000,171538051000001,-4.107,-2.983,-34.147,0
1398294479034,41748363923000,171538051000001,-4.107,-2.983,-34.147,0
1398294479043,41748372682000,171538051000001,-4.107,-2.983,-34.147,0
1398294479057,41748386567000,171538051000001,-4.107,-2.983,-34.147,0
1398294479063,41748392579000,171538051000001,-4.107,-2.983,-34.147,0
1398294479077,41748406861000,171538051000001,-4.107,-2.983,-34.147,0
1398294479082,41748411958000,171538051000001,-4.107,-2.983,-34.147,0
1398294479097,41748426637000,171538051000001,-4.107,-2.983,-34.147,0
1398294479103,41748432588000,171538051000001,-4.107,-2.983,-34.147,0
1398294479116,41748446168000,171538051000001,-4.107,-2.983,-34.147,0
1398294479122,41748451783000,171538051000001,-4.107,-2.983,-34.466,0
1398294479131,41748460481000,171538051000001,-4.107,-2.983,-34.466,0
1398294479141,41748470460000,171538051000001,-4.107,-2.983,-34.466,0
1398294479151,41748480470000,171538051000001,-4.107,-2.983,-34.466,0
1398294479160,41748490510000,171538051000001,-4.107,-2.983,-34.466,0
1398294479171,41748500489000,171538051000001,-4.107,-2.983,-34.466,0
1398294479181,41748510530000,171538051000001,-4.107,-2.983,-34.466,0
1398294479197,41748526429000,171538051000001,-4.107,-2.983,-34.466,0
1398294479204,41748533723000,171538051000001,-4.107,-2.983,-34.466,0
1398294479211,41748540498000,171538051000001,-4.107,-2.983,-34.466,0
1398294479221,41748550782000,171538051000001,-4.425,-2.983,-34.466,0
1398294479234,41748564241000,171538051000001,-4.425,-2.983,-34.466,0
1398294479242,41748572450000,171538051000001,-4.425,-2.983,-34.466,0
1398294479255,41748584474000,171538051000001,-4.425,-2.983,-34.466,0
1398294479267,41748597108000,171538051000001,-4.425,-2.983,-34.466,0
1398294479271,41748601319000,171538051000001,-4.425,-2.983,-34.466,0
1398294479285,41748614167000,171538051000001,-4.425,-2.983,-34.466,0
1398294479295,41748624696000,171538051000001,-4.425,-2.983,-34.466,0
1398294479303,41748632661000,171538051000001,-4.425,-2.983,-34.466,0
1398294479312,41748642030000,171538051000001,-4.425,-2.983,-34.466,0
1398294479322,41748650636000,171538051000001,-4.425,-2.983,-34.466,0
1398294479333,41748662751000,171538051000001,-4.425,-2.983,-34.466,0
1398294479343,41748672578000,171538051000001,-4.425,-2.983,-34.466,0
1398294479354,41748684205000,171538051000001,-4.425,-2.983,-34.466,0
1398294479364,41748694367000,171538051000001,-4.425,-2.983,-34.466,0
1398294479376,41748705628000,171538051000001,-4.425,-2.983,-34.466,0
1398294479384,41748714356000,171538051000001,-4.425,-2.983,-34.466,0
1398294479396,41748726441000,171538051000001,-4.425,-2.983,-34.466,0
1398294479403,41748733155000,171538051000001,-4.425,-2.983,-34.466,0
1398294479417,41748747193000,171538051000001,-4.425,-2.983,-34.466,0
1398294479422,41748752351000,171538051000001,-4.425,-2.983,-34.466,0
1398294479437,41748766999000,171538051000001,-4.425,-2.983,-34.466,0
1398294479443,41748772950000,171538051000001,-4.425,-2.983,-34.466,0
1398294479456,41748785249000,171538051000001,-4.425,-2.983,-34.466,0
1398294479463,41748793000000,171538051000001,-4.119,-2.983,-34.466,0
1398294479475,41748804627000,171538051000001,-4.119,-2.983,-34.466,0
1398294479484,41748814302000,171538051000001,-4.119,-2.983,-34.466,0
1398294479496,41748826387000,171538051000001,-4.119,-2.983,-34.466,0
1398294479507,41748837037000,171538051000001,-4.119,-2.983,-34.466,0
1398294479512,41748841920000,171538051000001,-4.119,-2.983,-34.466,0
1398294479523,41748852571000,171538051000001,-4.119,-2.983,-34.466,0
1398294479534,41748864350000,171538051000001,-4.119,-2.983,-34.466,0
1398294479544,41748873231000,171538051000001,-3.816,-2.983,-34.466,0
1398294479554,41748884309000,171538051000001,-3.816,-3.285,-34.466,0
1398294479565,41748894776000,171538051000001,-3.816,-3.285,-34.466,0
1398294479575,41748904542000,171538051000001,-3.816,-3.285,-34.466,0
1398294479583,41748913331000,171538051000001,-3.816,-3.285,-34.466,0
1398294479594,41748924378000,171538051000001,-3.816,-3.285,-34.466,0
1398294479604,41748934358000,171538051000001,-3.816,-3.285,-34.466,0
1398294479616,41748941804000,171538051000001,-3.816,-3.285,-34.466,0
1398294479628,41748951356000,171538051000001,-3.816,-3.285,-34.466,0
1398294479633,41748960877000,171538051000001,-3.816,-3.285,-34.466,0
1398294479644,41748970948000,171538051000001,-3.816,-3.285,-34.466,0
1398294479664,41748982514000,171538051000001,-3.816,-3.285,-34.466,0
1398294479668,41748990968000,171538051000001,-3.816,-3.285,-34.466,0
1398294479679,41749000947000,171538051000001,-3.816,-3.285,-34.466,0
1398294479682,41749011018000,171538051000001,-3.816,-3.285,-34.466,0
1398294479692,41749020967000,171538051000001,-3.816,-3.285,-34.466,0
1398294479701,41749031007000,171538051000001,-3.816,-3.285,-34.466,0
1398294479711,41749040956000,171538051000001,-3.816,-3.285,-34.466,0
1398294479721,41749050965000,171538051000001,-3.816,-3.285,-34.466,0
1398294479738,41749061097000,171538051000001,-3.816,-3.285,-34.466,0
1398294479748,41749071015000,171538051000001,-3.816,-3.285,-34.466,0
1398294479757,41749081025000,171538051000001,-3.816,-3.285,-34.466,0
1398294479761,41749091065000,171538051000001,-3.816,-3.285,-34.466,0
1398294479779,41749101014000,171538051000001,-3.816,-3.285,-34.466,0
1398294479781,41749111085000,171538051000001,-3.816,-3.285,-34.466,0
1398294479791,41749121034000,171538051000001,-3.816,-3.285,-34.466,0
1398294479801,41749131043000,171538051000001,-3.816,-3.285,-34.466,0
1398294479816,41749145783000,171538051000001,-3.816,-3.285,-34.466,0
1398294479822,41749151063000,171538051000001,-3.816,-3.285,-34.466,0
1398294479833,41749162629000,171538051000001,-3.816,-3.285,-34.466,0
1398294479841,41749171144000,171538051000001,-3.816,-3.285,-34.466,0
1398294479851,41749181092000,171538051000001,-3.816,-3.285,-34.466,0
1398294479864,41749193269000,171538051000001,-3.816,-3.285,-34.466,0
1398294479872,41749201631000,171538051000001,-3.816,-3.285,-34.466,0
1398294479885,41749214387000,171538051000001,-3.816,-3.285,-34.466,0
1398294479893,41749221314000,171538051000001,-3.816,-3.285,-34.466,0
1398294479905,41749232545000,171538051000001,-3.816,-3.285,-34.466,0
1398294479911,41749241151000,171538051000001,-3.816,-3.285,-34.466,0
1398294479922,41749251191000,171538051000001,-3.816,-3.285,-34.466,0
1398294479932,41749261720000,171538051000001,-3.816,-3.285,-34.466,0
1398294479944,41749273957000,171538051000001,-3.816,-3.285,-34.783,0
1398294479953,41749281800000,171538051000001,-3.479,-3.285,-34.783,0
1398294479963,41749292634000,171538051000001,-3.479,-3.285,-34.783,0
1398294479972,41749301789000,171538051000001,-3.479,-3.285,-34.783,0
1398294479990,41749311250000,171538051000001,-3.479,-3.285,-34.783,0
1398294479992,41749321229000,171538051000001,-3.479,-3.285,-34.783,0
1398294480010,41749331269000,171538051000001,-3.479,-3.285,-34.783,0
1398294480044,41749342805000,171538051000001,-3.479,-3.285,-34.783,0
1398294480050,41749351350000,171538051000001,-3.479,-3.285,-34.783,0
1398294480052,41749361268000,171538051000001,-3.479,-3.285,-34.783,0
1398294480053,41749371308000,171538051000001,-3.479,-3.285,-34.783,0
1398294480054,41749381288000,171538051000001,-3.479,-3.285,-34.783,0
1398294480061,41749391328000,171538051000001,-3.479,-3.285,-34.783,0
1398294480073,41749401307000,171538051000001,-3.479,-3.285,-34.783,0
1398294480081,41749411347000,171538051000001,-3.479,-3.285,-34.783,0
1398294480091,41749421327000,171538051000001,-3.479,-3.285,-34.783,0
1398294480101,41749431336000,171538051000001,-3.479,-3.285,-34.783,0
1398294480116,41749446137000,171538051000001,-3.479,-3.285,-34.783,0
1398294480122,41749451417000,171538051000001,-3.479,-3.285,-34.783,0
1398294480134,41749463624000,171538051000001,-3.479,-3.285,-34.783,0
1398294480144,41749474031000,171538051000001,-3.479,-3.285,-34.783,0
1398294480153,41749483674000,171538051000001,-3.81,-3.285,-34.783,0
1398294480164,41749493989000,171538051000001,-3.81,-3.285,-34.783,0
1398294480176,41749505372000,171538051000001,-3.81,-3.285,-34.783,0
1398294480184,41749514039000,171538051000001,-3.81,-3.285,-34.783,0
1398294480195,41749524659000,171538051000001,-3.81,-3.285,-34.783,0
1398294480204,41749534059000,171538051000001,-3.81,-3.285,-34.783,0
1398294480215,41749545075000,171538051000001,-3.81,-3.285,-34.783,0
1398294480225,41749554933000,171538051000001,-3.81,-3.285,-34.783,0
1398294480234,41749564088000,171538051000001,-3.81,-3.285,-34.783,0
1398294480246,41749571961000,171538051000001,-3.81,-3.285,-34.783,0
1398294480258,41749582215000,171538051000001,-3.81,-3.285,-34.783,0
1398294480262,41749591706000,171538051000001,-3.81,-3.285,-34.481,0
1398294480278,41749601808000,171538051000001,-3.81,-3.285,-34.481,0
1398294480282,41749612031000,171538051000001,-3.81,-3.599,-34.481,0
1398294480292,41749621583000,171538051000001,-3.81,-3.599,-34.481,0
1398294480307,41749632356000,171538051000001,-3.81,-3.599,-34.481,0
1398294480314,41749643586000,171538051000001,-3.81,-3.599,-34.481,0
1398294480322,41749651582000,171538051000001,-3.81,-3.599,-34.481,0
1398294480333,41749663178000,171538051000001,-3.81,-3.599,-34.481,0
1398294480344,41749674195000,171538051000001,-3.81,-3.599,-34.481,0
1398294480361,41749681611000,171538051000001,-3.81,-3.599,-34.481,0
1398294480362,41749691621000,171538051000001,-3.81,-3.599,-34.481,0
1398294480380,41749703187000,171538051000001,-3.81,-3.599,-34.481,0
1398294480382,41749711671000,171538051000001,-3.81,-3.599,-34.481,0
1398294480392,41749721620000,171538051000001,-4.179,-3.599,-34.481,0
1398294480402,41749731629000,171538051000001,-4.179,-3.599,-34.481,0
1398294480412,41749741639000,171538051000001,-4.179,-3.599,-34.481,0
1398294480422,41749751679000,171538051000001,-4.179,-3.599,-34.481,0
1398294480432,41749761659000,171538051000001,-4.541,-3.599,-34.481,0
1398294480443,41749772706000,171538051000001,-4.541,-3.599,-34.481,0
1398294480453,41749781678000,171538051000001,-4.541,-3.599,-34.481,0
1398294480462,41749791688000,171538051000001,-4.541,-3.599,-34.481,0
1398294480472,41749801698000,171538051000001,-4.541,-3.599,-34.481,0
1398294480483,41749812532000,171538051000001,-4.541,-3.599,-34.481,0
1398294480496,41749825807000,171538051000001,-4.541,-3.599,-34.481,0
1398294480506,41749835908000,171538051000001,-4.541,-3.599,-34.481,0
1398294480514,41749844331000,171538051000001,-4.541,-3.599,-34.481,0
1398294480526,41749855470000,171538051000001,-4.541,-3.283,-34.481,0
1398294480535,41749861878000,171538051000001,-4.541,-3.283,-34.481,0
1398294480543,41749872712000,171538051000001,-4.541,-3.283,-34.481,0
1398294480560,41749883515000,171538051000001,-4.541,-3.283,-34.481,0
1398294480563,41749891877000,171538051000001,-4.541,-3.283,-34.481,0
1398294480573,41749901826000,171538051000001,-4.541,-3.283,-34.481,0
1398294480586,41749913148000,171538051000001,-4.541,-3.283,-34.481,0
1398294480592,41749921845000,171538051000001,-4.541,-3.283,-34.481,0
1398294480606,41749932130000,171538051000001,-4.541,-3.283,-34.481,0
1398294480614,41749944032000,171538051000001,-4.541,-3.283,-34.481,0
1398294480622,41749951875000,171538051000001,-4.541,-3.283,-34.481,0
1398294480633,41749962892000,171538051000001,-4.541,-3.627,-34.481,0
1398294480650,41749971925000,171538051000001,-4.541,-3.627,-34.481,0
1398294480652,41749981904000,171538051000001,-4.214,-3.627,-34.481,0
1398294480668,41749991944000,171538051000001,-4.214,-3.627,-34.481,0
1398294480672,41750001954000,171538051000001,-4.214,-3.627,-34.481,0
1398294480682,41750011933000,171538051000001,-4.214,-3.627,-34.481,0
1398294480692,41750021913000,171538051000001,-4.214,-3.627,-34.481,0
1398294480702,41750031983000,171538051000001,-4.214,-3.627,-34.481,0
1398294480712,41750041963000,171538051000001,-4.214,-3.627,-34.481,0
1398294480723,41750052003000,171538051000001,-4.214,-3.627,-34.481,0
1398294480735,41750063539000,171538051000001,-4.214,-3.627,-34.481,0
1398294480742,41750072084000,171538051000001,-4.214,-3.627,-34.481,0
1398294480752,41750081941000,171538051000001,-4.214,-3.627,-34.481,0
1398294480762,41750092500000,171538051000001,-4.214,-3.627,-34.481,0
1398294480772,41750102143000,171538051000001,-4.214,-3.627,-34.481,0
1398294480782,41750112001000,171538051000001,-4.214,-3.627,-34.481,0
1398294480792,41750121980000,171538051000001,-4.214,-3.627,-34.173,0
1398294480802,41750131990000,171538051000001,-4.214,-3.627,-34.173,0
1398294480812,41750141999000,171538051000001,-4.214,-3.627,-34.173,0
1398294480822,41750152040000,171538051000001,-4.214,-3.627,-34.173,0
1398294480832,41750162019000,171538051000001,-4.214,-3.627,-34.173,0
1398294480842,41750172059000,171538051000001,-4.53,-3.627,-34.173,0
1398294480852,41750182038000,171538051000001,-4.53,-3.627,-34.173,0
1398294480862,41750192079000,171538051000001,-4.53,-3.627,-34.173,0
1398294480872,41750202088000,171538051000001,-4.53,-3.627,-34.173,0
1398294480882,41750212098000,171538051000001,-4.53,-3.627,-34.173,0
1398294480892,41750222077000,171538051000001,-4.87,-3.627,-34.173,0
1398294480903,41750232118000,171538051000001,-4.87,-3.627,-33.837,0
1398294480914,41750243653000,171538051000001,-4.87,-3.627,-33.837,0
1398294480922,41750252168000,171538051000001,-4.87,-3.627,-33.837,0
1398294480932,41750262086000,171538051000001,-4.87,-3.627,-33.837,0
1398294480942,41750272157000,171538051000001,-4.87,-3.627,-33.837,0
1398294480952,41750282136000,171538051000001,-4.87,-3.627,-33.837,0
1398294480963,41750292176000,171538051000001,-4.87,-3.627,-33.837,0
1398294480977,41750302186000,171538051000001,-4.87,-3.627,-33.837,0
1398294480983,41750312196000,171538051000001,-4.87,-3.627,-33.837,0
1398294480992,41750322206000,171538051000001,-4.87,-3.627,-33.837,0
1398294481002,41750332215000,171538051000001,-4.87,-3.627,-33.837,0
1398294481012,41750342195000,171538051000001,-4.87,-3.627,-33.837,0
1398294481023,41750352296000,171538051000001,-4.87,-3.627,-33.837,0
1398294481033,41750362214000,171538051000001,-4.87,-3.627,-33.837,0
1398294481044,41750373536000,171538051000001,-4.87,-3.627,-33.837,0
1398294481053,41750382264000,171538051000001,-4.87,-3.627,-33.837,0
1398294481062,41750392274000,171538051000001,-4.87,-3.627,-33.837,0
1398294481073,41750402284000,171538051000001,-4.87,-3.627,-33.837,0
1398294481083,41750412782000,171538051000001,-4.87,-3.627,-33.837,0
1398294481094,41750423829000,171538051000001,-4.87,-3.627,-33.837,0
1398294481103,41750432374000,171538051000001,-4.87,-3.627,-33.837,0
1398294481113,41750442292000,171538051000001,-4.87,-3.627,-33.837,0
1398294481122,41750452333000,171538051000001,-4.87,-3.627,-33.837,0
1398294481133,41750462312000,171538051000001,-4.87,-3.627,-33.837,0
1398294481143,41750472352000,171538051000001,-4.87,-3.627,-33.837,0
1398294481152,41750482301000,171538051000001,-4.87,-3.627,-33.837,0
1398294481163,41750492372000,171538051000001,-4.87,-3.627,-34.14,0
1398294481172,41750502381000,171538051000001,-4.87,-3.627,-34.14,0
1398294481184,41750512361000,171538051000001,-4.87,-3.627,-34.14,0
1398294481192,41750522370000,171538051000001,-4.87,-3.627,-34.14,0
1398294481202,41750532411000,171538051000001,-4.531,-3.627,-34.14,0
1398294481212,41750542543000,171538051000001,-4.531,-3.627,-34.14,0
1398294481230,41750552430000,171538051000001,-4.531,-3.627,-34.14,0
1398294481237,41750562440000,171538051000001,-4.531,-3.627,-34.449,0
1398294481245,41750572480000,171538051000001,-4.531,-3.627,-34.449,0
1398294481253,41750582429000,171538051000001,-4.531,-3.627,-34.449,0
1398294481262,41750592469000,171538051000001,-4.162,-3.627,-34.449,0
1398294481274,41750604005000,171538051000001,-4.162,-3.627,-34.449,0
1398294481282,41750612519000,171538051000001,-4.162,-3.627,-34.449,0
1398294481293,41750622499000,171538051000001,-4.162,-3.627,-34.449,0
1398294481303,41750632508000,171538051000001,-3.857,-3.627,-34.449,0
1398294481312,41750642488000,171538051000001,-3.857,-3.627,-34.449,0
1398294481324,41750652528000,171538051000001,-3.857,-3.627,-34.449,0
1398294481332,41750662507000,171538051000001,-3.857,-3.627,-34.449,0
1398294481343,41750672761000,171538051000001,-3.488,-3.627,-34.449,0
1398294481352,41750682527000,171538051000001,-3.488,-3.627,-34.449,0
1398294481363,41750692567000,171538051000001,-3.488,-3.627,-34.449,0
1398294481372,41750702577000,171538051000001,-3.117,-3.627,-34.449,0
1398294481383,41750712586000,171538051000001,-3.117,-3.627,-34.449,0
1398294481393,41750722749000,171538051000001,-3.117,-3.627,-34.449,0
1398294481403,41750732606000,171538051000001,-3.117,-3.627,-34.449,0
1398294481413,41750742585000,171538051000001,-3.117,-3.627,-34.449,0
1398294481423,41750752595000,171538051000001,-3.117,-3.627,-34.449,0
1398294481446,41750763490000,171538051000001,-3.117,-3.627,-34.449,0
1398294481448,41750772676000,171538051000001,-2.799,-3.627,-34.449,0
1398294481454,41750784211000,171538051000001,-2.799,-3.929,-34.449,0
1398294481466,41750792695000,171538051000001,-2.799,-3.929,-34.449,0
1398294481474,41750802705000,171538051000001,-2.799,-3.929,-34.449,0
1398294481483,41750812684000,171538051000001,-2.799,-3.929,-34.449,0
1398294481493,41750822694000,171538051000001,-2.799,-3.929,-34.449,0
1398294481503,41750832673000,171538051000001,-2.799,-3.929,-34.449,0
1398294481513,41750842744000,171538051000001,-2.799,-3.929,-34.449,0
1398294481523,41750852754000,171538051000001,-2.799,-3.929,-34.449,0
1398294481533,41750862763000,171538051000001,-2.799,-3.929,-34.449,0
1398294481543,41750872743000,171538051000001,-2.799,-3.929,-34.449,0
1398294481553,41750882783000,171538051000001,-2.799,-3.929,-34.751,0
1398294481563,41750892762000,171538051000001,-3.137,-3.929,-34.751,0
1398294481573,41750902833000,171538051000001,-3.137,-3.596,-34.751,0
1398294481583,41750912751000,171538051000001,-3.137,-3.596,-34.751,0
1398294481593,41750922792000,171538051000001,-3.137,-3.596,-34.751,0
1398294481603,41750932801000,171538051000001,-3.503,-3.596,-34.751,0
1398294481613,41750942842000,171538051000001,-3.503,-3.596,-34.751,0
1398294481623,41750952821000,171538051000001,-3.503,-3.596,-34.751,0
1398294481635,41750964418000,171538051000001,-3.503,-3.596,-34.751,0
1398294481643,41750972871000,171538051000001,-3.892,-3.285,-34.751,0
1398294481653,41750983003000,171538051000001,-3.892,-3.285,-34.751,0
1398294481665,41750992829000,171538051000001,-3.892,-3.285,-34.751,0
1398294481673,41751003144000,171538051000001,-3.892,-3.285,-34.751,0
1398294481683,41751012818000,171538051000001,-3.892,-3.285,-34.751,0
1398294481693,41751022859000,171538051000001,-4.248,-3.285,-34.751,0
1398294481703,41751032838000,171538051000001,-4.248,-3.285,-34.751,0
1398294481713,41751042878000,171538051000001,-4.248,-3.285,-34.751,0
1398294481723,41751052888000,171538051000001,-4.248,-3.285,-34.436,0
1398294481733,41751062928000,171538051000001,-4.649,-3.285,-34.436,0
1398294481743,41751072908000,171538051000001,-4.649,-3.285,-34.436,0
1398294481753,41751082948000,171538051000001,-4.649,-3.285,-34.436,0
1398294481763,41751092958000,171538051000001,-4.649,-3.285,-34.436,0
1398294481773,41751103028000,171538051000001,-4.969,-3.285,-34.436,0
1398294481783,41751112947000,171538051000001,-4.969,-3.285,-34.436,0
1398294481793,41751122987000,171538051000001,-4.969,-3.285,-34.075,0
1398294481803,41751132966000,171538051000001,-4.969,-3.285,-34.075,0
1398294481815,41751144563000,171538051000001,-4.969,-3.285,-34.075,0
1398294481823,41751153016000,171538051000001,-4.969,-3.285,-34.075,0
1398294481833,41751162995000,171538051000001,-4.969,-3.285,-34.075,0
1398294481843,41751172975000,171538051000001,-4.969,-3.285,-34.075,0
1398294481853,41751183015000,171538051000001,-4.969,-3.598,-34.075,0
1398294481863,41751192994000,171538051000001,-4.969,-3.598,-34.075,0
1398294481873,41751203065000,171538051000001,-4.969,-3.598,-34.075,0
1398294481883,41751213044000,171538051000001,-4.969,-3.598,-34.075,0
1398294481893,41751223085000,171538051000001,-4.969,-3.598,-34.075,0
1398294481903,41751233064000,171538051000001,-4.969,-3.598,-34.075,0
1398294481913,41751243104000,171538051000001,-4.969,-3.598,-34.075,0
1398294481923,41751253083000,171538051000001,-4.969,-3.598,-34.075,0
1398294481933,41751263124000,171538051000001,-4.969,-3.598,-34.075,0
1398294481943,41751273103000,171538051000001,-4.669,-3.598,-34.075,0
1398294481953,41751283143000,171538051000001,-4.669,-3.598,-34.075,0
1398294481965,41751295167000,171538051000001,-4.669,-3.598,-34.075,0
1398294481973,41751303132000,171538051000001,-4.669,-3.598,-34.075,0
1398294481983,41751313111000,171538051000001,-4.333,-3.598,-34.075,0
1398294481995,41751324708000,171538051000001,-4.333,-3.598,-34.075,0
1398294482003,41751333253000,171538051000001,-4.333,-3.598,-34.075,0
1398294482013,41751343171000,171538051000001,-4.333,-3.598,-34.075,0
1398294482025,41751354585000,171538051000001,-4.333,-3.598,-34.075,0
1398294482037,41751366700000,171538051000001,-4.333,-3.598,-34.075,0
1398294482047,41751376710000,171538051000001,-4.333,-3.598,-34.075,0
1398294482057,41751387086000,171538051000001,-4.333,-3.598,-34.419,0
1398294482067,41751396638000,171538051000001,-4.333,-3.598,-34.419,0
1398294482075,41751404542000,171538051000001,-4.333,-3.598,-34.419,0
1398294482086,41751416078000,171538051000001,-4.333,-3.23,-34.419,0
1398294482097,41751427095000,171538051000001,-4.013,-3.23,-34.419,0
1398294482108,41751438325000,171538051000001,-4.013,-3.23,-34.419,0
1398294482117,41751446961000,171538051000001,-4.013,-3.23,-34.732,0
1398294482126,41751455628000,171538051000001,-4.013,-2.89,-34.732,0
1398294482137,41751467103000,171538051000001,-4.013,-2.89,-34.732,0
1398294482147,41751477082000,171538051000001,-4.013,-2.89,-34.732,0
1398294482157,41751487062000,171538051000001,-4.013,-2.89,-34.732,0
1398294482166,41751495606000,171538051000001,-4.013,-2.528,-34.732,0
1398294482177,41751507020000,171538051000001,-4.013,-2.528,-34.732,0
1398294482184,41751513398000,171538051000001,-4.013,-2.528,-34.732,0
1398294482193,41751523377000,171538051000001,-4.013,-2.528,-35.04,0
1398294482204,41751533326000,171538051000001,-4.013,-2.528,-35.04,0
1398294482213,41751543366000,171538051000001,-3.663,-2.171,-35.04,0
1398294482223,41751553376000,171538051000001,-3.663,-2.171,-35.04,0
1398294482233,41751563417000,171538051000001,-3.663,-2.171,-35.04,0
1398294482243,41751573396000,171538051000001,-3.663,-2.171,-35.04,0
1398294482253,41751583436000,171538051000001,-3.663,-2.171,-35.04,0
1398294482268,41751598390000,171538051000001,-3.663,-2.171,-35.04,0
1398294482274,41751603639000,171538051000001,-3.34,-1.828,-35.04,0
1398294482286,41751616151000,171538051000001,-3.34,-1.828,-35.04,0
1398294482298,41751627839000,171538051000001,-3.34,-1.828,-35.04,0
1398294482320,41751637483000,171538051000001,-3.34,-1.828,-35.04,0
1398294482322,41751643556000,171538051000001,-3.34,-1.484,-35.04,0
1398294482324,41751653504000,171538051000001,-3.34,-1.484,-35.04,0
1398294482334,41751663545000,171538051000001,-3.34,-1.484,-35.04,0
1398294482344,41751673799000,171538051000001,-3.34,-1.181,-35.04,0
1398294482358,41751687470000,171538051000001,-3.34,-1.181,-35.04,0
1398294482368,41751697511000,171538051000001,-3.34,-1.181,-35.04,0
1398294482376,41751705567000,171538051000001,-3.038,-0.859,-35.04,0
1398294482387,41751717134000,171538051000001,-3.038,-0.859,-35.04,0
1398294482397,41751727082000,171538051000001,-3.038,-0.859,-35.04,0
1398294482407,41751737092000,171538051000001,-3.038,-0.473,-35.342,0
1398294482417,41751747102000,171538051000001,-3.038,-0.473,-35.342,0
1398294482427,41751757264000,171538051000001,-3.038,-0.473,-35.342,0
1398294482437,41751767182000,171538051000001,-3.038,-0.076,-35.342,0
1398294482447,41751777284000,171538051000001,-3.038,-0.076,-35.342,0
1398294482459,41751788056000,171538051000001,-3.038,-0.076,-35.342,0
1398294482467,41751797334000,171538051000001,-3.038,-0.076,-35.342,0
1398294482476,41751805879000,171538051000001,-3.038,0.236,-35.342,0
1398294482487,41751817292000,171538051000001,-3.038,0.236,-35.342,0
1398294482498,41751827790000,171538051000001,-3.038,0.236,-35.342,0
1398294482509,41751838990000,171538051000001,-3.038,0.236,-35.342,0
1398294482518,41751847566000,171538051000001,-3.038,0.236,-35.342,0
1398294482529,41751858735000,171538051000001,-3.038,0.236,-35.342,0
1398294482540,41751869508000,171538051000001,-3.038,0.236,-35.342,0
1398294482546,41751875703000,171538051000001,-3.038,0.236,-35.342,0
1398294482558,41751887818000,171538051000001,-3.038,0.236,-35.342,0
1398294482569,41751899049000,171538051000001,-3.038,0.236,-35.342,0
1398294482582,41751912263000,171538051000001,-3.038,0.236,-35.342,0
1398294482587,41751917146000,171538051000001,-3.038,0.236,-35.342,0
1398294482599,41751928926000,171538051000001,-3.038,0.236,-35.342,0
1398294482607,41751937196000,171538051000001,-3.038,0.236,-35.342,0
1398294482617,41751947053000,171538051000001,-3.038,0.236,-35.342,0
1398294482628,41751958375000,171538051000001,-3.038,0.236,-35.342,0
1398294482638,41751968263000,171538051000001,-3.038,0.236,-35.342,0
1398294482648,41751977815000,171538051000001,-3.038,0.236,-35.342,0
1398294482659,41751988557000,171538051000001,-3.038,0.236,-35.342,0
1398294482666,41751996430000,171538051000001,-3.038,-0.108,-35.342,0
1398294482677,41752006745000,171538051000001,-3.038,-0.108,-35.342,0
1398294482684,41752013887000,171538051000001,-3.347,-0.108,-35.342,0
1398294482694,41752023866000,171538051000001,-3.347,-0.108,-35.342,0
1398294482704,41752033845000,171538051000001,-3.347,-0.108,-35.342,0
1398294482716,41752045411000,171538051000001,-3.347,-0.108,-35.342,0
1398294482724,41752053926000,171538051000001,-3.712,-0.434,-35.342,0
1398294482734,41752063935000,171538051000001,-3.712,-0.434,-35.342,0
1398294482744,41752073915000,171538051000001,-3.712,-0.434,-35.342,0
1398294482754,41752083955000,171538051000001,-4.052,-0.434,-34.996,0
1398294482764,41752093934000,171538051000001,-4.052,-0.434,-34.996,0
1398294482774,41752103944000,171538051000001,-4.052,-0.743,-34.996,0
1398294482786,41752116242000,171538051000001,-4.425,-0.743,-34.996,0
1398294482798,41752128022000,171538051000001,-4.425,-0.743,-34.693,0
1398294482809,41752139253000,171538051000001,-4.425,-0.743,-34.693,0
1398294482818,41752147859000,171538051000001,-4.736,-1.091,-34.693,0
1398294482829,41752158967000,171538051000001,-4.736,-1.091,-34.693,0
1398294482838,41752167817000,171538051000001,-4.736,-1.091,-34.693,0
1398294482848,41752178071000,171538051000001,-4.736,-1.091,-34.693,0
1398294482868,41752183991000,171538051000001,-5.052,-1.441,-34.379,0
1398294482881,41752194001000,171538051000001,-5.052,-1.441,-34.379,0
1398294482885,41752204011000,171538051000001,-5.052,-1.441,-34.379,0
1398294482887,41752214021000,171538051000001,-5.052,-1.441,-34.379,0
1398294482900,41752229737000,171538051000001,-5.052,-1.441,-34.379,0
1398294482906,41752236054000,171538051000001,-5.052,-1.748,-34.379,0
1398294482919,41752248445000,171538051000001,-5.052,-1.748,-34.379,0
1398294482928,41752257691000,171538051000001,-5.052,-1.748,-34.379,0
1398294482938,41752268373000,171538051000001,-5.052,-1.748,-34.379,0
1398294482948,41752278016000,171538051000001,-5.052,-1.748,-34.379,0
1398294482958,41752288148000,171538051000001,-5.052,-1.748,-34.379,0
1398294482969,41752299073000,171538051000001,-5.052,-1.748,-34.379,0
1398294482978,41752307740000,171538051000001,-4.724,-1.748,-34.379,0
1398294482987,41752316712000,171538051000001,-4.724,-2.059,-34.379,0
1398294482997,41752326814000,171538051000001,-4.724,-2.059,-34.379,0
1398294483009,41752338502000,171538051000001,-4.724,-2.059,-34.379,0
1398294483019,41752348481000,171538051000001,-4.724,-2.059,-34.379,0
1398294483028,41752358430000,171538051000001,-4.394,-2.059,-34.379,0
1398294483038,41752368287000,171538051000001,-4.394,-2.059,-34.379,0
1398294483048,41752378358000,171538051000001,-4.394,-2.059,-34.379,0
1398294483060,41752389710000,171538051000001,-4.394,-2.389,-34.379,0
1398294483067,41752396516000,171538051000001,-4.394,-2.389,-34.379,0
1398294483083,41752410401000,171538051000001,-4.394,-2.389,-34.379,0
1398294483085,41752414308000,171538051000001,-4.394,-2.389,-34.379,0
1398294483099,41752428651000,171538051000001,-4.394,-2.822,-34.379,0
1398294483109,41752438600000,171538051000001,-4.394,-2.822,-34.379,0
1398294483120,41752449800000,171538051000001,-4.394,-2.822,-34.379,0
1398294483127,41752456636000,171538051000001,-4.394,-3.256,-34.379,0
1398294483141,41752470582000,171538051000001,-4.394,-3.256,-34.379,0
1398294483147,41752476564000,171538051000001,-4.394,-3.572,-34.379,0
1398294483161,41752490541000,171538051000001,-4.394,-3.572,-34.072,0
1398294483167,41752496522000,171538051000001,-4.394,-3.894,-34.072,0
1398294483188,41752509522000,171538051000001,-4.394,-3.894,-34.072,0
1398294483190,41752519990000,171538051000001,-4.394,-4.216,-34.072,0
1398294483197,41752526673000,171538051000001,-4.394,-4.216,-34.072,0
1398294483204,41752534333000,171538051000001,-4.394,-4.566,-34.072,0
1398294483214,41752544343000,171538051000001,-4.394,-4.566,-34.072,0
1398294483224,41752554353000,171538051000001,-4.06,-4.867,-34.072,0
1398294483234,41752564393000,171538051000001,-4.06,-4.867,-34.072,0
1398294483244,41752574464000,171538051000001,-4.06,-4.867,-34.072,0
1398294483256,41752585939000,171538051000001,-4.06,-5.21,-33.764,0
1398294483264,41752594422000,171538051000001,-4.06,-5.21,-33.764,0
1398294483275,41752604432000,171538051000001,-3.736,-5.21,-33.764,0
1398294483287,41752616914000,171538051000001,-3.736,-5.21,-33.764,0
1398294483299,41752628663000,171538051000001,-3.736,-5.21,-33.764,0
1398294483309,41752638825000,171538051000001,-3.736,-5.21,-33.764,0
1398294483319,41752648805000,171538051000001,-3.736,-5.21,-33.764,0
1398294483329,41752658753000,171538051000001,-3.736,-5.21,-33.764,0
1398294483339,41752668611000,171538051000001,-3.736,-5.21,-33.764,0
1398294483349,41752678712000,171538051000001,-3.736,-5.21,-33.764,0
1398294483360,41752690003000,171538051000001,-3.736,-5.21,-33.764,0
1398294483367,41752696748000,171538051000001,-3.736,-5.21,-33.764,0
1398294483381,41752710969000,171538051000001,-3.736,-5.21,-33.764,0
1398294483386,41752715821000,171538051000001,-3.736,-5.21,-33.764,0
1398294483401,41752730012000,171538051000001,-3.736,-5.21,-33.764,0
1398294483406,41752736054000,171538051000001,-3.736,-5.21,-33.764,0
1398294483416,41752745851000,171538051000001,-3.407,-5.21,-33.764,0
1398294483429,41752758607000,171538051000001,-3.407,-5.21,-33.764,0
1398294483442,41752771424000,171538051000001,-3.407,-5.21,-33.764,0
1398294483446,41752776429000,171538051000001,-3.407,-5.21,-33.764,0
1398294483460,41752789460000,171538051000001,-3.407,-5.21,-33.764,0
1398294483467,41752797059000,171538051000001,-3.407,-4.878,-33.764,0
1398294483479,41752808625000,171538051000001,-3.407,-4.878,-34.095,0
1398294483488,41752818482000,171538051000001,-3.407,-4.878,-34.095,0
1398294483505,41752834840000,171538051000001,-3.053,-4.878,-34.095,0
1398294483509,41752838685000,171538051000001,-3.053,-4.518,-34.095,0
1398294483519,41752849305000,171538051000001,-3.053,-4.518,-34.095,0
1398294483529,41752858674000,171538051000001,-3.053,-4.518,-34.437,0
1398294483539,41752868806000,171538051000001,-3.053,-4.174,-34.437,0
1398294483549,41752878907000,171538051000001,-2.725,-4.174,-34.437,0
1398294483560,41752889802000,171538051000001,-2.725,-4.174,-34.437,0
1398294483569,41752898957000,171538051000001,-2.725,-3.868,-34.437,0
1398294483579,41752909120000,171538051000001,-2.725,-3.868,-34.437,0
1398294483588,41752918366000,171538051000001,-2.725,-3.868,-34.437,0
1398294483599,41752928620000,171538051000001,-2.392,-3.868,-34.786,0
1398294483612,41752939179000,171538051000001,-2.392,-3.491,-34.786,0
1398294483619,41752946382000,171538051000001,-2.392,-3.491,-34.786,0
1398294483629,41752957154000,171538051000001,-2.392,-3.491,-34.786,0
1398294483639,41752967408000,171538051000001,-2.392,-3.491,-34.786,0
1398294483649,41752977143000,171538051000001,-2.392,-3.155,-34.786,0
1398294483659,41752987275000,171538051000001,-2.392,-3.155,-34.786,0
1398294483668,41752995606000,171538051000001,-2.392,-3.155,-34.786,0
1398294483678,41753005555000,171538051000001,-2.392,-3.155,-34.786,0
1398294483699,41753015077000,171538051000001,-2.392,-3.155,-34.786,0
1398294483706,41753025117000,171538051000001,-2.392,-3.155,-34.786,0
1398294483714,41753035096000,171538051000001,-2.392,-3.155,-34.786,0
1398294483717,41753046510000,171538051000001,-2.392,-3.155,-34.786,0
1398294483725,41753054841000,171538051000001,-2.392,-3.155,-34.786,0
1398294483735,41753064912000,171538051000001,-2.392,-3.155,-34.786,0
1398294483745,41753074891000,171538051000001,-2.392,-3.155,-34.786,0
1398294483755,41753084931000,171538051000001,-2.392,-3.155,-34.786,0
1398294483765,41753094911000,171538051000001,-2.392,-3.155,-34.786,0
1398294483775,41753104951000,171538051000001,-2.392,-3.155,-34.786,0
1398294483785,41753114900000,171538051000001,-2.392,-3.155,-34.786,0
1398294483799,41753126863000,171538051000001,-2.392,-3.155,-34.786,0
1398294483814,41753140229000,171538051000001,-2.702,-3.155,-34.786,0
1398294483818,41753145539000,171538051000001,-2.702,-3.155,-34.786,0
1398294483833,41753161317000,171538051000001,-2.702,-3.155,-34.786,0
1398294483838,41753165071000,171538051000001,-2.702,-3.155,-34.786,0
1398294483852,41753179475000,171538051000001,-2.702,-3.155,-34.786,0
1398294483861,41753185090000,171538051000001,-2.702,-3.155,-34.786,0
1398294483867,41753195558000,171538051000001,-2.702,-3.155,-34.786,0
1398294483882,41753208955000,171538051000001,-2.702,-3.155,-34.786,0
1398294483887,41753215089000,171538051000001,-2.702,-3.155,-34.786,0
1398294483898,41753226594000,171538051000001,-2.702,-3.155,-34.786,0
1398294483910,41753238679000,171538051000001,-3.013,-3.155,-34.786,0
1398294483918,41753246156000,171538051000001,-3.013,-3.155,-34.786,0
1398294483931,41753259217000,171538051000001,-3.013,-3.155,-34.786,0
1398294483938,41753266877000,171538051000001,-3.013,-3.155,-34.786,0
1398294483950,41753276795000,171538051000001,-3.013,-3.155,-34.786,0
1398294483959,41753286653000,171538051000001,-3.013,-3.155,-34.786,0
1398294483970,41753297669000,171538051000001,-3.013,-3.155,-34.786,0
1398294483981,41753308168000,171538051000001,-3.013,-3.155,-34.786,0
1398294483988,41753315888000,171538051000001,-3.013,-3.155,-34.786,0
1398294484000,41753327882000,171538051000001,-3.013,-3.155,-34.786,0
1398294484008,41753335481000,171538051000001,-3.013,-3.155,-34.786,0
1398294484022,41753349031000,171538051000001,-3.013,-3.155,-34.786,0
1398294484028,41753355348000,171538051000001,-3.013,-3.155,-34.786,0
1398294484043,41753369416000,171538051000001,-3.013,-3.155,-34.786,0
1398294484049,41753375367000,171538051000001,-3.013,-3.155,-34.786,0
1398294484060,41753387635000,171538051000001,-3.013,-3.155,-34.786,0
1398294484069,41753396607000,171538051000001,-3.013,-3.155,-34.786,0
1398294484080,41753407563000,171538051000001,-3.013,-3.155,-34.786,0
1398294484090,41753416963000,171538051000001,-3.013,-3.155,-34.786,0
1398294484100,41753427125000,171538051000001,-3.013,-3.155,-34.786,0
1398294484118,41753437318000,171538051000001,-3.013,-3.155,-34.786,0
1398294484125,41753447145000,171538051000001,-3.013,-3.155,-34.786,0
1398294484135,41753455445000,171538051000001,-3.013,-3.155,-34.786,0
1398294484142,41753466432000,171538051000001,-3.013,-3.155,-34.786,0
1398294484150,41753475465000,171538051000001,-3.013,-3.155,-34.786,0
1398294484161,41753488008000,171538051000001,-3.013,-3.155,-34.786,0
1398294484170,41753496095000,171538051000001,-3.013,-3.155,-34.786,0
1398294484178,41753505769000,171538051000001,-3.013,-3.155,-34.786,0
1398294484192,41753517823000,171538051000001,-3.013,-3.155,-34.786,0
1398294484198,41753525544000,171538051000001,-3.013,-3.155,-34.786,0
1398294484216,41753535585000,171538051000001,-3.013,-3.155,-34.786,0
1398294484221,41753545564000,171538051000001,-3.013,-3.155,-34.786,0
1398294484231,41753555543000,171538051000001,-3.013,-3.155,-34.786,0
1398294484238,41753565583000,171538051000001,-3.013,-3.155,-34.786,0
1398294484247,41753576936000,171538051000001,-3.013,-3.155,-34.786,0
1398294484255,41753585328000,171538051000001,-3.013,-3.155,-34.786,0
1398294484265,41753595338000,171538051000001,-3.013,-3.155,-34.786,0
1398294484276,41753605378000,171538051000001,-3.013,-3.155,-34.786,0
1398294484285,41753615357000,171538051000001,-3.013,-3.155,-34.786,0
1398294484296,41753625398000,171538051000001,-3.013,-3.155,-34.786,0
1398294484305,41753635377000,171538051000001,-3.013,-3.155,-34.786,0
1398294484317,41753645722000,171538051000001,-3.013,-3.155,-34.786,0
1398294484340,41753655549000,171538051000001,-3.013,-3.155,-34.786,0
1398294484344,41753667146000,171538051000001,-3.013,-3.155,-34.786,0
1398294484349,41753675569000,171538051000001,-3.013,-3.155,-34.786,0
1398294484362,41753689546000,171538051000001,-3.013,-3.155,-34.786,0
1398294484367,41753695954000,171538051000001,-3.013,-3.155,-34.786,0
1398294484379,41753706483000,171538051000001,-3.013,-3.155,-34.786,0
1398294484397,41753719422000,171538051000001,-3.013,-3.155,-34.786,0
1398294484399,41753725465000,171538051000001,-3.013,-3.155,-34.786,0
1398294484414,41753737611000,171538051000001,-3.013,-3.155,-34.786,0
1398294484422,41753745484000,171538051000001,-3.013,-3.155,-34.786,0
1398294484435,41753755555000,171538051000001,-3.013,-3.155,-34.786,0
1398294484445,41753765504000,171538051000001,-3.013,-3.469,-34.786,0
1398294484448,41753775544000,171538051000001,-3.013,-3.469,-34.786,0
1398294484456,41753785981000,171538051000001,-3.013,-3.469,-34.786,0
1398294484466,41753795533000,171538051000001,-3.013,-3.469,-34.786,0
1398294484479,41753805574000,171538051000001,-3.013,-3.469,-34.786,0
1398294484491,41753815583000,171538051000001,-3.335,-3.469,-34.786,0
1398294484499,41753825593000,171538051000001,-3.335,-3.469,-34.786,0
1398294484506,41753835633000,171538051000001,-3.335,-3.469,-34.786,0
1398294484518,41753847108000,171538051000001,-3.335,-3.469,-34.786,0
1398294484526,41753855622000,171538051000001,-3.335,-3.469,-34.786,0
1398294484535,41753865571000,171538051000001,-3.335,-3.469,-34.786,0
1398294484546,41753875611000,171538051000001,-3.335,-3.469,-34.786,0
1398294484555,41753885591000,171538051000001,-3.335,-3.469,-34.786,0
1398294484566,41753895661000,171538051000001,-3.639,-3.469,-34.786,0
1398294484576,41753905610000,171538051000001,-3.639,-3.469,-34.786,0
1398294484586,41753915650000,171538051000001,-3.639,-3.469,-34.48,0
1398294484595,41753925630000,171538051000001,-3.639,-3.469,-34.48,0
1398294484611,41753941499000,171538051000001,-3.639,-3.469,-34.48,0
1398294484618,41753948060000,171538051000001,-3.639,-3.469,-34.48,0
1398294484632,41753962037000,171538051000001,-3.639,-3.469,-34.48,0
1398294484638,41753968476000,171538051000001,-3.959,-3.469,-34.48,0
1398294484651,41753980866000,171538051000001,-3.959,-3.469,-34.48,0
1398294484658,41753988313000,171538051000001,-3.959,-3.469,-34.48,0
1398294484671,41754000550000,171538051000001,-3.959,-3.469,-34.48,0
1398294484679,41754008058000,171538051000001,-3.959,-3.469,-34.48,0
1398294484691,41754020509000,171538051000001,-3.959,-3.469,-34.48,0
1398294484700,41754029634000,171538051000001,-4.27,-3.469,-34.48,0
1398294484710,41754039796000,171538051000001,-4.27,-3.469,-34.153,0
1398294484725,41754055024000,171538051000001,-4.27,-3.469,-34.153,0
1398294484727,41754056794000,171538051000001,-4.27,-3.469,-34.153,0
1398294484741,41754070558000,171538051000001,-4.27,-3.469,-34.153,0
1398294484749,41754078584000,171538051000001,-4.27,-3.469,-34.153,0
1398294484761,41754090577000,171538051000001,-4.27,-3.469,-34.153,0
1398294484769,41754098542000,171538051000001,-4.627,-3.794,-34.153,0
1398294484783,41754112763000,171538051000001,-4.627,-3.794,-34.153,0
1398294484788,41754117280000,171538051000001,-4.627,-3.794,-33.853,0
1398294484799,41754129090000,171538051000001,-4.627,-3.794,-33.853,0
1398294484811,41754140534000,171538051000001,-4.951,-3.794,-33.853,0
1398294484819,41754148774000,171538051000001,-4.951,-3.794,-33.853,0
1398294484831,41754160920000,171538051000001,-4.951,-3.794,-33.853,0
1398294484838,41754168397000,171538051000001,-4.951,-3.794,-33.538,0
1398294484849,41754178895000,171538051000001,-4.951,-3.794,-33.538,0
1398294484861,41754190949000,171538051000001,-4.951,-3.794,-33.538,0
1398294484868,41754198426000,171538051000001,-4.951,-3.794,-33.538,0
1398294484882,41754211701000,171538051000001,-5.258,-3.794,-33.538,0
1398294484888,41754217530000,171538051000001,-5.258,-3.794,-33.538,0
1398294484901,41754227387000,171538051000001,-5.258,-3.794,-33.538,0
1398294484912,41754236848000,171538051000001,-5.258,-3.794,-33.538,0
1398294484917,41754247224000,171538051000001,-5.258,-3.794,-33.538,0
1398294484928,41754256013000,171538051000001,-5.258,-3.794,-33.233,0
1398294484953,41754270417000,171538051000001,-5.258,-3.794,-33.233,0
1398294484958,41754276002000,171538051000001,-5.258,-3.794,-33.233,0
1398294484963,41754286012000,171538051000001,-5.258,-3.794,-33.233,0
1398294484967,41754296052000,171538051000001,-5.258,-3.794,-33.233,0
1398294484977,41754306031000,171538051000001,-5.567,-3.794,-33.233,0
1398294484987,41754317506000,171538051000001,-5.567,-3.794,-33.233,0
1398294484997,41754327058000,171538051000001,-5.567,-3.794,-33.233,0
1398294485022,41754336488000,171538051000001,-5.567,-3.794,-33.233,0
1398294485025,41754346070000,171538051000001,-5.567,-3.794,-33.233,0
1398294485028,41754356111000,171538051000001,-5.567,-3.794,-33.233,0
1398294485047,41754368257000,171538051000001,-5.567,-3.794,-33.233,0
1398294485048,41754376191000,171538051000001,-5.567,-3.794,-33.233,0
1398294485069,41754387666000,171538051000001,-5.567,-3.794,-33.233,0
1398294485070,41754396180000,171538051000001,-5.567,-3.794,-33.233,0
1398294485077,41754406129000,171538051000001,-5.567,-3.794,-33.233,0
1398294485086,41754416139000,171538051000001,-5.567,-3.794,-33.233,0
1398294485096,41754426118000,171538051000001,-5.567,-3.794,-33.233,0
1398294485106,41754436158000,171538051000001,-5.567,-3.794,-33.233,0
1398294485116,41754446137000,171538051000001,-5.567,-3.794,-33.233,0
1398294485126,41754456208000,171538051000001,-5.567,-3.794,-33.233,0
1398294485136,41754466157000,171538051000001,-5.567,-3.794,-33.233,0
1398294485146,41754476197000,171538051000001,-5.567,-3.794,-33.233,0
1398294485156,41754486177000,171538051000001,-5.567,-3.794,-33.233,0
1398294485166,41754496217000,171538051000001,-5.567,-3.794,-33.233,0
1398294485176,41754506196000,171538051000001,-5.567,-3.794,-33.233,0
1398294485193,41754522889000,171538051000001,-5.567,-3.794,-33.233,0
1398294485197,41754527284000,171538051000001,-5.567,-3.794,-33.233,0
1398294485212,41754542573000,171538051000001,-5.567,-3.794,-33.233,0
1398294485219,41754549012000,171538051000001,-5.241,-3.794,-33.593,0
1398294485233,41754563020000,171538051000001,-5.241,-3.794,-33.593,0
1398294485239,41754568818000,171538051000001,-5.241,-3.794,-33.593,0
1398294485252,41754582582000,171538051000001,-5.241,-3.794,-33.593,0
1398294485259,41754588990000,171538051000001,-5.241,-3.794,-33.593,0
1398294485273,41754602906000,171538051000001,-5.241,-3.794,-33.593,0
1398294485278,41754608430000,171538051000001,-5.241,-3.794,-33.593,0
1398294485293,41754622773000,171538051000001,-5.241,-3.794,-33.593,0
1398294485297,41754626771000,171538051000001,-5.241,-3.794,-33.593,0
1398294485313,41754642854000,171538051000001,-5.241,-3.794,-33.593,0
1398294485318,41754648377000,171538051000001,-4.934,-3.794,-33.593,0
1398294485333,41754662751000,171538051000001,-4.934,-3.794,-33.593,0
1398294485344,41754674073000,171538051000001,-4.934,-3.794,-33.593,0
1398294485346,41754676393000,171538051000001,-4.934,-3.794,-33.593,0
1398294485363,41754692750000,171538051000001,-4.934,-3.794,-33.593,0
1398294485368,41754697816000,171538051000001,-4.934,-3.794,-33.593,0
1398294485384,41754713502000,171538051000001,-4.934,-3.794,-33.593,0
1398294485387,41754716523000,171538051000001,-4.934,-3.794,-33.593,0
1398294485403,41754732942000,171538051000001,-4.934,-3.794,-33.593,0
1398294485408,41754737855000,171538051000001,-4.934,-3.794,-33.593,0
1398294485422,41754752198000,171538051000001,-4.934,-3.794,-33.593,0
1398294485428,41754757997000,171538051000001,-4.934,-3.794,-33.593,0
1398294485445,41754774476000,171538051000001,-4.934,-3.794,-33.593,0
1398294485448,41754777558000,171538051000001,-4.934,-3.794,-33.593,0
1398294485461,41754790559000,171538051000001,-4.934,-3.794,-33.593,0
1398294485469,41754799043000,171538051000001,-4.934,-4.112,-33.593,0
1398294485483,41754813050000,171538051000001,-4.934,-4.112,-33.593,0
1398294485488,41754817872000,171538051000001,-4.934,-4.112,-33.593,0
1398294485501,41754831391000,171538051000001,-4.934,-4.112,-33.593,0
1398294485509,41754838929000,171538051000001,-4.934,-4.112,-33.593,0
1398294485523,41754853150000,171538051000001,-4.934,-4.112,-33.593,0
1398294485528,41754858277000,171538051000001,-4.934,-4.112,-33.593,0
1398294485543,41754872895000,171538051000001,-4.934,-4.112,-33.593,0
1398294485549,41754878785000,171538051000001,-4.934,-4.112,-33.593,0
1398294485563,41754892762000,171538051000001,-4.934,-4.112,-33.593,0
1398294485567,41754897462000,171538051000001,-4.934,-4.112,-33.593,0
1398294485577,41754906617000,171538051000001,-4.934,-4.112,-33.593,0
1398294485588,41754916627000,171538051000001,-4.934,-4.112,-33.593,0
1398294485599,41754928193000,171538051000001,-4.934,-4.112,-33.593,0
1398294485607,41754936677000,171538051000001,-4.934,-4.112,-33.593,0
1398294485617,41754946656000,171538051000001,-4.588,-4.112,-33.593,0
1398294485627,41754956697000,171538051000001,-4.588,-4.112,-33.593,0
1398294485637,41754966859000,171538051000001,-4.588,-4.112,-33.593,0
1398294485653,41754982698000,171538051000001,-4.588,-4.444,-33.593,0
1398294485657,41754987153000,171538051000001,-4.283,-4.444,-33.593,0
1398294485667,41754996705000,171538051000001,-4.283,-4.444,-33.593,0
1398294485683,41755012757000,171538051000001,-4.283,-4.444,-33.593,0
1398294485689,41755019197000,171538051000001,-4.283,-4.444,-33.905,0
1398294485703,41755032533000,171538051000001,-3.84,-4.444,-33.905,0
1398294485710,41755039002000,171538051000001,-3.84,-4.444,-33.905,0
1398294485722,41755052125000,171538051000001,-3.84,-4.444,-33.905,0
1398294485729,41755059144000,171538051000001,-3.414,-4.782,-33.905,0
1398294485743,41755072755000,171538051000001,-3.414,-4.782,-33.905,0
1398294485748,41755078340000,171538051000001,-3.414,-4.782,-33.905,0
1398294485759,41755089021000,171538051000001,-3.051,-4.782,-33.905,0
1398294485773,41755102754000,171538051000001,-3.051,-4.782,-33.905,0
1398294485781,41755110475000,171538051000001,-3.051,-4.782,-33.905,0
1398294485790,41755120484000,171538051000001,-2.674,-4.782,-34.213,0
1398294485801,41755131257000,171538051000001,-2.674,-4.782,-34.213,0
1398294485809,41755139222000,171538051000001,-2.674,-4.782,-34.213,0
1398294485823,41755152772000,171538051000001,-2.674,-4.782,-34.213,0
1398294485829,41755158540000,171538051000001,-2.328,-4.782,-34.213,0
1398294485843,41755173188000,171538051000001,-2.328,-5.101,-34.213,0
1398294485849,41755179200000,171538051000001,-2.328,-5.101,-34.213,0
1398294485863,41755192750000,171538051000001,-2.328,-5.101,-34.213,0
1398294485872,41755198152000,171538051000001,-1.986,-5.101,-34.213,0
1398294485880,41755210481000,171538051000001,-1.986,-5.101,-34.213,0
1398294485892,41755217378000,171538051000001,-1.986,-5.101,-34.213,0
1398294485898,41755228242000,171538051000001,-1.986,-5.101,-34.213,0
1398294485909,41755236939000,171538051000001,-1.986,-5.101,-34.213,0
1398294485932,41755251466000,171538051000001,-1.986,-5.101,-34.213,0
1398294485938,41755256928000,171538051000001,-1.986,-5.101,-34.213,0
1398294485944,41755266999000,171538051000001,-1.986,-5.101,-34.213,0
1398294485965,41755283143000,171538051000001,-1.986,-5.101,-34.213,0
1398294485967,41755288758000,171538051000001,-1.986,-5.101,-34.213,0
1398294485968,41755297029000,171538051000001,-1.986,-5.101,-34.213,0
1398294485977,41755307038000,171538051000001,-1.986,-5.101,-34.213,0
1398294485992,41755318055000,171538051000001,-1.986,-5.101,-34.213,0
1398294486005,41755327088000,171538051000001,-1.986,-5.101,-34.213,0
1398294486007,41755337037000,171538051000001,-1.986,-5.101,-34.213,0
1398294486017,41755347047000,171538051000001,-1.986,-5.101,-34.213,0
1398294486027,41755357026000,171538051000001,-1.986,-4.759,-34.213,0
1398294486037,41755367066000,171538051000001,-1.986,-4.759,-34.213,0
1398294486047,41755377046000,171538051000001,-1.986,-4.759,-34.213,0
1398294486057,41755387086000,171538051000001,-1.986,-4.759,-34.213,0
1398294486067,41755397065000,171538051000001,-1.986,-4.759,-34.213,0
1398294486077,41755407106000,171538051000001,-1.986,-4.457,-34.213,0
1398294486087,41755417085000,171538051000001,-1.986,-4.457,-34.213,0
1398294486103,41755432923000,171538051000001,-1.986,-4.457,-34.213,0
1398294486108,41755438233000,171538051000001,-1.986,-4.457,-34.213,0
1398294486119,41755448274000,171538051000001,-1.986,-4.457,-34.213,0
1398294486127,41755457093000,171538051000001,-2.316,-4.457,-34.213,0
1398294486139,41755469117000,171538051000001,-2.316,-4.151,-34.213,0
1398294486148,41755477632000,171538051000001,-2.316,-4.151,-34.213,0
1398294486157,41755487153000,171538051000001,-2.316,-4.151,-34.213,0
1398294486168,41755497590000,171538051000001,-2.316,-4.151,-34.213,0
1398294486177,41755507173000,171538051000001,-2.316,-4.151,-34.213,0
1398294486188,41755517213000,171538051000001,-2.316,-4.151,-34.213,0
1398294486197,41755527192000,171538051000001,-2.642,-4.151,-34.213,0
1398294486207,41755537171000,171538051000001,-2.642,-4.151,-34.213,0
1398294486220,41755548188000,171538051000001,-2.642,-4.151,-34.213,0
1398294486230,41755559907000,171538051000001,-2.642,-4.151,-34.213,0
1398294486241,41755567262000,171538051000001,-2.642,-4.151,-34.213,0
1398294486252,41755582032000,171538051000001,-3.018,-4.151,-34.213,0
1398294486266,41755587220000,171538051000001,-3.018,-4.151,-34.213,0
1398294486268,41755597230000,171538051000001,-3.018,-4.151,-34.213,0
1398294486281,41755607301000,171538051000001,-3.018,-4.151,-34.213,0
1398294486288,41755617280000,171538051000001,-3.363,-4.151,-34.213,0
1398294486298,41755627931000,171538051000001,-3.363,-4.151,-34.213,0
1398294486307,41755637269000,171538051000001,-3.363,-4.151,-34.213,0
1398294486322,41755648927000,171538051000001,-3.363,-4.151,-34.213,0
1398294486327,41755657289000,171538051000001,-3.363,-4.151,-34.213,0
1398294486337,41755667298000,171538051000001,-3.695,-4.151,-34.213,0
1398294486347,41755677278000,171538051000001,-3.695,-4.151,-34.213,0
1398294486357,41755687318000,171538051000001,-3.695,-4.47,-34.213,0
1398294486368,41755697297000,171538051000001,-3.695,-4.47,-34.213,0
1398294486378,41755707337000,171538051000001,-3.997,-4.47,-34.213,0
1398294486387,41755717317000,171538051000001,-3.997,-4.47,-34.213,0
1398294486397,41755727357000,171538051000001,-3.997,-4.47,-34.213,0
1398294486407,41755737336000,171538051000001,-3.997,-4.47,-34.213,0
1398294486417,41755747346000,171538051000001,-3.997,-4.47,-34.213,0
1398294486427,41755757325000,171538051000001,-4.316,-4.47,-34.213,0
1398294486439,41755767427000,171538051000001,-4.316,-4.47,-33.898,0
1398294486447,41755777375000,171538051000001,-4.316,-4.47,-33.898,0
1398294486458,41755787843000,171538051000001,-4.316,-4.47,-33.898,0
1398294486467,41755797395000,171538051000001,-4.632,-4.47,-33.898,0
1398294486477,41755807435000,171538051000001,-4.632,-4.47,-33.898,0
1398294486487,41755817384000,171538051000001,-4.632,-4.47,-33.898,0
1398294486499,41755828981000,171538051000001,-4.632,-4.47,-33.898,0
1398294486508,41755837464000,171538051000001,-4.632,-4.47,-33.898,0
1398294486518,41755847474000,171538051000001,-4.632,-4.47,-33.898,0
1398294486528,41755857453000,171538051000001,-4.632,-4.47,-33.898,0
1398294486537,41755867494000,171538051000001,-4.632,-4.47,-33.898,0
1398294486547,41755877442000,171538051000001,-4.632,-4.47,-33.898,0
1398294486557,41755887483000,171538051000001,-4.632,-4.47,-33.898,0
1398294486572,41755901429000,171538051000001,-4.632,-4.47,-33.898,0
1398294486578,41755907502000,171538051000001,-4.632,-4.47,-33.898,0
1398294486587,41755917512000,171538051000001,-4.632,-4.47,-33.898,0
1398294486599,41755927552000,171538051000001,-4.632,-4.47,-33.898,0
1398294486619,41755937532000,171538051000001,-4.632,-4.47,-33.898,0
1398294486621,41755947694000,171538051000001,-4.632,-4.47,-33.898,0
1398294486627,41755957551000,171538051000001,-4.632,-4.47,-33.898,0
1398294486638,41755967591000,171538051000001,-4.632,-4.47,-33.898,0
1398294486648,41755977632000,171538051000001,-4.632,-4.47,-33.898,0
1398294486658,41755987641000,171538051000001,-4.632,-4.47,-33.898,0
1398294486668,41755997621000,171538051000001,-4.632,-4.47,-33.898,0
1398294486679,41756009187000,171538051000001,-4.632,-4.47,-33.898,0
1398294486688,41756017640000,171538051000001,-4.632,-4.47,-33.898,0
1398294486698,41756027650000,171538051000001,-4.632,-4.47,-33.898,0
1398294486708,41756037629000,171538051000001,-4.632,-4.47,-33.898,0
1398294486717,41756047669000,171538051000001,-4.632,-4.47,-33.898,0
1398294486728,41756057649000,171538051000001,-4.632,-4.47,-33.898,0
1398294486740,41756067720000,171538051000001,-4.632,-4.47,-33.898,0
1398294486747,41756077668000,171538051000001,-4.632,-4.47,-33.898,0
1398294486758,41756087709000,171538051000001,-4.632,-4.47,-33.898,0
1398294486768,41756097657000,171538051000001,-4.632,-4.47,-33.898,0
1398294486779,41756107698000,171538051000001,-4.632,-4.47,-33.898,0
1398294486788,41756117738000,171538051000001,-4.98,-4.47,-33.898,0
1398294486798,41756127717000,171538051000001,-4.98,-4.47,-33.898,0
1398294486808,41756137696000,171538051000001,-4.98,-4.47,-33.898,0
1398294486818,41756147737000,171538051000001,-4.98,-4.47,-33.898,0
1398294486828,41756157716000,171538051000001,-4.98,-4.47,-33.898,0
1398294486838,41756167787000,171538051000001,-4.98,-4.47,-33.898,0
1398294486848,41756177735000,171538051000001,-4.98,-4.47,-33.898,0
1398294486860,41756189363000,171538051000001,-4.98,-4.47,-33.898,0
1398294486873,41756197816000,171538051000001,-4.98,-4.47,-33.898,0
1398294486878,41756207826000,171538051000001,-4.98,-4.47,-33.898,0
1398294486888,41756217866000,171538051000001,-4.98,-4.47,-33.898,0
1398294486898,41756227845000,171538051000001,-4.98,-4.47,-33.898,0
1398294486908,41756237886000,171538051000001,-4.98,-4.795,-33.898,0
1398294486918,41756247895000,171538051000001,-4.98,-4.795,-33.898,0
1398294486928,41756257875000,171538051000001,-4.98,-4.795,-33.898,0
1398294486938,41756267945000,171538051000001,-4.652,-4.795,-33.898,0
1398294486949,41756277925000,171538051000001,-4.652,-4.795,-33.898,0
1398294486958,41756287934000,171538051000001,-4.652,-4.795,-33.898,0
1398294486970,41756297914000,171538051000001,-4.652,-4.795,-33.898,0
1398294486979,41756307954000,171538051000001,-4.652,-4.795,-33.898,0
1398294486988,41756317933000,171538051000001,-4.287,-4.795,-33.898,0
1398294486998,41756327943000,171538051000001,-4.287,-4.795,-33.898,0
1398294487008,41756337983000,171538051000001,-4.287,-4.795,-34.237,0
1398294487018,41756347962000,171538051000001,-4.287,-4.795,-34.237,0
1398294487029,41756358003000,171538051000001,-3.955,-4.795,-34.237,0
1398294487045,41756369599000,171538051000001,-3.955,-4.795,-34.237,0
1398294487048,41756378053000,171538051000001,-3.955,-4.795,-34.237,0
1398294487058,41756388063000,171538051000001,-3.955,-4.795,-34.237,0
1398294487070,41756398011000,171538051000001,-3.955,-4.795,-34.237,0
1398294487079,41756408082000,171538051000001,-3.955,-4.795,-34.237,0
1398294487091,41756418061000,171538051000001,-3.955,-4.795,-34.237,0
1398294487098,41756428071000,171538051000001,-3.955,-4.795,-34.237,0
1398294487108,41756438081000,171538051000001,-3.955,-4.795,-34.237,0
1398294487118,41756448091000,171538051000001,-3.955,-4.795,-34.237,0
1398294487128,41756458070000,171538051000001,-3.955,-4.795,-34.237,0
1398294487138,41756468110000,171538051000001,-3.955,-4.795,-34.237,0
1398294487148,41756478059000,171538051000001,-3.955,-4.795,-34.237,0
1398294487158,41756488130000,171538051000001,-3.955,-4.795,-34.237,0
1398294487168,41756498109000,171538051000001,-3.955,-4.795,-34.237,0
1398294487178,41756508149000,171538051000001,-3.955,-4.795,-34.237,0
1398294487188,41756518067000,171538051000001,-3.955,-4.795,-34.237,0
1398294487198,41756528108000,171538051000001,-3.955,-4.795,-34.237,0
1398294487208,41756538087000,171538051000001,-3.955,-4.795,-34.237,0
1398294487220,41756549684000,171538051000001,-3.955,-4.795,-34.237,0
1398294487228,41756558168000,171538051000001,-3.955,-4.795,-34.237,0
1398294487238,41756568147000,171538051000001,-3.955,-4.795,-34.237,0
1398294487248,41756578126000,171538051000001,-3.955,-4.795,-34.237,0
1398294487258,41756588166000,171538051000001,-3.955,-4.795,-34.237,0
1398294487268,41756598176000,171538051000001,-3.955,-4.795,-34.237,0
1398294487278,41756608186000,171538051000001,-3.955,-4.795,-34.237,0
1398294487288,41756618196000,171538051000001,-3.955,-4.795,-34.237,0
1398294487298,41756628236000,171538051000001,-3.955,-4.795,-34.237,0
1398294487308,41756638215000,171538051000001,-3.955,-4.795,-33.905,0
1398294487318,41756648255000,171538051000001,-3.955,-4.795,-33.905,0
1398294487328,41756658235000,171538051000001,-3.955,-4.795,-33.905,0
1398294487338,41756668275000,171538051000001,-3.955,-4.795,-33.905,0
1398294487348,41756678254000,171538051000001,-3.955,-4.795,-33.905,0
1398294487358,41756688294000,171538051000001,-3.955,-4.795,-33.905,0
1398294487368,41756698274000,171538051000001,-4.261,-4.795,-33.905,0
1398294487378,41756708314000,171538051000001,-4.261,-4.795,-33.589,0
1398294487388,41756718476000,171538051000001,-4.261,-4.795,-33.589,0
1398294487401,41756729859000,171538051000001,-4.261,-4.795,-33.589,0
1398294487408,41756738343000,171538051000001,-4.261,-5.107,-33.589,0
1398294487418,41756748353000,171538051000001,-4.261,-5.107,-33.589,0
1398294487428,41756758332000,171538051000001,-4.261,-5.107,-33.589,0
1398294487439,41756768373000,171538051000001,-4.261,-5.107,-33.589,0
1398294487448,41756778321000,171538051000001,-4.562,-5.107,-33.589,0
1398294487458,41756788392000,171538051000001,-4.562,-5.107,-33.589,0
1398294487470,41756798371000,171538051000001,-4.562,-5.107,-33.589,0
1398294487478,41756808381000,171538051000001,-4.562,-5.107,-33.224,0
1398294487498,41756823091000,171538051000001,-4.562,-5.451,-33.224,0
1398294487500,41756828431000,171538051000001,-4.562,-5.451,-33.224,0
1398294487508,41756838380000,171538051000001,-4.562,-5.451,-33.224,0
1398294487519,41756848420000,171538051000001,-4.562,-5.451,-33.224,0
1398294487530,41756858460000,171538051000001,-4.896,-5.451,-33.224,0
1398294487539,41756868959000,171538051000001,-4.896,-5.451,-33.224,0
1398294487548,41756878419000,171538051000001,-4.896,-5.451,-33.224,0
1398294487559,41756888490000,171538051000001,-4.896,-5.451,-33.224,0
1398294487568,41756898469000,171538051000001,-4.896,-5.451,-33.224,0
1398294487581,41756910096000,171538051000001,-4.896,-5.451,-33.224,0
1398294487588,41756918519000,171538051000001,-4.896,-5.451,-33.224,0
1398294487598,41756928498000,171538051000001,-4.896,-5.451,-33.224,0
1398294487608,41756938478000,171538051000001,-4.896,-5.451,-33.224,0
1398294487618,41756948518000,171538051000001,-4.896,-5.451,-33.224,0
1398294487628,41756958497000,171538051000001,-4.896,-5.451,-33.224,0
1398294487638,41756968537000,171538051000001,-4.896,-5.451,-33.224,0
1398294487651,41756978547000,171538051000001,-4.896,-5.451,-33.224,0
1398294487658,41756988587000,171538051000001,-4.896,-5.451,-33.224,0
1398294487670,41756998567000,171538051000001,-4.896,-5.451,-33.224,0
1398294487678,41757008607000,171538051000001,-4.896,-5.451,-33.224,0
1398294487688,41757018556000,171538051000001,-4.896,-5.451,-33.224,0
1398294487698,41757028596000,171538051000001,-4.896,-5.451,-33.224,0
1398294487708,41757038575000,171538051000001,-4.896,-5.451,-33.224,0
1398294487718,41757048616000,171538051000001,-4.896,-5.451,-33.224,0
1398294487728,41757058595000,171538051000001,-4.896,-5.451,-33.224,0
1398294487739,41757068635000,171538051000001,-4.896,-5.451,-33.541,0
1398294487749,41757078614000,171538051000001,-4.896,-5.451,-33.541,0
1398294487760,41757090211000,171538051000001,-4.896,-5.072,-33.541,0
1398294487768,41757098664000,171538051000001,-4.896,-5.072,-33.541,0
1398294487779,41757108674000,171538051000001,-4.896,-5.072,-33.541,0
1398294487789,41757118714000,171538051000001,-4.896,-5.072,-33.541,0
1398294487799,41757128724000,171538051000001,-4.896,-5.072,-33.541,0
1398294487809,41757138703000,171538051000001,-4.896,-4.675,-33.541,0
1398294487819,41757148744000,171538051000001,-4.896,-4.675,-33.862,0
1398294487829,41757158876000,171538051000001,-4.896,-4.675,-33.862,0
1398294487839,41757168733000,171538051000001,-4.896,-4.675,-33.862,0
1398294487854,41757178712000,171538051000001,-4.896,-4.675,-33.862,0
1398294487860,41757188752000,171538051000001,-4.896,-4.313,-33.862,0
1398294487877,41757198762000,171538051000001,-4.896,-4.313,-33.862,0
1398294487881,41757208772000,171538051000001,-4.896,-4.313,-33.862,0
1398294487889,41757218782000,171538051000001,-4.896,-4.313,-33.862,0
1398294487900,41757228791000,171538051000001,-4.896,-4.313,-33.862,0
1398294487909,41757238771000,171538051000001,-4.896,-4.313,-33.862,0
1398294487919,41757248811000,171538051000001,-4.896,-4.313,-33.862,0
1398294487929,41757258790000,171538051000001,-4.896,-4.313,-33.862,0
1398294487940,41757270387000,171538051000001,-4.896,-4.313,-33.862,0
1398294487949,41757278871000,171538051000001,-4.896,-4.313,-33.862,0
1398294487959,41757288880000,171538051000001,-4.896,-4.313,-33.862,0
1398294487970,41757299043000,171538051000001,-4.896,-4.313,-33.862,0
1398294487979,41757308900000,171538051000001,-4.896,-4.313,-33.862,0
1398294487989,41757318849000,171538051000001,-4.896,-4.313,-33.862,0
1398294487999,41757328889000,171538051000001,-4.563,-4.313,-33.862,0
1398294488009,41757338868000,171538051000001,-4.563,-4.313,-33.862,0
1398294488019,41757348908000,171538051000001,-4.563,-4.313,-33.862,0
1398294488029,41757358888000,171538051000001,-4.563,-4.313,-33.862,0
1398294488039,41757368928000,171538051000001,-4.563,-4.313,-33.862,0
1398294488049,41757378907000,171538051000001,-4.563,-4.313,-33.862,0
1398294488059,41757388948000,171538051000001,-4.563,-4.313,-33.862,0
1398294488069,41757398927000,171538051000001,-4.563,-4.313,-33.862,0
1398294488079,41757408967000,171538051000001,-4.563,-4.013,-33.862,0
1398294488089,41757418946000,171538051000001,-4.563,-4.013,-33.862,0
1398294488104,41757433900000,171538051000001,-4.563,-4.013,-33.862,0
1398294488109,41757438905000,171538051000001,-4.563,-4.013,-33.862,0
1398294488124,41757450563000,171538051000001,-4.563,-4.013,-33.862,0
1398294488129,41757459046000,171538051000001,-4.563,-4.013,-33.862,0
1398294488141,41757469056000,171538051000001,-4.563,-4.013,-33.862,0
1398294488150,41757479035000,171538051000001,-4.911,-4.013,-33.862,0
1398294488159,41757489045000,171538051000001,-4.911,-4.013,-33.862,0
1398294488169,41757499024000,171538051000001,-4.911,-4.013,-33.862,0
1398294488179,41757509065000,171538051000001,-4.911,-4.013,-33.862,0
1398294488189,41757519074000,171538051000001,-4.911,-4.013,-33.862,0
1398294488201,41757529084000,171538051000001,-4.911,-4.013,-33.862,0
1398294488209,41757539094000,171538051000001,-4.911,-4.013,-33.862,0
1398294488220,41757549104000,171538051000001,-4.911,-4.013,-33.862,0
1398294488229,41757559144000,171538051000001,-4.911,-4.013,-33.862,0
1398294488239,41757569123000,171538051000001,-4.911,-4.013,-33.862,0
1398294488249,41757579103000,171538051000001,-4.911,-4.013,-33.862,0
1398294488259,41757589143000,171538051000001,-4.911,-4.013,-33.862,0
1398294488269,41757599305000,171538051000001,-4.911,-4.013,-33.862,0
1398294488279,41757609162000,171538051000001,-4.911,-4.013,-33.862,0
1398294488289,41757619142000,171538051000001,-4.911,-4.013,-33.862,0
1398294488301,41757630769000,171538051000001,-4.606,-4.013,-33.862,0
1398294488309,41757639192000,171538051000001,-4.606,-4.013,-33.862,0
1398294488319,41757649201000,171538051000001,-4.606,-4.013,-33.862,0
1398294488329,41757659181000,171538051000001,-4.606,-4.013,-33.862,0
1398294488339,41757669221000,171538051000001,-4.606,-4.013,-33.862,0
1398294488349,41757679200000,171538051000001,-4.606,-4.013,-33.862,0
1398294488359,41757689241000,171538051000001,-4.606,-4.013,-33.862,0
1398294488369,41757699220000,171538051000001,-4.606,-4.013,-33.862,0
1398294488379,41757709260000,171538051000001,-4.606,-4.013,-33.862,0
1398294488389,41757719239000,171538051000001,-4.606,-4.013,-33.862,0
1398294488399,41757729280000,171538051000001,-4.606,-4.331,-33.862,0
1398294488414,41757744355000,171538051000001,-4.606,-4.331,-33.862,0
1398294488420,41757749299000,171538051000001,-4.606,-4.331,-33.862,0
1398294488430,41757759309000,171538051000001,-4.606,-4.331,-33.862,0
1398294488440,41757769349000,171538051000001,-4.606,-4.331,-33.862,0
1398294488450,41757779328000,171538051000001,-4.606,-4.331,-33.862,0
1398294488460,41757789338000,171538051000001,-4.606,-4.331,-33.862,0
1398294488470,41757799348000,171538051000001,-4.606,-4.331,-33.862,0
1398294488481,41757810914000,171538051000001,-4.241,-4.331,-33.862,0
1398294488490,41757819398000,171538051000001,-4.241,-4.331,-33.862,0
1398294488499,41757829408000,171538051000001,-4.241,-4.331,-33.862,0
1398294488509,41757839356000,171538051000001,-3.883,-4.331,-33.862,0
1398294488520,41757849427000,171538051000001,-3.883,-4.66,-33.862,0
1398294488530,41757859376000,171538051000001,-3.564,-4.66,-33.862,0
1398294488539,41757869447000,171538051000001,-3.564,-4.66,-33.862,0
1398294488549,41757879396000,171538051000001,-3.189,-4.66,-33.862,0
1398294488560,41757889436000,171538051000001,-3.189,-4.66,-33.862,0
1398294488569,41757899446000,171538051000001,-2.85,-4.66,-33.862,0
1398294488581,41757909486000,171538051000001,-2.85,-4.66,-33.862,0
1398294488589,41757919435000,171538051000001,-2.526,-4.66,-34.182,0
1398294488600,41757929475000,171538051000001,-2.526,-4.66,-34.182,0
1398294488609,41757939424000,171538051000001,-2.526,-4.66,-34.182,0
1398294488620,41757949494000,171538051000001,-2.151,-4.66,-34.182,0
1398294488632,41757959474000,171538051000001,-2.151,-4.66,-34.182,0
1398294488640,41757969514000,171538051000001,-2.151,-4.66,-34.182,0
1398294488650,41757979524000,171538051000001,-1.824,-4.66,-34.182,0
1398294488661,41757991059000,171538051000001,-1.824,-4.66,-34.182,0
1398294488670,41757999543000,171538051000001,-1.824,-4.66,-34.182,0
1398294488681,41758009553000,171538051000001,-1.509,-4.66,-34.182,0
1398294488690,41758019563000,171538051000001,-1.509,-4.66,-34.182,0
1398294488711,41758029603000,171538051000001,-1.509,-4.66,-34.495,0
1398294488713,41758039949000,171538051000001,-1.509,-4.66,-34.495,0
1398294488720,41758049592000,171538051000001,-1.509,-4.66,-34.495,0
1398294488730,41758059571000,171538051000001,-1.509,-4.66,-34.495,0
1398294488740,41758069612000,171538051000001,-1.509,-4.66,-34.495,0
1398294488750,41758079560000,171538051000001,-1.509,-4.66,-34.495,0
1398294488760,41758089631000,171538051000001,-1.509,-4.66,-34.495,0
1398294488770,41758099610000,171538051000001,-1.509,-4.66,-34.495,0
1398294488780,41758109651000,171538051000001,-1.509,-4.66,-34.495,0
1398294488789,41758119630000,171538051000001,-1.509,-4.66,-34.495,0
1398294488800,41758129670000,171538051000001,-1.885,-4.66,-34.495,0
1398294488811,41758139649000,171538051000001,-1.885,-4.353,-34.495,0
1398294488820,41758149659000,171538051000001,-1.885,-4.353,-34.495,0
1398294488830,41758159669000,171538051000001,-1.885,-4.353,-34.495,0
1398294488841,41758171235000,171538051000001,-2.2,-4.353,-34.495,0
1398294488850,41758179719000,171538051000001,-2.2,-4.048,-34.495,0
1398294488860,41758189759000,171538051000001,-2.2,-4.048,-34.495,0
1398294488873,41758199739000,171538051000001,-2.503,-4.048,-34.495,0
1398294488880,41758209748000,171538051000001,-2.503,-4.048,-34.495,0
1398294488890,41758219728000,171538051000001,-2.503,-4.048,-34.495,0
1398294488900,41758229768000,171538051000001,-2.503,-4.048,-34.495,0
1398294488910,41758239747000,171538051000001,-2.857,-3.746,-34.495,0
1398294488920,41758249757000,171538051000001,-2.857,-3.746,-34.495,0
1398294488930,41758259797000,171538051000001,-2.857,-3.746,-34.495,0
1398294488940,41758269807000,171538051000001,-2.857,-3.746,-34.495,0
1398294488950,41758279817000,171538051000001,-2.857,-3.746,-34.495,0
1398294488963,41758289796000,171538051000001,-2.857,-3.746,-34.495,0
1398294488970,41758299867000,171538051000001,-2.857,-3.746,-34.495,0
1398294488980,41758309815000,171538051000001,-2.857,-3.746,-34.495,0
1398294488990,41758319886000,171538051000001,-2.857,-3.746,-34.495,0
1398294489000,41758329835000,171538051000001,-2.857,-3.746,-34.495,0
1398294489010,41758339875000,171538051000001,-2.857,-3.746,-34.495,0
1398294489022,41758351411000,171538051000001,-2.857,-3.746,-34.495,0
1398294489034,41758363679000,171538051000001,-2.857,-3.746,-34.837,0
1398294489040,41758369905000,171538051000001,-2.857,-3.746,-34.837,0
1398294489050,41758379975000,171538051000001,-2.857,-3.746,-34.837,0
1398294489064,41758389924000,171538051000001,-2.857,-3.746,-34.837,0
1398294489071,41758399964000,171538051000001,-2.857,-3.746,-34.837,0
1398294489080,41758409944000,171538051000001,-2.857,-3.746,-34.837,0
1398294489090,41758419984000,171538051000001,-2.857,-3.746,-34.837,0
1398294489100,41758429963000,171538051000001,-2.857,-3.746,-34.837,0
1398294489110,41758439973000,171538051000001,-2.857,-3.746,-34.837,0
1398294489120,41758449983000,171538051000001,-2.857,-3.746,-34.837,0
1398294489131,41758459992000,171538051000001,-2.857,-3.746,-34.837,0
1398294489140,41758470002000,171538051000001,-2.857,-3.746,-34.837,0
1398294489150,41758480012000,171538051000001,-2.857,-3.746,-34.837,0
1398294489160,41758490022000,171538051000001,-2.857,-3.746,-34.837,0
1398294489170,41758500032000,171538051000001,-2.857,-3.746,-34.837,0
1398294489180,41758510041000,171538051000001,-2.857,-3.746,-34.837,0
1398294489190,41758520051000,171538051000001,-2.857,-3.746,-34.837,0
1398294489202,41758531587000,171538051000001,-2.857,-3.746,-34.837,0
1398294489210,41758540132000,171538051000001,-2.857,-3.746,-34.837,0
1398294489220,41758550080000,171538051000001,-2.857,-3.746,-34.837,0
1398294489230,41758560090000,171538051000001,-2.857,-3.746,-34.837,0
1398294489240,41758570100000,171538051000001,-2.857,-3.746,-34.837,0
1398294489250,41758580110000,171538051000001,-2.857,-3.746,-34.837,0
1398294489261,41758590119000,171538051000001,-2.857,-3.746,-34.837,0
1398294489270,41758600190000,171538051000001,-2.857,-3.746,-34.837,0
1398294489280,41758610108000,171538051000001,-2.857,-3.746,-34.837,0
1398294489290,41758620149000,171538051000001,-2.857,-3.746,-34.837,0
1398294489300,41758630158000,171538051000001,-2.857,-3.746,-34.837,0
1398294489311,41758640168000,171538051000001,-2.857,-3.746,-34.837,0
1398294489320,41758650239000,171538051000001,-2.857,-3.746,-34.837,0
1398294489342,41758660249000,171538051000001,-2.857,-3.746,-34.837,0
1398294489344,41758671144000,171538051000001,-2.857,-3.746,-34.509,0
1398294489350,41758680238000,171538051000001,-2.857,-3.746,-34.509,0
1398294489360,41758690187000,171538051000001,-2.857,-3.746,-34.509,0
1398294489370,41758700227000,171538051000001,-2.857,-3.746,-34.509,0
1398294489382,41758711762000,171538051000001,-2.857,-3.746,-34.509,0
1398294489390,41758720277000,171538051000001,-2.857,-3.746,-34.509,0
1398294489401,41758730226000,171538051000001,-2.857,-3.746,-34.509,0
1398294489410,41758740266000,171538051000001,-3.196,-3.746,-34.509,0
1398294489420,41758750276000,171538051000001,-3.196,-3.746,-34.509,0
1398294489430,41758760285000,171538051000001,-3.196,-3.746,-34.509,0
1398294489440,41758770265000,171538051000001,-3.196,-3.746,-34.509,0
1398294489450,41758780305000,171538051000001,-3.196,-3.746,-34.509,0
1398294489460,41758790284000,171538051000001,-3.196,-3.746,-34.509,0
1398294489471,41758800386000,171538051000001,-3.196,-3.746,-34.509,0
1398294489482,41758810334000,171538051000001,-3.196,-3.746,-34.509,0
1398294489490,41758820344000,171538051000001,-3.196,-3.746,-34.509,0
1398294489500,41758830354000,171538051000001,-3.196,-3.746,-34.509,0
1398294489511,41758840364000,171538051000001,-3.196,-3.746,-34.509,0
1398294489520,41758850343000,171538051000001,-3.196,-3.746,-34.509,0
1398294489530,41758860414000,171538051000001,-3.196,-3.746,-34.509,0
1398294489540,41758870362000,171538051000001,-3.196,-3.746,-34.509,0
1398294489551,41758880433000,171538051000001,-3.196,-3.746,-34.509,0
1398294489562,41758891938000,171538051000001,-3.526,-3.746,-34.509,0
1398294489570,41758900483000,171538051000001,-3.526,-3.746,-34.509,0
1398294489580,41758910523000,171538051000001,-3.526,-3.746,-34.509,0
1398294489590,41758920442000,171538051000001,-3.526,-3.746,-34.509,0
1398294489600,41758930421000,171538051000001,-3.526,-3.746,-34.509,0
1398294489610,41758940461000,171538051000001,-3.526,-3.746,-34.509,0
1398294489620,41758950471000,171538051000001,-3.526,-3.746,-34.509,0
1398294489630,41758960511000,171538051000001,-3.526,-3.746,-34.509,0
1398294489645,41758975038000,171538051000001,-3.526,-3.746,-34.509,0
1398294489651,41758980531000,171538051000001,-3.526,-3.746,-34.509,0
1398294489660,41758990510000,171538051000001,-3.526,-3.746,-34.509,0
1398294489671,41759000520000,171538051000001,-3.526,-3.746,-34.509,0
1398294489684,41759010530000,171538051000001,-3.526,-3.746,-34.509,0
1398294489691,41759020539000,171538051000001,-3.526,-3.746,-34.509,0
1398294489701,41759030519000,171538051000001,-3.526,-3.746,-34.509,0
1398294489713,41759040559000,171538051000001,-3.526,-3.746,-34.509,0
1398294489722,41759050569000,171538051000001,-3.526,-3.746,-34.509,0
1398294489731,41759060609000,171538051000001,-3.526,-3.746,-34.509,0
1398294489742,41759072114000,171538051000001,-3.526,-3.746,-34.509,0
1398294489751,41759080628000,171538051000001,-3.526,-3.746,-34.509,0
1398294489760,41759090577000,171538051000001,-3.526,-3.746,-34.509,0
1398294489770,41759100617000,171538051000001,-3.526,-3.746,-34.509,0
1398294489781,41759110749000,171538051000001,-3.526,-3.746,-34.509,0
1398294489790,41759120637000,171538051000001,-3.526,-3.746,-34.509,0
1398294489801,41759130647000,171538051000001,-3.526,-3.746,-34.509,0
1398294489810,41759140657000,171538051000001,-3.526,-3.746,-34.509,0
1398294489820,41759150636000,171538051000001,-3.526,-3.746,-34.509,0
1398294489831,41759160676000,171538051000001,-3.526,-3.746,-34.509,0
1398294489840,41759170655000,171538051000001,-3.526,-3.746,-34.509,0
1398294489850,41759180665000,171538051000001,-3.526,-3.746,-34.509,0
1398294489860,41759190675000,171538051000001,-3.526,-3.746,-34.509,0
1398294489871,41759200715000,171538051000001,-3.526,-3.746,-34.509,0
1398294489881,41759210725000,171538051000001,-3.526,-3.746,-34.509,0
1398294489891,41759220735000,171538051000001,-3.526,-3.746,-34.509,0
1398294489901,41759230744000,171538051000001,-3.526,-3.746,-34.509,0
1398294489911,41759240754000,171538051000001,-3.526,-3.746,-34.509,0
1398294489922,41759252320000,171538051000001,-3.526,-3.746,-34.509,0
1398294489931,41759260774000,171538051000001,-3.526,-3.746,-34.509,0
1398294489941,41759270783000,171538051000001,-3.218,-3.746,-34.509,0
1398294489953,41759282777000,171538051000001,-3.218,-3.746,-34.509,0
1398294489961,41759290803000,171538051000001,-3.218,-3.746,-34.509,0
1398294489971,41759300813000,171538051000001,-3.218,-3.746,-34.509,0
1398294489981,41759310884000,171538051000001,-3.218,-3.746,-34.509,0
1398294489996,41759320893000,171538051000001,-3.218,-3.746,-34.509,0
1398294490001,41759330842000,171538051000001,-3.546,-3.746,-34.509,0
1398294490011,41759340852000,171538051000001,-3.546,-3.746,-34.509,0
1398294490021,41759350831000,171538051000001,-3.546,-3.746,-34.509,0
1398294490031,41759360871000,171538051000001,-3.546,-3.746,-34.509,0
1398294490041,41759371034000,171538051000001,-3.848,-3.746,-34.509,0
1398294490051,41759380891000,171538051000001,-3.848,-3.746,-34.509,0
1398294490061,41759390901000,171538051000001,-3.848,-3.746,-34.509,0
1398294490071,41759400910000,171538051000001,-3.848,-3.746,-34.509,0
1398294490081,41759410920000,171538051000001,-3.848,-3.746,-34.509,0
1398294490091,41759420930000,171538051000001,-3.848,-3.746,-34.509,0
1398294490102,41759432466000,171538051000001,-3.848,-3.746,-34.509,0
1398294490111,41759441011000,171538051000001,-3.848,-3.746,-34.509,0
1398294490121,41759450959000,171538051000001,-3.848,-3.746,-34.509,0
1398294490131,41759460969000,171538051000001,-3.848,-3.746,-34.509,0
1398294490141,41759470948000,171538051000001,-3.848,-3.746,-34.509,0
1398294490151,41759480989000,171538051000001,-3.848,-3.746,-34.509,0
1398294490161,41759490998000,171538051000001,-3.848,-3.746,-34.509,0
1398294490171,41759501008000,171538051000001,-3.848,-3.746,-34.509,0
1398294490181,41759511018000,171538051000001,-3.848,-3.746,-34.509,0
1398294490191,41759521028000,171538051000001,-3.848,-3.746,-34.509,0
1398294490201,41759531037000,171538051000001,-3.848,-3.746,-34.509,0
1398294490211,41759541047000,171538051000001,-3.848,-3.746,-34.509,0
1398294490221,41759551026000,171538051000001,-3.848,-3.746,-34.509,0
1398294490231,41759561067000,171538051000001,-3.848,-3.746,-34.509,0
1398294490242,41759571046000,171538051000001,-3.546,-3.746,-34.509,0
1398294490251,41759581086000,171538051000001,-3.546,-3.746,-34.509,0
1398294490265,41759594270000,171538051000001,-3.546,-3.746,-34.509,0
1398294490272,41759601106000,171538051000001,-3.546,-3.746,-34.509,0
1398294490283,41759612641000,171538051000001,-3.546,-3.746,-34.509,0
1398294490291,41759621156000,171538051000001,-3.546,-3.746,-34.509,0
1398294490301,41759631105000,171538051000001,-3.546,-3.746,-34.509,0
1398294490311,41759641145000,171538051000001,-3.546,-3.746,-34.509,0
1398294490323,41759651155000,171538051000001,-3.546,-3.746,-34.509,0
1398294490331,41759661195000,171538051000001,-3.546,-3.746,-34.509,0
1398294490341,41759671144000,171538051000001,-3.546,-3.746,-34.509,0
1398294490351,41759681184000,171538051000001,-3.546,-3.746,-34.509,0
1398294490361,41759691163000,171538051000001,-3.546,-3.746,-34.509,0
1398294490371,41759701142000,171538051000001,-3.546,-3.746,-34.509,0
1398294490381,41759711152000,171538051000001,-3.546,-3.746,-34.509,0
1398294490391,41759721192000,171538051000001,-3.546,-3.746,-34.509,0
1398294490401,41759731202000,171538051000001,-3.855,-3.746,-34.509,0
1398294490411,41759741242000,171538051000001,-3.855,-3.746,-34.509,0
1398294490421,41759751222000,171538051000001,-3.855,-3.746,-34.509,0
1398294490431,41759761262000,171538051000001,-3.855,-3.746,-34.509,0
1398294490443,41759771241000,171538051000001,-3.855,-3.746,-34.509,0
1398294490451,41759781282000,171538051000001,-3.855,-3.746,-34.509,0
1398294490463,41759792817000,171538051000001,-3.855,-3.746,-34.509,0
1398294490471,41759801332000,171538051000001,-3.855,-3.746,-34.509,0
1398294490481,41759811463000,171538051000001,-3.855,-3.746,-34.509,0
1398294490491,41759821290000,171538051000001,-3.855,-3.746,-34.509,0
1398294490501,41759831300000,171538051000001,-3.524,-4.046,-34.509,0
1398294490512,41759841340000,171538051000001,-3.524,-4.046,-34.509,0
1398294490521,41759851350000,171538051000001,-3.524,-4.046,-34.509,0
1398294490532,41759861360000,171538051000001,-3.524,-4.046,-34.509,0
1398294490542,41759871339000,171538051000001,-3.524,-4.046,-34.509,0
1398294490551,41759881379000,171538051000001,-3.524,-4.046,-34.509,0
1398294490566,41759896211000,171538051000001,-3.524,-4.046,-34.509,0
1398294490571,41759901368000,171538051000001,-3.524,-4.046,-34.509,0
1398294490581,41759911378000,171538051000001,-3.524,-4.046,-34.509,0
1398294490592,41759921388000,171538051000001,-3.524,-4.046,-34.509,0
1398294490601,41759931397000,171538051000001,-3.524,-4.046,-34.509,0
1398294490611,41759941438000,171538051000001,-3.524,-4.046,-34.509,0
1398294490621,41759951417000,171538051000001,-3.524,-4.046,-34.509,0
1398294490631,41759961457000,171538051000001,-3.524,-4.046,-34.509,0
1398294490643,41759972993000,171538051000001,-3.524,-4.046,-34.509,0
1398294490651,41759981568000,171538051000001,-3.524,-4.046,-34.509,0
1398294490661,41759991456000,171538051000001,-3.524,-3.712,-34.509,0
1398294490671,41760001496000,171538051000001,-3.524,-3.712,-34.509,0
1398294490681,41760011476000,171538051000001,-3.524,-3.712,-34.509,0
1398294490691,41760021516000,171538051000001,-3.524,-3.712,-34.509,0
1398294490701,41760031495000,171538051000001,-3.524,-3.712,-34.509,0
1398294490712,41760041535000,171538051000001,-3.524,-3.712,-34.509,0
1398294490721,41760051515000,171538051000001,-3.524,-3.712,-34.509,0
1398294490731,41760061555000,171538051000001,-3.524,-3.712,-34.509,0
1398294490741,41760071534000,171538051000001,-3.524,-3.712,-34.509,0
1398294490751,41760081574000,171538051000001,-3.524,-3.712,-34.509,0
1398294490761,41760091554000,171538051000001,-3.524,-3.712,-34.509,0
1398294490771,41760101594000,171538051000001,-3.524,-3.712,-34.509,0
1398294490781,41760111573000,171538051000001,-3.524,-3.712,-34.509,0
1398294490791,41760121614000,171538051000001,-3.524,-3.712,-34.509,0
1398294490804,41760131867000,171538051000001,-3.524,-3.712,-34.509,0
1398294490815,41760144898000,171538051000001,-3.524,-3.712,-34.509,0
1398294490828,41760154359000,171538051000001,-3.524,-3.712,-34.509,0
1398294490833,41760162538000,171538051000001,-3.524,-3.712,-34.509,0
1398294490848,41760173097000,171538051000001,-3.524,-3.712,-34.509,0
1398294490853,41760182679000,171538051000001,-3.524,-3.712,-34.509,0
1398294490878,41760191743000,171538051000001,-3.524,-3.712,-34.509,0
1398294490880,41760205354000,171538051000001,-3.524,-3.712,-34.509,0
1398294490882,41760211732000,171538051000001,-3.196,-3.712,-34.509,0
1398294490895,41760221803000,171538051000001,-3.196,-3.712,-34.509,0
1398294490902,41760231751000,171538051000001,-3.196,-3.712,-34.509,0
1398294490912,41760241822000,171538051000001,-3.196,-3.712,-34.509,0
1398294490925,41760251985000,171538051000001,-3.196,-3.712,-34.509,0
1398294490941,41760262208000,171538051000001,-3.196,-4.028,-34.509,0
1398294490943,41760271821000,171538051000001,-3.196,-4.028,-34.509,0
1398294490952,41760281831000,171538051000001,-3.196,-4.028,-34.509,0
1398294490962,41760291902000,171538051000001,-3.196,-4.028,-34.509,0
1398294490972,41760301881000,171538051000001,-2.839,-4.028,-34.509,0
1398294490982,41760311860000,171538051000001,-2.839,-4.028,-34.509,0
1398294490993,41760321870000,171538051000001,-2.839,-4.028,-34.509,0
1398294491004,41760333863000,171538051000001,-2.839,-4.028,-34.509,0
1398294491012,41760341920000,171538051000001,-2.839,-4.028,-34.509,0
1398294491022,41760351869000,171538051000001,-2.839,-4.028,-34.509,0
1398294491032,41760362062000,171538051000001,-2.517,-4.028,-34.509,0
1398294491042,41760371858000,171538051000001,-2.517,-4.339,-34.509,0
1398294491052,41760381898000,171538051000001,-2.517,-4.339,-34.509,0
1398294491062,41760391908000,171538051000001,-2.517,-4.339,-34.509,0
1398294491072,41760401918000,171538051000001,-2.517,-4.339,-34.509,0
1398294491082,41760411927000,171538051000001,-2.517,-4.339,-34.509,0
1398294491092,41760421907000,171538051000001,-2.215,-4.339,-34.509,0
1398294491102,41760431916000,171538051000001,-2.215,-4.339,-34.509,0
1398294491112,41760441926000,171538051000001,-2.215,-4.339,-34.509,0
1398294491124,41760451966000,171538051000001,-2.215,-4.339,-34.509,0
1398294491132,41760461976000,171538051000001,-2.215,-4.339,-34.509,0
1398294491142,41760471955000,171538051000001,-2.215,-4.339,-34.509,0
1398294491152,41760481996000,171538051000001,-2.215,-4.339,-34.509,0
1398294491162,41760491975000,171538051000001,-2.215,-4.339,-34.509,0
1398294491179,41760506288000,171538051000001,-2.215,-4.638,-34.509,0
1398294491189,41760513490000,171538051000001,-2.215,-4.638,-34.509,0
1398294491197,41760522065000,171538051000001,-2.215,-4.638,-34.509,0
1398294491203,41760532014000,171538051000001,-2.215,-4.638,-34.509,0
1398294491212,41760542054000,171538051000001,-2.215,-4.638,-34.202,0
1398294491223,41760552003000,171538051000001,-2.215,-4.638,-34.202,0
1398294491232,41760562043000,171538051000001,-2.215,-4.638,-34.202,0
1398294491242,41760572022000,171538051000001,-2.215,-4.638,-34.202,0
1398294491252,41760582063000,171538051000001,-2.215,-4.638,-34.202,0
1398294491262,41760592073000,171538051000001,-2.215,-4.638,-34.202,0
1398294491273,41760602082000,171538051000001,-2.215,-4.638,-34.202,0
1398294491282,41760612092000,171538051000001,-2.215,-4.638,-34.202,0
1398294491292,41760622499000,171538051000001,-2.215,-4.638,-34.202,0
1398294491302,41760632112000,171538051000001,-2.215,-4.638,-33.894,0
1398294491312,41760642152000,171538051000001,-2.215,-4.638,-33.894,0
1398294491322,41760652131000,171538051000001,-2.215,-4.942,-33.894,0
1398294491332,41760662171000,171538051000001,-2.215,-4.942,-33.894,0
1398294491342,41760672151000,171538051000001,-2.215,-4.942,-33.894,0
1398294491352,41760682191000,171538051000001,-2.215,-4.942,-33.894,0
1398294491363,41760693727000,171538051000001,-2.215,-5.273,-33.894,0
1398294491372,41760702241000,171538051000001,-1.832,-5.273,-33.894,0
1398294491382,41760712190000,171538051000001,-1.832,-5.273,-33.894,0
1398294491392,41760722199000,171538051000001,-1.522,-5.273,-33.894,0
1398294491402,41760732362000,171538051000001,-1.522,-5.676,-33.894,0
1398294491413,41760742250000,171538051000001,-1.522,-5.676,-33.894,0
1398294491422,41760752229000,171538051000001,-1.095,-5.676,-33.894,0
1398294491433,41760762269000,171538051000001,-1.095,-5.676,-33.894,0
1398294491457,41760773103000,171538051000001,-1.095,-6.007,-33.894,0
1398294491459,41760782289000,171538051000001,-1.095,-6.007,-33.894,0
1398294491462,41760792268000,171538051000001,-0.77,-6.007,-33.894,0
1398294491473,41760802339000,171538051000001,-0.77,-6.007,-33.894,0
1398294491487,41760816804000,171538051000001,-0.77,-6.007,-33.894,0
1398294491492,41760822297000,171538051000001,-0.77,-6.007,-33.894,0
1398294491502,41760832307000,171538051000001,-0.77,-6.007,-33.894,0
1398294491512,41760842317000,171538051000001,-0.77,-6.007,-33.894,0
1398294491523,41760852296000,171538051000001,-0.77,-6.007,-33.894,0
1398294491533,41760862367000,171538051000001,-0.77,-6.007,-33.894,0
1398294491544,41760873872000,171538051000001,-0.77,-6.007,-33.894,0
1398294491552,41760882417000,171538051000001,-0.77,-6.007,-33.894,0
1398294491562,41760892366000,171538051000001,-0.77,-6.007,-33.894,0
1398294491572,41760902406000,171538051000001,-0.77,-6.007,-33.894,0
1398294491582,41760912385000,171538051000001,-0.77,-6.007,-33.894,0
1398294491592,41760922425000,171538051000001,-0.77,-6.007,-34.205,0
1398294491603,41760932405000,171538051000001,-0.77,-6.007,-34.205,0
1398294491617,41760942781000,171538051000001,-0.77,-6.007,-34.205,0
1398294491628,41760952424000,171538051000001,-0.77,-6.007,-34.205,0
1398294491632,41760962434000,171538051000001,-0.77,-6.007,-34.205,0
1398294491643,41760972444000,171538051000001,-0.77,-6.007,-34.205,0
1398294491652,41760982453000,171538051000001,-0.77,-5.705,-34.205,0
1398294491662,41760992463000,171538051000001,-0.77,-5.705,-34.205,0
1398294491673,41761002503000,171538051000001,-1.077,-5.705,-34.205,0
1398294491683,41761012483000,171538051000001,-1.077,-5.705,-34.205,0
1398294491692,41761022492000,171538051000001,-1.077,-5.705,-34.205,0
1398294491702,41761032472000,171538051000001,-1.077,-5.705,-34.205,0
1398294491713,41761042726000,171538051000001,-1.077,-5.705,-34.205,0
1398294491724,41761054017000,171538051000001,-1.394,-5.705,-34.205,0
1398294491732,41761062562000,171538051000001,-1.394,-5.705,-34.205,0
1398294491742,41761072511000,171538051000001,-1.394,-5.705,-34.205,0
1398294491753,41761082551000,171538051000001,-1.394,-5.705,-34.205,0
1398294491763,41761092561000,171538051000001,-1.394,-5.705,-34.205,0
1398294491773,41761102571000,171538051000001,-1.394,-5.705,-34.205,0
1398294491783,41761112580000,171538051000001,-1.394,-5.705,-34.205,0
1398294491793,41761123078000,171538051000001,-1.394,-5.705,-34.205,0
1398294491803,41761132569000,171538051000001,-1.394,-5.705,-34.205,0
1398294491813,41761142793000,171538051000001,-1.394,-5.705,-34.205,0
1398294491823,41761152619000,171538051000001,-1.394,-5.705,-34.205,0
1398294491833,41761162629000,171538051000001,-1.394,-5.705,-34.205,0
1398294491843,41761172608000,171538051000001,-1.394,-5.705,-34.205,0
1398294491853,41761182649000,171538051000001,-1.394,-5.705,-34.205,0
1398294491862,41761192628000,171538051000001,-1.394,-5.705,-34.205,0
1398294491873,41761202668000,171538051000001,-1.394,-5.705,-34.205,0
1398294491883,41761212647000,171538051000001,-1.394,-5.705,-34.205,0
1398294491893,41761222688000,171538051000001,-1.394,-5.705,-34.205,0
1398294491904,41761234223000,171538051000001,-1.394,-5.705,-34.205,0
1398294491913,41761242738000,171538051000001,-1.394,-5.705,-34.205,0
1398294491923,41761252687000,171538051000001,-1.394,-5.705,-34.205,0
1398294491933,41761262727000,171538051000001,-1.394,-5.705,-34.205,0
1398294491943,41761272706000,171538051000001,-1.394,-5.705,-34.205,0
1398294491954,41761283540000,171538051000001,-1.394,-5.705,-34.205,0
1398294491965,41761295350000,171538051000001,-1.394,-5.705,-34.205,0
1398294491975,41761305299000,171538051000001,-1.394,-5.705,-34.205,0
1398294491985,41761315217000,171538051000001,-1.394,-5.401,-34.205,0
1398294491995,41761325227000,171538051000001,-1.394,-5.401,-34.205,0
1398294492006,41761335450000,171538051000001,-1.394,-5.401,-34.205,0
1398294492014,41761344026000,171538051000001,-1.394,-5.401,-34.205,0
1398294492025,41761355348000,171538051000001,-1.394,-5.401,-34.205,0
1398294492039,41761369355000,171538051000001,-1.394,-5.401,-34.205,0
1398294492044,41761374452000,171538051000001,-1.394,-5.401,-34.205,0
1398294492055,41761384767000,171538051000001,-1.394,-5.401,-34.205,0
1398294492065,41761395204000,171538051000001,-1.394,-5.401,-34.205,0
1398294492078,41761408143000,171538051000001,-1.394,-5.401,-34.205,0
1398294492089,41761419038000,171538051000001,-1.394,-5.401,-34.205,0
1398294492095,41761425141000,171538051000001,-1.394,-5.401,-34.205,0
1398294492104,41761433808000,171538051000001,-1.394,-5.401,-34.205,0
1398294492115,41761442933000,171538051000001,-1.394,-5.401,-34.205,0
1398294492123,41761452943000,171538051000001,-1.394,-5.401,-34.205,0
1398294492133,41761462922000,171538051000001,-1.394,-5.401,-34.205,0
1398294492143,41761472901000,171538051000001,-1.394,-5.401,-34.205,0
1398294492153,41761482942000,171538051000001,-1.394,-5.401,-34.205,0
1398294492163,41761492921000,171538051000001,-1.394,-5.401,-34.205,0
1398294492173,41761502992000,171538051000001,-1.394,-5.401,-34.205,0
1398294492183,41761512971000,171538051000001,-1.394,-5.401,-34.205,0
1398294492193,41761523011000,171538051000001,-1.394,-5.401,-34.205,0
1398294492203,41761532991000,171538051000001,-1.394,-5.401,-34.205,0
1398294492214,41761543916000,171538051000001,-1.394,-5.401,-34.205,0
1398294492225,41761555451000,171538051000001,-1.394,-5.401,-34.205,0
1398294492242,41761563691000,171538051000001,-1.394,-5.401,-34.205,0
1398294492245,41761573121000,171538051000001,-1.394,-5.401,-34.205,0
1398294492259,41761583589000,171538051000001,-1.394,-5.401,-34.205,0
1398294492266,41761595613000,171538051000001,-1.394,-5.401,-34.205,0
1398294492281,41761603120000,171538051000001,-1.394,-5.401,-34.205,0
1398294492286,41761613069000,171538051000001,-1.394,-5.401,-34.205,0
1398294492293,41761623139000,171538051000001,-1.394,-5.401,-34.205,0
1398294492308,41761633821000,171538051000001,-1.394,-5.401,-34.205,0
1398294492313,41761643128000,171538051000001,-1.394,-5.401,-34.205,0
1398294492324,41761653108000,171538051000001,-1.394,-5.401,-34.205,0
1398294492338,41761663148000,171538051000001,-1.394,-5.401,-34.205,0
1398294492343,41761673127000,171538051000001,-1.394,-5.401,-34.205,0
1398294492354,41761683137000,171538051000001,-1.394,-5.094,-34.205,0
1398294492363,41761693147000,171538051000001,-1.394,-5.094,-34.205,0
1398294492373,41761703187000,171538051000001,-1.394,-5.094,-34.205,0
1398294492383,41761713136000,171538051000001,-1.394,-5.094,-34.205,0
1398294492393,41761723176000,171538051000001,-1.394,-5.094,-34.205,0
1398294492415,41761734895000,171538051000001,-1.394,-5.094,-34.205,0
1398294492416,41761745729000,171538051000001,-1.394,-4.771,-34.205,0
1398294492423,41761753175000,171538051000001,-1.394,-4.771,-34.205,0
1398294492435,41761765107000,171538051000001,-1.394,-4.771,-34.205,0
1398294492449,41761779023000,171538051000001,-1.762,-4.771,-34.205,0
1398294492455,41761785646000,171538051000001,-1.762,-4.771,-34.205,0
1398294492466,41761795686000,171538051000001,-1.762,-4.771,-34.205,0
1398294492473,41761803285000,171538051000001,-1.762,-4.444,-34.205,0
1398294492484,41761814302000,171538051000001,-1.762,-4.444,-34.205,0
1398294492500,41761829560000,171538051000001,-1.762,-4.444,-34.205,0
1398294492505,41761834992000,171538051000001,-1.762,-4.444,-34.205,0
1398294492519,41761848420000,171538051000001,-2.099,-4.444,-34.205,0
1398294492525,41761854676000,171538051000001,-2.099,-4.444,-34.205,0
1398294492537,41761865022000,171538051000001,-2.099,-4.444,-34.205,0
1398294492547,41761877168000,171538051000001,-2.099,-4.444,-34.205,0
1398294492556,41761885438000,171538051000001,-2.099,-4.444,-34.205,0
1398294492569,41761898103000,171538051000001,-2.099,-4.444,-34.205,0
1398294492576,41761905641000,171538051000001,-2.099,-4.444,-34.205,0
1398294492586,41761915711000,171538051000001,-2.41,-4.444,-34.205,0
1398294492597,41761927095000,171538051000001,-2.41,-4.444,-34.205,0
1398294492605,41761935304000,171538051000001,-2.41,-4.444,-34.205,0
1398294492619,41761948274000,171538051000001,-2.41,-4.444,-34.205,0
1398294492627,41761957063000,171538051000001,-2.41,-4.444,-34.205,0
1398294492636,41761965760000,171538051000001,-2.41,-4.444,-34.205,0
1398294492647,41761977174000,171538051000001,-2.41,-4.444,-34.205,0
1398294492655,41761985353000,171538051000001,-2.41,-4.444,-34.205,0
1398294492669,41761998323000,171538051000001,-2.41,-4.444,-34.205,0
1398294492674,41762003602000,171538051000001,-2.41,-4.444,-34.205,0
1398294492685,41762014924000,171538051000001,-2.41,-4.444,-34.205,0
1398294492700,41762026185000,171538051000001,-2.41,-4.444,-34.205,0
1398294492711,41762033509000,171538051000001,-2.41,-4.444,-34.205,0
1398294492726,41762044129000,171538051000001,-2.41,-4.444,-34.205,0
1398294492734,41762053529000,171538051000001,-2.41,-4.444,-34.205,0
1398294492741,41762063844000,171538051000001,-2.41,-4.444,-34.205,0
1398294492744,41762073518000,171538051000001,-2.41,-4.444,-34.205,0
1398294492756,41762083558000,171538051000001,-2.41,-4.444,-34.205,0
1398294492766,41762095704000,171538051000001,-2.41,-4.444,-34.205,0
1398294492774,41762103547000,171538051000001,-2.41,-4.444,-34.205,0
1398294492786,41762114381000,171538051000001,-2.41,-4.444,-34.205,0
1398294492794,41762124360000,171538051000001,-2.41,-4.444,-34.205,0
1398294492805,41762135133000,171538051000001,-2.41,-4.444,-34.205,0
1398294492815,41762143647000,171538051000001,-2.41,-4.444,-34.205,0
1398294492824,41762153596000,171538051000001,-2.41,-4.444,-34.205,0
1398294492835,41762163606000,171538051000001,-2.41,-4.444,-34.205,0
1398294492844,41762173616000,171538051000001,-2.41,-4.444,-34.205,0
1398294492854,41762183625000,171538051000001,-2.754,-4.444,-34.205,0
1398294492881,41762193605000,171538051000001,-2.754,-4.444,-34.205,0
1398294492888,41762203645000,171538051000001,-2.754,-4.444,-34.205,0
1398294492891,41762213624000,171538051000001,-2.754,-4.444,-34.205,0
1398294492894,41762223664000,171538051000001,-3.065,-4.444,-34.205,0
1398294492904,41762233644000,171538051000001,-3.065,-4.444,-34.205,0
1398294492914,41762243684000,171538051000001,-3.065,-4.444,-34.205,0
1398294492926,41762256318000,171538051000001,-3.065,-4.444,-34.205,0
1398294492936,41762266053000,171538051000001,-3.065,-4.139,-34.205,0
1398294492946,41762274415000,171538051000001,-3.065,-4.139,-34.205,0
1398294492954,41762283723000,171538051000001,-3.065,-4.139,-34.205,0
1398294492966,41762295350000,171538051000001,-3.065,-4.139,-34.205,0
1398294492975,41762303803000,171538051000001,-3.065,-4.139,-34.205,0
1398294492988,41762317323000,171538051000001,-3.065,-4.139,-34.205,0
1398294492994,41762323854000,171538051000001,-3.065,-4.139,-34.205,0
1398294493005,41762333772000,171538051000001,-3.065,-4.139,-34.205,0
1398294493027,41762346742000,171538051000001,-3.065,-4.139,-34.205,0
1398294493030,41762358796000,171538051000001,-3.065,-4.139,-34.205,0
1398294493035,41762364381000,171538051000001,-3.065,-4.139,-34.205,0
1398294493049,41762378633000,171538051000001,-3.065,-4.139,-34.205,0
1398294493054,41762383790000,171538051000001,-3.065,-4.139,-34.205,0
1398294493066,41762395539000,171538051000001,-3.065,-4.139,-34.205,0
1398294493082,41762403993000,171538051000001,-3.065,-4.139,-34.205,0
1398294493086,41762413819000,171538051000001,-3.065,-4.441,-34.205,0
1398294493094,41762423860000,171538051000001,-3.065,-4.441,-34.205,0
1398294493104,41762433839000,171538051000001,-3.065,-4.441,-34.205,0
1398294493114,41762443879000,171538051000001,-3.065,-4.441,-34.205,0
1398294493124,41762453858000,171538051000001,-3.065,-4.441,-34.205,0
1398294493134,41762463868000,171538051000001,-3.065,-4.441,-34.205,0
1398294493144,41762473878000,171538051000001,-3.065,-4.441,-34.205,0
1398294493154,41762483918000,171538051000001,-2.729,-4.441,-34.205,0
1398294493165,41762495454000,171538051000001,-2.729,-4.441,-34.205,0
1398294493176,41762506379000,171538051000001,-2.729,-4.441,-34.205,0
1398294493188,41762518006000,171538051000001,-2.729,-4.441,-34.205,0
1398294493199,41762529145000,171538051000001,-2.729,-4.441,-34.205,0
1398294493208,41762537751000,171538051000001,-2.729,-4.441,-34.205,0
1398294493219,41762548982000,171538051000001,-2.729,-4.441,-34.205,0
1398294493227,41762557466000,171538051000001,-2.729,-4.441,-34.205,0
1398294493236,41762566377000,171538051000001,-2.729,-4.441,-34.205,0
1398294493247,41762576142000,171538051000001,-2.729,-4.441,-34.205,0
1398294493261,41762590699000,171538051000001,-2.729,-4.441,-34.205,0
1398294493265,41762595185000,171538051000001,-2.729,-4.441,-34.205,0
1398294493280,41762610353000,171538051000001,-2.729,-4.441,-34.205,0
1398294493286,41762615602000,171538051000001,-2.729,-4.441,-34.205,0
1398294493300,41762630342000,171538051000001,-2.729,-4.441,-34.205,0
1398294493306,41762636323000,171538051000001,-2.729,-4.441,-34.205,0
1398294493320,41762649476000,171538051000001,-2.729,-4.441,-34.205,0
1398294493328,41762657441000,171538051000001,-3.068,-4.441,-34.205,0
1398294493342,41762669251000,171538051000001,-3.068,-4.441,-34.205,0
1398294493346,41762676240000,171538051000001,-3.068,-4.084,-34.205,0
1398294493359,41762688691000,171538051000001,-3.068,-4.084,-34.205,0
1398294493368,41762698121000,171538051000001,-3.373,-4.084,-34.205,0
1398294493379,41762708467000,171538051000001,-3.373,-4.084,-34.205,0
1398294493388,41762718476000,171538051000001,-3.373,-4.084,-34.205,0
1398294493399,41762728608000,171538051000001,-3.373,-4.084,-34.205,0
1398294493411,41762736970000,171538051000001,-3.373,-4.084,-34.205,0
1398294493417,41762744172000,171538051000001,-3.373,-3.752,-34.205,0
1398294493430,41762754182000,171538051000001,-3.695,-3.752,-34.205,0
1398294493444,41762764222000,171538051000001,-3.695,-3.752,-34.205,0
1398294493445,41762774476000,171538051000001,-3.695,-3.752,-34.205,0
1398294493475,41762784211000,171538051000001,-3.695,-3.752,-34.205,0
1398294493479,41762794190000,171538051000001,-3.695,-3.752,-34.205,0
1398294493487,41762804231000,171538051000001,-3.695,-3.752,-34.205,0
1398294493489,41762814210000,171538051000001,-3.695,-3.752,-34.205,0
1398294493494,41762824250000,171538051000001,-3.695,-3.752,-34.205,0
1398294493504,41762834199000,171538051000001,-3.695,-3.752,-34.205,0
1398294493514,41762844270000,171538051000001,-3.695,-3.752,-34.205,0
1398294493526,41762855805000,171538051000001,-3.695,-3.752,-34.205,0
1398294493534,41762864289000,171538051000001,-3.695,-3.752,-34.205,0
1398294493548,41762878053000,171538051000001,-3.695,-3.752,-34.205,0
1398294493560,41762890046000,171538051000001,-3.695,-3.752,-34.205,0
1398294493566,41762896546000,171538051000001,-3.695,-3.752,-34.205,0
1398294493580,41762910493000,171538051000001,-3.695,-4.071,-34.205,0
1398294493587,41762916871000,171538051000001,-3.695,-4.071,-34.205,0
1398294493599,41762929048000,171538051000001,-3.695,-4.071,-34.205,0
1398294493606,41762934297000,171538051000001,-3.695,-4.071,-34.205,0
1398294493618,41762946473000,171538051000001,-3.387,-4.071,-34.205,0
1398294493630,41762959260000,171538051000001,-3.387,-4.403,-34.205,0
1398294493640,41762970338000,171538051000001,-3.387,-4.403,-34.205,0
1398294493648,41762977479000,171538051000001,-3.387,-4.403,-34.205,0
1398294493659,41762988618000,171538051000001,-3.387,-4.403,-34.205,0
1398294493668,41762998506000,171538051000001,-3.387,-4.716,-34.205,0
1398294493679,41763008637000,171538051000001,-3.387,-4.716,-34.205,0
1398294493689,41763018769000,171538051000001,-3.004,-4.716,-34.205,0
1398294493699,41763028901000,171538051000001,-3.004,-4.716,-34.205,0
1398294493712,41763039826000,171538051000001,-3.004,-5.12,-34.205,0
1398294493716,41763045808000,171538051000001,-3.004,-5.12,-34.205,0
1398294493730,41763059785000,171538051000001,-2.671,-5.12,-34.205,0
1398294493738,41763068360000,171538051000001,-2.671,-5.453,-34.205,0
1398294493750,41763079621000,171538051000001,-2.671,-5.453,-34.205,0
1398294493758,41763087983000,171538051000001,-2.31,-5.453,-34.205,0
1398294493769,41763099092000,171538051000001,-2.31,-5.775,-34.205,0
1398294493775,41763104493000,171538051000001,-2.31,-5.775,-34.205,0
1398294493801,41763114533000,171538051000001,-1.974,-5.775,-34.205,0
1398294493816,41763124604000,171538051000001,-1.974,-5.775,-34.205,0
1398294493818,41763134522000,171538051000001,-1.974,-6.108,-34.205,0
1398294493819,41763144593000,171538051000001,-1.974,-6.108,-34.205,0
1398294493826,41763154603000,171538051000001,-1.655,-6.108,-34.205,0
1398294493857,41763164613000,171538051000001,-1.655,-6.108,-34.205,0
1398294493859,41763174562000,171538051000001,-1.655,-6.108,-34.205,0
1398294493860,41763184602000,171538051000001,-1.655,-6.108,-34.205,0
1398294493868,41763194612000,171538051000001,-1.655,-6.108,-34.205,0
1398294493876,41763206025000,171538051000001,-1.655,-6.108,-34.205,0
1398294493889,41763216157000,171538051000001,-1.655,-6.108,-34.205,0
1398294493899,41763228700000,171538051000001,-1.655,-6.108,-34.205,0
1398294493906,41763234834000,171538051000001,-1.655,-6.108,-34.205,0
1398294493916,41763244905000,171538051000001,-1.655,-6.108,-34.205,0
1398294493925,41763254670000,171538051000001,-1.655,-6.108,-34.205,0
1398294493944,41763265809000,171538051000001,-1.655,-6.108,-34.205,0
1398294493947,41763276673000,171538051000001,-1.655,-5.801,-34.205,0
1398294493955,41763284638000,171538051000001,-1.655,-5.801,-34.205,0
1398294493966,41763294679000,171538051000001,-2.052,-5.801,-34.205,0
1398294493975,41763304658000,171538051000001,-2.052,-5.801,-34.205,0
1398294493985,41763314698000,171538051000001,-2.052,-5.451,-34.205,0
1398294493995,41763324647000,171538051000001,-2.052,-5.451,-34.205,0
1398294494005,41763334687000,171538051000001,-2.359,-5.451,-34.205,0
1398294494015,41763344667000,171538051000001,-2.359,-5.451,-34.205,0
1398294494025,41763354890000,171538051000001,-2.359,-5.451,-34.205,0
1398294494035,41763364686000,171538051000001,-2.359,-5.451,-34.205,0
1398294494045,41763374726000,171538051000001,-2.359,-5.119,-34.205,0
1398294494055,41763384706000,171538051000001,-2.359,-5.119,-34.205,0
1398294494066,41763396302000,171538051000001,-2.359,-5.119,-34.205,0
1398294494075,41763404786000,171538051000001,-2.359,-5.119,-34.205,0
1398294494085,41763414796000,171538051000001,-2.359,-5.119,-34.205,0
1398294494095,41763424775000,171538051000001,-2.359,-5.119,-34.205,0
1398294494105,41763434815000,171538051000001,-2.359,-5.119,-34.205,0
1398294494115,41763444795000,171538051000001,-2.359,-5.119,-34.205,0
1398294494125,41763454835000,171538051000001,-2.359,-5.119,-34.205,0
1398294494135,41763464814000,171538051000001,-2.359,-5.119,-34.205,0
1398294494145,41763474855000,171538051000001,-2.359,-5.119,-34.205,0
1398294494155,41763484834000,171538051000001,-2.359,-5.119,-34.205,0
1398294494165,41763494874000,171538051000001,-2.359,-5.119,-34.205,0
1398294494178,41763504853000,171538051000001,-2.014,-5.119,-34.205,0
1398294494185,41763514894000,171538051000001,-2.014,-5.119,-34.205,0
1398294494195,41763524842000,171538051000001,-2.014,-5.119,-34.205,0
1398294494205,41763534883000,171538051000001,-2.014,-5.441,-34.205,0
1398294494215,41763544831000,171538051000001,-2.014,-5.441,-34.205,0
1398294494225,41763555024000,171538051000001,-2.014,-5.441,-34.205,0
1398294494235,41763564881000,171538051000001,-2.014,-5.441,-34.205,0
1398294494247,41763576448000,171538051000001,-2.014,-5.441,-34.205,0
1398294494258,41763588166000,171538051000001,-2.014,-5.441,-34.205,0
1398294494265,41763594911000,171538051000001,-2.014,-5.441,-34.205,0
1398294494275,41763604890000,171538051000001,-2.014,-5.441,-34.205,0
1398294494287,41763614991000,171538051000001,-2.014,-5.441,-34.205,0
1398294494297,41763624940000,171538051000001,-2.014,-5.441,-34.205,0
1398294494305,41763635133000,171538051000001,-2.014,-5.441,-34.205,0
1398294494315,41763644960000,171538051000001,-2.014,-5.441,-34.205,0
1398294494325,41763655000000,171538051000001,-2.014,-5.441,-34.205,0
1398294494345,41763664949000,171538051000001,-2.014,-5.441,-34.205,0
1398294494347,41763674989000,171538051000001,-2.014,-5.128,-34.205,0
1398294494355,41763684968000,171538051000001,-2.014,-5.128,-34.205,0
1398294494366,41763695008000,171538051000001,-2.014,-5.128,-34.205,0
1398294494375,41763705049000,171538051000001,-2.014,-5.128,-34.205,0
1398294494387,41763715058000,171538051000001,-2.014,-5.128,-34.205,0
1398294494395,41763725038000,171538051000001,-2.014,-5.128,-34.205,0
1398294494405,41763735078000,171538051000001,-2.014,-5.128,-34.205,0
1398294494415,41763745057000,171538051000001,-2.014,-5.128,-34.205,0
1398294494427,41763756623000,171538051000001,-2.014,-5.128,-34.205,0
1398294494435,41763765107000,171538051000001,-2.014,-5.128,-34.205,0
1398294494445,41763775117000,171538051000001,-2.014,-5.128,-34.205,0
1398294494455,41763785096000,171538051000001,-1.666,-5.128,-34.205,0
1398294494465,41763795106000,171538051000001,-1.666,-5.128,-34.205,0
1398294494475,41763805085000,171538051000001,-1.666,-5.128,-34.205,0
1398294494485,41763815126000,171538051000001,-1.666,-5.128,-34.205,0
1398294494495,41763825105000,171538051000001,-1.666,-5.128,-34.515,0
1398294494505,41763835176000,171538051000001,-1.666,-5.128,-34.515,0
1398294494519,41763845155000,171538051000001,-1.666,-5.128,-34.515,0
1398294494525,41763855195000,171538051000001,-1.666,-5.128,-34.515,0
1398294494535,41763865144000,171538051000001,-1.666,-5.128,-34.515,0
1398294494545,41763875215000,171538051000001,-1.666,-5.128,-34.515,0
1398294494556,41763885499000,171538051000001,-1.666,-5.128,-34.515,0
1398294494570,41763895204000,171538051000001,-1.666,-4.821,-34.515,0
1398294494575,41763905183000,171538051000001,-1.666,-4.821,-34.515,0
1398294494585,41763915254000,171538051000001,-1.666,-4.821,-34.515,0
1398294494595,41763925202000,171538051000001,-1.666,-4.821,-34.515,0
1398294494607,41763936799000,171538051000001,-1.666,-4.821,-34.515,0
1398294494615,41763945252000,171538051000001,-1.666,-4.821,-34.515,0
1398294494625,41763955262000,171538051000001,-1.666,-4.821,-34.515,0
1398294494636,41763965272000,171538051000001,-1.666,-4.821,-34.515,0
1398294494645,41763975282000,171538051000001,-1.666,-4.821,-34.515,0
1398294494655,41763985292000,171538051000001,-1.666,-4.821,-34.515,0
1398294494666,41763995301000,171538051000001,-1.988,-4.821,-34.515,0
1398294494676,41764005281000,171538051000001,-1.988,-4.821,-34.515,0
1398294494686,41764015321000,171538051000001,-1.988,-4.821,-34.515,0
1398294494695,41764025300000,171538051000001,-1.988,-4.821,-34.515,0
1398294494705,41764035340000,171538051000001,-1.988,-4.821,-34.515,0
1398294494715,41764045320000,171538051000001,-1.988,-4.821,-34.515,0
1398294494725,41764055360000,171538051000001,-1.988,-4.821,-34.515,0
1398294494737,41764065370000,171538051000001,-1.988,-4.821,-34.515,0
1398294494746,41764075410000,171538051000001,-1.988,-4.821,-34.515,0
1398294494755,41764085359000,171538051000001,-2.316,-5.136,-34.515,0
1398294494766,41764095429000,171538051000001,-2.316,-5.136,-34.515,0
1398294494775,41764105409000,171538051000001,-2.316,-5.136,-34.515,0
1398294494787,41764117036000,171538051000001,-2.316,-5.136,-34.196,0
1398294494797,41764125489000,171538051000001,-2.316,-5.136,-34.196,0
1398294494806,41764135469000,171538051000001,-2.316,-5.136,-34.196,0
1398294494816,41764145448000,171538051000001,-2.316,-5.136,-34.196,0
1398294494826,41764155488000,171538051000001,-2.316,-5.136,-34.196,0
1398294494836,41764165498000,171538051000001,-2.316,-5.459,-34.196,0
1398294494847,41764175538000,171538051000001,-2.316,-5.459,-34.196,0
1398294494856,41764185517000,171538051000001,-2.316,-5.459,-34.196,0
1398294494871,41764200837000,171538051000001,-2.685,-5.459,-34.196,0
1398294494876,41764205476000,171538051000001,-2.685,-5.459,-34.196,0
1398294494886,41764215516000,171538051000001,-2.685,-5.459,-34.196,0
1398294494896,41764225709000,171538051000001,-2.685,-5.459,-34.196,0
1398294494907,41764235566000,171538051000001,-2.685,-5.767,-34.196,0
1398294494915,41764245515000,171538051000001,-2.685,-5.767,-34.196,0
1398294494925,41764255555000,171538051000001,-2.685,-5.767,-34.196,0
1398294494940,41764265565000,171538051000001,-2.685,-5.767,-33.871,0
1398294494945,41764275605000,171538051000001,-2.685,-5.767,-33.871,0
1398294494956,41764285554000,171538051000001,-2.685,-5.767,-33.871,0
1398294494967,41764297151000,171538051000001,-2.685,-5.767,-33.871,0
1398294494976,41764305635000,171538051000001,-2.685,-5.767,-33.871,0
1398294494986,41764315644000,171538051000001,-2.685,-5.767,-33.871,0
1398294494995,41764325624000,171538051000001,-2.685,-5.767,-33.871,0
1398294495005,41764335633000,171538051000001,-2.685,-5.767,-33.871,0
1398294495016,41764345613000,171538051000001,-2.685,-5.767,-33.871,0
1398294495026,41764355653000,171538051000001,-2.685,-5.767,-33.871,0
1398294495036,41764365663000,171538051000001,-2.685,-5.767,-33.871,0
1398294495046,41764375672000,171538051000001,-2.685,-5.767,-33.871,0
1398294495055,41764385652000,171538051000001,-2.685,-5.767,-33.871,0
1398294495065,41764395692000,171538051000001,-2.685,-5.767,-33.871,0
1398294495075,41764405671000,171538051000001,-2.685,-5.767,-33.871,0
1398294495086,41764415711000,171538051000001,-2.685,-5.767,-33.871,0
1398294495095,41764425691000,171538051000001,-2.685,-5.767,-33.871,0
1398294495106,41764435731000,171538051000001,-2.685,-5.767,-33.871,0
1398294495116,41764445710000,171538051000001,-2.685,-5.767,-33.871,0
1398294495126,41764455751000,171538051000001,-2.685,-5.767,-33.871,0
1398294495139,41764469422000,171538051000001,-2.685,-5.767,-33.871,0
1398294495148,41764477326000,171538051000001,-2.685,-5.767,-33.871,0
1398294495156,41764485810000,171538051000001,-2.685,-5.767,-33.871,0
1398294495166,41764495820000,171538051000001,-2.685,-5.767,-33.871,0
1398294495176,41764505769000,171538051000001,-2.685,-5.767,-33.871,0
1398294495186,41764515809000,171538051000001,-2.685,-5.767,-33.871,0
1398294495196,41764525788000,171538051000001,-2.685,-5.767,-33.871,0
1398294495206,41764535829000,171538051000001,-2.685,-5.767,-33.871,0
1398294495216,41764545808000,171538051000001,-2.685,-5.767,-33.871,0
1398294495226,41764555848000,171538051000001,-2.685,-5.767,-33.871,0
1398294495236,41764565827000,171538051000001,-2.685,-5.767,-33.871,0
1398294495246,41764575868000,171538051000001,-2.685,-5.767,-33.871,0
1398294495256,41764585847000,171538051000001,-2.685,-5.767,-33.871,0
1398294495266,41764595887000,171538051000001,-2.685,-5.767,-33.871,0
1398294495276,41764605866000,171538051000001,-2.685,-5.412,-33.871,0
1398294495286,41764615907000,171538051000001,-2.685,-5.412,-34.194,0
1398294495296,41764625886000,171538051000001,-2.685,-5.412,-34.194,0
1398294495306,41764635926000,171538051000001,-2.685,-5.412,-34.194,0
1398294495316,41764645906000,171538051000001,-2.685,-5.096,-34.194,0
1398294495331,41764659822000,171538051000001,-2.685,-5.096,-34.194,0
1398294495339,41764669099000,171538051000001,-2.685,-5.096,-34.194,0
1398294495351,41764680879000,171538051000001,-2.987,-5.096,-34.194,0
1398294495359,41764688996000,171538051000001,-2.987,-5.096,-34.194,0
1398294495371,41764700563000,171538051000001,-2.987,-4.721,-34.194,0
1398294495379,41764708589000,171538051000001,-2.987,-4.721,-34.194,0
1398294495396,41764720918000,171538051000001,-2.987,-4.721,-34.194,0
1398294495398,41764726014000,171538051000001,-2.987,-4.721,-34.194,0
1398294495408,41764736085000,171538051000001,-2.987,-4.394,-34.194,0
1398294495425,41764746064000,171538051000001,-2.987,-4.394,-34.194,0
1398294495427,41764756105000,171538051000001,-2.987,-4.394,-34.194,0
1398294495436,41764766084000,171538051000001,-3.318,-4.394,-34.194,0
1398294495447,41764776094000,171538051000001,-3.318,-4.394,-34.194,0
1398294495456,41764786103000,171538051000001,-3.318,-4.394,-34.194,0
1398294495467,41764796144000,171538051000001,-3.318,-4.394,-34.194,0
1398294495486,41764807221000,171538051000001,-3.318,-4.064,-34.194,0
1398294495490,41764818055000,171538051000001,-3.318,-4.064,-34.194,0
1398294495497,41764826142000,171538051000001,-3.318,-4.064,-34.194,0
1398294495508,41764837709000,171538051000001,-3.318,-4.064,-34.194,0
1398294495516,41764846162000,171538051000001,-3.318,-4.064,-34.194,0
1398294495527,41764856813000,171538051000001,-3.318,-4.064,-34.194,0
1398294495536,41764866181000,171538051000001,-3.318,-4.064,-34.194,0
1398294495546,41764876222000,171538051000001,-3.318,-4.064,-34.194,0
1398294495556,41764886170000,171538051000001,-3.318,-4.064,-34.194,0
1398294495566,41764896241000,171538051000001,-3.318,-4.064,-34.194,0
1398294495576,41764906220000,171538051000001,-3.318,-4.064,-34.194,0
1398294495586,41764916230000,171538051000001,-3.318,-4.064,-34.194,0
1398294495596,41764926210000,171538051000001,-3.674,-4.064,-34.194,0
1398294495606,41764936250000,171538051000001,-3.674,-4.064,-34.194,0
1398294495616,41764946229000,171538051000001,-3.674,-4.064,-34.194,0
1398294495627,41764956239000,171538051000001,-3.674,-4.064,-34.194,0
1398294495636,41764966249000,171538051000001,-3.674,-4.064,-34.194,0
1398294495646,41764976289000,171538051000001,-3.674,-4.064,-34.194,0
1398294495656,41764986207000,171538051000001,-3.674,-4.064,-34.194,0
1398294495666,41764996278000,171538051000001,-3.674,-4.064,-34.194,0
1398294495676,41765006288000,171538051000001,-3.674,-4.064,-34.194,0
1398294495688,41765017854000,171538051000001,-3.674,-4.064,-34.194,0
1398294495696,41765026338000,171538051000001,-3.674,-4.064,-34.194,0
1398294495706,41765036317000,171538051000001,-3.674,-4.064,-34.194,0
1398294495716,41765046296000,171538051000001,-3.674,-4.064,-34.194,0
1398294495726,41765056336000,171538051000001,-3.674,-4.064,-34.194,0
1398294495736,41765066316000,171538051000001,-3.674,-4.064,-34.194,0
1398294495746,41765076356000,171538051000001,-3.674,-4.064,-34.194,0
1398294495757,41765086396000,171538051000001,-3.674,-4.064,-34.194,0
1398294495768,41765096467000,171538051000001,-3.674,-4.064,-34.194,0
1398294495780,41765106538000,171538051000001,-3.674,-4.064,-34.194,0
1398294495786,41765116395000,171538051000001,-3.674,-4.064,-34.194,0
1398294495797,41765126374000,171538051000001,-3.674,-4.064,-34.194,0
1398294495806,41765136415000,171538051000001,-3.674,-4.064,-34.194,0
1398294495816,41765146424000,171538051000001,-3.674,-4.064,-34.194,0
1398294495828,41765156465000,171538051000001,-3.674,-4.064,-34.194,0
1398294495837,41765166444000,171538051000001,-3.674,-4.064,-34.194,0
1398294495846,41765176484000,171538051000001,-3.674,-4.064,-34.194,0
1398294495856,41765186463000,171538051000001,-3.674,-4.064,-34.194,0
1398294495868,41765198060000,171538051000001,-3.674,-4.064,-34.194,0
1398294495876,41765206513000,171538051000001,-3.674,-4.064,-34.194,0
1398294495886,41765216493000,171538051000001,-3.674,-4.064,-34.194,0
1398294495897,41765226533000,171538051000001,-3.674,-4.064,-34.194,0
1398294495906,41765236543000,171538051000001,-3.674,-4.064,-34.194,0
1398294495917,41765246522000,171538051000001,-3.364,-4.064,-34.194,0
1398294495928,41765256593000,171538051000001,-3.364,-4.064,-34.194,0
1398294495936,41765266542000,171538051000001,-3.364,-4.064,-34.194,0
1398294495947,41765276948000,171538051000001,-3.364,-4.064,-34.194,0
1398294495962,41765291871000,171538051000001,-3.364,-4.064,-34.194,0
1398294495966,41765296510000,171538051000001,-3.364,-4.064,-34.194,0
1398294495977,41765306520000,171538051000001,-3.364,-4.064,-34.194,0
1398294495987,41765316560000,171538051000001,-3.364,-4.064,-34.194,0
1398294495997,41765326570000,171538051000001,-3.364,-4.064,-34.194,0
1398294496007,41765336610000,171538051000001,-3.364,-4.064,-34.194,0
1398294496017,41765346589000,171538051000001,-3.364,-4.064,-34.194,0
1398294496026,41765356599000,171538051000001,-3.364,-4.064,-34.194,0
1398294496036,41765366578000,171538051000001,-3.364,-4.064,-34.194,0
1398294496048,41765378175000,171538051000001,-3.364,-4.064,-34.194,0
1398294496056,41765386628000,171538051000001,-3.364,-4.064,-34.194,0
1398294496066,41765396638000,171538051000001,-3.364,-4.064,-34.194,0
1398294496077,41765406648000,171538051000001,-3.364,-4.064,-34.194,0
1398294496087,41765416658000,171538051000001,-3.364,-4.064,-34.194,0
1398294496097,41765426667000,171538051000001,-3.364,-4.064,-34.194,0
1398294496106,41765436677000,171538051000001,-3.364,-4.064,-34.194,0
1398294496116,41765446656000,171538051000001,-3.364,-4.064,-34.194,0
1398294496127,41765456727000,171538051000001,-3.364,-4.064,-34.194,0
1398294496137,41765466706000,171538051000001,-3.364,-4.064,-34.194,0
1398294496147,41765476747000,171538051000001,-3.364,-4.064,-34.194,0
1398294496157,41765486726000,171538051000001,-3.364,-4.064,-34.194,0
1398294496167,41765496766000,171538051000001,-3.364,-4.374,-34.194,0
1398294496177,41765506745000,171538051000001,-3.364,-4.374,-34.194,0
1398294496187,41765516786000,171538051000001,-3.364,-4.374,-34.194,0
1398294496197,41765526765000,171538051000001,-3.364,-4.374,-34.194,0
1398294496207,41765536805000,171538051000001,-3.364,-4.374,-34.194,0
1398294496217,41765546968000,171538051000001,-3.364,-4.374,-34.194,0
1398294496232,41765560945000,171538051000001,-3.364,-4.374,-34.194,0
1398294496240,41765569428000,171538051000001,-3.364,-4.374,-34.194,0
1398294496249,41765579286000,171538051000001,-3.364,-4.705,-34.194,0
1398294496263,41765592774000,171538051000001,-3.364,-4.705,-34.194,0
1398294496268,41765598481000,171538051000001,-3.364,-4.705,-34.194,0
1398294496283,41765613221000,171538051000001,-3.364,-4.705,-34.194,0
1398294496287,41765617097000,171538051000001,-3.056,-4.705,-34.194,0
1398294496305,41765631196000,171538051000001,-3.056,-4.705,-34.194,0
1398294496307,41765636903000,171538051000001,-3.056,-4.705,-34.194,0
1398294496318,41765647615000,171538051000001,-3.056,-5.041,-34.194,0
1398294496332,41765656983000,171538051000001,-3.056,-5.041,-34.194,0
1398294496339,41765668550000,171538051000001,-3.056,-5.041,-34.194,0
1398294496353,41765677003000,171538051000001,-3.056,-5.041,-34.194,0
1398294496357,41765686952000,171538051000001,-2.708,-5.041,-34.194,0
1398294496367,41765696992000,171538051000001,-2.708,-5.041,-34.194,0
1398294496379,41765707246000,171538051000001,-2.708,-5.041,-34.194,0
1398294496392,41765720735000,171538051000001,-2.708,-5.041,-34.194,0
1398294496404,41765733064000,171538051000001,-2.708,-5.041,-34.194,0
1398294496410,41765738771000,171538051000001,-2.708,-5.041,-34.194,0
1398294496419,41765747071000,171538051000001,-2.708,-5.041,-34.194,0
1398294496432,41765757081000,171538051000001,-2.708,-5.041,-34.194,0
1398294496437,41765767030000,171538051000001,-2.708,-5.041,-34.194,0
1398294496454,41765777070000,171538051000001,-2.708,-5.041,-34.194,0
1398294496457,41765787080000,171538051000001,-2.708,-5.041,-34.194,0
1398294496467,41765797090000,171538051000001,-2.403,-5.041,-34.194,0
1398294496479,41765807069000,171538051000001,-2.403,-5.041,-34.194,0
1398294496487,41765817109000,171538051000001,-2.403,-5.041,-34.194,0
1398294496497,41765827088000,171538051000001,-2.403,-5.041,-33.882,0
1398294496507,41765837098000,171538051000001,-2.403,-5.041,-33.882,0
1398294496517,41765847108000,171538051000001,-2.403,-5.041,-33.882,0
1398294496527,41765857148000,171538051000001,-2.403,-5.041,-33.882,0
1398294496537,41765867127000,171538051000001,-2.403,-5.041,-33.882,0
1398294496547,41765877137000,171538051000001,-2.072,-5.041,-33.882,0
1398294496557,41765887147000,171538051000001,-2.072,-5.041,-33.882,0
1398294496567,41765897187000,171538051000001,-2.072,-5.041,-33.882,0
1398294496577,41765907167000,171538051000001,-2.072,-5.041,-33.882,0
1398294496589,41765918733000,171538051000001,-2.072,-5.041,-33.882,0
1398294496598,41765927217000,171538051000001,-2.072,-5.041,-33.882,0
1398294496607,41765937196000,171538051000001,-2.072,-5.041,-33.882,0
1398294496617,41765947206000,171538051000001,-2.072,-5.041,-33.882,0
1398294496627,41765957246000,171538051000001,-2.072,-5.041,-33.882,0
1398294496637,41765967225000,171538051000001,-2.072,-5.041,-33.882,0
1398294496647,41765977235000,171538051000001,-2.072,-5.041,-33.882,0
1398294496657,41765987367000,171538051000001,-2.072,-5.041,-33.882,0
1398294496667,41765997224000,171538051000001,-2.072,-5.041,-33.882,0
1398294496677,41766007203000,171538051000001,-2.072,-5.041,-33.882,0
1398294496691,41766017274000,171538051000001,-2.072,-5.041,-33.882,0
1398294496699,41766027406000,171538051000001,-2.072,-5.041,-33.882,0
1398294496708,41766037263000,171538051000001,-2.072,-5.041,-33.882,0
1398294496717,41766047273000,171538051000001,-2.072,-5.041,-33.882,0
1398294496727,41766057283000,171538051000001,-2.072,-5.041,-33.882,0
1398294496737,41766067262000,171538051000001,-2.072,-5.041,-33.882,0
1398294496747,41766077302000,171538051000001,-2.072,-5.041,-34.196,0
1398294496759,41766087281000,171538051000001,-2.072,-5.041,-34.196,0
1398294496769,41766098908000,171538051000001,-2.072,-5.041,-34.196,0
1398294496777,41766107362000,171538051000001,-2.072,-5.041,-34.196,0
1398294496787,41766117341000,171538051000001,-2.072,-5.041,-34.196,0
1398294496797,41766127320000,171538051000001,-2.072,-5.041,-34.196,0
1398294496807,41766137361000,171538051000001,-2.072,-5.041,-34.196,0
1398294496817,41766147340000,171538051000001,-2.072,-5.041,-34.196,0
1398294496827,41766157380000,171538051000001,-2.072,-5.041,-34.196,0
1398294496840,41766167390000,171538051000001,-2.072,-5.041,-34.196,0
1398294496847,41766177400000,171538051000001,-2.072,-5.041,-34.196,0
1398294496857,41766187379000,171538051000001,-2.072,-5.041,-34.196,0
1398294496867,41766197419000,171538051000001,-2.072,-5.041,-34.196,0
1398294496878,41766207429000,171538051000001,-2.072,-5.041,-34.196,0
1398294496887,41766217439000,171538051000001,-2.426,-5.041,-34.196,0
1398294496898,41766227449000,171538051000001,-2.426,-5.041,-34.196,0
1398294496909,41766237458000,171538051000001,-2.426,-5.041,-34.196,0
1398294496917,41766247499000,171538051000001,-2.426,-5.041,-34.196,0
1398294496927,41766257478000,171538051000001,-2.426,-5.041,-34.196,0
1398294496937,41766267518000,171538051000001,-2.426,-5.041,-33.883,0
1398294496952,41766279054000,171538051000001,-2.426,-5.041,-33.883,0
1398294496964,41766287599000,171538051000001,-2.426,-5.041,-33.883,0
1398294496967,41766297547000,171538051000001,-2.426,-5.041,-33.883,0
1398294496977,41766307557000,171538051000001,-2.426,-5.041,-33.883,0
1398294496988,41766317536000,171538051000001,-2.426,-5.041,-33.883,0
1398294496998,41766327577000,171538051000001,-2.426,-5.041,-33.883,0
1398294497008,41766337586000,171538051000001,-2.426,-5.041,-33.883,0
1398294497018,41766348085000,171538051000001,-2.426,-5.343,-33.883,0
1398294497029,41766357575000,171538051000001,-2.426,-5.343,-33.883,0
1398294497037,41766367616000,171538051000001,-2.426,-5.343,-33.883,0
1398294497048,41766377626000,171538051000001,-2.426,-5.343,-33.883,0
1398294497059,41766387635000,171538051000001,-2.426,-5.343,-33.883,0
1398294497068,41766397615000,171538051000001,-2.426,-5.702,-33.883,0
1398294497078,41766407655000,171538051000001,-2.426,-5.702,-33.883,0
1398294497088,41766417634000,171538051000001,-2.426,-5.702,-33.883,0
1398294497098,41766427857000,171538051000001,-2.12,-5.702,-33.883,0
1398294497109,41766437654000,171538051000001,-2.12,-5.702,-33.883,0
1398294497118,41766447694000,171538051000001,-2.12,-6.036,-33.883,0
1398294497129,41766459230000,171538051000001,-2.12,-6.036,-33.883,0
1398294497138,41766467744000,171538051000001,-2.12,-6.036,-33.883,0
1398294497148,41766477693000,171538051000001,-2.12,-6.036,-33.883,0
1398294497159,41766487733000,171538051000001,-2.12,-6.036,-33.883,0
1398294497171,41766497743000,171538051000001,-2.12,-6.036,-33.883,0
1398294497178,41766507752000,171538051000001,-2.12,-6.036,-33.883,0
1398294497188,41766517762000,171538051000001,-2.12,-6.036,-33.883,0
1398294497198,41766527772000,171538051000001,-2.12,-6.036,-33.883,0
1398294497208,41766537751000,171538051000001,-2.12,-6.036,-33.883,0
1398294497218,41766547792000,171538051000001,-2.12,-6.036,-33.883,0
1398294497228,41766557771000,171538051000001,-2.12,-6.036,-33.883,0
1398294497238,41766567811000,171538051000001,-2.12,-6.036,-33.883,0
1398294497248,41766577790000,171538051000001,-2.481,-6.036,-33.883,0
1398294497258,41766587800000,171538051000001,-2.481,-6.036,-33.883,0
1398294497268,41766597810000,171538051000001,-2.481,-6.036,-33.883,0
1398294497278,41766607850000,171538051000001,-2.481,-6.036,-33.883,0
1398294497288,41766617860000,171538051000001,-2.481,-6.036,-33.883,0
1398294497298,41766627870000,171538051000001,-2.481,-6.036,-33.883,0
1398294497309,41766639405000,171538051000001,-2.836,-5.723,-33.883,0
1398294497320,41766650514000,171538051000001,-2.836,-5.723,-33.883,0
1398294497328,41766657868000,171538051000001,-2.836,-5.723,-33.883,0
1398294497338,41766667909000,171538051000001,-2.836,-5.723,-33.883,0
1398294497348,41766677888000,171538051000001,-2.836,-5.723,-33.883,0
1398294497358,41766687928000,171538051000001,-2.836,-5.723,-33.883,0
1398294497368,41766697908000,171538051000001,-2.836,-5.723,-33.883,0
1398294497378,41766707948000,171538051000001,-2.836,-5.723,-33.883,0
1398294497388,41766717927000,171538051000001,-2.836,-5.374,-33.883,0
1398294497398,41766727967000,171538051000001,-2.836,-5.374,-33.883,0
1398294497408,41766737947000,171538051000001,-2.836,-5.374,-33.883,0
1398294497418,41766747956000,171538051000001,-2.836,-5.374,-33.883,0
1398294497428,41766757966000,171538051000001,-2.836,-5.374,-33.883,0
1398294497438,41766768067000,171538051000001,-2.836,-5.374,-33.883,0
1398294497448,41766777986000,171538051000001,-2.836,-5.374,-33.883,0
1398294497458,41766788026000,171538051000001,-2.836,-5.374,-33.883,0
1398294497468,41766798005000,171538051000001,-2.836,-5.374,-33.883,0
1398294497478,41766808045000,171538051000001,-2.836,-5.374,-33.883,0
1398294497490,41766819581000,171538051000001,-2.836,-5.374,-33.883,0
1398294497498,41766828095000,171538051000001,-2.836,-5.374,-33.883,0
1398294497508,41766838044000,171538051000001,-2.836,-5.374,-33.883,0
1398294497518,41766848085000,171538051000001,-2.836,-5.374,-33.883,0
1398294497528,41766858064000,171538051000001,-2.836,-5.374,-33.883,0
1398294497538,41766868287000,171538051000001,-2.836,-5.374,-33.883,0
1398294497548,41766878083000,171538051000001,-2.836,-5.374,-33.883,0
1398294497558,41766888124000,171538051000001,-2.836,-5.374,-33.883,0
1398294497568,41766898103000,171538051000001,-2.836,-5.374,-33.883,0
1398294497578,41766908143000,171538051000001,-2.836,-5.374,-33.883,0
1398294497588,41766918122000,171538051000001,-2.836,-5.374,-33.883,0
1398294497598,41766928163000,171538051000001,-2.836,-5.374,-33.883,0
1398294497608,41766938142000,171538051000001,-2.836,-5.374,-33.883,0
1398294497618,41766948182000,171538051000001,-2.836,-5.374,-33.883,0
1398294497628,41766958161000,171538051000001,-2.836,-5.374,-33.883,0
1398294497646,41766968202000,171538051000001,-2.836,-5.374,-33.883,0
1398294497651,41766978211000,171538051000001,-2.836,-5.374,-33.883,0
1398294497668,41766988252000,171538051000001,-2.836,-5.374,-33.883,0
1398294497674,41766999757000,171538051000001,-2.836,-5.374,-33.883,0
1398294497679,41767008271000,171538051000001,-2.836,-5.374,-33.883,0
1398294497690,41767018220000,171538051000001,-2.836,-5.374,-33.883,0
1398294497698,41767028291000,171538051000001,-2.836,-5.374,-33.883,0
1398294497708,41767038240000,171538051000001,-2.836,-5.374,-33.883,0
1398294497718,41767048280000,171538051000001,-2.836,-5.072,-33.883,0
1398294497728,41767058259000,171538051000001,-2.836,-5.072,-33.883,0
1398294497738,41767068269000,171538051000001,-2.836,-5.072,-33.883,0
1398294497748,41767078279000,171538051000001,-2.836,-5.072,-33.883,0
1398294497758,41767088288000,171538051000001,-2.836,-5.072,-33.883,0
1398294497768,41767098329000,171538051000001,-2.836,-5.072,-33.883,0
1398294497778,41767108338000,171538051000001,-2.836,-5.072,-33.883,0
1398294497788,41767118318000,171538051000001,-2.836,-5.072,-33.883,0
1398294497798,41767128327000,171538051000001,-2.836,-5.072,-33.883,0
1398294497808,41767138307000,171538051000001,-2.836,-5.072,-33.883,0
1398294497818,41767148347000,171538051000001,-2.836,-5.072,-33.883,0
1398294497828,41767158326000,171538051000001,-2.836,-5.072,-33.883,0
1398294497839,41767168366000,171538051000001,-3.158,-5.072,-33.883,0
1398294497850,41767179933000,171538051000001,-3.158,-5.072,-33.883,0
1398294497858,41767188447000,171538051000001,-3.158,-5.072,-33.883,0
1398294497868,41767198365000,171538051000001,-3.158,-5.072,-33.883,0
1398294497879,41767208436000,171538051000001,-3.158,-5.072,-33.883,0
1398294497888,41767218415000,171538051000001,-3.158,-5.072,-33.883,0
1398294497898,41767228425000,171538051000001,-3.158,-5.072,-33.883,0
1398294497908,41767238435000,171538051000001,-3.158,-5.072,-33.883,0
1398294497918,41767248414000,171538051000001,-3.158,-5.072,-33.883,0
1398294497928,41767258454000,171538051000001,-3.158,-5.072,-33.883,0
1398294497938,41767268434000,171538051000001,-3.158,-5.072,-33.883,0
1398294497948,41767278474000,171538051000001,-3.158,-5.072,-33.883,0
1398294497958,41767288484000,171538051000001,-3.158,-5.072,-33.883,0
1398294497968,41767298493000,171538051000001,-3.158,-5.072,-33.883,0
1398294497979,41767308778000,171538051000001,-3.158,-5.072,-33.883,0
1398294497988,41767318513000,171538051000001,-3.158,-5.072,-33.883,0
1398294497999,41767328614000,171538051000001,-3.158,-5.072,-33.883,0
1398294498008,41767338533000,171538051000001,-3.158,-5.072,-33.883,0
1398294498018,41767348573000,171538051000001,-3.158,-5.072,-33.883,0
1398294498031,41767360108000,171538051000001,-3.158,-5.072,-33.883,0
1398294498038,41767368623000,171538051000001,-3.158,-5.072,-33.883,0
1398294498048,41767378572000,171538051000001,-3.158,-5.072,-33.883,0
1398294498058,41767388612000,171538051000001,-3.158,-5.072,-33.883,0
1398294498068,41767398591000,171538051000001,-3.158,-5.072,-33.883,0
1398294498079,41767408631000,171538051000001,-3.158,-5.072,-33.883,0
1398294498089,41767418611000,171538051000001,-3.158,-5.072,-33.883,0
1398294498099,41767428651000,171538051000001,-3.158,-5.072,-33.883,0
1398294498109,41767438630000,171538051000001,-3.158,-5.072,-33.883,0
1398294498118,41767448670000,171538051000001,-3.158,-5.072,-33.883,0
1398294498128,41767458650000,171538051000001,-3.158,-4.766,-33.883,0
1398294498139,41767468690000,171538051000001,-3.158,-4.766,-33.883,0
1398294498150,41767478669000,171538051000001,-3.158,-4.766,-33.883,0
1398294498159,41767488740000,171538051000001,-3.158,-4.766,-33.883,0
1398294498169,41767498689000,171538051000001,-3.503,-4.766,-33.883,0
1398294498179,41767508729000,171538051000001,-3.503,-4.766,-33.883,0
1398294498190,41767518708000,171538051000001,-3.503,-4.766,-33.883,0
1398294498199,41767528718000,171538051000001,-3.503,-4.766,-33.883,0
1398294498210,41767540254000,171538051000001,-3.503,-4.766,-33.883,0
1398294498219,41767548768000,171538051000001,-3.503,-4.766,-33.883,0
1398294498229,41767558747000,171538051000001,-3.503,-4.766,-33.883,0
1398294498239,41767568757000,171538051000001,-3.808,-4.766,-33.883,0
1398294498250,41767578767000,171538051000001,-3.808,-4.766,-33.883,0
1398294498260,41767588807000,171538051000001,-3.808,-4.766,-33.883,0
1398294498269,41767598756000,171538051000001,-3.808,-4.766,-33.883,0
1398294498279,41767608827000,171538051000001,-3.808,-4.438,-33.883,0
1398294498289,41767618806000,171538051000001,-3.808,-4.438,-33.883,0
1398294498299,41767628816000,171538051000001,-4.144,-4.438,-33.883,0
1398294498309,41767638795000,171538051000001,-4.144,-4.438,-33.883,0
1398294498319,41767648835000,171538051000001,-4.144,-4.438,-33.883,0
1398294498329,41767658814000,171538051000001,-4.144,-4.438,-33.883,0
1398294498339,41767668824000,171538051000001,-4.144,-4.438,-33.883,0
1398294498349,41767678834000,171538051000001,-4.144,-4.438,-33.883,0
1398294498359,41767688813000,171538051000001,-4.144,-4.438,-33.883,0
1398294498370,41767698854000,171538051000001,-4.144,-4.438,-33.883,0
1398294498384,41767708894000,171538051000001,-4.144,-4.438,-33.883,0
1398294498395,41767720460000,171538051000001,-4.144,-4.438,-33.883,0
1398294498399,41767728974000,171538051000001,-4.144,-4.438,-33.883,0
1398294498410,41767738923000,171538051000001,-4.144,-4.438,-33.883,0
1398294498422,41767749116000,171538051000001,-4.144,-4.438,-33.883,0
1398294498429,41767758943000,171538051000001,-4.144,-4.438,-33.883,0
1398294498439,41767768952000,171538051000001,-4.144,-4.438,-33.883,0
1398294498449,41767778932000,171538051000001,-4.144,-4.438,-33.883,0
1398294498459,41767788972000,171538051000001,-4.144,-4.438,-33.883,0
1398294498469,41767798982000,171538051000001,-4.144,-4.438,-33.883,0
1398294498479,41767808991000,171538051000001,-4.144,-4.438,-33.883,0
1398294498489,41767819001000,171538051000001,-4.144,-4.438,-33.883,0
1398294498499,41767829011000,171538051000001,-4.144,-4.438,-33.883,0
1398294498509,41767838990000,171538051000001,-4.144,-4.438,-33.883,0
1398294498519,41767849031000,171538051000001,-4.144,-4.438,-33.883,0
1398294498529,41767859010000,171538051000001,-4.144,-4.438,-33.883,0
1398294498539,41767869050000,171538051000001,-4.144,-4.438,-33.883,0
1398294498553,41767879029000,171538051000001,-4.144,-4.438,-33.883,0
1398294498578,41767889100000,171538051000001,-4.144,-4.438,-33.883,0
1398294498580,41767900636000,171538051000001,-4.144,-4.438,-33.883,0
1398294498582,41767909211000,171538051000001,-4.144,-4.438,-33.883,0
1398294498589,41767919129000,171538051000001,-4.144,-4.438,-33.883,0
1398294498599,41767929170000,171538051000001,-4.144,-4.438,-33.883,0
1398294498609,41767939179000,171538051000001,-4.144,-4.438,-33.883,0
1398294498621,41767949159000,171538051000001,-4.144,-4.438,-33.883,0
1398294498629,41767959168000,171538051000001,-4.144,-4.438,-33.883,0
1398294498639,41767969178000,171538051000001,-4.144,-4.438,-33.883,0
1398294498649,41767979188000,171538051000001,-4.144,-4.438,-33.883,0
1398294498659,41767989228000,171538051000001,-4.144,-4.438,-33.883,0
1398294498670,41767999208000,171538051000001,-4.144,-4.438,-33.883,0
1398294498679,41768009248000,171538051000001,-4.144,-4.438,-33.883,0
1398294498689,41768019227000,171538051000001,-4.144,-4.438,-33.883,0
1398294498699,41768029237000,171538051000001,-4.144,-4.438,-33.883,0
1398294498709,41768039216000,171538051000001,-4.144,-4.438,-33.883,0
1398294498719,41768049256000,171538051000001,-4.144,-4.438,-33.883,0
1398294498729,41768059236000,171538051000001,-4.144,-4.438,-33.883,0
1398294498739,41768069306000,171538051000001,-4.144,-4.438,-33.883,0
1398294498751,41768080812000,171538051000001,-4.479,-4.438,-33.883,0
1398294498759,41768089356000,171538051000001,-4.479,-4.124,-33.883,0
1398294498769,41768099275000,171538051000001,-4.479,-4.124,-33.883,0
1398294498779,41768109315000,171538051000001,-4.479,-4.124,-33.883,0
1398294498792,41768119325000,171538051000001,-4.479,-4.124,-33.883,0
1398294498799,41768129335000,171538051000001,-4.479,-4.124,-33.883,0
1398294498810,41768139344000,171538051000001,-4.479,-4.124,-33.883,0
1398294498821,41768149385000,171538051000001,-4.479,-4.124,-33.883,0
1398294498829,41768159333000,171538051000001,-4.479,-4.124,-33.883,0
1398294498839,41768169404000,171538051000001,-4.479,-4.124,-33.883,0
1398294498850,41768179414000,171538051000001,-4.479,-4.124,-33.883,0
1398294498860,41768189881000,171538051000001,-4.479,-4.124,-33.883,0
1398294498870,41768199403000,171538051000001,-4.479,-4.124,-33.883,0
1398294498879,41768209413000,171538051000001,-4.479,-4.124,-33.883,0
1398294498889,41768219392000,171538051000001,-4.479,-4.124,-33.883,0
1398294498899,41768229432000,171538051000001,-4.479,-4.124,-33.883,0
1398294498909,41768239442000,171538051000001,-4.479,-4.124,-33.883,0
1398294498921,41768249452000,171538051000001,-4.479,-4.124,-33.883,0
1398294498931,41768261018000,171538051000001,-4.479,-4.124,-33.883,0
1398294498939,41768269502000,171538051000001,-4.479,-4.124,-33.883,0
1398294498949,41768279450000,171538051000001,-4.142,-4.124,-33.883,0
1398294498959,41768289491000,171538051000001,-4.142,-4.124,-33.883,0
1398294498970,41768299470000,171538051000001,-4.142,-4.124,-33.883,0
1398294498979,41768309510000,171538051000001,-4.142,-4.124,-33.883,0
1398294498989,41768319520000,171538051000001,-4.142,-4.124,-33.883,0
1398294498999,41768329530000,171538051000001,-4.142,-4.124,-33.883,0
1398294499009,41768339509000,171538051000001,-4.142,-4.124,-33.883,0
1398294499020,41768349549000,171538051000001,-4.142,-4.124,-33.883,0
1398294499030,41768359559000,171538051000001,-4.142,-4.124,-33.883,0
1398294499040,41768369569000,171538051000001,-4.142,-4.124,-33.883,0
1398294499050,41768379548000,171538051000001,-4.142,-4.124,-33.883,0
1398294499060,41768389619000,171538051000001,-4.142,-4.124,-33.883,0
1398294499070,41768399629000,171538051000001,-4.142,-4.124,-33.883,0
1398294499080,41768409608000,171538051000001,-4.142,-4.432,-33.883,0
1398294499090,41768419587000,171538051000001,-3.811,-4.432,-33.883,0
1398294499099,41768429627000,171538051000001,-3.811,-4.432,-33.883,0
1398294499111,41768441163000,171538051000001,-3.811,-4.432,-33.883,0
1398294499120,41768449708000,171538051000001,-3.811,-4.432,-33.883,0
1398294499130,41768459657000,171538051000001,-3.811,-4.432,-33.883,0
1398294499140,41768469697000,171538051000001,-3.811,-4.432,-33.883,0
1398294499150,41768479676000,171538051000001,-3.811,-4.432,-33.883,0
1398294499160,41768489717000,171538051000001,-3.811,-4.432,-33.883,0
1398294499170,41768499665000,171538051000001,-3.811,-4.432,-33.883,0
1398294499180,41768509706000,171538051000001,-4.113,-4.432,-33.883,0
1398294499190,41768519685000,171538051000001,-4.113,-4.432,-33.883,0
1398294499200,41768529695000,171538051000001,-4.113,-4.432,-33.883,0
1398294499210,41768539674000,171538051000001,-4.113,-4.432,-33.883,0
1398294499221,41768549714000,171538051000001,-4.113,-4.432,-33.883,0
1398294499230,41768559754000,171538051000001,-4.113,-4.432,-33.883,0
1398294499240,41768569734000,171538051000001,-4.113,-4.119,-33.883,0
1398294499251,41768579713000,171538051000001,-4.113,-4.119,-33.883,0
1398294499260,41768589753000,171538051000001,-4.113,-4.119,-33.883,0
1398294499270,41768599732000,171538051000001,-4.113,-4.119,-33.883,0
1398294499280,41768609773000,171538051000001,-4.113,-4.119,-33.883,0
1398294499291,41768621308000,171538051000001,-4.113,-4.119,-33.883,0
1398294499300,41768629823000,171538051000001,-4.113,-4.119,-33.883,0
1398294499310,41768639772000,171538051000001,-4.113,-4.119,-33.883,0
1398294499320,41768649812000,171538051000001,-4.113,-4.119,-33.883,0
1398294499330,41768659822000,171538051000001,-4.113,-4.119,-33.883,0
1398294499340,41768669831000,171538051000001,-4.113,-4.119,-33.883,0
1398294499350,41768679811000,171538051000001,-4.113,-4.119,-33.883,0
1398294499360,41768689851000,171538051000001,-4.113,-4.119,-33.883,0
1398294499370,41768699830000,171538051000001,-4.113,-4.119,-33.883,0
1398294499380,41768709870000,171538051000001,-4.113,-4.119,-33.883,0
1398294499390,41768719850000,171538051000001,-4.113,-4.119,-33.883,0
1398294499400,41768729890000,171538051000001,-4.113,-4.119,-33.883,0
1398294499410,41768739869000,171538051000001,-4.113,-4.119,-33.883,0
1398294499420,41768749909000,171538051000001,-4.113,-4.119,-33.883,0
1398294499430,41768759889000,171538051000001,-3.793,-4.119,-33.883,0
1398294499440,41768769929000,171538051000001,-3.793,-4.119,-34.184,0
1398294499450,41768779908000,171538051000001,-3.793,-4.119,-34.184,0
1398294499460,41768789949000,171538051000001,-3.793,-4.119,-34.184,0
1398294499471,41768801484000,171538051000001,-3.793,-4.119,-34.184,0
1398294499480,41768809999000,171538051000001,-3.793,-4.119,-34.184,0
1398294499490,41768819947000,171538051000001,-3.793,-4.119,-34.184,0
1398294499502,41768829988000,171538051000001,-3.793,-4.119,-34.184,0
1398294499510,41768839967000,171538051000001,-3.793,-4.119,-34.184,0
1398294499522,41768850038000,171538051000001,-3.793,-4.119,-34.184,0
1398294499530,41768859986000,171538051000001,-3.793,-4.119,-34.184,0
1398294499540,41768870027000,171538051000001,-3.793,-4.119,-34.184,0
1398294499550,41768880006000,171538051000001,-3.793,-4.119,-34.184,0
1398294499560,41768890077000,171538051000001,-3.793,-4.119,-34.184,0
1398294499570,41768900117000,171538051000001,-3.793,-4.119,-34.184,0
1398294499581,41768910096000,171538051000001,-3.793,-4.119,-34.184,0
1398294499590,41768920106000,171538051000001,-3.793,-4.119,-34.184,0
1398294499600,41768930085000,171538051000001,-3.793,-4.119,-34.184,0
1398294499610,41768940064000,171538051000001,-3.793,-4.119,-34.184,0
1398294499622,41768950105000,171538051000001,-3.793,-4.119,-34.184,0
1398294499630,41768960115000,171538051000001,-3.793,-4.119,-34.184,0
1398294499640,41768970094000,171538051000001,-3.793,-4.119,-34.184,0
1398294499651,41768981629000,171538051000001,-3.793,-4.119,-34.184,0
1398294499660,41768990144000,171538051000001,-3.793,-3.819,-34.184,0
1398294499670,41769000123000,171538051000001,-3.793,-3.819,-34.184,0
1398294499680,41769010163000,171538051000001,-3.793,-3.819,-34.184,0
1398294499690,41769020143000,171538051000001,-3.793,-3.819,-34.184,0
1398294499710,41769030213000,171538051000001,-3.793,-3.819,-34.184,0
1398294499712,41769040223000,171538051000001,-3.793,-3.819,-34.184,0
1398294499720,41769050202000,171538051000001,-3.793,-3.819,-34.184,0
1398294499730,41769060182000,171538051000001,-3.793,-3.819,-34.184,0
1398294499740,41769070222000,171538051000001,-3.793,-3.819,-34.184,0
1398294499751,41769080201000,171538051000001,-3.793,-3.819,-34.184,0
1398294499760,41769090241000,171538051000001,-3.793,-3.819,-34.184,0
1398294499770,41769100221000,171538051000001,-3.793,-3.819,-34.184,0
1398294499780,41769110261000,171538051000001,-3.793,-3.819,-34.184,0
1398294499790,41769120240000,171538051000001,-3.793,-3.819,-34.184,0
1398294499800,41769130494000,171538051000001,-3.793,-3.819,-34.184,0
1398294499812,41769140260000,171538051000001,-3.793,-3.819,-34.184,0
1398294499821,41769150910000,171538051000001,-3.793,-3.819,-34.184,0
1398294499833,41769161836000,171538051000001,-3.793,-3.819,-34.184,0
1398294499840,41769170350000,171538051000001,-3.793,-3.819,-34.184,0
1398294499850,41769180299000,171538051000001,-3.793,-3.819,-34.184,0
1398294499860,41769190309000,171538051000001,-3.793,-3.819,-34.184,0
1398294499870,41769200318000,171538051000001,-3.793,-3.819,-34.184,0
1398294499880,41769210328000,171538051000001,-3.793,-3.819,-34.184,0
1398294499890,41769220307000,171538051000001,-3.793,-3.819,-34.184,0
1398294499900,41769230348000,171538051000001,-3.793,-3.819,-34.184,0
1398294499910,41769240388000,171538051000001,-3.793,-3.819,-34.184,0
1398294499921,41769250550000,171538051000001,-3.793,-3.819,-34.184,0
1398294499931,41769260469000,171538051000001,-3.793,-3.819,-34.184,0
1398294499943,41769270448000,171538051000001,-3.793,-3.819,-34.184,0
1398294499950,41769280397000,171538051000001,-3.793,-3.819,-34.184,0
1398294499960,41769290406000,171538051000001,-4.098,-3.819,-34.184,0
1398294499970,41769300386000,171538051000001,-4.098,-3.819,-34.184,0
1398294499980,41769310426000,171538051000001,-4.098,-3.819,-33.874,0
1398294499991,41769320436000,171538051000001,-4.098,-3.819,-33.874,0
1398294500008,41769330445000,171538051000001,-4.098,-3.819,-33.874,0
1398294500012,41769342012000,171538051000001,-4.437,-3.819,-33.874,0
1398294500020,41769350526000,171538051000001,-4.437,-3.819,-33.874,0
1398294500030,41769360444000,171538051000001,-4.437,-3.819,-33.874,0
1398294500040,41769370484000,171538051000001,-4.437,-3.819,-33.874,0
1398294500050,41769380494000,171538051000001,-4.437,-3.819,-33.874,0
1398294500060,41769390504000,171538051000001,-4.437,-3.819,-33.874,0
1398294500072,41769400483000,171538051000001,-4.437,-3.819,-33.874,0
1398294500081,41769410554000,171538051000001,-4.437,-3.819,-33.874,0
1398294500090,41769420533000,171538051000001,-4.437,-3.819,-33.874,0
1398294500101,41769430818000,171538051000001,-4.437,-3.819,-33.874,0
1398294500111,41769440553000,171538051000001,-4.437,-3.819,-33.874,0
1398294500121,41769450593000,171538051000001,-4.437,-3.819,-33.874,0
1398294500131,41769460572000,171538051000001,-4.437,-3.819,-33.874,0
1398294500141,41769470582000,171538051000001,-4.437,-3.819,-33.874,0
1398294500151,41769480592000,171538051000001,-4.437,-3.819,-33.874,0
1398294500161,41769490632000,171538051000001,-4.437,-3.819,-33.874,0
1398294500171,41769500611000,171538051000001,-4.437,-3.819,-33.874,0
1398294500181,41769510804000,171538051000001,-4.437,-3.819,-33.874,0
1398294500192,41769522157000,171538051000001,-4.437,-3.819,-33.874,0
1398294500200,41769530702000,171538051000001,-4.437,-3.819,-33.874,0
1398294500210,41769540620000,171538051000001,-4.437,-3.819,-33.874,0
1398294500220,41769550660000,171538051000001,-4.116,-3.819,-33.874,0
1398294500230,41769560639000,171538051000001,-4.116,-3.819,-33.874,0
1398294500240,41769570680000,171538051000001,-4.116,-4.118,-33.874,0
1398294500250,41769580659000,171538051000001,-4.116,-4.118,-33.874,0
1398294500260,41769590699000,171538051000001,-4.116,-4.118,-33.874,0
1398294500271,41769600801000,171538051000001,-4.116,-4.118,-33.874,0
1398294500281,41769610719000,171538051000001,-4.116,-4.118,-33.874,0
1398294500291,41769620729000,171538051000001,-3.81,-4.118,-33.874,0
1398294500301,41769630738000,171538051000001,-3.81,-4.118,-33.874,0
1398294500310,41769640718000,171538051000001,-3.81,-4.118,-33.874,0
1398294500320,41769650758000,171538051000001,-3.81,-4.118,-33.874,0
1398294500330,41769660768000,171538051000001,-3.81,-4.118,-33.874,0
1398294500340,41769670777000,171538051000001,-3.81,-4.118,-33.874,0
1398294500350,41769680757000,171538051000001,-3.81,-4.118,-33.874,0
1398294500361,41769690797000,171538051000001,-3.81,-4.118,-33.874,0
1398294500372,41769702394000,171538051000001,-3.81,-4.118,-33.874,0
1398294500381,41769710877000,171538051000001,-3.81,-4.118,-33.874,0
1398294500396,41769725587000,171538051000001,-3.81,-4.118,-33.874,0
1398294500401,41769730866000,171538051000001,-3.81,-4.118,-33.874,0
1398294500411,41769740846000,171538051000001,-3.81,-4.118,-33.874,0
1398294500421,41769750886000,171538051000001,-3.81,-4.118,-33.874,0
1398294500431,41769760865000,171538051000001,-3.81,-4.118,-33.874,0
1398294500441,41769770906000,171538051000001,-3.81,-4.118,-33.874,0
1398294500451,41769780885000,171538051000001,-3.81,-4.118,-33.874,0
1398294500461,41769790925000,171538051000001,-3.81,-4.118,-33.874,0
1398294500471,41769800904000,171538051000001,-3.81,-4.118,-33.874,0
1398294500481,41769810945000,171538051000001,-3.81,-4.118,-33.874,0
1398294500491,41769820924000,171538051000001,-3.81,-4.118,-33.874,0
1398294500501,41769830964000,171538051000001,-3.81,-4.118,-33.874,0
1398294500511,41769840943000,171538051000001,-3.81,-4.118,-33.874,0
1398294500524,41769851899000,171538051000001,-3.81,-4.118,-33.874,0
1398294500535,41769864533000,171538051000001,-3.81,-4.118,-33.874,0
1398294500545,41769874543000,171538051000001,-3.81,-4.118,-33.874,0
1398294500555,41769884675000,171538051000001,-3.81,-4.421,-33.874,0
1398294500565,41769894593000,171538051000001,-3.81,-4.421,-33.874,0
1398294500573,41769902619000,171538051000001,-3.81,-4.421,-33.874,0
1398294500585,41769914643000,171538051000001,-3.81,-4.421,-33.874,0
1398294500595,41769924562000,171538051000001,-3.81,-4.421,-33.874,0
1398294500604,41769933717000,171538051000001,-3.81,-4.421,-33.874,0
1398294500618,41769947755000,171538051000001,-3.81,-4.421,-33.874,0
1398294500623,41769952699000,171538051000001,-3.81,-4.421,-33.874,0
1398294500635,41769964570000,171538051000001,-3.81,-4.421,-33.874,0
1398294500645,41769974641000,171538051000001,-3.81,-4.421,-33.874,0
1398294500652,41769981141000,171538051000001,-3.81,-4.421,-33.874,0
1398294500663,41769992738000,171538051000001,-3.81,-4.421,-33.874,0
1398294500672,41770001130000,171538051000001,-3.81,-4.421,-33.874,0
1398294500686,41770011170000,171538051000001,-3.81,-4.421,-33.874,0
1398294500691,41770021150000,171538051000001,-3.81,-4.421,-33.874,0
1398294500712,41770031159000,171538051000001,-3.81,-4.421,-33.874,0
1398294500725,41770041200000,171538051000001,-3.81,-4.421,-33.874,0
1398294500726,41770051576000,171538051000001,-3.81,-4.421,-33.874,0
1398294500735,41770062745000,171538051000001,-3.81,-4.421,-33.874,0
1398294500747,41770071290000,171538051000001,-3.81,-4.421,-33.874,0
1398294500753,41770081239000,171538051000001,-3.81,-4.421,-33.874,0
1398294500765,41770091249000,171538051000001,-3.81,-4.421,-33.874,0
1398294500771,41770101228000,171538051000001,-3.81,-4.421,-33.874,0
1398294500789,41770111238000,171538051000001,-3.81,-4.421,-33.874,0
1398294500791,41770121247000,171538051000001,-3.81,-4.421,-33.874,0
1398294500801,41770131257000,171538051000001,-3.81,-4.421,-33.874,0
1398294500811,41770141236000,171538051000001,-3.81,-4.421,-33.874,0
1398294500821,41770151277000,171538051000001,-3.81,-4.421,-33.874,0
1398294500832,41770161256000,171538051000001,-3.81,-4.421,-33.874,0
1398294500841,41770171296000,171538051000001,-3.81,-4.421,-33.874,0
1398294500852,41770182283000,171538051000001,-3.81,-4.421,-33.874,0
1398294500867,41770197602000,171538051000001,-3.81,-4.765,-33.874,0
1398294500874,41770204072000,171538051000001,-3.436,-4.765,-33.874,0
1398294500887,41770217591000,171538051000001,-3.436,-4.765,-33.874,0
1398294500893,41770223420000,171538051000001,-3.436,-4.765,-33.874,0
1398294500905,41770234864000,171538051000001,-3.436,-4.765,-33.874,0
1398294500915,41770244935000,171538051000001,-3.082,-4.765,-33.874,0
1398294500925,41770254853000,171538051000001,-3.082,-5.113,-33.874,0
1398294500935,41770264863000,171538051000001,-3.082,-5.113,-33.874,0
1398294500948,41770277833000,171538051000001,-3.082,-5.113,-33.874,0
1398294500952,41770282289000,171538051000001,-2.763,-5.113,-33.874,0
1398294500968,41770297730000,171538051000001,-2.763,-5.113,-33.874,0
1398294500974,41770304139000,171538051000001,-2.763,-5.113,-33.874,0
1398294500988,41770317689000,171538051000001,-2.763,-5.113,-33.874,0
1398294500994,41770323915000,171538051000001,-2.763,-5.113,-33.874,0
1398294501011,41770341218000,171538051000001,-2.763,-5.113,-33.874,0
1398294501014,41770343019000,171538051000001,-2.763,-5.113,-33.874,0
1398294501022,41770351472000,171538051000001,-2.763,-5.113,-33.874,0
1398294501034,41770363984000,171538051000001,-2.763,-5.113,-33.874,0
1398294501044,41770373506000,171538051000001,-2.763,-5.113,-33.874,0
1398294501055,41770384980000,171538051000001,-2.763,-5.113,-33.874,0
1398294501065,41770394929000,171538051000001,-2.763,-5.113,-33.874,0
1398294501074,41770404145000,171538051000001,-2.763,-5.453,-33.874,0
1398294501085,41770415071000,171538051000001,-2.763,-5.453,-33.874,0
1398294501094,41770424104000,171538051000001,-2.763,-5.453,-33.874,0
1398294501105,41770434815000,171538051000001,-2.763,-5.453,-33.874,0
1398294501114,41770444154000,171538051000001,-2.763,-5.453,-33.874,0
1398294501125,41770455293000,171538051000001,-2.763,-5.453,-33.874,0
1398294501137,41770467439000,171538051000001,-2.763,-5.453,-33.874,0
1398294501144,41770474153000,171538051000001,-2.763,-5.453,-33.874,0
1398294501189,41770490083000,171538051000001,-2.763,-5.453,-33.874,0
1398294501191,41770491853000,171538051000001,-2.763,-5.453,-33.874,0
1398294501194,41770502717000,171538051000001,-2.763,-5.786,-33.874,0
1398294501198,41770511628000,171538051000001,-2.763,-5.786,-33.874,0
1398294501205,41770521638000,171538051000001,-2.763,-5.786,-33.874,0
1398294501207,41770531648000,171538051000001,-2.763,-5.786,-33.874,0
1398294501217,41770542359000,171538051000001,-2.763,-5.786,-33.874,0
1398294501223,41770551667000,171538051000001,-2.763,-5.786,-33.874,0
1398294501234,41770561708000,171538051000001,-2.763,-5.786,-33.874,0
1398294501244,41770573335000,171538051000001,-2.763,-6.098,-33.874,0
1398294501253,41770582643000,171538051000001,-2.763,-6.098,-33.874,0
1398294501267,41770593080000,171538051000001,-2.763,-6.098,-33.874,0
1398294501279,41770603517000,171538051000001,-2.763,-6.098,-33.569,0
1398294501297,41770611817000,171538051000001,-2.763,-6.098,-33.569,0
1398294501298,41770621736000,171538051000001,-2.763,-6.098,-33.569,0
1398294501304,41770631837000,171538051000001,-2.763,-6.098,-33.569,0
1398294501320,41770646119000,171538051000001,-2.763,-6.098,-33.569,0
1398294501322,41770651765000,171538051000001,-2.763,-6.098,-33.569,0
1398294501332,41770661775000,171538051000001,-2.763,-6.098,-33.569,0
1398294501343,41770671876000,171538051000001,-2.763,-6.098,-33.569,0
1398294501352,41770681855000,171538051000001,-2.763,-6.098,-33.569,0
1398294501364,41770691896000,171538051000001,-3.114,-6.098,-33.569,0
1398294501372,41770701844000,171538051000001,-3.114,-6.098,-33.569,0
1398294501382,41770711885000,171538051000001,-3.114,-6.098,-33.569,0
1398294501392,41770721894000,171538051000001,-3.114,-6.098,-33.569,0
1398294501403,41770732087000,171538051000001,-3.114,-6.098,-33.569,0
1398294501415,41770742036000,171538051000001,-3.456,-6.098,-33.569,0
1398294501422,41770751924000,171538051000001,-3.456,-6.098,-33.569,0
1398294501432,41770761933000,171538051000001,-3.456,-6.098,-33.569,0
1398294501442,41770771913000,171538051000001,-3.456,-6.098,-33.569,0
1398294501467,41770784242000,171538051000001,-3.456,-6.098,-33.569,0
1398294501468,41770791932000,171538051000001,-3.773,-6.098,-33.569,0
1398294501473,41770801942000,171538051000001,-3.773,-6.098,-33.569,0
1398294501492,41770811952000,171538051000001,-3.773,-6.098,-33.569,0
1398294501493,41770821931000,171538051000001,-3.773,-6.098,-33.569,0
1398294501502,41770831941000,171538051000001,-3.773,-6.098,-33.569,0
1398294501513,41770841920000,171538051000001,-3.773,-6.098,-33.569,0
1398294501522,41770851991000,171538051000001,-3.773,-6.098,-33.569,0
1398294501532,41770861970000,171538051000001,-3.773,-6.098,-33.569,0
1398294501542,41770872010000,171538051000001,-3.773,-5.783,-33.569,0
1398294501552,41770881990000,171538051000001,-3.773,-5.783,-33.569,0
1398294501564,41770891999000,171538051000001,-3.773,-5.783,-33.569,0
1398294501572,41770902040000,171538051000001,-3.773,-5.783,-33.569,0
1398294501583,41770912477000,171538051000001,-3.773,-5.783,-33.569,0
1398294501592,41770922029000,171538051000001,-3.773,-5.783,-33.569,0
1398294501602,41770932038000,171538051000001,-3.773,-5.783,-33.569,0
1398294501612,41770942048000,171538051000001,-3.773,-5.783,-33.569,0
1398294501622,41770952027000,171538051000001,-3.773,-5.783,-33.569,0
1398294501634,41770963533000,171538051000001,-3.773,-5.783,-33.569,0
1398294501642,41770972077000,171538051000001,-3.773,-5.783,-33.569,0
1398294501652,41770982026000,171538051000001,-3.453,-5.783,-33.569,0
1398294501662,41770992066000,171538051000001,-3.453,-5.783,-33.569,0
1398294501672,41771002046000,171538051000001,-3.453,-5.783,-33.569,0
1398294501685,41771012086000,171538051000001,-3.453,-5.783,-33.569,0
1398294501692,41771022065000,171538051000001,-3.453,-5.783,-33.569,0
1398294501702,41771032106000,171538051000001,-3.453,-5.783,-33.569,0
1398294501713,41771042085000,171538051000001,-3.453,-5.783,-33.569,0
1398294501722,41771052125000,171538051000001,-3.453,-5.783,-33.569,0
1398294501732,41771062135000,171538051000001,-3.453,-5.783,-33.569,0
1398294501742,41771072114000,171538051000001,-3.453,-5.783,-33.569,0
1398294501752,41771082124000,171538051000001,-3.453,-5.783,-33.569,0
1398294501762,41771092164000,171538051000001,-3.453,-5.783,-33.569,0
1398294501772,41771102143000,171538051000001,-3.453,-5.783,-33.569,0
1398294501782,41771112489000,171538051000001,-3.453,-5.783,-33.569,0
1398294501792,41771122163000,171538051000001,-3.453,-5.783,-33.569,0
1398294501802,41771132203000,171538051000001,-3.453,-5.783,-33.569,0
1398294501814,41771143739000,171538051000001,-3.453,-5.783,-33.569,0
1398294501822,41771152253000,171538051000001,-3.453,-5.783,-33.268,0
1398294501832,41771162202000,171538051000001,-3.453,-5.783,-33.268,0
1398294501842,41771172242000,171538051000001,-3.453,-5.783,-33.268,0
1398294501852,41771182221000,171538051000001,-3.762,-5.783,-33.268,0
1398294501862,41771192262000,171538051000001,-3.762,-5.783,-33.268,0
1398294501872,41771202272000,171538051000001,-3.762,-5.783,-33.268,0
1398294501882,41771212281000,171538051000001,-3.762,-5.783,-33.268,0
1398294501892,41771222261000,171538051000001,-3.762,-5.783,-33.268,0
1398294501902,41771232331000,171538051000001,-3.762,-5.783,-33.268,0
1398294501912,41771242311000,171538051000001,-3.762,-5.783,-33.268,0
1398294501922,41771252320000,171538051000001,-3.762,-5.783,-33.268,0
1398294501933,41771262300000,171538051000001,-3.762,-5.783,-33.268,0
1398294501943,41771272340000,171538051000001,-3.404,-5.783,-33.268,0
1398294501953,41771282319000,171538051000001,-3.404,-5.783,-33.268,0
1398294501964,41771292298000,171538051000001,-3.404,-5.783,-33.268,0
1398294501972,41771302339000,171538051000001,-3.404,-5.783,-33.268,0
1398294501982,41771312318000,171538051000001,-3.065,-5.783,-33.268,0
1398294501994,41771323915000,171538051000001,-3.065,-5.783,-33.641,0
1398294502002,41771332429000,171538051000001,-3.065,-5.783,-33.641,0
1398294502012,41771342439000,171538051000001,-2.687,-5.783,-33.641,0
1398294502022,41771352387000,171538051000001,-2.687,-5.783,-33.641,0
1398294502032,41771362428000,171538051000001,-2.687,-5.783,-33.641,0
1398294502044,41771372438000,171538051000001,-2.268,-5.783,-33.641,0
1398294502053,41771382814000,171538051000001,-2.268,-5.783,-33.641,0
1398294502062,41771392427000,171538051000001,-2.268,-5.783,-33.641,0
1398294502072,41771402497000,171538051000001,-2.268,-5.783,-33.944,0
1398294502082,41771412446000,171538051000001,-2.268,-5.783,-33.944,0
1398294502092,41771422486000,171538051000001,-1.937,-5.783,-33.944,0
1398294502102,41771432466000,171538051000001,-1.937,-5.783,-33.944,0
1398294502113,41771442536000,171538051000001,-1.937,-5.783,-33.944,0
1398294502122,41771452516000,171538051000001,-1.937,-5.783,-33.944,0
1398294502133,41771462556000,171538051000001,-1.937,-5.783,-33.944,0
1398294502143,41771472505000,171538051000001,-1.937,-5.471,-33.944,0
1398294502153,41771482789000,171538051000001,-1.937,-5.471,-33.944,0
1398294502163,41771492555000,171538051000001,-1.937,-5.471,-33.944,0
1398294502175,41771504121000,171538051000001,-1.937,-5.471,-33.944,0
1398294502183,41771512605000,171538051000001,-1.937,-5.471,-33.944,0
1398294502193,41771522584000,171538051000001,-1.937,-5.471,-33.944,0
1398294502203,41771532594000,171538051000001,-1.937,-5.471,-33.944,0
1398294502213,41771542634000,171538051000001,-1.937,-5.471,-33.944,0
1398294502222,41771552583000,171538051000001,-2.278,-5.471,-33.944,0
1398294502233,41771562623000,171538051000001,-2.278,-5.471,-33.944,0
1398294502242,41771572602000,171538051000001,-2.278,-5.471,-33.944,0
1398294502252,41771582643000,171538051000001,-2.278,-5.471,-33.944,0
1398294502263,41771592622000,171538051000001,-2.278,-5.471,-33.944,0
1398294502274,41771602693000,171538051000001,-2.278,-5.471,-33.944,0
1398294502283,41771612733000,171538051000001,-2.278,-5.471,-33.944,0
1398294502294,41771622651000,171538051000001,-2.278,-5.471,-33.944,0
1398294502303,41771632630000,171538051000001,-2.278,-5.471,-33.944,0
1398294502313,41771642671000,171538051000001,-2.278,-5.471,-33.944,0
1398294502322,41771652650000,171538051000001,-2.278,-5.471,-33.944,0
1398294502332,41771662660000,171538051000001,-2.278,-5.471,-33.944,0
1398294502343,41771672639000,171538051000001,-2.278,-5.471,-33.944,0
1398294502354,41771684236000,171538051000001,-2.278,-5.471,-33.944,0
1398294502363,41771692720000,171538051000001,-2.278,-5.471,-33.944,0
1398294502373,41771702729000,171538051000001,-1.95,-5.471,-33.944,0
1398294502383,41771712831000,171538051000001,-1.95,-5.471,-33.944,0
1398294502393,41771722901000,171538051000001,-1.95,-5.787,-33.944,0
1398294502403,41771732728000,171538051000001,-1.95,-5.787,-33.944,0
1398294502413,41771742738000,171538051000001,-1.95,-5.787,-33.944,0
1398294502423,41771752748000,171538051000001,-1.95,-5.787,-33.944,0
1398294502433,41771762788000,171538051000001,-1.649,-5.787,-33.944,0
1398294502445,41771772767000,171538051000001,-1.649,-5.787,-33.944,0
1398294502453,41771782807000,171538051000001,-1.649,-5.787,-33.944,0
1398294502463,41771792787000,171538051000001,-1.649,-5.787,-33.944,0
1398294502473,41771802796000,171538051000001,-1.649,-6.101,-33.944,0
1398294502483,41771812806000,171538051000001,-1.649,-6.101,-33.944,0
1398294502493,41771822816000,171538051000001,-1.649,-6.101,-33.944,0
1398294502504,41771832826000,171538051000001,-1.649,-6.101,-33.944,0
1398294502514,41771843110000,171538051000001,-1.649,-6.101,-33.944,0
1398294502523,41771852845000,171538051000001,-1.649,-6.101,-33.944,0
1398294502534,41771864442000,171538051000001,-1.649,-6.101,-33.944,0
1398294502543,41771872895000,171538051000001,-1.649,-6.101,-33.944,0
1398294502553,41771882905000,171538051000001,-1.649,-6.101,-33.944,0
1398294502563,41771892884000,171538051000001,-1.649,-6.101,-33.944,0
1398294502573,41771902925000,171538051000001,-1.649,-6.101,-33.944,0
1398294502583,41771912904000,171538051000001,-1.649,-6.101,-33.944,0
1398294502593,41771922944000,171538051000001,-1.649,-6.101,-33.944,0
1398294502603,41771932923000,171538051000001,-1.649,-6.101,-33.944,0
1398294502618,41771942964000,171538051000001,-1.649,-6.101,-33.944,0
1398294502623,41771952943000,171538051000001,-1.649,-5.776,-33.944,0
1398294502633,41771962983000,171538051000001,-1.982,-5.776,-33.944,0
1398294502643,41771972962000,171538051000001,-1.982,-5.776,-33.944,0
1398294502653,41771983003000,171538051000001,-1.982,-5.776,-33.944,0
1398294502663,41771992982000,171538051000001,-1.982,-5.473,-33.944,0
1398294502673,41772003022000,171538051000001,-1.982,-5.473,-33.944,0
1398294502683,41772013001000,171538051000001,-1.982,-5.473,-33.944,0
1398294502693,41772023011000,171538051000001,-1.982,-5.473,-33.944,0
1398294502703,41772032991000,171538051000001,-1.982,-5.473,-33.944,0
1398294502715,41772044587000,171538051000001,-2.291,-5.145,-33.944,0
1398294502723,41772053041000,171538051000001,-2.291,-5.145,-33.944,0
1398294502733,41772063050000,171538051000001,-2.291,-5.145,-33.944,0
1398294502743,41772073030000,171538051000001,-2.291,-5.145,-33.944,0
1398294502753,41772083070000,171538051000001,-2.291,-5.145,-33.944,0
1398294502763,41772093080000,171538051000001,-2.291,-5.145,-33.944,0
1398294502773,41772103089000,171538051000001,-2.291,-5.145,-33.944,0
1398294502783,41772113069000,171538051000001,-2.291,-5.145,-33.944,0
1398294502793,41772123109000,171538051000001,-2.291,-5.145,-33.944,0
1398294502803,41772133088000,171538051000001,-2.291,-5.145,-33.944,0
1398294502813,41772143128000,171538051000001,-2.291,-5.145,-33.944,0
1398294502823,41772153108000,171538051000001,-2.291,-4.832,-33.944,0
1398294502833,41772163331000,171538051000001,-2.291,-4.832,-33.944,0
1398294502843,41772173127000,171538051000001,-2.291,-4.832,-33.944,0
1398294502853,41772183168000,171538051000001,-2.291,-4.832,-33.944,0
1398294502863,41772193147000,171538051000001,-2.291,-4.832,-33.944,0
1398294502894,41772203218000,171538051000001,-2.291,-4.832,-34.294,0
1398294502900,41772213197000,171538051000001,-2.291,-4.832,-34.294,0
1398294502902,41772224763000,171538051000001,-2.291,-4.832,-34.294,0
1398294502904,41772233247000,171538051000001,-2.291,-4.832,-34.294,0
1398294502913,41772243257000,171538051000001,-2.291,-4.832,-34.294,0
1398294502923,41772253236000,171538051000001,-2.291,-4.832,-34.294,0
1398294502933,41772263246000,171538051000001,-2.291,-4.832,-34.294,0
1398294502944,41772273255000,171538051000001,-2.291,-4.832,-34.294,0
1398294502953,41772283296000,171538051000001,-2.6,-4.832,-34.294,0
1398294502966,41772293428000,171538051000001,-2.6,-4.832,-34.294,0
1398294502973,41772303315000,171538051000001,-2.6,-4.832,-34.294,0
1398294502983,41772313294000,171538051000001,-2.6,-4.832,-34.294,0
1398294502994,41772323304000,171538051000001,-2.6,-4.832,-34.294,0
1398294503004,41772333314000,171538051000001,-2.6,-4.832,-34.294,0
1398294503015,41772343385000,171538051000001,-2.6,-4.832,-34.294,0
1398294503023,41772353334000,171538051000001,-2.917,-4.832,-34.294,0
1398294503033,41772363374000,171538051000001,-2.917,-4.832,-34.294,0
1398294503043,41772373353000,171538051000001,-2.917,-4.832,-34.294,0
1398294503053,41772383363000,171538051000001,-2.917,-4.832,-34.294,0
1398294503063,41772393373000,171538051000001,-2.917,-4.832,-34.294,0
1398294503075,41772404939000,171538051000001,-2.917,-4.832,-34.294,0
1398294503083,41772413423000,171538051000001,-2.917,-4.832,-34.294,0
1398294503093,41772423402000,171538051000001,-2.917,-4.832,-34.294,0
1398294503103,41772433381000,171538051000001,-2.917,-4.832,-34.294,0
1398294503113,41772443421000,171538051000001,-2.917,-4.832,-34.294,0
1398294503123,41772453401000,171538051000001,-2.917,-4.832,-34.294,0
1398294503133,41772463441000,171538051000001,-2.917,-4.832,-34.294,0
1398294503144,41772473451000,171538051000001,-2.917,-4.832,-34.294,0
1398294503153,41772483460000,171538051000001,-2.917,-4.832,-34.294,0
1398294503163,41772493470000,171538051000001,-2.917,-4.832,-34.294,0
1398294503174,41772503480000,171538051000001,-2.917,-4.832,-34.294,0
1398294503183,41772513490000,171538051000001,-2.917,-4.832,-34.294,0
1398294503193,41772523500000,171538051000001,-2.917,-4.832,-34.294,0
1398294503203,41772533509000,171538051000001,-2.917,-4.832,-34.294,0
1398294503213,41772543550000,171538051000001,-2.917,-4.832,-34.294,0
1398294503223,41772553529000,171538051000001,-2.917,-4.832,-34.294,0
1398294503233,41772563569000,171538051000001,-2.917,-4.832,-34.294,0
1398294503244,41772573548000,171538051000001,-2.917,-4.832,-34.294,0
1398294503255,41772585145000,171538051000001,-2.917,-4.53,-34.294,0
1398294503263,41772593598000,171538051000001,-2.917,-4.53,-34.294,0
1398294503274,41772603791000,171538051000001,-2.917,-4.53,-34.294,0
1398294503283,41772613587000,171538051000001,-3.222,-4.53,-34.294,0
1398294503293,41772623628000,171538051000001,-3.222,-4.53,-34.294,0
1398294503303,41772633607000,171538051000001,-3.222,-4.53,-34.294,0
1398294503320,41772648652000,171538051000001,-3.222,-4.53,-34.294,0
1398294503325,41772655091000,171538051000001,-3.222,-4.17,-34.294,0
1398294503338,41772667817000,171538051000001,-3.573,-4.17,-34.294,0
1398294503348,41772678163000,171538051000001,-3.573,-4.17,-34.294,0
1398294503358,41772688111000,171538051000001,-3.573,-4.17,-34.294,0
1398294503368,41772697724000,171538051000001,-3.573,-4.17,-34.294,0
1398294503375,41772703858000,171538051000001,-3.573,-4.17,-34.294,0
1398294503386,41772716126000,171538051000001,-3.573,-4.17,-34.294,0
1398294503398,41772723756000,171538051000001,-3.573,-4.17,-34.294,0
1398294503412,41772733766000,171538051000001,-3.573,-4.17,-34.294,0
1398294503415,41772743836000,171538051000001,-3.916,-4.17,-34.294,0
1398294503438,41772753755000,171538051000001,-3.916,-4.17,-34.294,0
1398294503449,41772765351000,171538051000001,-3.916,-4.17,-34.294,0
1398294503451,41772773805000,171538051000001,-3.916,-4.17,-34.294,0
1398294503454,41772783814000,171538051000001,-3.916,-4.17,-34.294,0
1398294503469,41772798707000,171538051000001,-3.916,-3.857,-34.294,0
1398294503475,41772803834000,171538051000001,-3.916,-3.857,-34.294,0
1398294503484,41772813813000,171538051000001,-3.916,-3.857,-34.294,0
1398294503494,41772823854000,171538051000001,-3.916,-3.857,-34.294,0
1398294503506,41772835511000,171538051000001,-3.916,-3.857,-34.294,0
1398294503518,41772847932000,171538051000001,-3.916,-3.857,-34.294,0
1398294503526,41772856568000,171538051000001,-3.916,-3.857,-34.294,0
1398294503535,41772864808000,171538051000001,-3.916,-3.857,-34.294,0
1398294503545,41772874940000,171538051000001,-3.916,-3.857,-34.294,0
1398294503559,41772885652000,171538051000001,-3.916,-3.857,-34.294,0
1398294503567,41772893922000,171538051000001,-3.916,-3.857,-34.294,0
1398294503580,41772903932000,171538051000001,-3.916,-3.857,-34.294,0
1398294503596,41772913911000,171538051000001,-3.916,-3.857,-34.294,0
1398294503598,41772924012000,171538051000001,-3.916,-3.857,-34.294,0
1398294503615,41772934022000,171538051000001,-3.916,-3.857,-34.294,0
1398294503620,41772945527000,171538051000001,-3.916,-3.857,-34.294,0
1398294503625,41772954011000,171538051000001,-3.604,-3.857,-34.294,0
1398294503634,41772963990000,171538051000001,-3.604,-3.857,-34.294,0
1398294503644,41772973939000,171538051000001,-3.604,-3.857,-34.294,0
1398294503654,41772983979000,171538051000001,-3.604,-3.857,-34.294,0
1398294503664,41772993959000,171538051000001,-3.604,-3.857,-34.294,0
1398294503674,41773004029000,171538051000001,-3.604,-3.857,-34.294,0
1398294503684,41773014009000,171538051000001,-3.604,-3.857,-34.294,0
1398294503694,41773024018000,171538051000001,-3.604,-3.857,-34.294,0
1398294503704,41773033998000,171538051000001,-3.604,-3.857,-34.294,0
1398294503718,41773047608000,171538051000001,-3.604,-3.857,-34.294,0
1398294503728,41773058625000,171538051000001,-3.604,-3.857,-34.294,0
1398294503739,41773068269000,171538051000001,-3.99,-3.857,-34.294,0
1398294503747,41773074037000,171538051000001,-3.99,-3.857,-34.294,0
1398294503756,41773086061000,171538051000001,-3.99,-3.857,-34.294,0
1398294503782,41773094392000,171538051000001,-3.99,-3.857,-34.294,0
1398294503784,41773104127000,171538051000001,-4.325,-3.857,-34.294,0
1398294503787,41773114106000,171538051000001,-4.325,-3.857,-34.294,0
1398294503796,41773125672000,171538051000001,-4.325,-3.857,-34.294,0
1398294503804,41773134126000,171538051000001,-4.325,-3.857,-33.978,0
1398294503814,41773144136000,171538051000001,-4.325,-3.857,-33.978,0
1398294503824,41773154115000,171538051000001,-4.325,-3.857,-33.978,0
1398294503835,41773164155000,171538051000001,-4.325,-3.857,-33.978,0
1398294503844,41773174134000,171538051000001,-4.325,-3.857,-33.978,0
1398294503856,41773184175000,171538051000001,-4.325,-3.857,-33.978,0
1398294503866,41773194215000,171538051000001,-4.325,-3.857,-33.978,0
1398294503874,41773204286000,171538051000001,-4.325,-3.857,-33.978,0
1398294503889,41773218080000,171538051000001,-4.325,-3.857,-33.978,0
1398294503898,41773227937000,171538051000001,-4.325,-3.857,-33.978,0
1398294503906,41773236085000,171538051000001,-4.325,-3.857,-33.978,0
1398294503917,41773246644000,171538051000001,-4.325,-3.857,-33.978,0
1398294503929,41773258607000,171538051000001,-3.97,-3.857,-33.978,0
1398294503939,41773268617000,171538051000001,-3.97,-3.857,-33.978,0
1398294503948,41773278413000,171538051000001,-3.97,-3.857,-33.978,0
1398294503959,41773285951000,171538051000001,-3.656,-3.857,-33.978,0
1398294503968,41773297975000,171538051000001,-3.656,-3.857,-33.978,0
1398294503976,41773306214000,171538051000001,-3.656,-3.857,-33.978,0
1398294503989,41773318360000,171538051000001,-3.656,-3.857,-33.978,0
1398294504000,41773329896000,171538051000001,-3.656,-3.857,-33.978,0
1398294504009,41773335481000,171538051000001,-3.656,-3.857,-33.978,0
1398294504015,41773345155000,171538051000001,-3.656,-3.857,-33.978,0
1398294504029,41773354310000,171538051000001,-3.656,-3.857,-33.978,0
1398294504040,41773367066000,171538051000001,-3.656,-3.857,-33.978,0
1398294504046,41773374360000,171538051000001,-3.656,-3.857,-33.978,0
1398294504064,41773386048000,171538051000001,-3.656,-3.857,-33.978,0
1398294504067,41773394380000,171538051000001,-3.656,-4.173,-33.978,0
1398294504092,41773409791000,171538051000001,-3.656,-4.173,-33.978,0
1398294504094,41773418214000,171538051000001,-3.656,-4.173,-33.978,0
1398294504097,41773424378000,171538051000001,-3.656,-4.173,-33.978,0
1398294504109,41773434907000,171538051000001,-3.656,-4.173,-33.978,0
1398294504116,41773445863000,171538051000001,-3.656,-4.173,-33.978,0
1398294504126,41773455903000,171538051000001,-3.656,-4.173,-33.978,0
1398294504136,41773465669000,171538051000001,-3.656,-4.173,-33.978,0
1398294504148,41773474458000,171538051000001,-3.656,-4.513,-33.978,0
1398294504161,41773487428000,171538051000001,-3.656,-4.513,-33.978,0
1398294504173,41773494538000,171538051000001,-3.656,-4.513,-33.978,0
1398294504175,41773504518000,171538051000001,-3.656,-4.513,-33.978,0
1398294504184,41773514466000,171538051000001,-3.656,-4.513,-33.978,0
1398294504195,41773524507000,171538051000001,-3.656,-4.513,-33.978,0
1398294504206,41773534486000,171538051000001,-3.656,-4.827,-33.978,0
1398294504215,41773544557000,171538051000001,-3.656,-4.827,-33.978,0
1398294504225,41773554566000,171538051000001,-3.656,-4.827,-33.978,0
1398294504235,41773564576000,171538051000001,-3.335,-4.827,-33.978,0
1398294504245,41773574555000,171538051000001,-3.335,-4.827,-33.978,0
1398294504255,41773584596000,171538051000001,-3.335,-4.827,-33.978,0
1398294504268,41773598176000,171538051000001,-3.335,-5.168,-33.978,0
1398294504279,41773608522000,171538051000001,-3.335,-5.168,-33.978,0
1398294504290,41773619783000,171538051000001,-2.99,-5.168,-33.978,0
1398294504298,41773628449000,171538051000001,-2.99,-5.168,-33.978,0
1398294504311,41773639070000,171538051000001,-2.99,-5.168,-33.978,0
1398294504317,41773646821000,171538051000001,-2.688,-5.168,-33.978,0
1398294504332,41773658357000,171538051000001,-2.688,-5.168,-33.978,0
1398294504343,41773667420000,171538051000001,-2.688,-5.485,-33.978,0
1398294504346,41773674653000,171538051000001,-2.688,-5.485,-33.978,0
1398294504356,41773686036000,171538051000001,-2.365,-5.485,-33.978,0
1398294504365,41773694673000,171538051000001,-2.365,-5.485,-33.978,0
1398294504375,41773704682000,171538051000001,-2.365,-5.485,-33.978,0
1398294504397,41773720796000,171538051000001,-2.365,-5.485,-33.978,0
1398294504398,41773725190000,171538051000001,-2.04,-5.485,-33.978,0
1398294504406,41773735169000,171538051000001,-2.04,-5.485,-33.978,0
1398294504415,41773744783000,171538051000001,-2.04,-5.485,-33.978,0
1398294504425,41773755281000,171538051000001,-2.04,-5.485,-33.978,0
1398294504437,41773766847000,171538051000001,-2.04,-5.485,-33.978,0
1398294504450,41773774720000,171538051000001,-2.04,-5.485,-33.978,0
1398294504455,41773784791000,171538051000001,-2.04,-5.485,-33.978,0
1398294504465,41773794740000,171538051000001,-2.04,-5.485,-33.978,0
1398294504475,41773804780000,171538051000001,-2.04,-5.485,-33.978,0
1398294504485,41773814759000,171538051000001,-2.04,-5.485,-33.978,0
1398294504495,41773824800000,171538051000001,-2.04,-5.485,-33.978,0
1398294504507,41773834779000,171538051000001,-2.04,-5.485,-33.978,0
1398294504517,41773846376000,171538051000001,-2.04,-5.13,-33.978,0
1398294504527,41773854859000,171538051000001,-2.04,-5.13,-33.978,0
1398294504535,41773864808000,171538051000001,-2.04,-5.13,-33.978,0
1398294504546,41773874848000,171538051000001,-2.04,-5.13,-33.978,0
1398294504556,41773884889000,171538051000001,-2.04,-5.13,-33.978,0
1398294504567,41773894837000,171538051000001,-2.04,-4.791,-33.978,0
1398294504581,41773904908000,171538051000001,-2.04,-4.791,-33.978,0
1398294504590,41773914918000,171538051000001,-2.04,-4.791,-33.978,0
1398294504595,41773924989000,171538051000001,-2.343,-4.791,-33.978,0
1398294504607,41773935090000,171538051000001,-2.343,-4.791,-33.978,0
1398294504616,41773944947000,171538051000001,-2.343,-4.472,-33.978,0
1398294504625,41773954896000,171538051000001,-2.343,-4.472,-33.978,0
1398294504635,41773964906000,171538051000001,-2.343,-4.472,-33.978,0
1398294504645,41773974916000,171538051000001,-2.664,-4.472,-33.978,0
1398294504655,41773984986000,171538051000001,-2.664,-4.472,-33.978,0
1398294504665,41773994935000,171538051000001,-2.664,-4.472,-33.978,0
1398294504675,41774004975000,171538051000001,-2.664,-4.472,-33.978,0
1398294504685,41774014955000,171538051000001,-2.664,-4.472,-33.978,0
1398294504697,41774026521000,171538051000001,-2.664,-4.472,-33.978,0
1398294504705,41774034974000,171538051000001,-2.664,-4.472,-33.978,0
1398294504715,41774044984000,171538051000001,-2.664,-4.472,-33.978,0
1398294504725,41774054963000,171538051000001,-2.664,-4.472,-33.978,0
1398294504735,41774064973000,171538051000001,-2.664,-4.472,-33.978,0
1398294504745,41774074983000,171538051000001,-2.664,-4.472,-33.978,0
1398294504755,41774085023000,171538051000001,-2.664,-4.472,-33.978,0
1398294504765,41774095002000,171538051000001,-2.664,-4.472,-33.978,0
1398294504775,41774105043000,171538051000001,-2.664,-4.472,-33.978,0
1398294504785,41774114991000,171538051000001,-2.664,-4.472,-33.978,0
1398294504795,41774125062000,171538051000001,-2.664,-4.472,-33.978,0
1398294504805,41774135041000,171538051000001,-2.664,-4.472,-33.978,0
1398294504815,41774145051000,171538051000001,-2.664,-4.472,-33.978,0
1398294504829,41774155091000,171538051000001,-2.664,-4.472,-33.978,0
1398294504835,41774165101000,171538051000001,-2.664,-4.472,-33.978,0
1398294504845,41774175324000,171538051000001,-2.664,-4.472,-33.978,0
1398294504855,41774185121000,171538051000001,-2.664,-4.136,-33.978,0
1398294504865,41774195100000,171538051000001,-3.012,-4.136,-33.978,0
1398294504877,41774206666000,171538051000001,-3.012,-4.136,-33.978,0
1398294504885,41774215150000,171538051000001,-3.012,-4.136,-33.978,0
1398294504896,41774225129000,171538051000001,-3.012,-4.136,-33.978,0
1398294504917,41774235169000,171538051000001,-3.012,-4.136,-33.978,0
1398294504920,41774245271000,171538051000001,-3.012,-4.136,-33.978,0
1398294504925,41774255189000,171538051000001,-3.012,-4.136,-33.978,0
1398294504939,41774265168000,171538051000001,-3.35,-4.136,-33.978,0
1398294504945,41774275178000,171538051000001,-3.35,-4.136,-33.978,0
1398294504955,41774285218000,171538051000001,-3.35,-4.136,-33.978,0
1398294504965,41774295198000,171538051000001,-3.35,-4.136,-33.978,0
1398294504975,41774305238000,171538051000001,-3.35,-4.136,-33.978,0
1398294504985,41774315248000,171538051000001,-3.35,-4.136,-33.978,0
1398294504995,41774325227000,171538051000001,-3.35,-4.136,-33.978,0
1398294505015,41774335633000,171538051000001,-3.35,-4.136,-33.978,0
1398294505019,41774347810000,171538051000001,-3.35,-4.136,-33.978,0
1398294505026,41774355744000,171538051000001,-3.35,-4.136,-33.978,0
1398294505039,41774365388000,171538051000001,-3.35,-4.136,-33.978,0
1398294505045,41774375215000,171538051000001,-3.35,-4.136,-33.978,0
1398294505057,41774386598000,171538051000001,-3.706,-4.136,-33.978,0
1398294505065,41774395143000,171538051000001,-3.706,-4.136,-33.978,0
1398294505075,41774405091000,171538051000001,-3.706,-4.136,-33.978,0
1398294505085,41774415101000,171538051000001,-3.706,-4.136,-33.978,0
1398294505095,41774425111000,171538051000001,-3.706,-4.136,-33.978,0
1398294505105,41774435090000,171538051000001,-4.045,-4.136,-33.978,0
1398294505115,41774445130000,171538051000001,-4.045,-4.136,-33.978,0
1398294505125,41774455110000,171538051000001,-4.045,-4.136,-33.978,0
1398294505136,41774465119000,171538051000001,-4.045,-4.136,-33.978,0
1398294505145,41774475099000,171538051000001,-4.045,-4.136,-33.978,0
1398294505155,41774485108000,171538051000001,-4.045,-4.136,-33.978,0
1398294505165,41774495149000,171538051000001,-4.045,-4.136,-33.978,0
1398294505175,41774505128000,171538051000001,-4.045,-4.136,-33.978,0
1398294505185,41774515138000,171538051000001,-4.045,-4.136,-33.978,0
1398294505195,41774525147000,171538051000001,-4.045,-4.443,-33.978,0
1398294505205,41774535188000,171538051000001,-4.045,-4.443,-33.978,0
1398294505215,41774545198000,171538051000001,-4.045,-4.443,-33.978,0
1398294505225,41774555207000,171538051000001,-4.045,-4.443,-33.978,0
1398294505237,41774566743000,171538051000001,-4.045,-4.443,-33.978,0
1398294505245,41774575257000,171538051000001,-4.045,-4.443,-33.633,0
1398294505258,41774585237000,171538051000001,-4.045,-4.786,-33.633,0
1398294505266,41774595277000,171538051000001,-4.045,-4.786,-33.633,0
1398294505276,41774605256000,171538051000001,-4.045,-4.786,-33.633,0
1398294505289,41774615266000,171538051000001,-4.045,-4.786,-33.633,0
1398294505296,41774625276000,171538051000001,-4.045,-4.786,-33.633,0
1398294505311,41774635285000,171538051000001,-4.045,-5.087,-33.633,0
1398294505315,41774645295000,171538051000001,-4.045,-5.087,-33.633,0
1398294505326,41774655274000,171538051000001,-4.045,-5.087,-33.633,0
1398294505340,41774665345000,171538051000001,-4.045,-5.087,-33.633,0
1398294505345,41774675386000,171538051000001,-4.045,-5.087,-33.633,0
1398294505355,41774685273000,171538051000001,-4.045,-5.087,-33.633,0
1398294505366,41774695375000,171538051000001,-4.045,-5.087,-33.633,0
1398294505375,41774705354000,171538051000001,-4.045,-5.087,-33.633,0
1398294505385,41774715364000,171538051000001,-4.045,-5.087,-33.633,0
1398294505396,41774725373000,171538051000001,-4.045,-5.087,-33.633,0
1398294505405,41774735383000,171538051000001,-4.045,-5.087,-33.633,0
1398294505418,41774746919000,171538051000001,-4.045,-5.087,-33.633,0
1398294505425,41774755433000,171538051000001,-4.045,-5.087,-33.633,0
1398294505435,41774765382000,171538051000001,-4.045,-5.087,-33.633,0
1398294505445,41774775422000,171538051000001,-4.045,-5.087,-33.633,0
1398294505455,41774785432000,171538051000001,-4.045,-5.087,-33.633,0
1398294505465,41774795442000,171538051000001,-4.045,-5.087,-33.633,0
1398294505476,41774805421000,171538051000001,-4.045,-5.087,-33.633,0
1398294505494,41774815492000,171538051000001,-4.045,-5.087,-33.633,0
1398294505496,41774825471000,171538051000001,-4.045,-4.771,-33.633,0
1398294505506,41774835481000,171538051000001,-4.045,-4.771,-33.633,0
1398294505516,41774845491000,171538051000001,-4.045,-4.771,-33.633,0
1398294505525,41774855500000,171538051000001,-4.045,-4.771,-33.633,0
1398294505535,41774865480000,171538051000001,-4.045,-4.771,-33.633,0
1398294505545,41774875489000,171538051000001,-4.045,-4.771,-33.633,0
1398294505556,41774885560000,171538051000001,-4.045,-4.771,-33.633,0
1398294505565,41774895509000,171538051000001,-4.045,-4.771,-33.633,0
1398294505576,41774905549000,171538051000001,-3.681,-4.771,-33.633,0
1398294505586,41774915559000,171538051000001,-3.681,-4.45,-33.633,0
1398294505597,41774927095000,171538051000001,-3.681,-4.45,-33.633,0
1398294505606,41774935609000,171538051000001,-3.681,-4.45,-33.633,0
1398294505620,41774949861000,171538051000001,-3.681,-4.45,-33.633,0
1398294505626,41774955598000,171538051000001,-3.681,-4.45,-33.633,0
1398294505636,41774965608000,171538051000001,-3.681,-4.45,-33.633,0
1398294505646,41774975648000,171538051000001,-3.681,-4.45,-33.633,0
1398294505656,41774985627000,171538051000001,-3.681,-4.45,-33.633,0
1398294505666,41774995637000,171538051000001,-3.681,-4.45,-33.633,0
1398294505681,41775005647000,171538051000001,-3.681,-4.45,-33.633,0
1398294505689,41775015687000,171538051000001,-3.681,-4.096,-33.633,0
1398294505696,41775025666000,171538051000001,-3.681,-4.096,-33.633,0
1398294505709,41775035676000,171538051000001,-3.681,-4.096,-33.633,0
1398294505716,41775045686000,171538051000001,-3.681,-4.096,-33.633,0
1398294505726,41775055696000,171538051000001,-3.681,-4.096,-33.633,0
1398294505736,41775065705000,171538051000001,-3.681,-4.096,-33.633,0
1398294505746,41775075715000,171538051000001,-3.681,-4.096,-33.633,0
1398294505756,41775085694000,171538051000001,-3.681,-4.096,-33.633,0
1398294505766,41775095704000,171538051000001,-3.681,-4.096,-33.633,0
1398294505777,41775107270000,171538051000001,-3.681,-4.096,-33.633,0
1398294505786,41775115785000,171538051000001,-3.681,-4.096,-33.633,0
1398294505796,41775125764000,171538051000001,-3.681,-4.096,-33.633,0
1398294505806,41775135743000,171538051000001,-3.681,-4.096,-33.941,0
1398294505816,41775145753000,171538051000001,-3.681,-4.096,-33.941,0
1398294505826,41775155793000,171538051000001,-3.681,-4.096,-33.941,0
1398294505836,41775165772000,171538051000001,-3.681,-4.096,-33.941,0
1398294505846,41775175782000,171538051000001,-3.681,-4.096,-33.941,0
1398294505856,41775185792000,171538051000001,-3.681,-4.096,-33.941,0
1398294505866,41775195802000,171538051000001,-3.681,-4.096,-33.941,0
1398294505876,41775205812000,171538051000001,-3.681,-4.096,-33.941,0
1398294505886,41775215821000,171538051000001,-3.681,-4.096,-33.941,0
1398294505896,41775225862000,171538051000001,-3.681,-4.096,-33.941,0
1398294505906,41775235871000,171538051000001,-3.681,-4.096,-33.941,0
1398294505916,41775245881000,171538051000001,-3.681,-4.096,-33.941,0
1398294505927,41775257020000,171538051000001,-3.305,-4.096,-33.941,0
1398294505936,41775265870000,171538051000001,-3.305,-4.096,-33.941,0
1398294505946,41775275849000,171538051000001,-3.305,-4.096,-33.941,0
1398294505957,41775287416000,171538051000001,-3.305,-4.096,-33.941,0
1398294505966,41775295930000,171538051000001,-3.305,-4.096,-33.941,0
1398294505976,41775305879000,171538051000001,-3.305,-4.096,-33.941,0
1398294505986,41775315919000,171538051000001,-3.305,-4.4,-33.941,0
1398294505996,41775325898000,171538051000001,-3.305,-4.4,-33.941,0
1398294506006,41775335908000,171538051000001,-3.305,-4.4,-33.941,0
1398294506020,41775348664000,171538051000001,-3.305,-4.4,-33.941,0
1398294506029,41775358705000,171538051000001,-3.305,-4.4,-33.941,0
1398294506043,41775372315000,171538051000001,-3.305,-4.4,-33.941,0
1398294506048,41775377229000,171538051000001,-3.305,-4.4,-33.941,0
1398294506058,41775387391000,171538051000001,-3.305,-4.4,-33.941,0
1398294506067,41775396485000,171538051000001,-3.305,-4.4,-33.941,0
1398294506081,41775410920000,171538051000001,-3.305,-4.4,-33.941,0
1398294506093,41775418672000,171538051000001,-3.305,-4.4,-33.941,0
1398294506106,41775427766000,171538051000001,-3.305,-4.4,-33.941,0
1398294506107,41775436036000,171538051000001,-3.305,-4.4,-33.941,0
1398294506124,41775446809000,171538051000001,-3.305,-4.4,-33.941,0
1398294506127,41775456361000,171538051000001,-3.305,-4.4,-33.941,0
1398294506141,41775467622000,171538051000001,-3.305,-4.4,-33.941,0
1398294506147,41775476594000,171538051000001,-3.305,-4.4,-33.941,0
1398294506158,41775487580000,171538051000001,-3.305,-4.4,-33.941,0
1398294506169,41775496461000,171538051000001,-3.305,-4.4,-33.941,0
1398294506178,41775507203000,171538051000001,-3.305,-4.4,-33.941,0
1398294506188,41775517579000,171538051000001,-3.305,-4.4,-33.941,0
1398294506202,41775531068000,171538051000001,-3.305,-4.4,-33.941,0
1398294506209,41775537232000,171538051000001,-3.305,-4.4,-33.941,0
1398294506219,41775546601000,171538051000001,-3.305,-4.4,-33.941,0
1398294506237,41775560243000,171538051000001,-3.305,-4.4,-33.941,0
1398294506238,41775566194000,171538051000001,-3.305,-4.4,-33.941,0
1398294506251,41775576203000,171538051000001,-3.305,-4.4,-33.941,0
1398294506259,41775587495000,171538051000001,-3.305,-4.4,-33.941,0
1398294506267,41775596192000,171538051000001,-2.973,-4.4,-33.941,0
1398294506277,41775606202000,171538051000001,-2.973,-4.4,-33.941,0
1398294506287,41775616212000,171538051000001,-2.973,-4.4,-33.941,0
1398294506297,41775626252000,171538051000001,-2.973,-4.4,-33.941,0
1398294506307,41775636231000,171538051000001,-2.973,-4.4,-33.941,0
1398294506318,41775647798000,171538051000001,-2.973,-4.4,-33.941,0
1398294506327,41775656312000,171538051000001,-2.973,-4.4,-33.941,0
1398294506338,41775666352000,171538051000001,-2.973,-4.4,-33.941,0
1398294506347,41775676301000,171538051000001,-2.973,-4.4,-33.941,0
1398294506357,41775686311000,171538051000001,-2.973,-4.4,-33.941,0
1398294506368,41775696656000,171538051000001,-2.973,-4.4,-33.941,0
1398294506377,41775706513000,171538051000001,-2.973,-4.4,-33.941,0
1398294506386,41775716340000,171538051000001,-2.973,-4.4,-33.941,0
1398294506396,41775726319000,171538051000001,-2.973,-4.4,-33.941,0
1398294506406,41775736329000,171538051000001,-2.973,-4.4,-33.941,0
1398294506416,41775746339000,171538051000001,-2.973,-4.4,-33.941,0
1398294506426,41775756318000,171538051000001,-2.973,-4.4,-33.941,0
1398294506437,41775766358000,171538051000001,-2.973,-4.4,-33.941,0
1398294506447,41775776399000,171538051000001,-2.973,-4.4,-33.941,0
1398294506457,41775786408000,171538051000001,-2.973,-4.4,-33.941,0
1398294506467,41775796418000,171538051000001,-2.973,-4.4,-33.941,0
1398294506477,41775806428000,171538051000001,-2.973,-4.4,-33.941,0
1398294506489,41775816438000,171538051000001,-2.973,-4.4,-33.941,0
1398294506500,41775827973000,171538051000001,-3.329,-4.4,-33.941,0
1398294506507,41775836488000,171538051000001,-3.329,-4.4,-33.941,0
1398294506517,41775846437000,171538051000001,-3.329,-4.4,-33.941,0
1398294506527,41775856446000,171538051000001,-3.329,-4.4,-33.941,0
1398294506541,41775871186000,171538051000001,-3.634,-4.4,-33.941,0
1398294506546,41775876405000,171538051000001,-3.634,-4.4,-33.941,0
1398294506556,41775886476000,171538051000001,-3.634,-4.4,-33.941,0
1398294506567,41775896455000,171538051000001,-3.634,-4.4,-33.941,0
1398294506577,41775906465000,171538051000001,-3.634,-4.4,-33.941,0
1398294506591,41775916505000,171538051000001,-3.947,-4.4,-33.941,0
1398294506600,41775926515000,171538051000001,-3.947,-4.4,-33.941,0
1398294506607,41775936494000,171538051000001,-3.947,-4.4,-33.941,0
1398294506617,41775946504000,171538051000001,-3.947,-4.4,-33.941,0
1398294506627,41775956574000,171538051000001,-3.947,-4.4,-33.941,0
1398294506637,41775966584000,171538051000001,-4.28,-4.4,-33.941,0
1398294506647,41775976564000,171538051000001,-4.28,-4.4,-33.941,0
1398294506657,41775986573000,171538051000001,-4.28,-4.4,-33.941,0
1398294506667,41775996583000,171538051000001,-4.28,-4.4,-33.941,0
1398294506679,41776008210000,171538051000001,-4.28,-4.4,-33.941,0
1398294506689,41776016938000,171538051000001,-4.28,-4.096,-33.941,0
1398294506699,41776026643000,171538051000001,-4.28,-4.096,-33.941,0
1398294506707,41776036653000,171538051000001,-4.28,-4.096,-33.941,0
1398294506717,41776046662000,171538051000001,-4.28,-4.096,-33.941,0
1398294506735,41776056672000,171538051000001,-4.28,-4.096,-33.941,0
1398294506737,41776066651000,171538051000001,-4.28,-4.096,-33.941,0
1398294506747,41776076692000,171538051000001,-4.28,-4.096,-33.941,0
1398294506757,41776086701000,171538051000001,-4.28,-4.096,-33.941,0
1398294506768,41776096711000,171538051000001,-4.28,-4.096,-33.941,0
1398294506777,41776106721000,171538051000001,-4.28,-4.096,-33.941,0
1398294506787,41776116731000,171538051000001,-4.28,-4.096,-33.941,0
1398294506799,41776126741000,171538051000001,-4.28,-4.096,-33.941,0
1398294506809,41776136750000,171538051000001,-4.28,-4.096,-33.941,0
1398294506819,41776146943000,171538051000001,-3.971,-4.096,-33.941,0
1398294506827,41776156739000,171538051000001,-3.971,-4.096,-33.941,0
1398294506837,41776166749000,171538051000001,-3.971,-4.096,-33.941,0
1398294506849,41776178681000,171538051000001,-3.971,-4.096,-33.941,0
1398294506860,41776188294000,171538051000001,-3.971,-4.096,-33.941,0
1398294506867,41776196839000,171538051000001,-3.971,-4.096,-33.941,0
1398294506877,41776206788000,171538051000001,-3.971,-4.096,-33.941,0
1398294506887,41776216798000,171538051000001,-3.971,-4.096,-33.941,0
1398294506898,41776226808000,171538051000001,-3.971,-4.096,-33.941,0
1398294506907,41776236817000,171538051000001,-3.971,-4.096,-33.941,0
1398294506917,41776246797000,171538051000001,-3.971,-3.771,-33.941,0
1398294506927,41776256837000,171538051000001,-3.971,-3.771,-33.941,0
1398294506937,41776266847000,171538051000001,-3.971,-3.771,-33.941,0
1398294506947,41776276856000,171538051000001,-3.971,-3.771,-33.941,0
1398294506957,41776286897000,171538051000001,-3.971,-3.771,-33.941,0
1398294506967,41776296845000,171538051000001,-3.971,-3.771,-33.941,0
1398294506977,41776306825000,171538051000001,-3.971,-3.771,-33.941,0
1398294506987,41776316835000,171538051000001,-3.971,-3.771,-33.941,0
1398294506997,41776326844000,171538051000001,-3.971,-3.771,-33.941,0
1398294507007,41776336854000,171538051000001,-3.656,-3.771,-33.941,0
1398294507017,41776346864000,171538051000001,-3.656,-3.771,-33.941,0
1398294507027,41776356874000,171538051000001,-3.656,-3.771,-33.941,0
1398294507038,41776368440000,171538051000001,-3.656,-3.771,-33.941,0
1398294507047,41776376954000,171538051000001,-3.656,-3.771,-33.941,0
1398294507057,41776386903000,171538051000001,-3.35,-3.771,-33.941,0
1398294507067,41776396943000,171538051000001,-3.35,-3.771,-33.941,0
1398294507077,41776406953000,171538051000001,-3.35,-3.771,-33.941,0
1398294507087,41776416932000,171538051000001,-3.35,-3.771,-33.941,0
1398294507097,41776426972000,171538051000001,-3.35,-3.771,-33.941,0
1398294507107,41776436982000,171538051000001,-3.35,-3.771,-33.941,0
1398294507117,41776446992000,171538051000001,-3.35,-3.771,-33.941,0
1398294507127,41776457002000,171538051000001,-3.35,-3.771,-33.941,0
1398294507137,41776467012000,171538051000001,-3.35,-3.771,-33.941,0
1398294507147,41776476991000,171538051000001,-3.35,-3.771,-33.941,0
1398294507157,41776487031000,171538051000001,-3.35,-3.771,-33.941,0
1398294507172,41776500062000,171538051000001,-3.35,-3.771,-33.941,0
1398294507181,41776510896000,171538051000001,-3.35,-3.771,-33.941,0
1398294507190,41776519654000,171538051000001,-3.35,-3.771,-33.941,0
1398294507200,41776528810000,171538051000001,-3.35,-3.771,-33.941,0
1398294507212,41776541444000,171538051000001,-3.35,-3.771,-33.941,0
1398294507222,41776550935000,171538051000001,-3.35,-3.771,-33.941,0
1398294507230,41776559510000,171538051000001,-3.35,-3.771,-33.941,0
1398294507239,41776568238000,171538051000001,-3.35,-3.771,-33.941,0
1398294507253,41776582765000,171538051000001,-3.35,-3.453,-33.941,0
1398294507259,41776588471000,171538051000001,-3.35,-3.453,-33.941,0
1398294507273,41776601899000,171538051000001,-3.35,-3.453,-33.941,0
1398294507279,41776608399000,171538051000001,-3.35,-3.453,-33.941,0
1398294507293,41776622895000,171538051000001,-3.35,-3.453,-33.941,0
1398294507298,41776628114000,171538051000001,-3.35,-3.453,-33.941,0
1398294507313,41776641908000,171538051000001,-3.35,-3.453,-33.941,0
1398294507319,41776647279000,171538051000001,-3.35,-3.453,-33.941,0
1398294507328,41776657258000,171538051000001,-3.35,-3.453,-34.272,0
1398294507340,41776667268000,171538051000001,-3.35,-3.453,-34.272,0
1398294507348,41776677278000,171538051000001,-3.024,-3.453,-34.272,0
1398294507358,41776687287000,171538051000001,-3.024,-3.453,-34.272,0
1398294507368,41776697297000,171538051000001,-3.024,-3.453,-34.272,0
1398294507378,41776707307000,171538051000001,-3.024,-3.453,-34.272,0
1398294507388,41776717317000,171538051000001,-3.024,-3.453,-34.272,0
1398294507400,41776728883000,171538051000001,-3.024,-3.453,-34.272,0
1398294507408,41776737336000,171538051000001,-3.024,-3.453,-34.272,0
1398294507418,41776747315000,171538051000001,-3.024,-3.453,-34.272,0
1398294507435,41776764039000,171538051000001,-3.024,-3.453,-34.272,0
1398294507438,41776767304000,171538051000001,-3.024,-3.453,-34.272,0
1398294507454,41776783662000,171538051000001,-3.024,-3.453,-34.272,0
1398294507463,41776792420000,171538051000001,-3.024,-3.453,-34.272,0
1398294507469,41776798280000,171538051000001,-3.024,-3.453,-34.272,0
1398294507480,41776809297000,171538051000001,-3.024,-3.453,-34.272,0
1398294507490,41776818818000,171538051000001,-3.024,-3.453,-34.272,0
1398294507504,41776833009000,171538051000001,-3.024,-3.453,-34.272,0
1398294507510,41776838868000,171538051000001,-3.024,-3.453,-34.272,0
1398294507522,41776851869000,171538051000001,-3.024,-3.453,-34.272,0
1398294507530,41776859834000,171538051000001,-3.024,-3.453,-34.272,0
1398294507545,41776874299000,171538051000001,-3.024,-3.453,-34.272,0
1398294507548,41776877992000,171538051000001,-3.024,-3.453,-34.272,0
1398294507565,41776893830000,171538051000001,-3.024,-3.453,-34.272,0
1398294507568,41776897889000,171538051000001,-3.024,-3.453,-34.272,0
1398294507586,41776914735000,171538051000001,-3.024,-3.453,-34.272,0
1398294507589,41776917695000,171538051000001,-3.024,-3.453,-34.272,0
1398294507604,41776933808000,171538051000001,-3.024,-3.453,-34.272,0
1398294507610,41776938874000,171538051000001,-3.024,-3.453,-34.272,0
1398294507624,41776953919000,171538051000001,-3.024,-3.453,-34.272,0
1398294507630,41776959291000,171538051000001,-3.024,-3.453,-34.272,0
1398294507645,41776974183000,171538051000001,-3.024,-3.453,-34.272,0
1398294507649,41776978089000,171538051000001,-3.024,-3.453,-34.272,0
1398294507664,41776993836000,171538051000001,-3.024,-3.453,-34.272,0
1398294507670,41776999177000,171538051000001,-3.024,-3.453,-34.272,0
1398294507688,41777012910000,171538051000001,-3.024,-3.453,-34.272,0
1398294507690,41777017579000,171538051000001,-3.024,-3.453,-34.272,0
1398294507698,41777027619000,171538051000001,-3.024,-3.453,-34.272,0
1398294507710,41777039247000,171538051000001,-3.024,-3.453,-34.272,0
1398294507718,41777047639000,171538051000001,-3.024,-3.453,-34.272,0
1398294507736,41777061158000,171538051000001,-3.024,-3.453,-34.272,0
1398294507742,41777067628000,171538051000001,-3.024,-3.453,-34.272,0
1398294507748,41777077638000,171538051000001,-3.024,-3.453,-34.272,0
1398294507770,41777091249000,171538051000001,-3.024,-3.453,-34.272,0
1398294507773,41777101594000,171538051000001,-3.024,-3.453,-34.272,0
1398294507780,41777107667000,171538051000001,-3.024,-3.453,-34.272,0
1398294507804,41777117677000,171538051000001,-3.024,-3.453,-34.272,0
1398294507806,41777127687000,171538051000001,-3.349,-3.453,-34.272,0
1398294507815,41777137727000,171538051000001,-3.349,-3.453,-34.272,0
1398294507825,41777147737000,171538051000001,-3.349,-3.453,-34.272,0
1398294507829,41777157746000,171538051000001,-3.349,-3.453,-34.272,0
1398294507838,41777167695000,171538051000001,-3.349,-3.453,-34.272,0
1398294507848,41777177705000,171538051000001,-3.349,-3.453,-34.272,0
1398294507858,41777187715000,171538051000001,-3.349,-3.453,-34.272,0
1398294507868,41777197724000,171538051000001,-3.349,-3.453,-34.272,0
1398294507878,41777207734000,171538051000001,-3.349,-3.453,-34.272,0
1398294507896,41777217744000,171538051000001,-3.349,-3.453,-34.272,0
1398294507902,41777227754000,171538051000001,-3.349,-3.453,-34.272,0
1398294507908,41777237794000,171538051000001,-3.349,-3.453,-34.272,0
1398294507918,41777247773000,171538051000001,-3.349,-3.453,-34.272,0
1398294507928,41777257814000,171538051000001,-3.349,-3.453,-34.272,0
1398294507940,41777269380000,171538051000001,-3.349,-3.453,-34.272,0
1398294507948,41777277864000,171538051000001,-3.349,-3.453,-34.272,0
1398294507958,41777287843000,171538051000001,-3.349,-3.453,-34.272,0
1398294507968,41777297853000,171538051000001,-3.349,-3.453,-34.272,0
1398294507978,41777307893000,171538051000001,-3.349,-3.453,-34.272,0
1398294507988,41777317903000,171538051000001,-3.349,-3.453,-34.272,0
1398294507998,41777327882000,171538051000001,-3.349,-3.453,-34.272,0
1398294508008,41777337892000,171538051000001,-3.349,-3.453,-34.272,0
1398294508018,41777347901000,171538051000001,-3.349,-3.775,-34.272,0
1398294508028,41777357911000,171538051000001,-3.349,-3.775,-34.272,0
1398294508038,41777367921000,171538051000001,-3.349,-3.775,-34.272,0
1398294508048,41777377931000,171538051000001,-3.349,-3.775,-34.272,0
1398294508058,41777387940000,171538051000001,-3.349,-3.775,-34.272,0
1398294508068,41777397950000,171538051000001,-3.349,-3.775,-34.272,0
1398294508078,41777407929000,171538051000001,-3.349,-3.775,-34.272,0
1398294508088,41777417939000,171538051000001,-3.349,-3.775,-34.272,0
1398294508101,41777427949000,171538051000001,-3.349,-3.775,-34.272,0
1398294508109,41777437928000,171538051000001,-3.349,-3.775,-33.97,0
1398294508120,41777449494000,171538051000001,-3.349,-3.775,-33.97,0
1398294508130,41777457978000,171538051000001,-3.349,-3.775,-33.97,0
1398294508138,41777468141000,171538051000001,-3.349,-3.775,-33.97,0
1398294508149,41777477967000,171538051000001,-3.349,-3.775,-33.97,0
1398294508159,41777488069000,171538051000001,-3.349,-3.775,-33.97,0
1398294508169,41777498048000,171538051000001,-3.349,-3.775,-33.97,0
1398294508180,41777508027000,171538051000001,-3.349,-3.775,-33.97,0
1398294508188,41777518037000,171538051000001,-3.349,-3.775,-33.97,0
1398294508198,41777528047000,171538051000001,-3.349,-3.775,-33.97,0
1398294508208,41777538087000,171538051000001,-3.349,-3.775,-33.97,0
1398294508218,41777548066000,171538051000001,-3.349,-3.775,-33.97,0
1398294508228,41777558076000,171538051000001,-3.349,-3.775,-33.97,0
1398294508238,41777568086000,171538051000001,-3.349,-3.775,-33.97,0
1398294508248,41777578095000,171538051000001,-3.349,-3.775,-33.97,0
1398294508258,41777588105000,171538051000001,-3.349,-3.775,-33.97,0
1398294508268,41777598115000,171538051000001,-3.349,-3.775,-33.97,0
1398294508279,41777608125000,171538051000001,-3.349,-3.775,-33.97,0
1398294508288,41777618165000,171538051000001,-3.349,-3.775,-33.97,0
1398294508300,41777629701000,171538051000001,-3.349,-3.775,-33.97,0
1398294508308,41777638185000,171538051000001,-3.349,-3.775,-33.97,0
1398294508318,41777648164000,171538051000001,-3.349,-3.775,-33.97,0
1398294508330,41777658204000,171538051000001,-3.349,-3.775,-33.97,0
1398294508340,41777668244000,171538051000001,-3.684,-3.775,-33.97,0
1398294508348,41777678254000,171538051000001,-3.684,-3.775,-33.97,0
1398294508359,41777688264000,171538051000001,-3.684,-3.775,-33.97,0
1398294508368,41777698274000,171538051000001,-3.684,-3.775,-33.97,0
1398294508380,41777709535000,171538051000001,-3.684,-3.775,-33.97,0
1398294508389,41777718202000,171538051000001,-3.684,-3.775,-33.97,0
1398294508398,41777728242000,171538051000001,-3.684,-3.775,-33.97,0
1398294508409,41777738221000,171538051000001,-3.684,-3.775,-33.97,0
1398294508418,41777748262000,171538051000001,-3.684,-3.775,-33.97,0
1398294508428,41777758241000,171538051000001,-3.684,-3.775,-33.97,0
1398294508439,41777768251000,171538051000001,-3.684,-3.775,-33.97,0
1398294508448,41777778291000,171538051000001,-3.684,-3.775,-33.97,0
1398294508458,41777788270000,171538051000001,-3.684,-3.775,-33.97,0
1398294508468,41777798310000,171538051000001,-3.684,-3.775,-33.97,0
1398294508480,41777809846000,171538051000001,-3.684,-3.775,-33.97,0
1398294508489,41777818360000,171538051000001,-3.684,-3.775,-33.97,0
1398294508498,41777828340000,171538051000001,-3.684,-3.775,-33.97,0
1398294508508,41777838319000,171538051000001,-3.684,-3.775,-33.97,0
1398294508519,41777848329000,171538051000001,-3.684,-3.775,-33.97,0
1398294508529,41777858369000,171538051000001,-3.684,-3.775,-33.97,0
1398294508539,41777868379000,171538051000001,-3.684,-3.775,-33.97,0
1398294508548,41777878358000,171538051000001,-3.356,-3.775,-33.97,0
1398294508559,41777888368000,171538051000001,-3.356,-4.089,-33.97,0
1398294508569,41777898377000,171538051000001,-3.356,-4.089,-33.97,0
1398294508579,41777908570000,171538051000001,-3.356,-4.089,-33.97,0
1398294508601,41777918428000,171538051000001,-3.356,-4.089,-33.97,0
1398294508602,41777928407000,171538051000001,-3.356,-4.089,-33.97,0
1398294508609,41777938417000,171538051000001,-3.356,-4.089,-33.97,0
1398294508618,41777948457000,171538051000001,-3.356,-4.089,-33.97,0
1398294508629,41777958467000,171538051000001,-3.356,-4.089,-33.97,0
1398294508638,41777968446000,171538051000001,-3.356,-4.089,-33.97,0
1398294508649,41777978486000,171538051000001,-3.356,-4.089,-33.97,0
1398294508661,41777990022000,171538051000001,-3.356,-4.089,-33.97,0
1398294508668,41777998567000,171538051000001,-3.356,-4.089,-33.97,0
1398294508678,41778008515000,171538051000001,-3.356,-4.089,-33.97,0
1398294508690,41778020204000,171538051000001,-3.689,-4.089,-33.97,0
1398294508698,41778028535000,171538051000001,-3.689,-4.089,-33.97,0
1398294508708,41778038514000,171538051000001,-3.689,-4.089,-33.97,0
1398294508718,41778048524000,171538051000001,-3.689,-4.089,-33.97,0
1398294508729,41778058534000,171538051000001,-3.689,-4.089,-33.97,0
1398294508738,41778068543000,171538051000001,-3.689,-4.089,-33.97,0
1398294508748,41778078553000,171538051000001,-3.689,-4.089,-33.97,0
1398294508759,41778088563000,171538051000001,-3.689,-4.089,-33.97,0
1398294508768,41778098573000,171538051000001,-3.689,-4.089,-33.97,0
1398294508778,41778108583000,171538051000001,-3.689,-4.089,-33.97,0
1398294508788,41778118592000,171538051000001,-3.689,-4.089,-33.97,0
1398294508799,41778128602000,171538051000001,-3.689,-4.089,-33.97,0
1398294508809,41778138612000,171538051000001,-3.689,-4.089,-33.97,0
1398294508818,41778148622000,171538051000001,-3.689,-4.089,-33.97,0
1398294508828,41778158631000,171538051000001,-3.689,-4.089,-33.97,0
1398294508840,41778170198000,171538051000001,-3.689,-4.432,-33.97,0
1398294508848,41778178681000,171538051000001,-3.689,-4.432,-33.97,0
1398294508858,41778188661000,171538051000001,-3.689,-4.432,-33.97,0
1398294508868,41778198670000,171538051000001,-3.689,-4.432,-33.97,0
1398294508879,41778208680000,171538051000001,-3.689,-4.432,-33.97,0
1398294508888,41778218690000,171538051000001,-3.689,-4.432,-33.97,0
1398294508898,41778228700000,171538051000001,-3.689,-4.432,-33.97,0
1398294508908,41778238710000,171538051000001,-3.689,-4.432,-33.97,0
1398294508919,41778248719000,171538051000001,-3.689,-4.432,-33.97,0
1398294508929,41778258729000,171538051000001,-3.689,-4.432,-33.97,0
1398294508939,41778268739000,171538051000001,-4.022,-4.736,-33.97,0
1398294508951,41778280885000,171538051000001,-4.022,-4.736,-33.638,0
1398294508961,41778290589000,171538051000001,-4.022,-4.736,-33.638,0
1398294508974,41778303132000,171538051000001,-4.022,-4.736,-33.638,0
1398294508981,41778310945000,171538051000001,-4.022,-4.736,-33.638,0
1398294508992,41778322114000,171538051000001,-4.022,-4.736,-33.638,0
1398294509002,41778331910000,171538051000001,-4.022,-4.736,-33.638,0
1398294509010,41778340150000,171538051000001,-4.022,-4.736,-33.638,0
1398294509024,41778353364000,171538051000001,-4.022,-4.736,-33.638,0
1398294509031,41778361238000,171538051000001,-4.022,-4.736,-33.638,0
1398294509041,41778371247000,171538051000001,-4.022,-4.736,-33.638,0
1398294509051,41778380921000,171538051000001,-4.022,-4.736,-33.638,0
1398294509061,41778390901000,171538051000001,-4.022,-4.736,-33.638,0
1398294509071,41778401033000,171538051000001,-4.022,-4.377,-33.638,0
1398294509086,41778415376000,171538051000001,-4.022,-4.377,-33.638,0
1398294509099,41778419374000,171538051000001,-3.712,-4.377,-33.638,0
1398294509100,41778428987000,171538051000001,-3.712,-4.377,-33.638,0
1398294509112,41778439027000,171538051000001,-3.712,-4.377,-33.638,0
1398294509120,41778449037000,171538051000001,-3.712,-4.377,-33.638,0
1398294509129,41778459046000,171538051000001,-3.712,-4.377,-33.638,0
1398294509139,41778468995000,171538051000001,-3.712,-4.071,-33.943,0
1398294509149,41778479005000,171538051000001,-3.712,-4.071,-33.943,0
1398294509159,41778489015000,171538051000001,-3.712,-4.071,-33.943,0
1398294509169,41778499055000,171538051000001,-3.393,-4.071,-33.943,0
1398294509179,41778509065000,171538051000001,-3.393,-4.071,-33.943,0
1398294509189,41778519074000,171538051000001,-3.393,-4.071,-33.943,0
1398294509201,41778530610000,171538051000001,-3.393,-4.071,-33.943,0
1398294509210,41778539094000,171538051000001,-3.393,-4.071,-33.943,0
1398294509226,41778555360000,171538051000001,-3.393,-4.071,-33.943,0
1398294509231,41778560578000,171538051000001,-3.393,-4.071,-33.943,0
1398294509245,41778575196000,171538051000001,-3.393,-4.071,-33.943,0
1398294509251,41778581178000,171538051000001,-3.393,-4.071,-33.943,0
1398294509266,41778595613000,171538051000001,-3.727,-4.071,-33.943,0
1398294509270,41778599549000,171538051000001,-3.727,-4.071,-33.943,0
1398294509282,41778612397000,171538051000001,-3.727,-4.071,-33.943,0
1398294509293,41778622438000,171538051000001,-3.727,-3.77,-33.943,0
1398294509305,41778635194000,171538051000001,-3.727,-3.77,-33.943,0
1398294509321,41778646394000,171538051000001,-3.727,-3.77,-33.943,0
1398294509324,41778653077000,171538051000001,-3.727,-3.77,-33.943,0
1398294509333,41778662293000,171538051000001,-3.727,-3.77,-33.943,0
1398294509343,41778672334000,171538051000001,-3.727,-3.77,-33.943,0
1398294509353,41778682344000,171538051000001,-3.727,-3.77,-33.943,0
1398294509362,41778692292000,171538051000001,-3.727,-3.77,-33.943,0
1398294509371,41778701112000,171538051000001,-3.727,-3.77,-33.943,0
1398294509383,41778712617000,171538051000001,-3.727,-3.77,-33.943,0
1398294509392,41778722291000,171538051000001,-3.727,-3.77,-33.943,0
1398294509402,41778732423000,171538051000001,-3.727,-3.77,-33.943,0
1398294509416,41778745759000,171538051000001,-3.727,-3.77,-33.943,0
1398294509421,41778750917000,171538051000001,-3.392,-3.77,-33.943,0
1398294509435,41778764405000,171538051000001,-3.392,-3.77,-33.943,0
1398294509443,41778773164000,171538051000001,-3.392,-3.77,-33.943,0
1398294509455,41778784455000,171538051000001,-3.392,-3.77,-33.943,0
1398294509463,41778793153000,171538051000001,-3.392,-3.77,-33.943,0
1398294509474,41778804383000,171538051000001,-3.392,-3.77,-33.943,0
1398294509483,41778812959000,171538051000001,-3.068,-3.77,-33.943,0
1398294509493,41778822541000,171538051000001,-3.068,-3.77,-33.943,0
1398294509502,41778831697000,171538051000001,-3.068,-3.77,-33.943,0
1398294509513,41778842774000,171538051000001,-3.068,-3.77,-33.943,0
1398294509525,41778854890000,171538051000001,-3.068,-3.77,-33.943,0
1398294509532,41778861695000,171538051000001,-3.068,-3.77,-33.943,0
1398294509545,41778875154000,171538051000001,-3.068,-3.77,-33.943,0
1398294509552,41778881806000,171538051000001,-3.068,-3.77,-33.943,0
1398294509566,41778896089000,171538051000001,-3.068,-3.77,-33.943,0
1398294509571,41778901155000,171538051000001,-3.068,-3.77,-33.943,0
1398294509586,41778915711000,171538051000001,-3.068,-3.77,-33.943,0
1398294509592,41778921693000,171538051000001,-3.068,-3.77,-33.943,0
1398294509601,41778931062000,171538051000001,-3.068,-3.77,-33.943,0
1398294509612,41778941651000,171538051000001,-3.068,-3.77,-33.943,0
1398294509621,41778951448000,171538051000001,-3.068,-3.77,-33.943,0
1398294509630,41778959474000,171538051000001,-3.068,-3.77,-33.943,0
1398294509641,41778969453000,171538051000001,-3.068,-3.77,-33.943,0
1398294509650,41778979463000,171538051000001,-3.068,-3.77,-33.943,0
1398294509660,41778989472000,171538051000001,-3.068,-3.77,-33.943,0
1398294509670,41778999482000,171538051000001,-3.068,-3.77,-33.943,0
1398294509680,41779009492000,171538051000001,-3.068,-3.77,-33.943,0
1398294509690,41779019532000,171538051000001,-3.068,-3.77,-33.943,0
1398294509700,41779029542000,171538051000001,-3.068,-3.77,-33.943,0
1398294509710,41779039521000,171538051000001,-3.068,-3.77,-33.943,0
1398294509721,41779049531000,171538051000001,-3.068,-3.77,-33.943,0
1398294509735,41779064454000,171538051000001,-3.068,-3.77,-33.943,0
1398294509741,41779071076000,171538051000001,-3.068,-3.77,-33.943,0
1398294509763,41779084901000,171538051000001,-3.068,-3.77,-33.943,0
1398294509765,41779089540000,171538051000001,-3.068,-3.77,-33.943,0
1398294509778,41779101716000,171538051000001,-3.068,-3.77,-33.943,0
1398294509780,41779109590000,171538051000001,-3.068,-3.77,-33.943,0
1398294509800,41779120149000,171538051000001,-3.068,-3.77,-33.943,0
1398294509804,41779129609000,171538051000001,-3.068,-3.77,-33.943,0
1398294509815,41779139619000,171538051000001,-3.068,-3.77,-33.943,0
1398294509820,41779150147000,171538051000001,-3.068,-3.77,-33.943,0
1398294509831,41779159974000,171538051000001,-3.068,-3.77,-33.943,0
1398294509842,41779170625000,171538051000001,-3.068,-3.77,-33.943,0
1398294509856,41779184388000,171538051000001,-2.717,-3.77,-33.943,0
1398294509860,41779189637000,171538051000001,-2.717,-3.77,-33.943,0
1398294509875,41779199708000,171538051000001,-2.717,-3.77,-33.943,0
1398294509885,41779209687000,171538051000001,-2.717,-3.77,-33.943,0
1398294509892,41779219728000,171538051000001,-2.717,-3.77,-33.943,0
1398294509900,41779229890000,171538051000001,-2.717,-3.77,-33.943,0
1398294509912,41779241059000,171538051000001,-2.403,-4.096,-33.943,0
1398294509924,41779253572000,171538051000001,-2.403,-4.096,-33.943,0
1398294509930,41779259767000,171538051000001,-2.403,-4.096,-33.943,0
1398294509940,41779269776000,171538051000001,-2.403,-4.096,-33.943,0
1398294509950,41779279725000,171538051000001,-2.087,-4.096,-33.943,0
1398294509960,41779289735000,171538051000001,-2.087,-4.096,-33.943,0
1398294509969,41779299714000,171538051000001,-2.087,-4.096,-33.943,0
1398294509980,41779309724000,171538051000001,-2.087,-4.447,-33.943,0
1398294509990,41779319734000,171538051000001,-1.773,-4.447,-33.943,0
1398294509999,41779329774000,171538051000001,-1.773,-4.447,-33.943,0
1398294510012,41779339784000,171538051000001,-1.773,-4.447,-33.943,0
1398294510020,41779349824000,171538051000001,-1.773,-4.447,-33.943,0
1398294510030,41779359834000,171538051000001,-1.773,-4.447,-33.943,0
1398294510040,41779369844000,171538051000001,-1.773,-4.76,-33.943,0
1398294510050,41779379823000,171538051000001,-1.773,-4.76,-33.943,0
1398294510060,41779389833000,171538051000001,-1.773,-4.76,-33.943,0
1398294510070,41779399812000,171538051000001,-1.773,-4.76,-33.943,0
1398294510080,41779409852000,171538051000001,-1.773,-4.76,-33.943,0
1398294510091,41779419862000,171538051000001,-1.46,-4.76,-33.943,0
1398294510102,41779431459000,171538051000001,-1.46,-4.76,-33.943,0
1398294510110,41779439912000,171538051000001,-1.46,-5.081,-33.943,0
1398294510120,41779449861000,171538051000001,-1.46,-5.081,-33.943,0
1398294510130,41779459870000,171538051000001,-1.46,-5.081,-33.943,0
1398294510140,41779469911000,171538051000001,-1.46,-5.081,-33.943,0
1398294510150,41779479920000,171538051000001,-1.46,-5.081,-33.943,0
1398294510160,41779489961000,171538051000001,-1.46,-5.081,-33.943,0
1398294510170,41779499940000,171538051000001,-1.46,-5.081,-33.943,0
1398294510180,41779509950000,171538051000001,-1.46,-5.081,-33.943,0
1398294510190,41779519960000,171538051000001,-1.46,-5.081,-33.943,0
1398294510200,41779529969000,171538051000001,-1.46,-5.081,-33.943,0
1398294510210,41779539979000,171538051000001,-1.766,-5.081,-33.943,0
1398294510220,41779549989000,171538051000001,-1.766,-5.081,-33.943,0
1398294510231,41779559968000,171538051000001,-1.766,-5.081,-33.943,0
1398294510240,41779569978000,171538051000001,-1.766,-5.081,-33.943,0
1398294510250,41779579988000,171538051000001,-1.766,-5.081,-33.943,0
1398294510260,41779589997000,171538051000001,-1.766,-4.748,-33.943,0
1398294510271,41779600038000,171538051000001,-1.766,-4.748,-33.943,0
1398294510282,41779611604000,171538051000001,-1.766,-4.748,-33.943,0
1398294510290,41779620118000,171538051000001,-1.766,-4.748,-33.943,0
1398294510300,41779630067000,171538051000001,-1.766,-4.748,-33.943,0
1398294510310,41779640077000,171538051000001,-2.125,-4.748,-33.943,0
1398294510320,41779650056000,171538051000001,-2.125,-4.748,-33.943,0
1398294510330,41779660066000,171538051000001,-2.125,-4.748,-33.943,0
1398294510341,41779670289000,171538051000001,-2.125,-4.748,-33.943,0
1398294510354,41779680177000,171538051000001,-2.125,-4.748,-33.943,0
1398294510360,41779690126000,171538051000001,-2.474,-4.748,-33.943,0
1398294510370,41779700105000,171538051000001,-2.474,-4.748,-33.943,0
1398294510380,41779710145000,171538051000001,-2.474,-4.748,-33.943,0
1398294510391,41779720155000,171538051000001,-2.474,-4.748,-33.943,0
1398294510400,41779730134000,171538051000001,-2.474,-4.748,-33.943,0
1398294510410,41779740144000,171538051000001,-2.474,-4.748,-33.943,0
1398294510420,41779750154000,171538051000001,-2.474,-4.748,-33.943,0
1398294510430,41779760194000,171538051000001,-2.816,-4.748,-33.943,0
1398294510440,41779770173000,171538051000001,-2.816,-4.748,-33.943,0
1398294510450,41779780488000,171538051000001,-2.816,-4.748,-33.943,0
1398294510462,41779791719000,171538051000001,-2.816,-4.748,-33.943,0
1398294510470,41779800233000,171538051000001,-2.816,-4.748,-33.943,0
1398294510480,41779810212000,171538051000001,-2.816,-4.748,-33.943,0
1398294510490,41779820252000,171538051000001,-2.816,-4.748,-33.943,0
1398294510500,41779830293000,171538051000001,-2.816,-4.748,-33.943,0
1398294510512,41779840303000,171538051000001,-2.816,-4.748,-33.943,0
1398294510522,41779850282000,171538051000001,-2.816,-5.053,-33.631,0
1398294510535,41779865144000,171538051000001,-2.816,-5.053,-33.631,0
1398294510541,41779870240000,171538051000001,-2.816,-5.053,-33.631,0
1398294510550,41779880281000,171538051000001,-2.816,-5.053,-33.631,0
1398294510560,41779890290000,171538051000001,-2.816,-5.053,-33.631,0
1398294510571,41779900270000,171538051000001,-2.816,-5.053,-33.631,0
1398294510580,41779910310000,171538051000001,-2.816,-5.053,-33.631,0
1398294510591,41779920320000,171538051000001,-2.816,-5.053,-33.631,0
1398294510601,41779930329000,171538051000001,-2.816,-5.053,-33.631,0
1398294510611,41779940370000,171538051000001,-2.816,-5.053,-33.631,0
1398294510621,41779950379000,171538051000001,-2.816,-5.053,-33.631,0
1398294510630,41779960359000,171538051000001,-2.816,-5.053,-33.631,0
1398294510642,41779971925000,171538051000001,-2.816,-5.053,-33.631,0
1398294510650,41779980409000,171538051000001,-2.816,-5.053,-33.631,0
1398294510660,41779990388000,171538051000001,-2.816,-5.053,-33.631,0
1398294510671,41780000398000,171538051000001,-2.816,-5.053,-33.631,0
1398294510680,41780010408000,171538051000001,-2.816,-5.053,-33.631,0
1398294510690,41780020448000,171538051000001,-2.816,-5.053,-33.631,0
1398294510701,41780030427000,171538051000001,-2.816,-5.053,-33.631,0
1398294510711,41780040437000,171538051000001,-2.816,-5.053,-33.631,0
1398294510722,41780050447000,171538051000001,-2.816,-5.053,-33.631,0
1398294510731,41780060548000,171538051000001,-2.816,-5.053,-33.631,0
1398294510741,41780070466000,171538051000001,-2.816,-5.053,-33.631,0
1398294510750,41780080476000,171538051000001,-2.816,-5.053,-33.631,0
1398294510760,41780090486000,171538051000001,-3.143,-5.053,-33.631,0
1398294510770,41780100495000,171538051000001,-3.143,-5.053,-33.631,0
1398294510781,41780110688000,171538051000001,-3.143,-5.053,-33.631,0
1398294510790,41780120515000,171538051000001,-3.143,-5.053,-33.631,0
1398294510800,41780130525000,171538051000001,-3.143,-5.053,-33.631,0
1398294510810,41780140534000,171538051000001,-3.143,-5.053,-33.631,0
1398294510822,41780152131000,171538051000001,-3.143,-5.053,-33.631,0
1398294510831,41780160829000,171538051000001,-3.143,-5.053,-33.631,0
1398294510842,41780171784000,171538051000001,-3.143,-5.053,-33.631,0
1398294510851,41780180604000,171538051000001,-3.143,-5.053,-33.631,0
1398294510861,41780190614000,171538051000001,-3.143,-5.053,-33.631,0
1398294510871,41780200593000,171538051000001,-3.143,-5.053,-33.631,0
1398294510881,41780210633000,171538051000001,-3.143,-5.053,-33.631,0
1398294510891,41780220613000,171538051000001,-3.143,-5.053,-33.631,0
1398294510900,41780230622000,171538051000001,-3.143,-5.053,-33.631,0
1398294510910,41780240632000,171538051000001,-3.143,-5.053,-33.631,0
1398294510922,41780250642000,171538051000001,-3.143,-5.053,-33.631,0
1398294510931,41780260682000,171538051000001,-3.143,-5.053,-33.631,0
1398294510941,41780270661000,171538051000001,-3.143,-5.053,-33.631,0
1398294510951,41780280671000,171538051000001,-3.143,-5.053,-33.631,0
1398294510961,41780290925000,171538051000001,-3.143,-5.053,-33.631,0
1398294510971,41780300691000,171538051000001,-2.821,-5.053,-33.631,0
1398294510981,41780310700000,171538051000001,-2.821,-5.053,-33.631,0
1398294510991,41780320741000,171538051000001,-2.821,-5.053,-33.631,0
1398294511002,41780332276000,171538051000001,-2.821,-5.053,-33.631,0
1398294511011,41780340791000,171538051000001,-2.821,-5.053,-33.934,0
1398294511021,41780350740000,171538051000001,-2.821,-5.053,-33.934,0
1398294511031,41780360749000,171538051000001,-2.821,-5.053,-33.934,0
1398294511041,41780370759000,171538051000001,-2.821,-5.053,-33.934,0
1398294511051,41780380769000,171538051000001,-2.821,-5.053,-33.934,0
1398294511061,41780390779000,171538051000001,-2.821,-4.745,-33.934,0
1398294511071,41780400788000,171538051000001,-2.821,-4.745,-33.934,0
1398294511081,41780410798000,171538051000001,-2.821,-4.745,-33.934,0
1398294511096,41780420808000,171538051000001,-2.821,-4.745,-33.934,0
1398294511101,41780430848000,171538051000001,-2.821,-4.745,-33.934,0
1398294511113,41780440858000,171538051000001,-2.821,-4.745,-33.934,0
1398294511121,41780450837000,171538051000001,-3.155,-4.745,-33.934,0
1398294511131,41780460847000,171538051000001,-3.155,-4.745,-33.934,0
1398294511143,41780470887000,171538051000001,-3.155,-4.745,-33.934,0
1398294511155,41780484376000,171538051000001,-3.155,-4.745,-33.934,0
1398294511161,41780490876000,171538051000001,-3.155,-4.745,-33.934,0
1398294511171,41780500886000,171538051000001,-3.504,-4.745,-33.934,0
1398294511182,41780512422000,171538051000001,-3.504,-4.745,-33.934,0
1398294511191,41780520936000,171538051000001,-3.504,-4.745,-33.934,0
1398294511201,41780530915000,171538051000001,-3.504,-4.745,-33.934,0
1398294511211,41780540925000,171538051000001,-3.504,-4.745,-33.934,0
1398294511221,41780551118000,171538051000001,-3.504,-4.745,-33.934,0
1398294511231,41780560975000,171538051000001,-3.504,-4.745,-33.934,0
1398294511241,41780570954000,171538051000001,-3.504,-4.745,-33.934,0
1398294511251,41780580964000,171538051000001,-3.871,-4.745,-33.934,0
1398294511261,41780590974000,171538051000001,-3.871,-4.745,-33.934,0
1398294511271,41780600984000,171538051000001,-3.871,-4.745,-33.934,0
1398294511281,41780610963000,171538051000001,-3.871,-4.745,-33.934,0
1398294511291,41780621003000,171538051000001,-3.871,-4.745,-33.934,0
1398294511301,41780631013000,171538051000001,-3.871,-4.745,-33.934,0
1398294511311,41780641023000,171538051000001,-3.871,-4.745,-33.934,0
1398294511321,41780651033000,171538051000001,-3.871,-4.745,-33.934,0
1398294511331,41780661042000,171538051000001,-4.191,-4.745,-33.934,0
1398294511341,41780671052000,171538051000001,-4.191,-4.745,-33.934,0
1398294511351,41780681062000,171538051000001,-4.191,-4.745,-33.934,0
1398294511363,41780692628000,171538051000001,-4.191,-4.745,-33.934,0
1398294511371,41780701112000,171538051000001,-4.191,-4.745,-33.934,0
1398294511381,41780711091000,171538051000001,-4.191,-4.745,-33.934,0
1398294511391,41780721101000,171538051000001,-4.191,-4.745,-33.934,0
1398294511401,41780731111000,171538051000001,-4.191,-4.745,-33.621,0
1398294511411,41780741120000,171538051000001,-4.191,-4.745,-33.621,0
1398294511421,41780751283000,171538051000001,-4.191,-4.745,-33.621,0
1398294511431,41780761170000,171538051000001,-4.191,-4.745,-33.621,0
1398294511441,41780771150000,171538051000001,-4.191,-4.745,-33.621,0
1398294511455,41780784974000,171538051000001,-4.191,-4.745,-33.621,0
1398294511488,41780792054000,171538051000001,-4.191,-5.053,-33.621,0
1398294511490,41780803529000,171538051000001,-3.851,-5.053,-33.621,0
1398294511493,41780811616000,171538051000001,-3.851,-5.053,-33.621,0
1398294511494,41780821260000,171538051000001,-3.851,-5.053,-33.621,0
1398294511509,41780833039000,171538051000001,-3.851,-5.053,-33.621,0
1398294511511,41780841249000,171538051000001,-3.851,-5.053,-33.621,0
1398294511522,41780851289000,171538051000001,-3.851,-5.053,-33.621,0
1398294511542,41780864076000,171538051000001,-3.851,-5.053,-33.621,0
1398294511544,41780872834000,171538051000001,-3.851,-5.053,-33.621,0
1398294511553,41780881349000,171538051000001,-3.851,-5.053,-33.621,0
1398294511561,41780891297000,171538051000001,-3.851,-5.053,-33.621,0
1398294511572,41780901307000,171538051000001,-3.851,-5.053,-33.621,0
1398294511583,41780912873000,171538051000001,-3.851,-5.053,-33.621,0
1398294511591,41780921327000,171538051000001,-3.851,-5.053,-33.621,0
1398294511605,41780932740000,171538051000001,-3.851,-5.053,-33.621,0
1398294511613,41780941346000,171538051000001,-3.851,-5.053,-33.621,0
1398294511622,41780951356000,171538051000001,-3.851,-5.053,-33.621,0
1398294511632,41780961366000,171538051000001,-3.851,-5.053,-33.621,0
1398294511642,41780971376000,171538051000001,-3.851,-5.053,-33.621,0
1398294511652,41780981385000,171538051000001,-3.851,-5.053,-33.621,0
1398294511662,41780991456000,171538051000001,-3.851,-5.053,-33.621,0
1398294511672,41781001435000,171538051000001,-3.851,-5.053,-33.621,0
1398294511681,41781011415000,171538051000001,-3.851,-5.053,-33.621,0
1398294511692,41781021424000,171538051000001,-3.851,-5.053,-33.621,0
1398294511701,41781031434000,171538051000001,-3.851,-5.053,-33.621,0
1398294511711,41781041444000,171538051000001,-3.851,-5.053,-33.621,0
1398294511723,41781053010000,171538051000001,-3.851,-5.053,-33.621,0
1398294511732,41781061494000,171538051000001,-3.851,-5.053,-33.621,0
1398294511745,41781072846000,171538051000001,-3.851,-5.053,-33.621,0
1398294511770,41781081513000,171538051000001,-3.851,-5.053,-33.621,0
1398294511786,41781091920000,171538051000001,-3.851,-5.053,-33.621,0
1398294511787,41781101502000,171538051000001,-3.851,-5.053,-33.621,0
1398294511789,41781112092000,171538051000001,-3.851,-5.053,-33.621,0
1398294511793,41781121553000,171538051000001,-3.851,-5.053,-33.621,0
1398294511804,41781131593000,171538051000001,-3.851,-5.053,-33.621,0
1398294511812,41781141542000,171538051000001,-3.851,-5.053,-33.621,0
1398294511827,41781151643000,171538051000001,-3.851,-5.053,-33.621,0
1398294511832,41781161592000,171538051000001,-3.851,-5.053,-33.621,0
1398294511842,41781171571000,171538051000001,-4.158,-5.053,-33.621,0
1398294511854,41781181581000,171538051000001,-4.158,-4.743,-33.621,0
1398294511869,41781191621000,171538051000001,-4.158,-4.743,-33.621,0
1398294511876,41781201631000,171538051000001,-4.158,-4.743,-33.621,0
1398294511881,41781211610000,171538051000001,-4.158,-4.743,-33.621,0
1398294511891,41781221620000,171538051000001,-4.158,-4.743,-33.621,0
1398294511903,41781233155000,171538051000001,-4.158,-4.743,-33.621,0
1398294511911,41781241670000,171538051000001,-4.158,-4.743,-33.621,0
1398294511921,41781251618000,171538051000001,-4.158,-4.743,-33.621,0
1398294511931,41781261628000,171538051000001,-4.158,-4.743,-33.621,0
1398294511942,41781271668000,171538051000001,-4.158,-4.743,-33.621,0
1398294511952,41781281678000,171538051000001,-4.158,-4.435,-33.621,0
1398294511962,41781291688000,171538051000001,-4.158,-4.435,-33.621,0
1398294511972,41781302003000,171538051000001,-4.158,-4.435,-33.621,0
1398294511982,41781311738000,171538051000001,-4.158,-4.435,-33.621,0
1398294511992,41781321748000,171538051000001,-4.158,-4.435,-33.621,0
1398294512001,41781331697000,171538051000001,-4.158,-4.435,-33.621,0
1398294512011,41781341706000,171538051000001,-4.158,-4.435,-33.621,0
1398294512022,41781351747000,171538051000001,-4.158,-4.435,-33.621,0
1398294512032,41781361756000,171538051000001,-3.845,-4.435,-33.621,0
1398294512042,41781371766000,171538051000001,-3.845,-4.086,-33.621,0
1398294512053,41781381806000,171538051000001,-3.845,-4.086,-33.621,0
1398294512063,41781392243000,171538051000001,-3.845,-4.086,-33.621,0
1398294512072,41781401734000,171538051000001,-3.845,-4.086,-33.621,0
1398294512085,41781413331000,171538051000001,-3.845,-4.086,-33.621,0
1398294512092,41781421815000,171538051000001,-3.845,-4.086,-33.621,0
1398294512102,41781431794000,171538051000001,-3.845,-4.086,-33.621,0
1398294512112,41781441987000,171538051000001,-3.845,-3.775,-33.621,0
1398294512122,41781451814000,171538051000001,-3.845,-3.775,-33.621,0
1398294512132,41781461793000,171538051000001,-3.845,-3.775,-33.621,0
1398294512142,41781471803000,171538051000001,-3.845,-3.775,-33.621,0
1398294512152,41781481843000,171538051000001,-3.845,-3.775,-33.621,0
1398294512162,41781491853000,171538051000001,-3.845,-3.775,-33.621,0
1398294512176,41781501863000,171538051000001,-3.845,-3.775,-33.621,0
1398294512182,41781511872000,171538051000001,-3.845,-3.775,-33.621,0
1398294512192,41781521882000,171538051000001,-3.845,-3.775,-33.621,0
1398294512202,41781531892000,171538051000001,-3.845,-3.775,-33.621,0
1398294512212,41781541902000,171538051000001,-3.845,-3.775,-33.621,0
1398294512222,41781551881000,171538051000001,-3.845,-3.775,-33.621,0
1398294512232,41781561891000,171538051000001,-3.845,-3.775,-33.621,0
1398294512242,41781571900000,171538051000001,-3.845,-3.775,-33.621,0
1398294512252,41781581941000,171538051000001,-3.845,-3.775,-33.621,0
1398294512264,41781593476000,171538051000001,-3.845,-3.775,-33.956,0
1398294512272,41781602052000,171538051000001,-3.845,-3.775,-33.956,0
1398294512282,41781611970000,171538051000001,-3.845,-3.775,-33.956,0
1398294512293,41781622529000,171538051000001,-3.845,-3.775,-33.956,0
1398294512302,41781631990000,171538051000001,-3.524,-3.775,-33.956,0
1398294512312,41781641999000,171538051000001,-3.524,-3.775,-33.956,0
1398294512322,41781652009000,171538051000001,-3.524,-3.775,-33.956,0
1398294512337,41781661988000,171538051000001,-3.524,-3.775,-33.956,0
1398294512342,41781671998000,171538051000001,-3.524,-3.775,-33.956,0
1398294512353,41781682038000,171538051000001,-3.524,-3.775,-33.956,0
1398294512362,41781692079000,171538051000001,-3.524,-3.775,-33.956,0
1398294512377,41781707185000,171538051000001,-3.524,-3.775,-33.956,0
1398294512384,41781712068000,171538051000001,-3.524,-3.775,-33.956,0
1398294512392,41781722077000,171538051000001,-3.524,-3.775,-33.956,0
1398294512402,41781732087000,171538051000001,-3.524,-3.775,-33.956,0
1398294512412,41781742097000,171538051000001,-3.524,-3.775,-33.956,0
1398294512422,41781752076000,171538051000001,-3.524,-3.775,-33.956,0
1398294512434,41781762116000,171538051000001,-3.524,-3.775,-33.956,0
1398294512447,41781773683000,171538051000001,-3.524,-3.775,-33.956,0
1398294512452,41781782197000,171538051000001,-3.524,-3.775,-33.956,0
1398294512462,41781792115000,171538051000001,-3.524,-3.775,-33.956,0
1398294512472,41781802156000,171538051000001,-3.524,-3.775,-33.956,0
1398294512483,41781812135000,171538051000001,-3.524,-3.775,-33.956,0
1398294512492,41781822175000,171538051000001,-3.524,-3.775,-33.956,0
1398294512502,41781832185000,171538051000001,-3.524,-3.775,-33.956,0
1398294512512,41781842164000,171538051000001,-3.524,-3.775,-33.956,0
1398294512522,41781852204000,171538051000001,-3.524,-3.775,-34.26,0
1398294512532,41781862184000,171538051000001,-3.524,-3.775,-34.26,0
1398294512542,41781872224000,171538051000001,-3.524,-3.775,-34.26,0
1398294512553,41781882752000,171538051000001,-3.524,-3.775,-34.26,0
1398294512562,41781892243000,171538051000001,-3.524,-3.775,-34.26,0
1398294512572,41781902284000,171538051000001,-3.524,-3.775,-34.26,0
1398294512583,41781912232000,171538051000001,-3.524,-3.775,-34.26,0
1398294512592,41781922273000,171538051000001,-3.524,-3.775,-34.26,0
1398294512602,41781932283000,171538051000001,-3.524,-3.775,-34.26,0
1398294512612,41781942262000,171538051000001,-3.524,-3.775,-34.26,0
1398294512624,41781953828000,171538051000001,-3.524,-3.775,-34.26,0
1398294512632,41781962312000,171538051000001,-3.524,-3.775,-34.26,0
1398294512645,41781972322000,171538051000001,-3.524,-3.775,-34.26,0
1398294512655,41781982331000,171538051000001,-3.524,-3.775,-34.26,0
1398294512662,41781992341000,171538051000001,-3.524,-3.775,-34.26,0
1398294512672,41782002351000,171538051000001,-3.524,-3.775,-34.26,0
1398294512685,41782015382000,171538051000001,-3.524,-3.775,-34.26,0
1398294512692,41782022340000,171538051000001,-3.524,-3.775,-34.26,0
1398294512702,41782032350000,171538051000001,-3.524,-3.775,-33.952,0
1398294512712,41782042359000,171538051000001,-3.524,-3.775,-33.952,0
1398294512722,41782052369000,171538051000001,-3.524,-3.775,-33.952,0
1398294512732,41782062379000,171538051000001,-3.524,-3.775,-33.952,0
1398294512742,41782072389000,171538051000001,-3.524,-3.775,-33.952,0
1398294512753,41782082795000,171538051000001,-3.198,-3.775,-33.952,0
1398294512762,41782092408000,171538051000001,-3.198,-3.775,-33.952,0
1398294512772,41782102418000,171538051000001,-3.198,-3.775,-33.952,0
1398294512782,41782112458000,171538051000001,-3.198,-3.775,-33.952,0
1398294512792,41782122468000,171538051000001,-3.198,-3.775,-33.952,0
1398294512804,41782134004000,171538051000001,-2.838,-3.775,-33.952,0
1398294512812,41782142518000,171538051000001,-2.838,-3.775,-33.952,0
1398294512822,41782152497000,171538051000001,-2.838,-3.775,-33.952,0
1398294512832,41782162507000,171538051000001,-2.838,-3.775,-33.952,0
1398294512842,41782172517000,171538051000001,-2.838,-3.775,-33.952,0
1398294512852,41782182496000,171538051000001,-2.838,-3.775,-33.952,0
1398294512862,41782192506000,171538051000001,-2.838,-3.775,-33.952,0
1398294512872,41782202546000,171538051000001,-2.838,-3.775,-33.952,0
1398294512882,41782212525000,171538051000001,-2.838,-3.775,-33.952,0
1398294512906,41782222566000,171538051000001,-2.838,-3.775,-33.952,0
1398294512910,41782232545000,171538051000001,-2.838,-3.775,-33.952,0
1398294512920,41782242585000,171538051000001,-2.838,-3.775,-33.952,0
1398294512923,41782252626000,171538051000001,-2.838,-3.775,-33.952,0
1398294512939,41782262666000,171538051000001,-2.838,-3.775,-33.952,0
1398294512943,41782272615000,171538051000001,-2.838,-3.775,-33.952,0
1398294512953,41782282624000,171538051000001,-2.838,-3.775,-33.952,0
1398294512963,41782292665000,171538051000001,-2.838,-3.775,-33.952,0
1398294512973,41782302644000,171538051000001,-2.838,-3.775,-33.952,0
1398294512984,41782314210000,171538051000001,-2.838,-3.775,-33.952,0
1398294512994,41782322877000,171538051000001,-2.838,-3.775,-33.952,0
1398294513003,41782332673000,171538051000001,-2.838,-3.775,-33.952,0
1398294513013,41782342683000,171538051000001,-2.838,-3.775,-33.952,0
1398294513023,41782352662000,171538051000001,-2.838,-4.096,-33.952,0
1398294513033,41782362672000,171538051000001,-2.838,-4.096,-33.952,0
1398294513043,41782372682000,171538051000001,-2.838,-4.096,-33.952,0
1398294513053,41782382691000,171538051000001,-2.838,-4.096,-33.952,0
1398294513063,41782392701000,171538051000001,-2.838,-4.096,-33.952,0
1398294513073,41782402711000,171538051000001,-2.838,-4.096,-33.952,0
1398294513083,41782412721000,171538051000001,-2.838,-4.096,-33.952,0
1398294513093,41782422731000,171538051000001,-2.838,-4.096,-33.952,0
1398294513103,41782432740000,171538051000001,-2.838,-4.409,-33.952,0
1398294513113,41782442750000,171538051000001,-2.838,-4.409,-33.952,0
1398294513123,41782452760000,171538051000001,-2.838,-4.409,-33.952,0
1398294513133,41782462770000,171538051000001,-2.513,-4.409,-33.952,0
1398294513143,41782472779000,171538051000001,-2.513,-4.409,-33.952,0
1398294513153,41782482820000,171538051000001,-2.513,-4.409,-33.952,0
1398294513166,41782494477000,171538051000001,-2.513,-4.409,-33.952,0
1398294513173,41782502900000,171538051000001,-2.513,-4.739,-33.952,0
1398294513183,41782512849000,171538051000001,-2.198,-4.739,-33.952,0
1398294513195,41782522920000,171538051000001,-2.198,-4.739,-33.952,0
1398294513204,41782532868000,171538051000001,-2.198,-4.739,-33.952,0
1398294513215,41782542878000,171538051000001,-2.198,-4.739,-33.952,0
1398294513224,41782552918000,171538051000001,-2.198,-4.739,-33.952,0
1398294513236,41782562928000,171538051000001,-2.198,-4.739,-33.952,0
1398294513269,41782572969000,171538051000001,-2.198,-4.739,-33.952,0
1398294513271,41782582917000,171538051000001,-2.198,-5.044,-33.952,0
1398294513273,41782592927000,171538051000001,-2.198,-5.044,-33.952,0
1398294513277,41782602967000,171538051000001,-2.198,-5.044,-33.952,0
1398294513284,41782613618000,171538051000001,-2.198,-5.044,-33.952,0
1398294513294,41782624177000,171538051000001,-2.198,-5.044,-33.952,0
1398294513308,41782633027000,171538051000001,-2.198,-5.044,-33.952,0
1398294513318,41782643037000,171538051000001,-1.895,-5.044,-33.952,0
1398294513326,41782653047000,171538051000001,-1.895,-5.044,-33.952,0
1398294513333,41782663056000,171538051000001,-1.895,-5.044,-33.952,0
1398294513345,41782674592000,171538051000001,-1.895,-5.044,-33.952,0
1398294513353,41782683076000,171538051000001,-1.895,-5.044,-33.952,0
1398294513364,41782693330000,171538051000001,-1.895,-5.044,-33.952,0
1398294513373,41782703095000,171538051000001,-1.895,-5.044,-33.952,0
1398294513383,41782713105000,171538051000001,-1.895,-5.044,-33.952,0
1398294513393,41782723115000,171538051000001,-1.895,-5.044,-33.952,0
1398294513403,41782733125000,171538051000001,-1.895,-5.044,-33.952,0
1398294513413,41782743104000,171538051000001,-1.895,-5.044,-33.952,0
1398294513423,41782753144000,171538051000001,-1.895,-5.044,-33.952,0
1398294513434,41782763337000,171538051000001,-1.895,-5.044,-33.952,0
1398294513443,41782773133000,171538051000001,-1.895,-4.711,-33.952,0
1398294513453,41782783143000,171538051000001,-1.895,-4.711,-33.952,0
1398294513463,41782793153000,171538051000001,-1.895,-4.711,-33.952,0
1398294513473,41782803163000,171538051000001,-1.895,-4.711,-33.952,0
1398294513483,41782813172000,171538051000001,-1.895,-4.711,-33.952,0
1398294513494,41782823182000,171538051000001,-1.895,-4.711,-33.952,0
1398294513504,41782833222000,171538051000001,-1.895,-4.411,-33.952,0
1398294513513,41782843202000,171538051000001,-1.895,-4.411,-33.952,0
1398294513526,41782854798000,171538051000001,-1.895,-4.411,-33.952,0
1398294513536,41782863282000,171538051000001,-1.895,-4.411,-33.952,0
1398294513545,41782873475000,171538051000001,-1.895,-4.411,-33.952,0
1398294513554,41782883302000,171538051000001,-2.279,-4.411,-33.952,0
1398294513564,41782893251000,171538051000001,-2.279,-4.411,-33.952,0
1398294513574,41782903291000,171538051000001,-2.279,-4.411,-33.952,0
1398294513586,41782913484000,171538051000001,-2.279,-4.411,-33.952,0
1398294513618,41782923310000,171538051000001,-2.279,-4.411,-33.952,0
1398294513620,41782933473000,171538051000001,-2.279,-4.411,-33.952,0
1398294513622,41782943238000,171538051000001,-2.279,-4.411,-33.952,0
1398294513623,41782953279000,171538051000001,-2.279,-4.411,-33.952,0
1398294513633,41782963258000,171538051000001,-2.279,-4.411,-33.952,0
1398294513643,41782973268000,171538051000001,-2.279,-4.411,-33.952,0
1398294513653,41782983277000,171538051000001,-2.279,-4.411,-33.952,0
1398294513666,41782993348000,171538051000001,-2.279,-4.411,-33.952,0
1398294513673,41783003358000,171538051000001,-2.279,-4.411,-33.952,0
1398294513683,41783013368000,171538051000001,-2.279,-4.411,-33.952,0
1398294513693,41783023377000,171538051000001,-2.279,-4.411,-33.952,0
1398294513705,41783034913000,171538051000001,-2.279,-4.411,-33.952,0
1398294513713,41783043428000,171538051000001,-2.279,-4.411,-33.952,0
1398294513723,41783053407000,171538051000001,-2.279,-4.411,-33.952,0
1398294513733,41783063417000,171538051000001,-2.279,-4.411,-33.952,0
1398294513743,41783073426000,171538051000001,-2.279,-4.411,-33.952,0
1398294513754,41783083467000,171538051000001,-2.279,-4.411,-33.952,0
1398294513764,41783093476000,171538051000001,-2.279,-4.411,-33.952,0
1398294513773,41783103486000,171538051000001,-2.279,-4.074,-33.952,0
1398294513783,41783113465000,171538051000001,-2.279,-4.074,-33.952,0
1398294513793,41783123475000,171538051000001,-2.279,-4.074,-33.952,0
1398294513803,41783133485000,171538051000001,-2.279,-4.074,-33.952,0
1398294513813,41783143495000,171538051000001,-2.279,-4.074,-33.952,0
1398294513823,41783153504000,171538051000001,-2.279,-4.074,-33.952,0
1398294513833,41783163514000,171538051000001,-2.279,-4.074,-33.952,0
1398294513843,41783173524000,171538051000001,-2.279,-4.074,-33.952,0
1398294513853,41783183534000,171538051000001,-2.279,-4.074,-33.952,0
1398294513863,41783193543000,171538051000001,-2.279,-3.756,-33.952,0
1398294513874,41783203767000,171538051000001,-2.279,-3.756,-33.952,0
1398294513885,41783215150000,171538051000001,-2.601,-3.756,-33.952,0
1398294513894,41783223634000,171538051000001,-2.601,-3.756,-33.952,0
1398294513904,41783233613000,171538051000001,-2.601,-3.756,-33.952,0
1398294513921,41783249543000,171538051000001,-2.601,-3.756,-33.952,0
1398294513926,41783255769000,171538051000001,-2.601,-3.756,-33.952,0
1398294513938,41783267823000,171538051000001,-2.917,-3.756,-33.952,0
1398294513947,41783277101000,171538051000001,-2.917,-3.756,-33.952,0
1398294513956,41783285890000,171538051000001,-2.917,-3.756,-33.952,0
1398294513968,41783297364000,171538051000001,-2.917,-3.756,-33.952,0
1398294513978,41783308015000,171538051000001,-2.917,-3.756,-33.952,0
1398294513988,41783317811000,171538051000001,-2.917,-3.756,-33.952,0
1398294513998,41783328157000,171538051000001,-2.917,-3.756,-33.952,0
1398294514008,41783337709000,171538051000001,-2.917,-3.756,-33.952,0
1398294514018,41783347657000,171538051000001,-2.917,-3.756,-33.952,0
1398294514028,41783358125000,171538051000001,-2.917,-3.756,-33.952,0
1398294514036,41783365937000,171538051000001,-2.917,-3.756,-33.952,0
1398294514049,41783375245000,171538051000001,-2.917,-3.756,-33.952,0
1398294514054,41783383729000,171538051000001,-2.917,-3.756,-33.952,0
1398294514066,41783395265000,171538051000001,-2.917,-3.756,-33.952,0
1398294514074,41783403749000,171538051000001,-2.917,-3.756,-33.952,0
1398294514084,41783413758000,171538051000001,-2.917,-3.756,-33.952,0
1398294514094,41783423768000,171538051000001,-2.917,-3.756,-33.952,0
1398294514104,41783433778000,171538051000001,-2.917,-3.756,-33.952,0
1398294514114,41783443788000,171538051000001,-2.917,-3.756,-33.952,0
1398294514124,41783453797000,171538051000001,-2.917,-3.756,-33.952,0
1398294514134,41783463807000,171538051000001,-2.917,-3.756,-33.952,0
1398294514144,41783473817000,171538051000001,-2.917,-3.756,-33.952,0
1398294514156,41783485841000,171538051000001,-2.917,-3.756,-33.952,0
1398294514168,41783497834000,171538051000001,-2.917,-3.756,-33.952,0
1398294514179,41783509248000,171538051000001,-2.917,-3.756,-33.952,0
1398294514186,41783516206000,171538051000001,-2.917,-3.756,-33.952,0
1398294514198,41783527864000,171538051000001,-2.917,-3.756,-33.952,0
1398294514204,41783534150000,171538051000001,-2.917,-3.756,-33.952,0
1398294514221,41783544862000,171538051000001,-2.917,-3.756,-33.952,0
1398294514225,41783554627000,171538051000001,-2.917,-3.756,-33.952,0
1398294514238,41783567933000,171538051000001,-2.917,-3.756,-33.952,0
1398294514250,41783579194000,171538051000001,-2.917,-3.756,-33.952,0
1398294514256,41783586213000,171538051000001,-2.917,-3.756,-33.952,0
1398294514268,41783597962000,171538051000001,-2.917,-3.756,-33.952,0
1398294514278,41783608247000,171538051000001,-2.917,-3.756,-33.952,0
1398294514289,41783618379000,171538051000001,-2.917,-3.756,-33.952,0
1398294514298,41783627992000,171538051000001,-2.917,-3.756,-33.952,0
1398294514308,41783638063000,171538051000001,-2.917,-3.756,-33.952,0
1398294514319,41783648439000,171538051000001,-2.917,-3.756,-33.952,0
1398294514328,41783657960000,171538051000001,-2.917,-3.756,-33.952,0
1398294514340,41783669404000,171538051000001,-2.917,-3.756,-33.952,0
1398294514347,41783676362000,171538051000001,-2.917,-3.756,-33.952,0
1398294514358,41783687623000,171538051000001,-2.917,-3.756,-33.952,0
1398294514370,41783699037000,171538051000001,-2.917,-3.756,-33.952,0
1398294514378,41783707643000,171538051000001,-2.917,-3.756,-33.952,0
1398294514388,41783718171000,171538051000001,-2.917,-3.756,-33.952,0
1398294514400,41783729554000,171538051000001,-2.917,-3.756,-33.952,0
1398294514407,41783736512000,171538051000001,-2.917,-3.756,-33.952,0
1398294514421,41783750642000,171538051000001,-2.917,-3.756,-33.952,0
1398294514427,41783757020000,171538051000001,-2.917,-3.756,-33.952,0
1398294514441,41783770631000,171538051000001,-2.917,-3.756,-33.952,0
1398294514446,41783775666000,171538051000001,-2.917,-3.756,-33.952,0
1398294514458,41783787721000,171538051000001,-2.917,-3.756,-33.952,0
1398294514470,41783799134000,171538051000001,-2.917,-3.756,-33.952,0
1398294514478,41783807771000,171538051000001,-2.581,-3.756,-33.952,0
1398294514489,41783818147000,171538051000001,-2.581,-3.756,-33.952,0
1398294514499,41783828279000,171538051000001,-2.581,-3.756,-33.952,0
1398294514506,41783836030000,171538051000001,-2.581,-3.756,-33.952,0
1398294514520,41783849855000,171538051000001,-2.581,-3.756,-33.952,0
1398294514532,41783855622000,171538051000001,-2.581,-3.756,-33.952,0
1398294514536,41783865357000,171538051000001,-2.581,-3.756,-33.952,0
1398294514548,41783875550000,171538051000001,-2.581,-3.756,-33.952,0
1398294514555,41783884187000,171538051000001,-2.581,-3.756,-34.286,0
1398294514565,41783894197000,171538051000001,-2.581,-3.756,-34.286,0
1398294514574,41783904206000,171538051000001,-2.581,-3.756,-34.286,0
1398294514584,41783914216000,171538051000001,-2.581,-3.756,-34.286,0
1398294514594,41783924256000,171538051000001,-2.581,-3.756,-34.286,0
1398294514606,41783935823000,171538051000001,-2.581,-3.756,-34.286,0
1398294514615,41783944306000,171538051000001,-2.249,-3.756,-34.286,0
1398294514624,41783954286000,171538051000001,-2.249,-3.756,-34.286,0
1398294514634,41783964265000,171538051000001,-2.249,-3.756,-34.286,0
1398294514648,41783978150000,171538051000001,-2.249,-3.756,-34.286,0
1398294514658,41783987580000,171538051000001,-2.249,-3.756,-34.286,0
1398294514668,41783998200000,171538051000001,-2.249,-3.756,-34.286,0
1398294514680,41784009797000,171538051000001,-2.249,-3.756,-34.286,0
1398294514687,41784016725000,171538051000001,-2.249,-3.756,-34.286,0
1398294514701,41784030915000,171538051000001,-2.249,-3.756,-34.286,0
1398294514706,41784035951000,171538051000001,-2.249,-3.756,-34.286,0
1398294514721,41784050660000,171538051000001,-2.249,-3.756,-34.286,0
1398294514726,41784055665000,171538051000001,-2.249,-3.756,-34.286,0
1398294514741,41784070649000,171538051000001,-2.249,-3.756,-34.286,0
1398294514746,41784075929000,171538051000001,-2.249,-3.756,-34.286,0
1398294514758,41784087678000,171538051000001,-2.249,-3.756,-34.286,0
1398294514769,41784098512000,171538051000001,-2.249,-3.756,-34.286,0
1398294514779,41784108766000,171538051000001,-2.249,-3.756,-34.286,0
1398294514791,41784120210000,171538051000001,-2.249,-3.756,-34.286,0
1398294514795,41784124574000,171538051000001,-2.249,-3.756,-34.286,0
1398294514810,41784140260000,171538051000001,-2.249,-3.756,-34.286,0
1398294514815,41784145082000,171538051000001,-2.249,-3.756,-34.286,0
1398294514833,41784161561000,171538051000001,-2.249,-3.756,-34.286,0
1398294514841,41784170838000,171538051000001,-2.249,-3.756,-34.286,0
1398294514848,41784177522000,171538051000001,-2.249,-3.756,-34.286,0
1398294514858,41784187776000,171538051000001,-2.249,-3.756,-34.286,0
1398294514869,41784199220000,171538051000001,-2.249,-3.756,-34.286,0
1398294514878,41784208161000,171538051000001,-2.249,-3.756,-34.286,0
1398294514889,41784218720000,171538051000001,-2.249,-3.756,-34.286,0
1398294514897,41784226991000,171538051000001,-2.249,-3.756,-34.286,0
1398294514910,41784239839000,171538051000001,-2.249,-3.756,-34.286,0
1398294514918,41784248231000,171538051000001,-2.249,-3.756,-34.286,0
1398294514930,41784259614000,171538051000001,-2.249,-3.756,-34.286,0
1398294514938,41784268220000,171538051000001,-2.249,-3.756,-34.286,0
1398294514949,41784278535000,171538051000001,-2.249,-3.756,-34.286,0
1398294514958,41784287873000,171538051000001,-2.249,-3.756,-34.286,0
1398294514972,41784301545000,171538051000001,-2.249,-3.756,-34.286,0
1398294514975,41784304933000,171538051000001,-2.249,-3.756,-34.286,0
1398294514991,41784320924000,171538051000001,-2.249,-3.756,-34.286,0
1398294514996,41784326203000,171538051000001,-2.249,-3.756,-34.286,0
1398294515011,41784340943000,171538051000001,-2.249,-3.756,-34.286,0
1398294515016,41784346223000,171538051000001,-2.249,-3.756,-34.286,0
1398294515031,41784360932000,171538051000001,-2.249,-3.756,-34.286,0
1398294515036,41784365998000,171538051000001,-2.249,-4.083,-34.286,0
1398294515047,41784375154000,171538051000001,-2.249,-4.083,-34.286,0
1398294515055,41784384675000,171538051000001,-2.249,-4.083,-34.286,0
1398294515065,41784394685000,171538051000001,-2.249,-4.083,-34.286,0
1398294515075,41784404695000,171538051000001,-2.249,-4.083,-34.286,0
1398294515085,41784414704000,171538051000001,-2.249,-4.083,-34.286,0
1398294515095,41784424714000,171538051000001,-2.554,-4.083,-34.286,0
1398294515105,41784434876000,171538051000001,-2.554,-4.083,-34.286,0
1398294515115,41784444734000,171538051000001,-2.554,-4.083,-34.286,0
1398294515125,41784454774000,171538051000001,-2.554,-4.083,-33.985,0
1398294515135,41784464784000,171538051000001,-2.554,-4.083,-33.985,0
1398294515149,41784478395000,171538051000001,-2.554,-4.083,-33.985,0
1398294515159,41784488130000,171538051000001,-2.554,-4.083,-33.985,0
1398294515165,41784494783000,171538051000001,-2.554,-4.083,-33.985,0
1398294515183,41784506532000,171538051000001,-2.554,-4.083,-33.985,0
1398294515186,41784515565000,171538051000001,-2.554,-4.083,-33.985,0
1398294515199,41784524842000,171538051000001,-2.554,-4.083,-33.985,0
1398294515219,41784538392000,171538051000001,-2.554,-4.083,-33.985,0
1398294515222,41784544831000,171538051000001,-2.554,-4.083,-33.985,0
1398294515232,41784554841000,171538051000001,-2.554,-4.083,-33.985,0
1398294515238,41784564851000,171538051000001,-2.554,-4.083,-33.985,0
1398294515245,41784574861000,171538051000001,-2.554,-4.083,-33.985,0
1398294515256,41784585328000,171538051000001,-2.554,-4.083,-33.985,0
1398294515265,41784594880000,171538051000001,-2.554,-4.083,-33.985,0
1398294515276,41784605409000,171538051000001,-2.554,-4.083,-33.985,0
1398294515290,41784614930000,171538051000001,-2.554,-4.083,-33.985,0
1398294515295,41784624940000,171538051000001,-2.554,-4.083,-33.985,0
1398294515305,41784634919000,171538051000001,-2.554,-4.083,-33.985,0
1398294515315,41784644960000,171538051000001,-2.554,-4.083,-33.985,0
1398294515327,41784656495000,171538051000001,-2.554,-4.083,-33.985,0
1398294515335,41784665010000,171538051000001,-2.554,-4.083,-33.985,0
1398294515346,41784674989000,171538051000001,-2.554,-4.083,-33.985,0
1398294515355,41784684968000,171538051000001,-2.554,-4.083,-33.985,0
1398294515365,41784694978000,171538051000001,-2.554,-4.083,-33.985,0
1398294515375,41784704988000,171538051000001,-2.554,-4.083,-33.985,0
1398294515391,41784720613000,171538051000001,-2.554,-4.083,-33.985,0
1398294515397,41784727357000,171538051000001,-2.554,-4.083,-33.985,0
1398294515411,41784739869000,171538051000001,-2.554,-4.083,-33.985,0
1398294515416,41784746186000,171538051000001,-2.554,-4.083,-33.985,0
1398294515431,41784760560000,171538051000001,-2.554,-4.083,-33.985,0
1398294515440,41784765870000,171538051000001,-2.554,-4.083,-33.985,0
1398294515458,41784781098000,171538051000001,-2.554,-4.083,-33.985,0
1398294515460,41784787171000,171538051000001,-2.554,-4.083,-33.985,0
1398294515467,41784795411000,171538051000001,-2.923,-4.083,-33.985,0
1398294515477,41784806581000,171538051000001,-2.923,-4.083,-33.985,0
1398294515486,41784815095000,171538051000001,-2.923,-4.083,-33.985,0
1398294515496,41784825105000,171538051000001,-2.923,-4.083,-33.985,0
1398294515514,41784838288000,171538051000001,-3.295,-4.083,-33.985,0
1398294515516,41784845155000,171538051000001,-3.295,-4.083,-33.985,0
1398294515527,41784855561000,171538051000001,-3.295,-4.083,-33.985,0
1398294515541,41784865174000,171538051000001,-3.295,-4.083,-33.985,0
1398294515548,41784875215000,171538051000001,-3.295,-4.083,-33.985,0
1398294515559,41784885194000,171538051000001,-3.637,-4.083,-33.985,0
1398294515567,41784895234000,171538051000001,-3.637,-4.083,-33.985,0
1398294515576,41784905183000,171538051000001,-3.637,-4.083,-33.985,0
1398294515585,41784915193000,171538051000001,-3.637,-4.083,-33.985,0
1398294515595,41784925202000,171538051000001,-3.637,-4.083,-33.985,0
1398294515605,41784935212000,171538051000001,-3.637,-4.083,-33.985,0
1398294515615,41784945252000,171538051000001,-3.637,-4.083,-33.985,0
1398294515625,41784955232000,171538051000001,-3.637,-4.083,-33.985,0
1398294515635,41784965241000,171538051000001,-3.637,-4.083,-33.985,0
1398294515645,41784975251000,171538051000001,-3.637,-4.083,-33.985,0
1398294515655,41784985261000,171538051000001,-3.948,-4.083,-33.985,0
1398294515665,41784995301000,171538051000001,-3.948,-4.083,-33.985,0
1398294515676,41785005311000,171538051000001,-3.948,-4.083,-33.985,0
1398294515687,41785016877000,171538051000001,-3.948,-4.083,-33.985,0
1398294515696,41785025361000,171538051000001,-3.948,-4.083,-33.985,0
1398294515705,41785035310000,171538051000001,-3.948,-4.083,-33.985,0
1398294515718,41785045320000,171538051000001,-3.948,-4.083,-33.985,0
1398294515725,41785055390000,171538051000001,-3.643,-4.083,-33.985,0
1398294515735,41785065370000,171538051000001,-3.643,-4.083,-33.985,0
1398294515745,41785075379000,171538051000001,-3.643,-4.083,-33.985,0
1398294515762,41785085694000,171538051000001,-3.643,-4.083,-33.985,0
1398294515772,41785095338000,171538051000001,-3.643,-4.083,-33.985,0
1398294515776,41785105348000,171538051000001,-3.643,-4.083,-33.985,0
1398294515786,41785115357000,171538051000001,-3.643,-4.083,-33.985,0
1398294515796,41785125337000,171538051000001,-3.643,-4.083,-33.985,0
1398294515806,41785135408000,171538051000001,-3.643,-4.083,-33.985,0
1398294515816,41785145387000,171538051000001,-3.643,-4.083,-33.985,0
1398294515825,41785155397000,171538051000001,-3.643,-4.083,-33.985,0
1398294515835,41785165406000,171538051000001,-3.643,-4.083,-33.985,0
1398294515845,41785175386000,171538051000001,-3.643,-4.083,-33.985,0
1398294515855,41785185426000,171538051000001,-3.643,-4.083,-33.985,0
1398294515867,41785196992000,171538051000001,-3.643,-4.083,-33.985,0
1398294515878,41785205506000,171538051000001,-3.643,-4.083,-33.985,0
1398294515886,41785215455000,171538051000001,-3.643,-3.778,-33.985,0
1398294515896,41785225465000,171538051000001,-3.643,-3.778,-33.985,0
1398294515905,41785235475000,171538051000001,-3.643,-3.778,-33.985,0
1398294515915,41785245484000,171538051000001,-3.643,-3.778,-33.985,0
1398294515925,41785255494000,171538051000001,-3.643,-3.778,-33.985,0
1398294515935,41785265473000,171538051000001,-3.643,-3.778,-33.985,0
1398294515946,41785275514000,171538051000001,-3.955,-3.778,-33.985,0
1398294515955,41785285523000,171538051000001,-3.955,-3.778,-33.985,0
1398294515966,41785295533000,171538051000001,-3.955,-3.778,-33.985,0
1398294515975,41785305543000,171538051000001,-3.955,-3.778,-33.985,0
1398294515986,41785315553000,171538051000001,-3.955,-3.778,-33.682,0
1398294515996,41785325563000,171538051000001,-3.955,-3.778,-33.682,0
1398294516006,41785335572000,171538051000001,-3.955,-3.778,-33.682,0
1398294516016,41785345613000,171538051000001,-3.955,-3.778,-33.682,0
1398294516026,41785355622000,171538051000001,-3.955,-3.778,-33.682,0
1398294516036,41785365632000,171538051000001,-3.955,-3.778,-33.682,0
1398294516047,41785377168000,171538051000001,-3.955,-3.778,-33.682,0
1398294516063,41785386445000,171538051000001,-3.955,-3.778,-33.682,0
1398294516066,41785395631000,171538051000001,-3.955,-3.778,-33.682,0
1398294516076,41785405671000,171538051000001,-3.955,-3.778,-33.682,0
1398294516086,41785415681000,171538051000001,-3.955,-3.778,-33.682,0
1398294516096,41785425660000,171538051000001,-3.955,-3.778,-33.682,0
1398294516107,41785435670000,171538051000001,-3.955,-3.778,-33.682,0
1398294516116,41785445680000,171538051000001,-3.955,-3.778,-33.682,0
1398294516126,41785455689000,171538051000001,-3.955,-3.778,-33.682,0
1398294516136,41785465699000,171538051000001,-3.955,-3.778,-33.682,0
1398294516150,41785475740000,171538051000001,-3.955,-3.778,-33.682,0
1398294516159,41785485749000,171538051000001,-3.955,-3.778,-33.682,0
1398294516167,41785496034000,171538051000001,-3.955,-3.778,-33.682,0
1398294516176,41785505769000,171538051000001,-3.955,-3.778,-33.682,0
1398294516186,41785515779000,171538051000001,-3.955,-3.778,-33.682,0
1398294516196,41785525758000,171538051000001,-3.955,-3.778,-33.682,0
1398294516206,41785535768000,171538051000001,-3.955,-3.778,-33.682,0
1398294516216,41785545777000,171538051000001,-3.955,-3.778,-33.682,0
1398294516228,41785557344000,171538051000001,-3.955,-3.778,-33.682,0
1398294516236,41785565827000,171538051000001,-3.955,-3.778,-33.682,0
1398294516246,41785575776000,171538051000001,-4.313,-3.778,-33.682,0
1398294516256,41785585786000,171538051000001,-4.313,-3.778,-33.682,0
1398294516266,41785595826000,171538051000001,-4.313,-3.778,-33.682,0
1398294516277,41785606721000,171538051000001,-4.313,-3.778,-33.682,0
1398294516293,41785622590000,171538051000001,-4.313,-3.778,-33.682,0
1398294516296,41785625825000,171538051000001,-4.313,-3.778,-33.682,0
1398294516306,41785635865000,171538051000001,-4.313,-3.778,-33.682,0
1398294516316,41785645875000,171538051000001,-4.313,-3.778,-33.682,0
1398294516326,41785655885000,171538051000001,-4.649,-3.778,-33.682,0
1398294516337,41785665864000,171538051000001,-4.649,-3.778,-33.682,0
1398294516347,41785675904000,171538051000001,-4.649,-3.778,-33.682,0
1398294516357,41785685914000,171538051000001,-4.649,-3.778,-33.682,0
1398294516371,41785700288000,171538051000001,-4.649,-3.778,-33.682,0
1398294516377,41785705995000,171538051000001,-4.649,-3.778,-33.682,0
1398294516386,41785715974000,171538051000001,-4.649,-3.778,-33.682,0
1398294516398,41785726014000,171538051000001,-4.649,-3.778,-33.682,0
1398294516408,41785737550000,171538051000001,-4.649,-3.778,-33.682,0
1398294516416,41785746034000,171538051000001,-4.649,-3.778,-33.682,0
1398294516426,41785756013000,171538051000001,-4.649,-3.778,-33.682,0
1398294516436,41785765992000,171538051000001,-4.649,-3.778,-33.682,0
1398294516446,41785776033000,171538051000001,-4.649,-3.778,-33.682,0
1398294516456,41785786042000,171538051000001,-4.649,-3.778,-33.682,0
1398294516466,41785796052000,171538051000001,-4.649,-3.778,-33.682,0
1398294516476,41785806092000,171538051000001,-4.649,-4.093,-33.682,0
1398294516486,41785816072000,171538051000001,-4.649,-4.093,-33.682,0
1398294516496,41785826112000,171538051000001,-4.649,-4.093,-33.682,0
1398294516506,41785836091000,171538051000001,-4.347,-4.093,-33.682,0
1398294516516,41785846131000,171538051000001,-4.347,-4.093,-33.682,0
1398294516526,41785856111000,171538051000001,-4.347,-4.093,-33.682,0
1398294516536,41785866120000,171538051000001,-4.347,-4.093,-33.682,0
1398294516546,41785876130000,171538051000001,-4.347,-4.093,-33.682,0
1398294516557,41785886140000,171538051000001,-4.347,-4.093,-33.682,0
1398294516566,41785896150000,171538051000001,-4.347,-4.093,-33.682,0
1398294516576,41785906159000,171538051000001,-4.347,-4.093,-33.682,0
1398294516588,41785917695000,171538051000001,-4.347,-4.403,-33.682,0
1398294516596,41785926210000,171538051000001,-4.347,-4.403,-33.682,0
1398294516606,41785936158000,171538051000001,-4.347,-4.403,-33.682,0
1398294516616,41785946199000,171538051000001,-4.347,-4.403,-33.682,0
1398294516626,41785956208000,171538051000001,-4.347,-4.403,-33.682,0
1398294516636,41785966218000,171538051000001,-4.347,-4.403,-33.682,0
1398294516649,41785976258000,171538051000001,-4.347,-4.403,-33.682,0
1398294516657,41785986238000,171538051000001,-4.347,-4.403,-33.682,0
1398294516667,41785996278000,171538051000001,-4.347,-4.403,-33.682,0
1398294516684,41786009828000,171538051000001,-4.347,-4.403,-33.682,0
1398294516686,41786016267000,171538051000001,-4.347,-4.403,-33.682,0
1398294516698,41786026307000,171538051000001,-4.347,-4.403,-33.682,0
1398294516708,41786036286000,171538051000001,-4.347,-4.403,-33.682,0
1398294516720,41786046327000,171538051000001,-4.347,-4.403,-33.682,0
1398294516726,41786056306000,171538051000001,-4.347,-4.403,-33.682,0
1398294516739,41786066346000,171538051000001,-4.347,-4.403,-33.682,0
1398294516746,41786076356000,171538051000001,-4.347,-4.403,-33.682,0
1398294516758,41786086335000,171538051000001,-4.347,-4.403,-33.682,0
1398294516768,41786097901000,171538051000001,-4.347,-4.403,-33.682,0
1398294516777,41786106416000,171538051000001,-4.347,-4.403,-33.682,0
1398294516786,41786116365000,171538051000001,-4.347,-4.403,-33.682,0
1398294516796,41786126374000,171538051000001,-4.347,-4.403,-33.682,0
1398294516806,41786136384000,171538051000001,-4.347,-4.403,-33.682,0
1398294516816,41786146394000,171538051000001,-4.347,-4.403,-33.682,0
1398294516826,41786156404000,171538051000001,-4.664,-4.098,-33.682,0
1398294516836,41786166413000,171538051000001,-4.664,-4.098,-33.682,0
1398294516846,41786176423000,171538051000001,-4.664,-4.098,-33.682,0
1398294516857,41786186433000,171538051000001,-4.664,-4.098,-33.682,0
1398294516866,41786196473000,171538051000001,-4.664,-4.098,-33.682,0
1398294516876,41786206452000,171538051000001,-4.664,-4.098,-33.682,0
1398294516886,41786216462000,171538051000001,-4.664,-4.098,-33.682,0
1398294516897,41786226472000,171538051000001,-4.664,-4.098,-33.682,0
1398294516907,41786236482000,171538051000001,-4.664,-4.098,-33.682,0
1398294516917,41786246491000,171538051000001,-4.664,-4.098,-33.682,0
1398294516926,41786256501000,171538051000001,-4.664,-4.098,-33.682,0
1398294516936,41786266481000,171538051000001,-4.664,-4.098,-33.682,0
1398294516948,41786278047000,171538051000001,-4.35,-4.098,-33.682,0
1398294516957,41786286714000,171538051000001,-4.35,-4.098,-33.682,0
1398294516967,41786296540000,171538051000001,-4.35,-4.098,-33.682,0
1398294516978,41786306550000,171538051000001,-4.35,-4.098,-33.682,0
1398294516990,41786316529000,171538051000001,-4.35,-4.098,-33.682,0
1398294516997,41786326570000,171538051000001,-4.35,-4.098,-33.682,0
1398294517007,41786336518000,171538051000001,-4.35,-4.098,-33.682,0
1398294517017,41786346559000,171538051000001,-4.04,-4.098,-33.682,0
1398294517027,41786356568000,171538051000001,-4.04,-4.098,-33.682,0
1398294517037,41786366548000,171538051000001,-4.04,-4.098,-33.682,0
1398294517047,41786376588000,171538051000001,-4.04,-4.098,-33.682,0
1398294517060,41786386598000,171538051000001,-4.04,-4.098,-33.682,0
1398294517067,41786396607000,171538051000001,-4.04,-4.098,-33.682,0
1398294517077,41786406617000,171538051000001,-4.04,-4.098,-33.682,0
1398294517087,41786416596000,171538051000001,-3.729,-4.098,-33.682,0
1398294517096,41786426606000,171538051000001,-3.729,-4.098,-33.682,0
1398294517106,41786436616000,171538051000001,-3.729,-4.098,-33.682,0
1398294517117,41786446626000,171538051000001,-3.729,-4.098,-33.682,0
1398294517128,41786458192000,171538051000001,-3.729,-4.098,-33.682,0
1398294517137,41786466676000,171538051000001,-3.729,-4.098,-33.682,0
1398294517147,41786476686000,171538051000001,-3.729,-4.098,-33.682,0
1398294517157,41786486695000,171538051000001,-3.729,-4.098,-33.682,0
1398294517167,41786496675000,171538051000001,-3.729,-4.098,-33.682,0
1398294517177,41786506684000,171538051000001,-3.729,-4.098,-33.682,0
1398294517189,41786516725000,171538051000001,-3.729,-4.098,-33.682,0
1398294517197,41786526704000,171538051000001,-3.384,-4.098,-33.682,0
1398294517207,41786536714000,171538051000001,-3.384,-4.098,-33.682,0
1398294517217,41786546723000,171538051000001,-3.384,-4.098,-33.682,0
1398294517227,41786556825000,171538051000001,-3.384,-4.098,-33.682,0
1398294517241,41786566835000,171538051000001,-3.384,-4.098,-33.682,0
1398294517247,41786576814000,171538051000001,-3.384,-4.098,-33.682,0
1398294517257,41786586824000,171538051000001,-3.384,-4.098,-33.682,0
1398294517267,41786596833000,171538051000001,-3.384,-4.098,-33.682,0
1398294517277,41786606843000,171538051000001,-3.384,-4.098,-33.682,0
1398294517289,41786617280000,171538051000001,-3.384,-4.098,-33.682,0
1398294517298,41786628419000,171538051000001,-3.384,-4.098,-33.682,0
1398294517309,41786638368000,171538051000001,-3.384,-4.098,-33.682,0
1398294517317,41786646852000,171538051000001,-3.384,-4.098,-33.682,0
1398294517327,41786656861000,171538051000001,-3.384,-4.098,-33.682,0
1398294517337,41786666871000,171538051000001,-3.384,-4.098,-33.682,0
1398294517347,41786676850000,171538051000001,-3.384,-4.098,-33.682,0
1398294517357,41786686860000,171538051000001,-3.384,-4.098,-33.682,0
1398294517367,41786696870000,171538051000001,-3.384,-4.098,-33.682,0
1398294517377,41786706880000,171538051000001,-3.384,-4.098,-33.682,0
1398294517387,41786716950000,171538051000001,-3.384,-4.098,-33.682,0
1398294517398,41786727082000,171538051000001,-3.736,-4.098,-33.682,0
1398294517408,41786736970000,171538051000001,-3.736,-4.098,-33.682,0
1398294517417,41786747010000,171538051000001,-3.736,-4.098,-33.682,0
1398294517427,41786756990000,171538051000001,-3.736,-4.098,-33.682,0
1398294517437,41786766999000,171538051000001,-4.095,-4.098,-33.682,0
1398294517447,41786777009000,171538051000001,-4.095,-4.098,-33.682,0
1398294517457,41786787049000,171538051000001,-4.095,-4.098,-33.682,0
1398294517467,41786797029000,171538051000001,-4.095,-4.098,-33.682,0
1398294517477,41786807038000,171538051000001,-4.095,-4.098,-33.682,0
1398294517489,41786818605000,171538051000001,-4.095,-4.098,-33.682,0
1398294517497,41786827088000,171538051000001,-4.095,-4.098,-33.682,0
1398294517509,41786837037000,171538051000001,-4.095,-4.098,-33.682,0
1398294517517,41786847077000,171538051000001,-4.095,-4.098,-33.682,0
1398294517527,41786857057000,171538051000001,-4.095,-4.098,-33.682,0
1398294517538,41786867066000,171538051000001,-4.095,-4.098,-33.682,0
1398294517547,41786877076000,171538051000001,-4.095,-4.098,-33.682,0
1398294517557,41786887086000,171538051000001,-4.095,-4.098,-33.682,0
1398294517567,41786897096000,171538051000001,-4.095,-4.098,-33.682,0
1398294517577,41786907106000,171538051000001,-4.095,-4.098,-33.682,0
1398294517587,41786917115000,171538051000001,-4.095,-4.098,-33.682,0
1398294517597,41786927369000,171538051000001,-4.095,-4.098,-33.682,0
1398294517607,41786937104000,171538051000001,-4.095,-4.098,-33.682,0
1398294517619,41786947145000,171538051000001,-4.095,-4.098,-33.682,0
1398294517627,41786957154000,171538051000001,-4.095,-4.098,-33.682,0
1398294517637,41786967134000,171538051000001,-4.095,-4.098,-33.682,0
1398294517648,41786977174000,171538051000001,-4.095,-4.098,-33.682,0
1398294517657,41786987153000,171538051000001,-4.095,-4.098,-33.682,0
1398294517669,41786998719000,171538051000001,-4.095,-4.098,-33.682,0
1398294517677,41787007234000,171538051000001,-4.095,-4.098,-33.682,0
1398294517688,41787017213000,171538051000001,-4.402,-4.098,-33.682,0
1398294517697,41787027192000,171538051000001,-4.402,-4.098,-33.682,0
1398294517707,41787037202000,171538051000001,-4.402,-4.098,-33.682,0
1398294517717,41787047212000,171538051000001,-4.402,-4.098,-33.682,0
1398294517727,41787057221000,171538051000001,-4.402,-4.098,-33.682,0
1398294517737,41787067231000,171538051000001,-4.402,-4.098,-33.682,0
1398294517747,41787077241000,171538051000001,-4.402,-4.098,-33.682,0
1398294517757,41787087251000,171538051000001,-4.402,-4.098,-33.682,0
1398294517767,41787097261000,171538051000001,-4.402,-4.098,-33.682,0
1398294517777,41787107270000,171538051000001,-4.402,-4.098,-33.682,0
1398294517787,41787117311000,171538051000001,-4.402,-4.098,-33.682,0
1398294517797,41787127290000,171538051000001,-4.402,-4.098,-33.682,0
1398294517807,41787137300000,171538051000001,-4.402,-4.098,-33.682,0
1398294517817,41787147309000,171538051000001,-4.402,-4.098,-33.682,0
1398294517827,41787157319000,171538051000001,-4.402,-4.098,-33.682,0
1398294517837,41787167512000,171538051000001,-4.402,-4.098,-33.682,0
1398294517849,41787178895000,171538051000001,-4.402,-4.098,-33.682,0
1398294517857,41787187409000,171538051000001,-4.402,-4.098,-33.682,0
1398294517867,41787197358000,171538051000001,-4.402,-4.098,-33.682,0
1398294517877,41787207368000,171538051000001,-4.081,-4.098,-33.682,0
1398294517887,41787217378000,171538051000001,-4.081,-4.098,-33.682,0
1398294517912,41787227418000,171538051000001,-4.081,-4.098,-33.682,0
1398294517921,41787241822000,171538051000001,-4.081,-4.098,-33.682,0
1398294517922,41787247407000,171538051000001,-4.081,-4.098,-33.682,0
1398294517927,41787257447000,171538051000001,-4.081,-4.098,-33.682,0
1398294517937,41787267427000,171538051000001,-4.081,-4.098,-33.682,0
1398294517947,41787277436000,171538051000001,-4.081,-4.098,-33.682,0
1398294517957,41787287446000,171538051000001,-4.081,-4.098,-33.682,0
1398294517970,41787299409000,171538051000001,-4.081,-4.098,-33.682,0
1398294517984,41787314118000,171538051000001,-4.081,-4.098,-33.682,0
1398294517989,41787319001000,171538051000001,-4.081,-4.4,-33.682,0
1398294518004,41787333924000,171538051000001,-4.081,-4.4,-33.682,0
1398294518009,41787338868000,171538051000001,-4.081,-4.4,-33.682,0
1398294518024,41787353944000,171538051000001,-4.081,-4.4,-33.682,0
1398294518031,41787361116000,171538051000001,-4.081,-4.4,-33.682,0
1398294518044,41787373506000,171538051000001,-4.081,-4.4,-33.682,0
1398294518050,41787380311000,171538051000001,-4.081,-4.4,-33.682,0
1398294518062,41787392091000,171538051000001,-4.081,-4.4,-33.682,0
1398294518069,41787399049000,171538051000001,-4.081,-4.803,-33.682,0
1398294518084,41787413941000,171538051000001,-4.081,-4.803,-33.682,0
1398294518088,41787418031000,171538051000001,-4.081,-4.803,-33.366,0
1398294518104,41787434022000,171538051000001,-4.081,-4.803,-33.366,0
1398294518109,41787438874000,171538051000001,-3.72,-5.152,-33.366,0
1398294518123,41787448335000,171538051000001,-3.72,-5.152,-33.366,0
1398294518128,41787457643000,171538051000001,-3.72,-5.152,-33.366,0
1398294518138,41787467652000,171538051000001,-3.72,-5.152,-33.366,0
1398294518148,41787477632000,171538051000001,-3.387,-5.152,-33.366,0
1398294518158,41787487672000,171538051000001,-3.387,-5.493,-33.366,0
1398294518168,41787497682000,171538051000001,-3.387,-5.493,-33.366,0
1398294518178,41787507691000,171538051000001,-2.992,-5.493,-33.366,0
1398294518188,41787517701000,171538051000001,-2.992,-5.493,-33.366,0
1398294518198,41787527711000,171538051000001,-2.992,-5.493,-33.366,0
1398294518215,41787544526000,171538051000001,-2.584,-5.805,-33.366,0
1398294518226,41787547731000,171538051000001,-2.584,-5.805,-33.366,0
1398294518228,41787557710000,171538051000001,-2.584,-5.805,-33.366,0
1398294518242,41787567994000,171538051000001,-2.253,-5.805,-33.366,0
1398294518253,41787579774000,171538051000001,-2.253,-5.805,-33.366,0
1398294518259,41787588105000,171538051000001,-2.253,-5.805,-33.366,0
1398294518272,41787597779000,171538051000001,-2.253,-5.805,-33.366,0
1398294518280,41787609590000,171538051000001,-2.253,-5.805,-33.366,0
1398294518290,41787619203000,171538051000001,-2.253,-5.805,-33.366,0
1398294518305,41787629945000,171538051000001,-2.253,-5.805,-33.366,0
1398294518308,41787637818000,171538051000001,-1.947,-5.805,-33.366,0
1398294518321,41787647828000,171538051000001,-1.947,-5.805,-33.366,0
1398294518328,41787657807000,171538051000001,-1.947,-5.805,-33.366,0
1398294518338,41787667817000,171538051000001,-1.947,-5.805,-33.366,0
1398294518348,41787677857000,171538051000001,-1.947,-5.805,-33.366,0
1398294518358,41787687867000,171538051000001,-1.947,-5.805,-33.366,0
1398294518368,41787697877000,171538051000001,-1.947,-5.805,-33.366,0
1398294518378,41787707887000,171538051000001,-1.947,-5.805,-33.366,0
1398294518389,41787719453000,171538051000001,-2.27,-5.805,-33.366,0
1398294518398,41787727937000,171538051000001,-2.27,-5.416,-33.688,0
1398294518408,41787737916000,171538051000001,-2.575,-5.416,-33.688,0
1398294518418,41787747895000,171538051000001,-2.575,-5.416,-33.688,0
1398294518428,41787757905000,171538051000001,-2.883,-5.062,-33.688,0
1398294518438,41787767915000,171538051000001,-2.883,-5.062,-33.688,0
1398294518448,41787777925000,171538051000001,-3.207,-5.062,-33.688,0
1398294518458,41787787934000,171538051000001,-3.207,-4.721,-33.688,0
1398294518468,41787797944000,171538051000001,-3.207,-4.721,-33.688,0
1398294518478,41787807954000,171538051000001,-3.207,-4.721,-33.688,0
1398294518488,41787817964000,171538051000001,-3.515,-4.721,-33.688,0
1398294518498,41787827973000,171538051000001,-3.515,-4.415,-33.688,0
1398294518508,41787838014000,171538051000001,-3.515,-4.415,-33.688,0
1398294518519,41787848603000,171538051000001,-3.515,-4.415,-33.688,0
1398294518528,41787857972000,171538051000001,-3.851,-4.415,-33.688,0
1398294518538,41787867982000,171538051000001,-3.851,-4.115,-33.688,0
1398294518548,41787877992000,171538051000001,-3.851,-4.115,-33.688,0
1398294518558,41787888001000,171538051000001,-3.851,-4.115,-33.688,0
1398294518570,41787899568000,171538051000001,-3.851,-4.115,-33.688,0
1398294518578,41787908052000,171538051000001,-3.851,-4.115,-33.688,0
1398294518588,41787918031000,171538051000001,-3.851,-4.115,-33.688,0
1398294518604,41787928041000,171538051000001,-3.851,-4.115,-33.688,0
1398294518609,41787938081000,171538051000001,-3.851,-4.115,-33.688,0
1398294518621,41787948060000,171538051000001,-3.851,-4.115,-33.688,0
1398294518628,41787958070000,171538051000001,-4.199,-4.115,-33.688,0
1398294518638,41787968080000,171538051000001,-4.199,-4.115,-33.688,0
1398294518652,41787978059000,171538051000001,-4.199,-4.115,-33.688,0
1398294518662,41787988099000,171538051000001,-4.199,-4.115,-33.688,0
1398294518668,41787998109000,171538051000001,-4.199,-4.115,-33.688,0
1398294518678,41788008119000,171538051000001,-4.199,-4.115,-33.688,0
1398294518688,41788018128000,171538051000001,-4.542,-4.115,-33.688,0
1398294518698,41788028108000,171538051000001,-4.542,-3.796,-33.688,0
1398294518708,41788038148000,171538051000001,-4.542,-3.796,-33.688,0
1398294518718,41788048310000,171538051000001,-4.542,-3.796,-33.688,0
1398294518728,41788058168000,171538051000001,-4.542,-3.796,-33.688,0
1398294518738,41788068177000,171538051000001,-4.542,-3.796,-33.688,0
1398294518750,41788079713000,171538051000001,-4.542,-3.796,-33.688,0
1398294518758,41788088227000,171538051000001,-4.542,-3.796,-33.688,0
1398294518768,41788098207000,171538051000001,-4.542,-3.796,-33.688,0
1398294518778,41788108216000,171538051000001,-4.542,-3.796,-33.688,0
1398294518788,41788118226000,171538051000001,-4.542,-3.796,-33.688,0
1398294518800,41788128236000,171538051000001,-4.542,-3.796,-33.688,0
1398294518808,41788138246000,171538051000001,-4.542,-3.796,-33.688,0
1398294518818,41788148439000,171538051000001,-4.542,-3.796,-33.688,0
1398294518828,41788158265000,171538051000001,-4.542,-3.796,-33.688,0
1398294518838,41788168275000,171538051000001,-4.542,-3.477,-33.688,0
1398294518848,41788178285000,171538051000001,-4.542,-3.477,-33.688,0
1398294518858,41788188294000,171538051000001,-4.542,-3.477,-33.688,0
1398294518868,41788198304000,171538051000001,-4.203,-3.477,-33.688,0
1398294518878,41788208314000,171538051000001,-4.203,-3.477,-33.688,0
1398294518888,41788218324000,171538051000001,-4.203,-3.477,-33.688,0
1398294518898,41788228334000,171538051000001,-4.203,-3.477,-33.688,0
1398294518908,41788238343000,171538051000001,-4.203,-3.477,-33.688,0
1398294518918,41788248353000,171538051000001,-4.203,-3.477,-33.688,0
1398294518930,41788259919000,171538051000001,-3.863,-3.477,-33.688,0
1398294518938,41788268434000,171538051000001,-3.863,-3.477,-33.688,0
1398294518948,41788278382000,171538051000001,-3.863,-3.477,-33.688,0
1398294518958,41788288392000,171538051000001,-3.863,-3.477,-33.688,0
1398294518968,41788298402000,171538051000001,-3.863,-3.477,-33.688,0
1398294518978,41788308412000,171538051000001,-3.863,-3.477,-33.688,0
1398294518988,41788318421000,171538051000001,-3.863,-3.477,-33.688,0
1398294518998,41788328431000,171538051000001,-3.863,-3.477,-33.688,0
1398294519008,41788338441000,171538051000001,-3.863,-3.477,-33.688,0
1398294519018,41788348451000,171538051000001,-3.863,-3.477,-33.688,0
1398294519028,41788358460000,171538051000001,-3.863,-3.477,-33.688,0
1398294519038,41788368470000,171538051000001,-3.863,-3.477,-33.688,0
1398294519048,41788378480000,171538051000001,-3.558,-3.477,-33.688,0
1398294519061,41788390565000,171538051000001,-3.558,-3.477,-33.688,0
1398294519071,41788400514000,171538051000001,-3.558,-3.477,-33.688,0
1398294519085,41788415193000,171538051000001,-3.558,-3.477,-33.688,0
1398294519089,41788419007000,171538051000001,-3.558,-3.477,-33.688,0
1398294519106,41788435456000,171538051000001,-3.558,-3.477,-33.688,0
1398294519111,41788440827000,171538051000001,-3.558,-3.477,-33.688,0
1398294519119,41788448640000,171538051000001,-3.558,-3.477,-33.688,0
1398294519129,41788458589000,171538051000001,-3.558,-3.477,-33.688,0
1398294519139,41788468598000,171538051000001,-3.558,-3.477,-33.688,0
1398294519149,41788478608000,171538051000001,-3.558,-3.477,-33.688,0
1398294519159,41788488801000,171538051000001,-3.88,-3.477,-33.688,0
1398294519169,41788498628000,171538051000001,-3.88,-3.477,-33.688,0
1398294519179,41788508637000,171538051000001,-3.88,-3.477,-33.688,0
1398294519189,41788518647000,171538051000001,-3.88,-3.477,-33.688,0
1398294519202,41788528688000,171538051000001,-3.88,-3.477,-33.688,0
1398294519211,41788538697000,171538051000001,-3.88,-3.477,-33.688,0
1398294519221,41788548646000,171538051000001,-3.88,-3.477,-33.688,0
1398294519239,41788563325000,171538051000001,-3.88,-3.477,-33.688,0
1398294519241,41788568666000,171538051000001,-3.88,-3.477,-33.688,0
1398294519260,41788580110000,171538051000001,-3.88,-3.477,-33.688,0
1398294519264,41788588716000,171538051000001,-3.88,-3.477,-33.688,0
1398294519269,41788598725000,171538051000001,-3.88,-3.477,-33.688,0
1398294519285,41788610169000,171538051000001,-3.88,-3.477,-33.688,0
1398294519291,41788621278000,171538051000001,-3.88,-3.477,-33.688,0
1398294519313,41788633668000,171538051000001,-3.88,-3.477,-33.688,0
1398294519319,41788643189000,171538051000001,-3.88,-3.477,-33.688,0
1398294519321,41788648774000,171538051000001,-3.88,-3.477,-33.688,0
1398294519333,41788659699000,171538051000001,-3.88,-3.477,-33.688,0
1398294519343,41788668794000,171538051000001,-3.88,-3.477,-33.688,0
1398294519353,41788678865000,171538051000001,-3.88,-3.477,-33.688,0
1398294519360,41788688905000,171538051000001,-3.88,-3.477,-33.99,0
1398294519369,41788698823000,171538051000001,-3.88,-3.477,-33.99,0
1398294519379,41788708833000,171538051000001,-3.88,-3.477,-33.99,0
1398294519389,41788718843000,171538051000001,-3.88,-3.477,-33.99,0
1398294519399,41788728852000,171538051000001,-3.88,-3.477,-33.99,0
1398294519409,41788738862000,171538051000001,-3.88,-3.477,-33.99,0
1398294519419,41788748872000,171538051000001,-3.88,-3.477,-33.99,0
1398294519429,41788758882000,171538051000001,-3.88,-3.477,-33.99,0
1398294519447,41788775056000,171538051000001,-3.88,-3.477,-33.99,0
1398294519450,41788779237000,171538051000001,-3.88,-3.477,-33.99,0
1398294519460,41788789155000,171538051000001,-3.88,-3.477,-33.99,0
1398294519471,41788800477000,171538051000001,-3.88,-3.477,-33.99,0
1398294519482,41788809632000,171538051000001,-3.88,-3.477,-33.99,0
1398294519489,41788818910000,171538051000001,-3.88,-3.477,-33.99,0
1398294519502,41788829621000,171538051000001,-3.88,-3.477,-33.99,0
1398294519511,41788839997000,171538051000001,-3.88,-3.477,-33.99,0
1398294519523,41788851838000,171538051000001,-3.88,-3.477,-33.99,0
1398294519531,41788860658000,171538051000001,-3.88,-3.477,-33.99,0
1398294519542,41788870973000,171538051000001,-3.88,-3.477,-33.99,0
1398294519550,41788879457000,171538051000001,-3.88,-3.477,-33.99,0
1398294519563,41788889039000,171538051000001,-3.88,-3.477,-33.99,0
1398294519571,41788899140000,171538051000001,-3.549,-3.477,-33.99,0
1398294519586,41788909059000,171538051000001,-3.549,-3.477,-33.99,0
1398294519589,41788919099000,171538051000001,-3.549,-3.477,-33.99,0
1398294519602,41788929231000,171538051000001,-3.549,-3.477,-33.99,0
1398294519609,41788939088000,171538051000001,-3.549,-3.477,-33.99,0
1398294519619,41788949067000,171538051000001,-3.549,-3.477,-33.99,0
1398294519629,41788959077000,171538051000001,-3.549,-3.477,-33.99,0
1398294519639,41788969117000,171538051000001,-3.549,-3.477,-33.99,0
1398294519651,41788980653000,171538051000001,-3.549,-3.477,-33.99,0
1398294519659,41788989167000,171538051000001,-3.549,-3.477,-33.99,0
1398294519670,41788999116000,171538051000001,-3.549,-3.477,-33.99,0
1398294519679,41789009156000,171538051000001,-3.549,-3.477,-33.99,0
1398294519689,41789019166000,171538051000001,-3.549,-3.477,-33.99,0
1398294519699,41789029176000,171538051000001,-3.549,-3.477,-33.99,0
1398294519709,41789039186000,171538051000001,-3.549,-3.477,-33.99,0
1398294519719,41789049195000,171538051000001,-3.549,-3.477,-33.99,0
1398294519729,41789059205000,171538051000001,-3.945,-3.477,-33.99,0
1398294519739,41789069215000,171538051000001,-3.945,-3.477,-33.99,0
1398294519751,41789081269000,171538051000001,-3.945,-3.477,-33.686,0
1398294519759,41789089173000,171538051000001,-3.945,-3.477,-33.686,0
1398294519769,41789099183000,171538051000001,-4.277,-3.477,-33.686,0
1398294519781,41789109193000,171538051000001,-4.277,-3.477,-33.686,0
1398294519790,41789119233000,171538051000001,-4.277,-3.477,-33.686,0
1398294519802,41789129212000,171538051000001,-4.277,-3.477,-33.686,0
1398294519809,41789139283000,171538051000001,-4.277,-3.477,-33.686,0
1398294519819,41789149262000,171538051000001,-4.277,-3.477,-33.686,0
1398294519831,41789160798000,171538051000001,-4.277,-3.477,-33.686,0
1398294519839,41789169313000,171538051000001,-4.277,-3.477,-33.686,0
1398294519852,41789179292000,171538051000001,-4.277,-3.477,-33.686,0
1398294519859,41789189271000,171538051000001,-4.277,-3.477,-33.686,0
1398294519870,41789199311000,171538051000001,-4.277,-3.477,-33.686,0
1398294519879,41789209291000,171538051000001,-4.277,-3.477,-33.686,0
1398294519889,41789219300000,171538051000001,-4.277,-3.477,-33.686,0
1398294519899,41789229310000,171538051000001,-4.277,-3.477,-33.686,0
1398294519909,41789239320000,171538051000001,-4.277,-3.477,-33.686,0
1398294519919,41789249330000,171538051000001,-4.277,-3.477,-33.686,0
1398294519930,41789259339000,171538051000001,-4.277,-3.477,-33.686,0
1398294519939,41789269349000,171538051000001,-4.277,-3.477,-33.686,0
1398294519950,41789279359000,171538051000001,-4.277,-3.477,-33.686,0
1398294519959,41789289369000,171538051000001,-4.277,-3.477,-33.686,0
1398294519970,41789299378000,171538051000001,-4.277,-3.477,-33.686,0
1398294519979,41789309388000,171538051000001,-4.277,-3.781,-33.686,0
1398294519989,41789319428000,171538051000001,-4.277,-3.781,-33.686,0
1398294520000,41789329408000,171538051000001,-4.277,-3.781,-33.686,0
1398294520011,41789340974000,171538051000001,-4.277,-3.781,-33.686,0
1398294520019,41789349488000,171538051000001,-4.277,-4.095,-33.686,0
1398294520029,41789359437000,171538051000001,-4.277,-4.095,-33.686,0
1398294520039,41789369630000,171538051000001,-4.277,-4.095,-33.686,0
1398294520050,41789379457000,171538051000001,-4.589,-4.402,-33.364,0
1398294520060,41789389466000,171538051000001,-4.589,-4.402,-33.364,0
1398294520070,41789399476000,171538051000001,-4.589,-4.402,-33.364,0
1398294520079,41789409486000,171538051000001,-4.589,-4.716,-33.364,0
1398294520090,41789419496000,171538051000001,-4.589,-4.716,-33.364,0
1398294520102,41789429536000,171538051000001,-4.589,-4.716,-33.364,0
1398294520110,41789439576000,171538051000001,-4.589,-5.043,-33.364,0
1398294520120,41789449586000,171538051000001,-4.589,-5.043,-33.01,0
1398294520130,41789459565000,171538051000001,-4.589,-5.043,-33.01,0
1398294520140,41789469605000,171538051000001,-4.589,-5.043,-33.01,0
1398294520150,41789479554000,171538051000001,-4.589,-5.415,-33.01,0
1398294520160,41789489533000,171538051000001,-4.589,-5.415,-33.01,0
1398294520170,41789499574000,171538051000001,-4.589,-5.415,-33.01,0
1398294520185,41789509614000,171538051000001,-4.589,-5.415,-33.01,0
1398294520191,41789521180000,171538051000001,-4.589,-5.755,-33.01,0
1398294520201,41789529725000,171538051000001,-4.589,-5.755,-33.01,0
1398294520210,41789539613000,171538051000001,-4.589,-5.755,-33.01,0
1398294520220,41789549623000,171538051000001,-4.589,-5.755,-33.01,0
1398294520230,41789559632000,171538051000001,-4.589,-5.755,-33.01,0
1398294520240,41789569642000,171538051000001,-4.589,-5.755,-33.01,0
1398294520250,41789579652000,171538051000001,-4.589,-5.755,-33.01,0
1398294520259,41789589662000,171538051000001,-4.589,-5.755,-33.01,0
1398294520270,41789599671000,171538051000001,-4.589,-6.086,-33.01,0
1398294520280,41789609712000,171538051000001,-4.589,-6.086,-33.01,0
1398294520290,41789619691000,171538051000001,-4.589,-6.086,-33.01,0
1398294520302,41789629701000,171538051000001,-4.589,-6.086,-33.01,0
1398294520310,41789639741000,171538051000001,-4.196,-6.086,-33.01,0
1398294520320,41789649720000,171538051000001,-4.196,-6.086,-33.01,0
1398294520329,41789659730000,171538051000001,-4.196,-6.086,-33.01,0
1398294520340,41789669740000,171538051000001,-3.863,-6.086,-33.01,0
1398294520350,41789679750000,171538051000001,-3.863,-6.086,-33.01,0
1398294520364,41789693940000,171538051000001,-3.863,-6.086,-33.01,0
1398294520371,41789701325000,171538051000001,-3.863,-6.399,-33.01,0
1398294520380,41789709840000,171538051000001,-3.863,-6.399,-33.01,0
1398294520390,41789719789000,171538051000001,-3.526,-6.399,-33.01,0
1398294520400,41789729798000,171538051000001,-3.526,-6.399,-33.01,0
1398294520410,41789739808000,171538051000001,-3.526,-6.399,-33.01,0
1398294520420,41789749818000,171538051000001,-3.526,-6.399,-33.01,0
1398294520430,41789759828000,171538051000001,-3.526,-6.399,-33.01,0
1398294520440,41789769837000,171538051000001,-3.526,-6.399,-33.01,0
1398294520450,41789779847000,171538051000001,-3.526,-6.399,-33.01,0
1398294520460,41789789857000,171538051000001,-3.224,-6.399,-33.01,0
1398294520470,41789799867000,171538051000001,-3.224,-6.399,-33.01,0
1398294520480,41789809876000,171538051000001,-3.224,-6.399,-33.01,0
1398294520490,41789819886000,171538051000001,-3.224,-6.399,-33.01,0
1398294520500,41789829896000,171538051000001,-3.224,-6.399,-33.01,0
1398294520510,41789839906000,171538051000001,-3.224,-6.399,-33.01,0
1398294520520,41789849916000,171538051000001,-3.224,-6.399,-33.01,0
1398294520530,41789859925000,171538051000001,-3.224,-6.399,-33.01,0
1398294520543,41789869966000,171538051000001,-3.224,-6.399,-33.01,0
1398294520552,41789881562000,171538051000001,-3.224,-6.399,-33.01,0
1398294520564,41789890107000,171538051000001,-3.224,-6.399,-33.01,0
1398294520570,41789900056000,171538051000001,-3.224,-6.399,-33.01,0
1398294520581,41789910035000,171538051000001,-3.224,-6.399,-33.01,0
1398294520590,41789920014000,171538051000001,-3.224,-6.399,-33.01,0
1398294520600,41789930055000,171538051000001,-3.224,-6.399,-33.01,0
1398294520610,41789940064000,171538051000001,-3.224,-6.399,-33.01,0
1398294520620,41789950074000,171538051000001,-3.224,-6.399,-33.01,0
1398294520630,41789960084000,171538051000001,-3.224,-6.399,-33.01,0
1398294520640,41789970094000,171538051000001,-3.224,-6.399,-33.01,0
1398294520650,41789980104000,171538051000001,-3.224,-6.399,-33.01,0
1398294520660,41789990113000,171538051000001,-3.224,-6.399,-33.01,0
1398294520673,41790002900000,171538051000001,-3.224,-6.399,-33.01,0
1398294520680,41790010102000,171538051000001,-3.224,-6.399,-33.01,0
1398294520690,41790020082000,171538051000001,-3.224,-6.399,-33.01,0
1398294520700,41790030061000,171538051000001,-3.224,-6.082,-33.01,0
1398294520710,41790040071000,171538051000001,-3.224,-6.082,-33.01,0
1398294520721,41790050111000,171538051000001,-3.224,-6.082,-33.01,0
1398294520732,41790061677000,171538051000001,-3.224,-6.082,-33.01,0
1398294520740,41790070161000,171538051000001,-3.224,-6.082,-33.01,0
1398294520752,41790080140000,171538051000001,-3.224,-6.082,-33.01,0
1398294520760,41790090180000,171538051000001,-3.224,-6.082,-33.01,0
1398294520770,41790100160000,171538051000001,-3.224,-6.082,-33.01,0
1398294520780,41790110169000,171538051000001,-2.923,-6.082,-33.01,0
1398294520790,41790120179000,171538051000001,-2.923,-6.082,-33.01,0
1398294520800,41790130189000,171538051000001,-2.923,-5.767,-33.01,0
1398294520810,41790140199000,171538051000001,-2.923,-5.767,-33.01,0
1398294520820,41790150209000,171538051000001,-2.923,-5.767,-33.01,0
1398294520830,41790160218000,171538051000001,-2.923,-5.767,-33.01,0
1398294520840,41790170228000,171538051000001,-2.923,-5.767,-33.01,0
1398294520854,41790180238000,171538051000001,-2.923,-5.767,-33.351,0
1398294520864,41790193910000,171538051000001,-2.923,-5.767,-33.351,0
1398294520872,41790201905000,171538051000001,-2.616,-5.767,-33.351,0
1398294520882,41790211854000,171538051000001,-2.616,-5.767,-33.351,0
1398294520891,41790220277000,171538051000001,-2.616,-5.767,-33.351,0
1398294520902,41790230287000,171538051000001,-2.616,-5.767,-33.351,0
1398294520913,41790242158000,171538051000001,-2.616,-5.767,-33.351,0
1398294520921,41790250337000,171538051000001,-2.616,-5.767,-33.351,0
1398294520934,41790260530000,171538051000001,-2.616,-5.767,-33.351,0
1398294520941,41790270783000,171538051000001,-2.616,-5.767,-33.351,0
1398294520953,41790280946000,171538051000001,-2.616,-5.767,-33.351,0
1398294520965,41790292054000,171538051000001,-2.616,-5.767,-33.351,0
1398294520987,41790302003000,171538051000001,-2.616,-5.767,-33.351,0
1398294520988,41790310975000,171538051000001,-2.929,-5.767,-33.351,0
1398294520990,41790320375000,171538051000001,-2.929,-5.767,-33.351,0
1398294521005,41790330415000,171538051000001,-2.929,-5.767,-33.351,0
1398294521013,41790340425000,171538051000001,-2.929,-5.767,-33.351,0
1398294521020,41790350404000,171538051000001,-2.929,-5.767,-33.351,0
1398294521030,41790360414000,171538051000001,-2.929,-5.767,-33.351,0
1398294521040,41790370423000,171538051000001,-3.244,-5.767,-33.351,0
1398294521051,41790380433000,171538051000001,-3.244,-5.767,-33.351,0
1398294521061,41790390443000,171538051000001,-3.244,-5.767,-33.351,0
1398294521071,41790400453000,171538051000001,-3.244,-5.767,-33.351,0
1398294521080,41790410462000,171538051000001,-3.244,-5.767,-33.351,0
1398294521092,41790421998000,171538051000001,-3.562,-5.767,-33.351,0
1398294521101,41790430512000,171538051000001,-3.562,-5.767,-33.351,0
1398294521111,41790440492000,171538051000001,-3.562,-5.767,-33.351,0
1398294521124,41790454103000,171538051000001,-3.562,-5.767,-33.351,0
1398294521134,41790464051000,171538051000001,-3.562,-5.767,-33.351,0
1398294521143,41790472657000,171538051000001,-3.562,-5.767,-33.351,0
1398294521153,41790483247000,171538051000001,-3.562,-5.767,-33.351,0
1398294521161,41790491090000,171538051000001,-3.562,-5.767,-33.351,0
1398294521172,41790502229000,171538051000001,-3.562,-5.767,-33.351,0
1398294521183,41790512727000,171538051000001,-3.562,-5.767,-33.351,0
1398294521194,41790520539000,171538051000001,-3.562,-5.767,-33.351,0
1398294521203,41790532746000,171538051000001,-3.562,-5.767,-33.351,0
1398294521217,41790540772000,171538051000001,-3.562,-5.767,-33.351,0
1398294521221,41790550599000,171538051000001,-3.884,-5.767,-33.351,0
1398294521235,41790560609000,171538051000001,-3.884,-5.767,-33.351,0
1398294521244,41790571931000,171538051000001,-3.884,-5.767,-33.351,0
1398294521254,41790580659000,171538051000001,-3.884,-5.767,-33.351,0
1398294521264,41790590852000,171538051000001,-3.884,-5.767,-33.351,0
1398294521287,41790602235000,171538051000001,-3.884,-5.767,-33.351,0
1398294521291,41790616548000,171538051000001,-3.884,-5.767,-33.351,0
1398294521293,41790620790000,171538051000001,-3.884,-5.767,-33.351,0
1398294521307,41790630677000,171538051000001,-3.884,-5.767,-33.351,0
1398294521311,41790640718000,171538051000001,-3.884,-5.767,-33.351,0
1398294521321,41790650697000,171538051000001,-3.884,-5.767,-33.351,0
1398294521331,41790660676000,171538051000001,-3.884,-5.767,-33.351,0
1398294521343,41790670716000,171538051000001,-3.884,-5.767,-33.351,0
1398294521351,41790680757000,171538051000001,-3.884,-5.767,-33.351,0
1398294521361,41790690736000,171538051000001,-3.884,-5.767,-33.351,0
1398294521374,41790701570000,171538051000001,-3.884,-5.767,-33.351,0
1398294521381,41790710694000,171538051000001,-3.884,-5.767,-33.351,0
1398294521391,41790720704000,171538051000001,-3.884,-5.767,-33.351,0
1398294521402,41790730805000,171538051000001,-3.884,-5.767,-33.351,0
1398294521411,41790740785000,171538051000001,-3.884,-5.456,-33.351,0
1398294521421,41790750794000,171538051000001,-3.884,-5.456,-33.351,0
1398294521431,41790760957000,171538051000001,-3.884,-5.456,-33.351,0
1398294521441,41790770814000,171538051000001,-4.196,-5.456,-33.351,0
1398294521452,41790782380000,171538051000001,-4.196,-5.456,-33.351,0
1398294521461,41790790864000,171538051000001,-4.196,-5.456,-33.351,0
1398294521484,41790801667000,171538051000001,-4.196,-5.456,-33.351,0
1398294521486,41790810853000,171538051000001,-4.196,-5.456,-33.351,0
1398294521491,41790820863000,171538051000001,-4.196,-5.456,-33.351,0
1398294521501,41790830903000,171538051000001,-4.196,-5.456,-33.351,0
1398294521513,41790840882000,171538051000001,-4.196,-5.456,-33.351,0
1398294521521,41790850892000,171538051000001,-4.196,-5.456,-33.351,0
1398294521531,41790860902000,171538051000001,-4.196,-5.456,-33.351,0
1398294521541,41790870942000,171538051000001,-4.196,-5.456,-33.351,0
1398294521551,41790880952000,171538051000001,-4.196,-5.456,-33.351,0
1398294521563,41790890992000,171538051000001,-4.196,-5.456,-33.351,0
1398294521571,41790901002000,171538051000001,-4.196,-5.456,-33.351,0
1398294521581,41790910981000,171538051000001,-4.196,-5.456,-33.351,0
1398294521595,41790924562000,171538051000001,-4.196,-5.456,-33.351,0
1398294521601,41790930940000,171538051000001,-4.196,-5.456,-33.351,0
1398294521611,41790941072000,171538051000001,-4.196,-5.456,-33.351,0
1398294521621,41790950990000,171538051000001,-4.196,-5.116,-33.351,0
1398294521633,41790962495000,171538051000001,-4.196,-5.116,-33.351,0
1398294521641,41790971040000,171538051000001,-4.196,-5.116,-33.351,0
1398294521651,41790981019000,171538051000001,-4.196,-5.116,-33.351,0
1398294521661,41790991029000,171538051000001,-4.196,-5.116,-33.351,0
1398294521671,41791001069000,171538051000001,-4.196,-4.757,-33.351,0
1398294521681,41791011048000,171538051000001,-4.562,-4.757,-33.351,0
1398294521691,41791021058000,171538051000001,-4.562,-4.757,-33.351,0
1398294521701,41791031037000,171538051000001,-4.562,-4.757,-33.351,0
1398294521711,41791041017000,171538051000001,-4.562,-4.757,-33.351,0
1398294521721,41791051026000,171538051000001,-4.562,-4.42,-33.351,0
1398294521731,41791061036000,171538051000001,-4.562,-4.42,-33.351,0
1398294521750,41791071076000,171538051000001,-4.562,-4.42,-33.351,0
1398294521753,41791081086000,171538051000001,-4.562,-4.42,-33.351,0
1398294521762,41791091096000,171538051000001,-4.562,-4.42,-33.351,0
1398294521771,41791101075000,171538051000001,-4.866,-4.42,-33.351,0
1398294521782,41791111085000,171538051000001,-4.866,-4.093,-33.351,0
1398294521793,41791121095000,171538051000001,-4.866,-4.093,-33.653,0
1398294521801,41791131105000,171538051000001,-4.866,-4.093,-33.653,0
1398294521813,41791142823000,171538051000001,-4.866,-4.093,-33.653,0
1398294521821,41791151155000,171538051000001,-4.866,-4.093,-33.653,0
1398294521831,41791161103000,171538051000001,-4.866,-4.093,-33.653,0
1398294521842,41791171144000,171538051000001,-4.866,-4.093,-33.653,0
1398294521852,41791181153000,171538051000001,-4.866,-4.093,-33.653,0
1398294521861,41791191163000,171538051000001,-4.866,-4.093,-33.653,0
1398294521871,41791201173000,171538051000001,-4.866,-4.093,-33.653,0
1398294521881,41791211183000,171538051000001,-4.866,-4.093,-33.653,0
1398294521896,41791225160000,171538051000001,-4.866,-4.093,-33.653,0
1398294521901,41791231202000,171538051000001,-4.866,-4.093,-33.653,0
1398294521911,41791241212000,171538051000001,-4.866,-4.093,-33.653,0
1398294521927,41791251252000,171538051000001,-4.866,-4.093,-33.653,0
1398294521932,41791261262000,171538051000001,-4.866,-4.093,-33.653,0
1398294521942,41791271272000,171538051000001,-4.866,-4.093,-33.653,0
1398294521951,41791281282000,171538051000001,-4.866,-4.093,-33.653,0
1398294521962,41791291291000,171538051000001,-4.866,-4.093,-33.653,0
1398294521972,41791301301000,171538051000001,-4.866,-4.093,-33.653,0
1398294521982,41791311341000,171538051000001,-4.866,-4.093,-33.653,0
1398294521994,41791322846000,171538051000001,-4.866,-4.093,-33.653,0
1398294522002,41791331361000,171538051000001,-4.866,-4.093,-33.653,0
1398294522012,41791341371000,171538051000001,-4.866,-4.093,-33.653,0
1398294522022,41791351350000,171538051000001,-4.563,-4.093,-33.653,0
1398294522032,41791361360000,171538051000001,-4.563,-4.093,-33.653,0
1398294522042,41791371369000,171538051000001,-4.563,-4.093,-33.653,0
1398294522051,41791381349000,171538051000001,-4.563,-4.093,-33.653,0
1398294522061,41791391358000,171538051000001,-4.563,-4.093,-33.653,0
1398294522072,41791401368000,171538051000001,-4.563,-4.093,-33.653,0
1398294522081,41791411378000,171538051000001,-4.563,-4.093,-33.653,0
1398294522091,41791421388000,171538051000001,-4.563,-4.093,-33.653,0
1398294522101,41791431428000,171538051000001,-4.563,-4.093,-33.653,0
1398294522111,41791441438000,171538051000001,-4.563,-3.785,-33.653,0
1398294522121,41791451448000,171538051000001,-4.563,-3.785,-33.653,0
1398294522131,41791461457000,171538051000001,-4.563,-3.785,-33.653,0
1398294522141,41791471467000,171538051000001,-4.563,-3.785,-33.653,0
1398294522151,41791481477000,171538051000001,-4.563,-3.785,-33.653,0
1398294522161,41791491487000,171538051000001,-4.563,-3.785,-33.653,0
1398294522173,41791503022000,171538051000001,-4.563,-3.785,-33.653,0
1398294522181,41791511537000,171538051000001,-4.905,-3.785,-33.653,0
1398294522191,41791521485000,171538051000001,-4.905,-3.785,-33.653,0
1398294522204,41791533906000,171538051000001,-4.905,-3.785,-33.653,0
1398294522212,41791541535000,171538051000001,-4.905,-3.785,-33.653,0
1398294522222,41791551545000,171538051000001,-4.905,-3.785,-33.653,0
1398294522232,41791561555000,171538051000001,-4.905,-3.785,-33.653,0
1398294522241,41791571534000,171538051000001,-4.905,-3.785,-33.653,0
1398294522252,41791581727000,171538051000001,-4.905,-3.785,-33.653,0
1398294522262,41791591554000,171538051000001,-4.905,-3.474,-33.653,0
1398294522274,41791601838000,171538051000001,-4.905,-3.474,-33.653,0
1398294522285,41791614808000,171538051000001,-4.905,-3.474,-33.653,0
1398294522295,41791624299000,171538051000001,-4.905,-3.474,-33.653,0
1398294522305,41791635163000,171538051000001,-4.905,-3.474,-33.653,0
1398294522315,41791644197000,171538051000001,-4.905,-3.474,-33.653,0
1398294522332,41791651704000,171538051000001,-4.905,-3.474,-33.653,0
1398294522333,41791661714000,171538051000001,-4.905,-3.474,-33.653,0
1398294522348,41791671662000,171538051000001,-4.905,-3.474,-33.653,0
1398294522355,41791684297000,171538051000001,-4.905,-3.474,-33.653,0
1398294522365,41791691743000,171538051000001,-4.905,-3.474,-33.653,0
1398294522374,41791701936000,171538051000001,-4.905,-3.474,-33.653,0
1398294522382,41791711701000,171538051000001,-4.905,-3.474,-33.653,0
1398294522392,41791721742000,171538051000001,-4.905,-3.474,-33.653,0
1398294522402,41791731721000,171538051000001,-4.905,-3.474,-33.653,0
1398294522412,41791741731000,171538051000001,-4.905,-3.474,-33.653,0
1398294522422,41791751741000,171538051000001,-4.905,-3.474,-33.653,0
1398294522432,41791761781000,171538051000001,-4.905,-3.474,-33.653,0
1398294522442,41791771821000,171538051000001,-4.905,-3.474,-33.653,0
1398294522452,41791781861000,171538051000001,-4.905,-3.474,-33.653,0
1398294522462,41791791841000,171538051000001,-5.212,-3.474,-33.653,0
1398294522472,41791801820000,171538051000001,-5.212,-3.169,-33.653,0
1398294522482,41791811860000,171538051000001,-5.212,-3.169,-33.653,0
1398294522492,41791821839000,171538051000001,-5.212,-3.169,-33.653,0
1398294522502,41791831880000,171538051000001,-5.212,-3.169,-33.653,0
1398294522516,41791846101000,171538051000001,-5.212,-3.169,-33.653,0
1398294522522,41791851808000,171538051000001,-5.212,-3.169,-33.653,0
1398294522534,41791863374000,171538051000001,-5.212,-3.169,-33.653,0
1398294522544,41791871858000,171538051000001,-5.212,-3.169,-33.653,0
1398294522552,41791881837000,171538051000001,-5.212,-3.169,-33.653,0
1398294522562,41791891847000,171538051000001,-5.212,-3.169,-33.653,0
1398294522572,41791901887000,171538051000001,-5.212,-3.169,-33.653,0
1398294522582,41791911897000,171538051000001,-5.52,-3.169,-33.653,0
1398294522592,41791921876000,171538051000001,-5.52,-3.169,-33.653,0
1398294522602,41791931916000,171538051000001,-5.52,-3.169,-33.653,0
1398294522612,41791941926000,171538051000001,-5.52,-3.169,-33.653,0
1398294522622,41791951905000,171538051000001,-5.52,-3.169,-33.653,0
1398294522632,41791961976000,171538051000001,-5.52,-3.169,-33.653,0
1398294522642,41791972047000,171538051000001,-5.52,-3.169,-33.653,0
1398294522652,41791981904000,171538051000001,-5.197,-3.169,-33.653,0
1398294522662,41791991944000,171538051000001,-5.197,-3.169,-33.653,0
1398294522672,41792001954000,171538051000001,-5.197,-3.169,-33.653,0
1398294522683,41792011964000,171538051000001,-5.197,-3.169,-33.653,0
1398294522692,41792022157000,171538051000001,-5.197,-3.169,-33.653,0
1398294522703,41792032014000,171538051000001,-5.197,-3.169,-33.653,0
1398294522714,41792043550000,171538051000001,-5.197,-3.169,-33.653,0
1398294522722,41792052033000,171538051000001,-5.197,-3.169,-33.653,0
1398294522732,41792062013000,171538051000001,-4.89,-3.485,-33.653,0
1398294522742,41792072022000,171538051000001,-4.89,-3.485,-33.653,0
1398294522752,41792082032000,171538051000001,-4.89,-3.485,-33.975,0
1398294522762,41792092042000,171538051000001,-4.89,-3.485,-33.975,0
1398294522772,41792102052000,171538051000001,-4.89,-3.485,-33.975,0
1398294522782,41792112062000,171538051000001,-4.89,-3.485,-33.975,0
1398294522792,41792122071000,171538051000001,-4.89,-3.485,-33.975,0
1398294522802,41792132081000,171538051000001,-4.89,-3.485,-33.975,0
1398294522819,41792142091000,171538051000001,-4.89,-3.485,-33.975,0
1398294522832,41792154176000,171538051000001,-4.89,-3.485,-33.975,0
1398294522833,41792162324000,171538051000001,-4.89,-3.485,-33.975,0
1398294522842,41792172120000,171538051000001,-4.89,-3.485,-33.975,0
1398294522852,41792182130000,171538051000001,-4.89,-3.485,-33.975,0
1398294522862,41792192140000,171538051000001,-4.89,-3.485,-33.975,0
1398294522872,41792202149000,171538051000001,-4.89,-3.485,-33.975,0
1398294522882,41792212159000,171538051000001,-4.89,-3.485,-33.975,0
1398294522895,41792223725000,171538051000001,-4.89,-3.485,-33.975,0
1398294522921,41792232209000,171538051000001,-4.89,-3.485,-33.975,0
1398294522923,41792242189000,171538051000001,-4.89,-3.485,-33.975,0
1398294522925,41792252198000,171538051000001,-4.89,-3.485,-33.975,0
1398294522937,41792262513000,171538051000001,-4.89,-3.485,-33.975,0
1398294522942,41792272218000,171538051000001,-4.89,-3.485,-33.975,0
1398294522952,41792282228000,171538051000001,-4.89,-3.485,-33.975,0
1398294522962,41792292237000,171538051000001,-4.89,-3.485,-33.975,0
1398294522973,41792302247000,171538051000001,-4.89,-3.485,-33.975,0
1398294522983,41792312257000,171538051000001,-4.89,-3.485,-33.975,0
1398294522993,41792322267000,171538051000001,-4.89,-3.485,-33.975,0
1398294523002,41792332307000,171538051000001,-5.239,-3.485,-33.975,0
1398294523012,41792342317000,171538051000001,-5.239,-3.485,-33.975,0
1398294523022,41792352296000,171538051000001,-5.239,-3.485,-33.975,0
1398294523033,41792362550000,171538051000001,-5.239,-3.485,-33.975,0
1398294523043,41792372346000,171538051000001,-5.239,-3.485,-33.975,0
1398294523053,41792382356000,171538051000001,-5.239,-3.485,-33.975,0
1398294523063,41792392366000,171538051000001,-5.551,-3.485,-33.975,0
1398294523074,41792403901000,171538051000001,-5.551,-3.485,-33.975,0
1398294523085,41792412416000,171538051000001,-5.551,-3.485,-33.975,0
1398294523093,41792422578000,171538051000001,-5.551,-3.485,-33.975,0
1398294523103,41792432374000,171538051000001,-5.551,-3.485,-33.975,0
1398294523112,41792442384000,171538051000001,-5.551,-3.485,-33.975,0
1398294523129,41792452394000,171538051000001,-5.551,-3.485,-33.975,0
1398294523132,41792462373000,171538051000001,-5.551,-3.485,-33.975,0
1398294523143,41792472383000,171538051000001,-5.551,-3.485,-33.975,0
1398294523155,41792482423000,171538051000001,-5.551,-3.485,-33.975,0
1398294523168,41792492433000,171538051000001,-5.551,-3.485,-33.668,0
1398294523173,41792502442000,171538051000001,-5.551,-3.169,-33.668,0
1398294523183,41792512452000,171538051000001,-5.551,-3.169,-33.668,0
1398294523193,41792522828000,171538051000001,-5.551,-3.169,-33.668,0
1398294523203,41792532472000,171538051000001,-5.551,-3.169,-33.668,0
1398294523212,41792542481000,171538051000001,-5.25,-3.169,-33.668,0
1398294523223,41792552491000,171538051000001,-5.25,-3.169,-33.668,0
1398294523232,41792562470000,171538051000001,-5.25,-3.169,-33.668,0
1398294523242,41792572480000,171538051000001,-5.25,-3.169,-33.668,0
1398294523255,41792584046000,171538051000001,-4.91,-3.169,-33.668,0
1398294523263,41792592561000,171538051000001,-4.91,-3.48,-33.668,0
1398294523273,41792602540000,171538051000001,-4.91,-3.48,-33.668,0
1398294523283,41792612550000,171538051000001,-4.91,-3.48,-33.668,0
1398294523295,41792622560000,171538051000001,-4.91,-3.48,-33.668,0
1398294523308,41792632569000,171538051000001,-4.91,-3.48,-33.668,0
1398294523316,41792642579000,171538051000001,-4.91,-3.48,-33.668,0
1398294523323,41792652589000,171538051000001,-4.91,-3.48,-33.668,0
1398294523333,41792662599000,171538051000001,-4.91,-3.48,-33.668,0
1398294523343,41792672639000,171538051000001,-4.91,-3.48,-33.668,0
1398294523354,41792682618000,171538051000001,-4.91,-3.48,-33.668,0
1398294523363,41792692628000,171538051000001,-5.258,-3.48,-33.668,0
1398294523373,41792702638000,171538051000001,-5.258,-3.48,-33.668,0
1398294523383,41792712647000,171538051000001,-5.258,-3.48,-33.668,0
1398294523393,41792722627000,171538051000001,-5.258,-3.48,-33.668,0
1398294523403,41792732667000,171538051000001,-5.258,-3.48,-33.668,0
1398294523413,41792742860000,171538051000001,-5.258,-3.48,-33.668,0
1398294523423,41792752656000,171538051000001,-5.258,-3.48,-33.668,0
1398294523434,41792764222000,171538051000001,-5.258,-3.48,-33.668,0
1398294523443,41792772706000,171538051000001,-5.258,-3.48,-33.668,0
1398294523453,41792782685000,171538051000001,-5.258,-3.48,-33.668,0
1398294523463,41792792695000,171538051000001,-5.258,-3.48,-33.668,0
1398294523480,41792802766000,171538051000001,-5.258,-3.48,-33.668,0
1398294523483,41792812745000,171538051000001,-5.258,-3.48,-33.668,0
1398294523493,41792822755000,171538051000001,-5.258,-3.48,-33.668,0
1398294523503,41792832765000,171538051000001,-5.258,-3.48,-33.668,0
1398294523513,41792842774000,171538051000001,-5.258,-3.48,-33.668,0
1398294523523,41792852784000,171538051000001,-5.258,-3.48,-33.668,0
1398294523533,41792862763000,171538051000001,-5.258,-3.48,-33.668,0
1398294523543,41792872773000,171538051000001,-5.258,-3.48,-33.668,0
1398294523553,41792882783000,171538051000001,-5.258,-3.48,-33.668,0
1398294523563,41792892793000,171538051000001,-5.258,-3.48,-33.668,0
1398294523573,41792902864000,171538051000001,-4.954,-3.48,-33.668,0
1398294523583,41792912873000,171538051000001,-4.954,-3.48,-33.668,0
1398294523599,41792922883000,171538051000001,-4.954,-3.48,-33.668,0
1398294523603,41792932893000,171538051000001,-4.954,-3.48,-33.668,0
1398294523614,41792944428000,171538051000001,-4.954,-3.48,-33.668,0
1398294523623,41792952943000,171538051000001,-4.954,-3.48,-33.668,0
1398294523633,41792962892000,171538051000001,-4.954,-3.48,-33.668,0
1398294523643,41792972901000,171538051000001,-4.954,-3.48,-33.668,0
1398294523653,41792982942000,171538051000001,-4.954,-3.48,-33.668,0
1398294523663,41792992951000,171538051000001,-4.954,-3.48,-33.668,0
1398294523673,41793002992000,171538051000001,-4.954,-3.48,-33.668,0
1398294523683,41793013001000,171538051000001,-4.954,-3.48,-33.668,0
1398294523693,41793022981000,171538051000001,-4.954,-3.48,-33.668,0
1398294523703,41793032991000,171538051000001,-4.954,-3.48,-33.668,0
1398294523713,41793043000000,171538051000001,-4.954,-3.48,-33.668,0
1398294523723,41793053010000,171538051000001,-4.954,-3.48,-33.668,0
1398294523733,41793063020000,171538051000001,-4.954,-3.48,-33.668,0
1398294523745,41793074922000,171538051000001,-4.954,-3.48,-33.668,0
1398294523753,41793083009000,171538051000001,-4.954,-3.48,-33.668,0
1398294523763,41793093019000,171538051000001,-4.954,-3.48,-33.668,0
1398294523773,41793103028000,171538051000001,-4.954,-3.48,-33.668,0
1398294523783,41793113038000,171538051000001,-4.954,-3.48,-33.668,0
1398294523795,41793124604000,171538051000001,-4.954,-3.48,-33.668,0
1398294523803,41793133119000,171538051000001,-4.954,-3.48,-33.668,0
1398294523813,41793143067000,171538051000001,-4.954,-3.48,-33.668,0
1398294523823,41793153077000,171538051000001,-4.954,-3.48,-33.668,0
1398294523833,41793163087000,171538051000001,-4.954,-3.48,-33.668,0
1398294523843,41793173097000,171538051000001,-4.954,-3.48,-33.668,0
1398294523853,41793183106000,171538051000001,-4.954,-3.791,-33.668,0
1398294523863,41793193116000,171538051000001,-4.954,-3.791,-33.668,0
1398294523874,41793203614000,171538051000001,-4.954,-3.791,-33.668,0
1398294523886,41793215394000,171538051000001,-4.954,-3.791,-33.668,0
1398294523896,41793225526000,171538051000001,-4.954,-3.791,-33.668,0
1398294523906,41793235810000,171538051000001,-4.954,-3.791,-33.668,0
1398294523917,41793246675000,171538051000001,-4.608,-3.791,-33.668,0
1398294523926,41793255525000,171538051000001,-4.608,-3.791,-33.668,0
1398294523937,41793267091000,171538051000001,-4.608,-3.791,-33.668,0
1398294523947,41793277131000,171538051000001,-4.608,-3.791,-33.668,0
1398294523959,41793288575000,171538051000001,-4.608,-3.791,-33.668,0
1398294523966,41793293275000,171538051000001,-4.608,-3.791,-33.668,0
1398294523977,41793304841000,171538051000001,-4.608,-3.791,-33.668,0
1398294523992,41793314637000,171538051000001,-4.608,-3.791,-33.668,0
1398294523995,41793323304000,171538051000001,-4.608,-3.791,-33.668,0
1398294524020,41793333314000,171538051000001,-4.608,-3.791,-33.668,0
1398294524027,41793343293000,171538051000001,-4.608,-3.791,-33.668,0
1398294524031,41793353303000,171538051000001,-4.608,-3.791,-33.668,0
1398294524039,41793363343000,171538051000001,-4.608,-3.791,-33.668,0
1398294524049,41793378175000,171538051000001,-4.608,-3.791,-33.668,0
1398294524055,41793383302000,171538051000001,-4.608,-3.791,-33.668,0
1398294524064,41793393342000,171538051000001,-4.608,-4.104,-33.668,0
1398294524076,41793403382000,171538051000001,-4.608,-4.104,-33.668,0
1398294524085,41793413392000,171538051000001,-4.608,-4.104,-33.668,0
1398294524095,41793423371000,171538051000001,-4.608,-4.104,-33.668,0
1398294524104,41793433381000,171538051000001,-4.608,-4.104,-33.668,0
1398294524113,41793443391000,171538051000001,-4.608,-4.104,-33.668,0
1398294524123,41793453401000,171538051000001,-4.608,-4.104,-33.668,0
1398294524133,41793463380000,171538051000001,-4.608,-4.104,-33.668,0
1398294524143,41793473390000,171538051000001,-4.608,-4.104,-33.668,0
1398294524155,41793484986000,171538051000001,-4.94,-4.104,-33.668,0
1398294524163,41793493470000,171538051000001,-4.94,-4.42,-33.668,0
1398294524174,41793503449000,171538051000001,-4.94,-4.42,-33.668,0
1398294524187,41793513429000,171538051000001,-4.94,-4.42,-33.668,0
1398294524194,41793523469000,171538051000001,-4.94,-4.42,-33.668,0
1398294524204,41793533448000,171538051000001,-4.94,-4.42,-33.668,0
1398294524214,41793543458000,171538051000001,-4.94,-4.42,-33.668,0
1398294524223,41793553468000,171538051000001,-4.94,-4.42,-33.668,0
1398294524235,41793563447000,171538051000001,-4.94,-4.754,-33.668,0
1398294524243,41793573457000,171538051000001,-4.94,-4.754,-33.668,0
1398294524253,41793583467000,171538051000001,-4.94,-4.754,-33.668,0
1398294524263,41793593476000,171538051000001,-4.94,-4.754,-33.668,0
1398294524274,41793603486000,171538051000001,-5.299,-4.754,-33.668,0
1398294524284,41793613526000,171538051000001,-5.299,-4.754,-33.668,0
1398294524295,41793623536000,171538051000001,-5.299,-4.754,-33.668,0
1398294524304,41793633515000,171538051000001,-5.299,-4.754,-33.668,0
1398294524313,41793643525000,171538051000001,-5.299,-4.754,-33.668,0
1398294524324,41793653535000,171538051000001,-5.299,-4.754,-33.668,0
1398294524336,41793665132000,171538051000001,-5.299,-4.754,-33.668,0
1398294524350,41793673646000,171538051000001,-5.299,-4.754,-33.668,0
1398294524354,41793683686000,171538051000001,-5.299,-4.754,-33.668,0
1398294524364,41793693635000,171538051000001,-5.299,-4.754,-33.668,0
1398294524374,41793703645000,171538051000001,-5.299,-4.754,-33.668,0
1398294524384,41793713655000,171538051000001,-5.299,-4.754,-33.668,0
1398294524394,41793723634000,171538051000001,-5.299,-4.754,-33.668,0
1398294524404,41793733644000,171538051000001,-5.299,-4.754,-33.668,0
1398294524414,41793743653000,171538051000001,-5.299,-4.754,-33.668,0
1398294524424,41793753663000,171538051000001,-5.299,-4.754,-33.668,0
1398294524434,41793763673000,171538051000001,-5.299,-4.754,-33.668,0
1398294524444,41793773683000,171538051000001,-5.299,-4.754,-33.668,0
1398294524456,41793783723000,171538051000001,-5.299,-4.423,-33.668,0
1398294524464,41793793733000,171538051000001,-5.299,-4.423,-33.668,0
1398294524474,41793803742000,171538051000001,-5.299,-4.423,-33.668,0
1398294524485,41793813722000,171538051000001,-5.299,-4.423,-33.668,0
1398294524494,41793823762000,171538051000001,-5.299,-4.423,-33.668,0
1398294524504,41793833772000,171538051000001,-5.299,-4.423,-33.668,0
1398294524518,41793845338000,171538051000001,-5.299,-4.423,-33.668,0
1398294524524,41793853822000,171538051000001,-5.299,-4.423,-33.668,0
1398294524534,41793863771000,171538051000001,-5.299,-4.423,-33.668,0
1398294524544,41793873780000,171538051000001,-5.299,-4.423,-33.668,0
1398294524554,41793883790000,171538051000001,-4.966,-4.423,-33.668,0
1398294524564,41793893830000,171538051000001,-4.966,-4.423,-33.668,0
1398294524574,41793903840000,171538051000001,-4.966,-4.423,-33.668,0
1398294524595,41793913850000,171538051000001,-4.966,-4.1,-33.668,0
1398294524596,41793923860000,171538051000001,-4.966,-4.1,-33.668,0
1398294524604,41793933839000,171538051000001,-4.966,-4.1,-33.668,0
1398294524614,41793943879000,171538051000001,-4.966,-4.1,-33.668,0
1398294524624,41793953858000,171538051000001,-4.966,-4.1,-33.668,0
1398294524634,41793963899000,171538051000001,-4.966,-3.796,-33.668,0
1398294524644,41793973878000,171538051000001,-4.966,-3.796,-33.668,0
1398294524654,41793983918000,171538051000001,-4.966,-3.796,-33.668,0
1398294524668,41793996491000,171538051000001,-4.966,-3.796,-33.668,0
1398294524674,41794003877000,171538051000001,-4.966,-3.796,-33.668,0
1398294524684,41794013917000,171538051000001,-4.966,-3.796,-33.668,0
1398294524696,41794025483000,171538051000001,-4.966,-3.796,-33.668,0
1398294524704,41794033967000,171538051000001,-4.966,-3.796,-33.668,0
1398294524714,41794043946000,171538051000001,-4.966,-3.486,-33.668,0
1398294524724,41794053956000,171538051000001,-4.966,-3.486,-33.668,0
1398294524734,41794063966000,171538051000001,-4.966,-3.486,-33.668,0
1398294524744,41794073976000,171538051000001,-4.966,-3.486,-33.668,0
1398294524754,41794083955000,171538051000001,-4.966,-3.486,-33.668,0
1398294524764,41794093995000,171538051000001,-4.966,-3.486,-33.668,0
1398294524774,41794104005000,171538051000001,-4.966,-3.486,-33.668,0
1398294524784,41794113984000,171538051000001,-4.966,-3.486,-33.668,0
1398294524794,41794123994000,171538051000001,-4.966,-3.486,-33.668,0
1398294524804,41794134034000,171538051000001,-4.966,-3.486,-33.668,0
1398294524814,41794144013000,171538051000001,-4.966,-3.486,-33.668,0
1398294524824,41794154054000,171538051000001,-4.966,-3.486,-33.668,0
1398294524834,41794164033000,171538051000001,-4.966,-3.486,-33.668,0
1398294524844,41794174043000,171538051000001,-4.966,-3.486,-33.668,0
1398294524854,41794184053000,171538051000001,-4.966,-3.486,-33.668,0
1398294524864,41794194093000,171538051000001,-4.966,-3.486,-33.668,0
1398294524876,41794205659000,171538051000001,-4.966,-3.486,-33.668,0
1398294524884,41794214143000,171538051000001,-4.966,-3.486,-33.668,0
1398294524894,41794224305000,171538051000001,-4.966,-3.486,-33.668,0
1398294524904,41794234132000,171538051000001,-4.966,-3.486,-33.668,0
1398294524914,41794244142000,171538051000001,-4.966,-3.486,-33.668,0
1398294524925,41794254701000,171538051000001,-4.966,-3.486,-33.668,0
1398294524939,41794268586000,171538051000001,-4.966,-3.486,-33.668,0
1398294524948,41794278169000,171538051000001,-4.966,-3.486,-33.668,0
1398294524959,41794288514000,171538051000001,-5.282,-3.486,-33.668,0
1398294524969,41794298463000,171538051000001,-5.282,-3.486,-33.668,0
1398294524977,41794307130000,171538051000001,-5.282,-3.486,-33.668,0
1398294524989,41794319062000,171538051000001,-5.282,-3.486,-33.668,0
1398294524998,41794327912000,171538051000001,-5.282,-3.486,-33.668,0
1398294525008,41794337831000,171538051000001,-5.282,-3.486,-33.668,0
1398294525019,41794348603000,171538051000001,-5.282,-3.486,-33.668,0
1398294525028,41794357911000,171538051000001,-5.282,-3.486,-33.668,0
1398294525038,41794367829000,171538051000001,-5.282,-3.486,-33.668,0
1398294525049,41794378724000,171538051000001,-5.282,-3.486,-33.668,0
1398294525061,41794390718000,171538051000001,-5.282,-3.486,-33.668,0
1398294525080,41794395570000,171538051000001,-5.282,-3.486,-33.668,0
1398294525082,41794404328000,171538051000001,-5.282,-3.486,-33.668,0
1398294525084,41794414338000,171538051000001,-5.282,-3.486,-33.668,0
1398294525103,41794424348000,171538051000001,-5.282,-3.486,-33.668,0
1398294525108,41794434358000,171538051000001,-5.282,-3.486,-33.668,0
1398294525133,41794444398000,171538051000001,-5.282,-3.486,-33.979,0
1398294525135,41794454347000,171538051000001,-5.282,-3.486,-33.979,0
1398294525136,41794464387000,171538051000001,-5.282,-3.486,-33.979,0
1398294525145,41794474397000,171538051000001,-5.282,-3.486,-33.979,0
1398294525155,41794484407000,171538051000001,-5.282,-3.486,-33.979,0
1398294525170,41794494416000,171538051000001,-5.282,-3.486,-33.979,0
1398294525174,41794504426000,171538051000001,-5.282,-3.486,-33.979,0
1398294525184,41794514405000,171538051000001,-5.282,-3.486,-33.979,0
1398294525194,41794524415000,171538051000001,-5.282,-3.486,-33.979,0
1398294525204,41794534425000,171538051000001,-4.98,-3.486,-33.979,0
1398294525214,41794544435000,171538051000001,-4.98,-3.486,-33.979,0
1398294525228,41794558076000,171538051000001,-4.98,-3.486,-33.979,0
1398294525241,41794571046000,171538051000001,-4.98,-3.486,-33.979,0
1398294525247,41794576814000,171538051000001,-4.98,-3.486,-33.979,0
1398294525261,41794590791000,171538051000001,-4.98,-3.486,-33.979,0
1398294525267,41794597199000,171538051000001,-4.98,-3.486,-33.979,0
1398294525279,41794608705000,171538051000001,-4.98,-3.486,-33.979,0
1398294525288,41794618196000,171538051000001,-4.98,-3.486,-33.979,0
1398294525299,41794629457000,171538051000001,-4.98,-3.486,-33.979,0
1398294525307,41794637605000,171538051000001,-4.637,-3.486,-33.979,0
1398294525318,41794648103000,171538051000001,-4.637,-3.486,-33.979,0
1398294525327,41794656465000,171538051000001,-4.637,-3.486,-33.979,0
1398294525339,41794668641000,171538051000001,-4.637,-3.486,-33.979,0
1398294525349,41794678865000,171538051000001,-4.637,-3.486,-33.979,0
1398294525359,41794688600000,171538051000001,-4.637,-3.486,-33.979,0
1398294525369,41794698762000,171538051000001,-4.637,-3.486,-33.979,0
1398294525379,41794707582000,171538051000001,-4.637,-3.486,-33.979,0
1398294525389,41794718690000,171538051000001,-4.328,-3.486,-33.979,0
1398294525399,41794728883000,171538051000001,-4.328,-3.486,-33.979,0
1398294525408,41794737702000,171538051000001,-4.328,-3.486,-33.979,0
1398294525422,41794751283000,171538051000001,-4.328,-3.486,-33.979,0
1398294525426,41794756196000,171538051000001,-4.328,-3.486,-33.979,0
1398294525439,41794768739000,171538051000001,-4.328,-3.486,-33.979,0
1398294525450,41794780030000,171538051000001,-4.328,-3.486,-33.979,0
1398294525458,41794788270000,171538051000001,-4.328,-3.486,-33.979,0
1398294525470,41794800324000,171538051000001,-4.328,-3.486,-33.979,0
1398294525477,41794807069000,171538051000001,-4.328,-3.486,-33.979,0
1398294525488,41794815949000,171538051000001,-4.328,-3.486,-33.979,0
1398294525505,41794826844000,171538051000001,-4.328,-3.486,-33.979,0
1398294525506,41794834718000,171538051000001,-4.328,-3.486,-33.979,0
1398294525520,41794846162000,171538051000001,-4.328,-3.486,-33.979,0
1398294525527,41794857026000,171538051000001,-4.328,-3.486,-33.979,0
1398294525542,41794864747000,171538051000001,-4.328,-3.486,-33.979,0
1398294525545,41794874787000,171538051000001,-4.328,-3.486,-33.979,0
1398294525556,41794884828000,171538051000001,-4.328,-3.486,-33.979,0
1398294525567,41794895234000,171538051000001,-4.328,-3.486,-33.979,0
1398294525584,41794912477000,171538051000001,-4.328,-3.486,-33.979,0
1398294525586,41794914796000,171538051000001,-4.328,-3.486,-33.979,0
1398294525598,41794927217000,171538051000001,-4.328,-3.486,-33.979,0
1398294525609,41794936494000,171538051000001,-4.328,-3.486,-33.979,0
1398294525619,41794944856000,171538051000001,-4.328,-3.486,-33.979,0
1398294525627,41794954835000,171538051000001,-4.328,-3.486,-33.979,0
1398294525641,41794964875000,171538051000001,-4.328,-3.486,-33.979,0
1398294525645,41794974885000,171538051000001,-4.328,-3.486,-33.979,0
1398294525655,41794984864000,171538051000001,-4.328,-3.486,-33.979,0
1398294525665,41794994874000,171538051000001,-4.328,-3.486,-33.979,0
1398294525675,41795004884000,171538051000001,-4.328,-3.486,-33.979,0
1398294525685,41795014863000,171538051000001,-4.641,-3.486,-33.979,0
1398294525695,41795024903000,171538051000001,-4.641,-3.486,-33.979,0
1398294525705,41795034944000,171538051000001,-4.641,-3.486,-33.979,0
1398294525716,41795044923000,171538051000001,-4.641,-3.486,-33.979,0
1398294525725,41795054963000,171538051000001,-4.641,-3.486,-33.979,0
1398294525740,41795069398000,171538051000001,-4.641,-3.486,-33.979,0
1398294525747,41795077241000,171538051000001,-4.641,-3.486,-33.979,0
1398294525760,41795089570000,171538051000001,-4.641,-3.486,-33.979,0
1398294525769,41795099031000,171538051000001,-4.641,-3.486,-33.979,0
1398294525783,41795111848000,171538051000001,-4.641,-3.486,-33.979,0
1398294525786,41795115571000,171538051000001,-4.641,-3.486,-33.979,0
1398294525802,41795131440000,171538051000001,-4.948,-3.486,-33.979,0
1398294525806,41795135469000,171538051000001,-4.948,-3.846,-33.979,0
1398294525821,41795151307000,171538051000001,-4.948,-3.846,-33.979,0
1398294525827,41795157319000,171538051000001,-4.948,-3.846,-33.979,0
1398294525842,41795171540000,171538051000001,-4.948,-3.846,-33.979,0
1398294525847,41795176576000,171538051000001,-4.948,-3.846,-33.979,0
1398294525861,41795191346000,171538051000001,-4.948,-3.846,-33.979,0
1398294525867,41795197053000,171538051000001,-4.948,-4.165,-33.979,0
1398294525880,41795209962000,171538051000001,-4.948,-4.165,-33.979,0
1398294525895,41795224061000,171538051000001,-4.948,-4.165,-33.979,0
1398294525899,41795228578000,171538051000001,-4.948,-4.165,-33.979,0
1398294525907,41795236573000,171538051000001,-4.948,-4.165,-33.979,0
1398294525919,41795249116000,171538051000001,-5.262,-4.165,-33.663,0
1398294525930,41795259431000,171538051000001,-5.262,-4.165,-33.663,0
1398294525938,41795268403000,171538051000001,-5.262,-4.165,-33.663,0
1398294525950,41795280030000,171538051000001,-5.262,-4.165,-33.663,0
1398294525961,41795290925000,171538051000001,-5.262,-4.165,-33.663,0
1398294525968,41795298188000,171538051000001,-5.262,-4.165,-33.663,0
1398294525981,41795310426000,171538051000001,-5.262,-4.165,-33.663,0
1398294525989,41795319215000,171538051000001,-5.262,-4.165,-33.663,0
1398294526000,41795329499000,171538051000001,-5.262,-4.165,-33.663,0
1398294526007,41795337312000,171538051000001,-5.262,-4.165,-33.663,0
1398294526021,41795350495000,171538051000001,-5.262,-4.165,-33.663,0
1398294526029,41795358705000,171538051000001,-5.262,-4.165,-33.663,0
1398294526040,41795369630000,171538051000001,-5.262,-4.165,-33.663,0
1398294526049,41795378511000,171538051000001,-5.262,-4.165,-33.663,0
1398294526061,41795390809000,171538051000001,-5.59,-4.165,-33.663,0
1398294526068,41795397615000,171538051000001,-5.59,-4.165,-33.663,0
1398294526082,41795411531000,171538051000001,-5.59,-4.165,-33.663,0
1398294526088,41795417543000,171538051000001,-5.59,-4.165,-33.663,0
1398294526102,41795431825000,171538051000001,-6.016,-4.165,-33.663,0
1398294526107,41795436647000,171538051000001,-6.016,-4.165,-33.663,0
1398294526122,41795451631000,171538051000001,-6.016,-4.165,-33.663,0
1398294526126,41795456086000,171538051000001,-6.384,-3.863,-33.663,0
1398294526137,41795466889000,171538051000001,-6.384,-3.863,-33.663,0
1398294526145,41795475373000,171538051000001,-6.729,-3.863,-33.663,0
1398294526156,41795485353000,171538051000001,-6.729,-3.863,-33.663,0
1398294526165,41795495362000,171538051000001,-6.729,-3.863,-33.357,0
1398294526175,41795505403000,171538051000001,-6.729,-3.863,-33.357,0
1398294526186,41795515412000,171538051000001,-7.029,-3.863,-33.357,0
1398294526199,41795528504000,171538051000001,-7.029,-3.863,-33.357,0
1398294526206,41795535401000,171538051000001,-7.029,-3.559,-33.357,0
1398294526216,41795545594000,171538051000001,-7.029,-3.559,-33.357,0
1398294526234,41795555421000,171538051000001,-7.029,-3.559,-33.357,0
1398294526236,41795565431000,171538051000001,-7.029,-3.559,-33.357,0
1398294526248,41795577546000,171538051000001,-7.029,-3.559,-33.357,0
1398294526259,41795589051000,171538051000001,-7.029,-3.559,-33.357,0
1398294526266,41795596223000,171538051000001,-7.029,-3.559,-33.357,0
1398294526276,41795606172000,171538051000001,-7.029,-3.559,-33.357,0
1398294526331,41795615510000,171538051000001,-7.029,-3.559,-33.357,0
1398294526333,41795625550000,171538051000001,-7.029,-3.559,-33.357,0
1398294526334,41795635530000,171538051000001,-7.029,-3.559,-33.357,0
1398294526336,41795647096000,171538051000001,-6.669,-3.559,-33.357,0
1398294526337,41795655610000,171538051000001,-6.669,-3.559,-33.357,0
1398294526339,41795665559000,171538051000001,-6.669,-3.559,-33.357,0
1398294526357,41795675569000,171538051000001,-6.669,-3.559,-33.357,0
1398294526358,41795685578000,171538051000001,-6.669,-3.559,-33.357,0
1398294526370,41795695588000,171538051000001,-6.669,-3.559,-33.357,0
1398294526376,41795705598000,171538051000001,-6.369,-3.559,-33.357,0
1398294526386,41795715577000,171538051000001,-6.369,-3.559,-33.357,0
1398294526397,41795725587000,171538051000001,-6.369,-3.559,-33.357,0
1398294526406,41795735627000,171538051000001,-6.369,-3.559,-33.357,0
1398294526416,41795745606000,171538051000001,-6.369,-3.559,-33.357,0
1398294526426,41795755616000,171538051000001,-6.369,-3.559,-33.357,0
1398294526436,41795765626000,171538051000001,-6.369,-3.559,-33.357,0
1398294526447,41795775636000,171538051000001,-6.369,-3.559,-33.357,0
1398294526456,41795785676000,171538051000001,-6.369,-3.559,-33.357,0
1398294526468,41795798188000,171538051000001,-6.369,-3.559,-33.357,0
1398294526481,41795810243000,171538051000001,-6.369,-3.559,-33.357,0
1398294526487,41795817018000,171538051000001,-6.369,-3.559,-33.357,0
1398294526506,41795828248000,171538051000001,-6.369,-3.559,-33.357,0
1398294526507,41795835725000,171538051000001,-6.369,-3.559,-33.357,0
1398294526520,41795848756000,171538051000001,-6.369,-3.559,-33.357,0
1398294526527,41795856843000,171538051000001,-6.369,-3.559,-33.357,0
1398294526539,41795869508000,171538051000001,-6.369,-3.559,-33.357,0
1398294526548,41795878480000,171538051000001,-6.369,-3.559,-33.357,0
1398294526559,41795888551000,171538051000001,-6.369,-3.559,-33.357,0
1398294526569,41795898652000,171538051000001,-6.369,-3.559,-33.357,0
1398294526581,41795910554000,171538051000001,-6.369,-3.559,-33.357,0
1398294526588,41795918397000,171538051000001,-6.369,-3.559,-33.357,0
1398294526598,41795927980000,171538051000001,-6.369,-3.559,-33.357,0
1398294526610,41795939790000,171538051000001,-6.369,-3.559,-33.357,0
1398294526618,41795947969000,171538051000001,-6.369,-3.559,-33.357,0
1398294526631,41795960572000,171538051000001,-6.369,-3.559,-33.357,0
1398294526639,41795968446000,171538051000001,-6.369,-3.559,-33.357,0
1398294526651,41795981141000,171538051000001,-6.369,-3.559,-33.357,0
1398294526659,41795988679000,171538051000001,-6.369,-3.559,-33.7,0
1398294526671,41796000367000,171538051000001,-6.369,-3.559,-33.7,0
1398294526682,41796011293000,171538051000001,-6.369,-3.559,-33.7,0
1398294526688,41796018312000,171538051000001,-6.369,-3.559,-33.7,0
1398294526702,41796031312000,171538051000001,-6.369,-3.559,-33.7,0
1398294526709,41796035859000,171538051000001,-6.369,-3.559,-33.7,0
1398294526718,41796048310000,171538051000001,-6.065,-3.559,-33.7,0
1398294526733,41796062318000,171538051000001,-6.065,-3.559,-33.7,0
1398294526738,41796065949000,171538051000001,-6.065,-3.559,-33.7,0
1398294526764,41796080995000,171538051000001,-6.065,-3.559,-33.7,0
1398294526767,41796085877000,171538051000001,-6.065,-3.559,-33.7,0
1398294526770,41796095948000,171538051000001,-6.065,-3.559,-33.7,0
1398294526777,41796105989000,171538051000001,-6.065,-3.559,-33.7,0
1398294526789,41796118653000,171538051000001,-6.065,-3.559,-33.7,0
1398294526812,41796126039000,171538051000001,-6.065,-3.559,-33.7,0
1398294526814,41796136018000,171538051000001,-6.065,-3.559,-33.7,0
1398294526816,41796146028000,171538051000001,-6.065,-3.559,-33.7,0
1398294526843,41796157533000,171538051000001,-6.065,-3.559,-33.7,0
1398294526845,41796166017000,171538051000001,-6.065,-3.559,-33.7,0
1398294526846,41796176026000,171538051000001,-6.065,-3.559,-33.7,0
1398294526889,41796187593000,171538051000001,-6.065,-3.559,-33.7,0
1398294526890,41796196076000,171538051000001,-6.065,-3.559,-33.7,0
1398294526891,41796206056000,171538051000001,-6.065,-3.559,-33.7,0
1398294526893,41796216065000,171538051000001,-6.065,-3.559,-33.7,0
1398294526921,41796226075000,171538051000001,-6.065,-3.559,-33.7,0
1398294526922,41796236085000,171538051000001,-6.065,-3.559,-33.7,0
1398294526924,41796246125000,171538051000001,-6.065,-3.559,-33.7,0
1398294526930,41796256074000,171538051000001,-6.065,-3.559,-33.7,0
1398294526939,41796266114000,171538051000001,-6.405,-3.559,-33.7,0
1398294526946,41796276124000,171538051000001,-6.405,-3.559,-33.345,0
1398294526956,41796286103000,171538051000001,-6.405,-3.559,-33.345,0
1398294526966,41796296113000,171538051000001,-6.405,-3.559,-33.345,0
1398294526977,41796306123000,171538051000001,-6.405,-3.559,-33.345,0
1398294526986,41796316133000,171538051000001,-6.405,-3.559,-33.345,0
1398294526996,41796326142000,171538051000001,-6.405,-3.559,-33.345,0
1398294527006,41796336152000,171538051000001,-6.405,-3.559,-33.345,0
1398294527016,41796346162000,171538051000001,-6.405,-3.559,-33.345,0
1398294527027,41796356172000,171538051000001,-6.405,-3.559,-33.345,0
1398294527038,41796367738000,171538051000001,-6.405,-3.559,-33.345,0
1398294527046,41796376252000,171538051000001,-6.405,-3.559,-33.345,0
1398294527056,41796386201000,171538051000001,-6.405,-3.559,-33.345,0
1398294527066,41796396211000,171538051000001,-6.405,-3.559,-33.345,0
1398294527077,41796406251000,171538051000001,-6.405,-3.559,-33.345,0
1398294527086,41796416261000,171538051000001,-6.405,-3.559,-33.345,0
1398294527097,41796426454000,171538051000001,-6.405,-3.559,-33.345,0
1398294527106,41796436280000,171538051000001,-6.405,-3.559,-33.345,0
1398294527117,41796446321000,171538051000001,-6.405,-3.559,-33.345,0
1398294527128,41796456300000,171538051000001,-6.405,-3.559,-33.345,0
1398294527137,41796466432000,171538051000001,-6.405,-3.559,-33.345,0
1398294527147,41796476258000,171538051000001,-6.405,-3.559,-33.345,0
1398294527156,41796486268000,171538051000001,-6.405,-3.559,-33.345,0
1398294527166,41796496278000,171538051000001,-6.405,-3.559,-33.345,0
1398294527177,41796506288000,171538051000001,-6.405,-3.559,-33.345,0
1398294527186,41796516297000,171538051000001,-6.405,-3.559,-33.345,0
1398294527196,41796526307000,171538051000001,-6.405,-3.559,-33.345,0
1398294527206,41796536317000,171538051000001,-6.405,-3.559,-33.345,0
1398294527218,41796547853000,171538051000001,-6.405,-3.559,-33.345,0
1398294527226,41796556367000,171538051000001,-6.405,-3.559,-33.345,0
1398294527236,41796566346000,171538051000001,-6.405,-3.559,-33.345,0
1398294527246,41796576356000,171538051000001,-6.405,-3.559,-33.345,0
1398294527256,41796586366000,171538051000001,-6.405,-3.559,-33.345,0
1398294527266,41796596376000,171538051000001,-6.405,-3.559,-33.345,0
1398294527276,41796606385000,171538051000001,-6.051,-3.559,-33.345,0
1398294527286,41796616395000,171538051000001,-6.051,-3.559,-33.345,0
1398294527296,41796626405000,171538051000001,-6.051,-3.559,-33.345,0
1398294527306,41796636415000,171538051000001,-6.051,-3.559,-33.345,0
1398294527316,41796646424000,171538051000001,-6.051,-3.559,-33.345,0
1398294527326,41796656434000,171538051000001,-6.051,-3.559,-33.345,0
1398294527336,41796666444000,171538051000001,-6.051,-3.559,-33.345,0
1398294527346,41796676454000,171538051000001,-6.051,-3.559,-33.345,0
1398294527356,41796686463000,171538051000001,-6.051,-3.559,-33.345,0
1398294527366,41796696473000,171538051000001,-6.051,-3.559,-33.345,0
1398294527376,41796706483000,171538051000001,-6.051,-3.559,-33.345,0
1398294527386,41796716493000,171538051000001,-6.051,-3.237,-33.345,0
1398294527398,41796728028000,171538051000001,-6.051,-3.237,-33.345,0
1398294527406,41796736543000,171538051000001,-6.051,-3.237,-33.345,0
1398294527419,41796748323000,171538051000001,-6.051,-3.237,-33.345,0
1398294527430,41796759126000,171538051000001,-6.051,-3.237,-33.345,0
1398294527443,41796772767000,171538051000001,-6.051,-3.237,-33.345,0
1398294527449,41796778718000,171538051000001,-6.051,-3.237,-33.345,0
1398294527459,41796788850000,171538051000001,-6.051,-2.87,-33.345,0
1398294527473,41796802796000,171538051000001,-6.051,-2.87,-33.345,0
1398294527480,41796808137000,171538051000001,-5.751,-2.87,-33.345,0
1398294527490,41796819367000,171538051000001,-5.751,-2.87,-33.345,0
1398294527503,41796833070000,171538051000001,-5.751,-2.87,-33.345,0
1398294527508,41796837953000,171538051000001,-5.751,-2.87,-33.345,0
1398294527517,41796846742000,171538051000001,-5.404,-2.87,-33.345,0
1398294527527,41796856751000,171538051000001,-5.404,-2.87,-33.345,0
1398294527537,41796866914000,171538051000001,-5.404,-2.87,-33.345,0
1398294527552,41796881684000,171538051000001,-5.012,-2.87,-33.345,0
1398294527560,41796889070000,171538051000001,-5.012,-2.87,-33.345,0
1398294527573,41796902833000,171538051000001,-4.617,-2.87,-33.686,0
1398294527581,41796910340000,171538051000001,-4.272,-2.87,-33.686,0
1398294527592,41796922059000,171538051000001,-4.272,-2.87,-33.686,0
1398294527600,41796930146000,171538051000001,-3.861,-2.87,-33.686,0
1398294527612,41796942323000,171538051000001,-3.861,-2.87,-33.686,0
1398294527619,41796949098000,171538051000001,-3.46,-2.87,-33.686,0
1398294527629,41796959199000,171538051000001,-3.46,-2.87,-34.033,0
1398294527643,41796973420000,171538051000001,-3.46,-2.87,-34.033,0
1398294527648,41796978272000,171538051000001,-2.864,-2.87,-34.033,0
1398294527663,41796993074000,171538051000001,-2.864,-2.87,-34.033,0
1398294527668,41796997987000,171538051000001,-2.56,-2.87,-34.033,0
1398294527683,41797013093000,171538051000001,-2.56,-2.87,-34.033,0
1398294527688,41797018403000,171538051000001,-2.175,-2.87,-34.033,0
1398294527703,41797032991000,171538051000001,-2.175,-2.87,-34.033,0
1398294527709,41797039033000,171538051000001,-1.538,-2.87,-34.356,0
1398294527723,41797053041000,171538051000001,-1.538,-2.87,-34.356,0
1398294527734,41797063478000,171538051000001,-1.538,-2.87,-34.356,0
1398294527739,41797066896000,171538051000001,-1.202,-2.87,-34.356,0
1398294527752,41797081727000,171538051000001,-1.202,-2.87,-34.356,0
1398294527760,41797089509000,171538051000001,-0.857,-2.87,-34.356,0
1398294527769,41797098573000,171538051000001,-0.857,-2.87,-34.356,0
1398294527778,41797107240000,171538051000001,-0.857,-2.87,-34.356,0
1398294527791,41797120332000,171538051000001,-0.517,-2.87,-34.356,0
1398294527799,41797128602000,171538051000001,-0.517,-3.17,-34.356,0
1398294527810,41797138887000,171538051000001,-0.517,-3.17,-34.356,0
1398294527823,41797152711000,171538051000001,-0.517,-3.17,-34.356,0
1398294527827,41797157014000,171538051000001,-0.204,-3.17,-34.356,0
1398294527842,41797171601000,171538051000001,-0.204,-3.17,-34.356,0
1398294527850,41797179322000,171538051000001,-0.204,-3.17,-34.356,0
1398294527936,41797260713000,171538052000001,-0.204,-3.17,-34.356,0
1398294527946,41797269105000,171538052000001,-0.204,-3.17,-34.356,0
1398294527948,41797277619000,171538052000001,-0.204,-2.87,-34.356,0
1398294527964,41797287568000,171538052000001,-0.204,-2.87,-34.356,0
1398294527968,41797297608000,171538052000001,-0.204,-2.87,-34.356,0
1398294527978,41797307588000,171538052000001,-0.204,-2.485,-34.356,0
1398294527988,41797317597000,171538052000001,-0.204,-2.485,-34.356,0
1398294527998,41797327607000,171538052000001,-0.204,-2.16,-34.356,0
1398294528010,41797337617000,171538052000001,-0.204,-1.762,-34.356,0
1398294528018,41797347627000,171538052000001,-0.204,-1.379,-34.356,0
1398294528028,41797357637000,171538052000001,-0.204,-1.042,-34.356,0
1398294528038,41797367646000,171538052000001,-0.204,-0.517,-34.356,0
1398294528050,41797377656000,171538052000001,-0.204,-0.195,-34.356,0
1398294528061,41797387696000,171538052000001,-0.204,-0.195,-34.692,0
1398294528078,41797397706000,171538052000001,-0.204,0.317,-34.692,0
1398294528083,41797407746000,171538052000001,-0.204,0.708,-34.692,0
1398294528088,41797417756000,171538052000001,-0.204,1.109,-34.692,0
1398294528098,41797427796000,171538052000001,-0.204,1.109,-34.692,0
1398294528110,41797437715000,171538052000001,-0.527,1.692,-34.692,0
1398294528126,41797449342000,171538052000001,-0.527,1.692,-35.015,0
1398294528131,41797457795000,171538052000001,-0.527,1.692,-35.015,0
1398294528138,41797467744000,171538052000001,-0.527,1.692,-35.015,0
1398294528148,41797477784000,171538052000001,-0.836,1.692,-35.015,0
1398294528158,41797487763000,171538052000001,-0.836,2.0,-35.015,0
1398294528168,41797497773000,171538052000001,-0.836,2.0,-35.015,0
1398294528181,41797510774000,171538052000001,-0.836,2.0,-35.321,0
1398294528194,41797524262000,171538052000001,-1.185,2.0,-35.321,0
1398294528200,41797529389000,171538052000001,-1.185,2.456,-35.321,0
1398294528214,41797544129000,171538052000001,-1.185,2.456,-35.321,0
1398294528219,41797548982000,171538052000001,-1.496,2.836,-35.321,0
1398294528230,41797560212000,171538052000001,-1.496,2.836,-35.321,0
1398294528244,41797574433000,171538052000001,-1.496,3.173,-35.321,0
1398294528250,41797579255000,171538052000001,-1.832,3.173,-35.321,0
1398294528264,41797594392000,171538052000001,-1.832,3.479,-35.321,0
1398294528269,41797599275000,171538052000001,-1.832,3.479,-35.321,0
1398294528281,41797610627000,171538052000001,-2.185,3.479,-35.321,0
1398294528295,41797624757000,171538052000001,-2.185,3.479,-35.321,0
1398294528301,41797630891000,171538052000001,-2.185,3.837,-35.321,0
1398294528315,41797644532000,171538052000001,-2.185,3.837,-35.321,0
1398294528320,41797649415000,171538052000001,-2.185,3.837,-35.321,0
1398294528330,41797659822000,171538052000001,-2.185,3.837,-35.321,0
1398294528343,41797672120000,171538052000001,-2.185,3.837,-35.321,0
1398294528352,41797681733000,171538052000001,-2.185,3.837,-35.321,0
1398294528361,41797690553000,171538052000001,-2.185,3.837,-35.321,0
1398294528374,41797704042000,171538052000001,-2.185,3.837,-35.321,0
1398294528379,41797708924000,171538052000001,-2.185,3.837,-35.321,0
1398294528395,41797724702000,171538052000001,-2.185,3.837,-35.321,0
1398294528399,41797728578000,171538052000001,-2.185,3.837,-35.321,0
1398294528414,41797742890000,171538052000001,-2.185,3.837,-35.638,0
1398294528420,41797749574000,171538052000001,-2.185,3.837,-35.638,0
1398294528430,41797759858000,171538052000001,-2.185,3.837,-35.638,0
1398294528446,41797772157000,171538052000001,-2.185,3.837,-35.638,0
1398294528448,41797778047000,171538052000001,-2.185,3.411,-35.638,0
1398294528459,41797788056000,171538052000001,-2.185,3.411,-35.638,0
1398294528468,41797798066000,171538052000001,-2.185,3.411,-35.638,0
1398294528480,41797809632000,171538052000001,-2.185,3.411,-35.638,0
1398294528488,41797818116000,171538052000001,-2.185,2.996,-35.638,0
1398294528498,41797828126000,171538052000001,-2.185,2.996,-35.331,0
1398294528512,41797838136000,171538052000001,-2.185,2.996,-35.331,0
1398294528518,41797848146000,171538052000001,-2.185,2.558,-35.331,0
1398294528528,41797858125000,171538052000001,-2.185,2.558,-35.331,0
1398294528538,41797868135000,171538052000001,-2.185,2.185,-35.331,0
1398294528548,41797878144000,171538052000001,-2.59,1.771,-34.997,0
1398294528561,41797891053000,171538052000001,-2.59,0.75,-34.997,0
1398294528574,41797903840000,171538052000001,-2.59,-0.016,-34.997,0
1398294528580,41797910340000,171538052000001,-3.051,-0.633,-34.997,0
1398294528595,41797924623000,171538052000001,-3.051,-0.988,-34.62,0
1398294528600,41797929750000,171538052000001,-3.392,-1.454,-34.62,0
1398294528610,41797940064000,171538052000001,-3.742,-1.454,-34.62,0
1398294528624,41797953157000,171538052000001,-3.742,-1.998,-34.243,0
1398294528630,41797960450000,171538052000001,-4.24,-1.998,-34.243,0
1398294528644,41797974000000,171538052000001,-4.24,-1.998,-34.243,0
1398294528655,41797984803000,171538052000001,-4.24,-2.532,-33.943,0
1398294528660,41797989808000,171538052000001,-4.591,-2.532,-33.943,0
1398294528675,41798004273000,171538052000001,-4.591,-3.036,-33.943,0
1398294528679,41798008699000,171538052000001,-4.951,-3.521,-33.943,0
1398294528694,41798024018000,171538052000001,-4.951,-3.521,-33.479,0
1398294528700,41798029389000,171538052000001,-5.358,-4.066,-33.479,0
1398294528710,41798039155000,171538052000001,-5.358,-4.066,-33.479,0
1398294528721,41798050263000,171538052000001,-5.712,-4.51,-33.023,0
1398294528731,41798060578000,171538052000001,-5.712,-4.51,-33.023,0
1398294528745,41798074647000,171538052000001,-5.712,-4.51,-32.705,0
1398294528750,41798080293000,171538052000001,-6.127,-4.51,-32.705,0
1398294528761,41798091218000,171538052000001,-6.127,-4.905,-32.328,0
1398294528774,41798103578000,171538052000001,-6.454,-5.221,-32.328,0
1398294528781,41798110749000,171538052000001,-6.454,-5.221,-31.777,0
1398294528794,41798124208000,171538052000001,-6.454,-5.697,-31.147,0
1398294528801,41798131013000,171538052000001,-6.851,-5.697,-31.147,0
1398294528811,41798141175000,171538052000001,-6.851,-6.195,-30.825,0
1398294528824,41798153352000,171538052000001,-6.851,-6.195,-30.517,0
1398294528831,41798161134000,171538052000001,-6.851,-6.195,-30.517,0
1398294528842,41798171937000,171538052000001,-7.177,-6.555,-30.517,0
1398294528854,41798184358000,171538052000001,-7.177,-6.555,-30.517,0
1398294528861,41798191102000,171538052000001,-7.177,-6.555,-30.517,0
1398294528875,41798205079000,171538052000001,-7.177,-6.555,-30.178,0
1398294528880,41798209931000,171538052000001,-7.177,-7.041,-30.178,0
1398294528895,41798225251000,171538052000001,-7.177,-7.041,-29.832,0
1398294528899,41798228944000,171538052000001,-7.501,-7.429,-29.832,0
1398294528915,41798244783000,171538052000001,-7.501,-7.429,-29.832,0
1398294528919,41798248963000,171538052000001,-7.501,-7.756,-29.455,0
1398294528937,41798266572000,171538052000001,-7.501,-7.756,-29.455,0
1398294528939,41798268586000,171538052000001,-7.501,-8.113,-29.455,0
1398294528954,41798283692000,171538052000001,-7.501,-8.113,-29.125,0
1398294528970,41798289216000,171538052000001,-7.501,-8.465,-29.125,0
1398294528972,41798298921000,171538052000001,-7.501,-8.465,-29.125,0
1398294528979,41798308625000,171538052000001,-7.85,-8.767,-28.819,0
1398294528989,41798318605000,171538052000001,-7.85,-8.767,-28.819,0
1398294528999,41798328614000,171538052000001,-7.85,-9.1,-28.819,0
1398294529009,41798338594000,171538052000001,-7.85,-9.1,-28.819,0
1398294529021,41798350160000,171538052000001,-7.85,-9.1,-28.479,0
1398294529029,41798358674000,171538052000001,-7.85,-9.544,-28.479,0
1398294529039,41798368653000,171538052000001,-8.157,-9.544,-28.479,0
1398294529049,41798378663000,171538052000001,-8.157,-9.544,-28.479,0
1398294529059,41798388642000,171538052000001,-8.157,-9.913,-28.086,0
1398294529069,41798398652000,171538052000001,-8.157,-9.913,-28.086,0
1398294529085,41798414979000,171538052000001,-8.157,-9.913,-28.086,0
1398294529089,41798418977000,171538052000001,-8.157,-10.229,-28.086,0
1398294529105,41798435334000,171538052000001,-8.157,-10.229,-28.086,0
1398294529109,41798439149000,171538052000001,-8.157,-10.229,-28.086,0
1398294529125,41798455110000,171538052000001,-8.157,-10.229,-27.752,0
1398294529129,41798459077000,171538052000001,-8.157,-10.229,-27.752,0
1398294529145,41798475312000,171538052000001,-8.157,-10.542,-27.752,0
1398294529150,41798480226000,171538052000001,-8.157,-10.542,-27.752,0
1398294529162,41798491578000,171538052000001,-8.157,-10.542,-27.752,0
1398294529175,41798504975000,171538052000001,-8.157,-10.542,-27.752,0
1398294529181,41798510957000,171538052000001,-8.157,-10.542,-27.752,0
1398294529195,41798525392000,171538052000001,-8.157,-10.542,-27.752,0
1398294529202,41798531556000,171538052000001,-8.157,-10.913,-27.752,0
1398294529214,41798543794000,171538052000001,-8.5,-10.913,-27.442,0
1398294529222,41798552461000,171538052000001,-8.5,-10.913,-27.442,0
1398294529233,41798563172000,171538052000001,-8.5,-10.913,-27.442,0
1398294529244,41798574433000,171538052000001,-8.5,-10.913,-27.442,0
1398294529251,41798581147000,171538052000001,-8.5,-10.913,-27.442,0
1398294529264,41798593080000,171538052000001,-8.5,-10.913,-27.442,0
1398294529272,41798602052000,171538052000001,-8.5,-10.913,-27.442,0
1398294529282,41798611848000,171538052000001,-8.5,-10.913,-27.442,0
1398294529291,41798620942000,171538052000001,-8.5,-10.913,-27.442,0
1398294529305,41798635316000,171538052000001,-8.5,-10.913,-27.442,0
1398294529310,41798639314000,171538052000001,-8.837,-10.913,-27.14,0
1398294529325,41798655366000,171538052000001,-8.837,-11.264,-27.14,0
1398294529329,41798659364000,171538052000001,-8.837,-11.264,-27.14,0
1398294529341,41798670991000,171538052000001,-8.837,-11.264,-27.14,0
1398294529355,41798685395000,171538052000001,-8.837,-11.264,-26.806,0
1398294529360,41798690492000,171538052000001,-8.837,-11.592,-26.806,0
1398294529375,41798705262000,171538052000001,-8.837,-11.592,-26.806,0
1398294529383,41798712800000,171538052000001,-8.837,-11.592,-26.806,0
1398294529394,41798724153000,171538052000001,-8.837,-11.592,-26.806,0
1398294529403,41798732759000,171538052000001,-8.837,-11.592,-26.806,0
1398294529414,41798743959000,171538052000001,-8.837,-11.592,-26.806,0
1398294529423,41798753144000,171538052000001,-8.837,-11.592,-26.806,0
1398294529433,41798763215000,171538052000001,-8.837,-11.592,-26.806,0
1398294529441,41798771119000,171538052000001,-8.837,-11.592,-26.806,0
1398294529455,41798784791000,171538052000001,-8.837,-11.592,-26.806,0
1398294529461,41798789369000,171538052000001,-8.837,-11.592,-26.806,0
1398294529469,41798799043000,171538052000001,-8.837,-11.592,-26.806,0
1398294529479,41798809053000,171538052000001,-8.837,-11.592,-26.806,0
1398294529489,41798819032000,171538052000001,-8.837,-11.592,-26.806,0
1398294529499,41798829072000,171538052000001,-8.837,-11.592,-26.806,0
1398294529509,41798839051000,171538052000001,-8.837,-11.592,-26.806,0
1398294529519,41798849061000,171538052000001,-8.837,-11.592,-26.806,0
1398294529529,41798859071000,171538052000001,-8.837,-11.592,-26.806,0
1398294529539,41798869081000,171538052000001,-8.837,-11.288,-26.806,0
1398294529549,41798879151000,171538052000001,-8.837,-11.288,-26.806,0
1398294529562,41798890687000,171538052000001,-8.837,-11.288,-26.806,0
1398294529572,41798901856000,171538052000001,-8.837,-11.288,-26.806,0
1398294529585,41798914033000,171538052000001,-8.837,-11.288,-26.806,0
1398294529590,41798920289000,171538052000001,-8.837,-11.288,-26.806,0
1398294529604,41798934266000,171538052000001,-8.837,-11.288,-26.806,0
1398294529613,41798942536000,171538052000001,-8.837,-11.288,-26.806,0
1398294529622,41798952333000,171538052000001,-9.159,-11.288,-26.806,0
1398294529632,41798962342000,171538052000001,-9.159,-11.288,-26.806,0
1398294529642,41798972383000,171538052000001,-9.159,-11.288,-26.806,0
1398294529656,41798985749000,171538052000001,-9.159,-11.288,-26.806,0
1398294529661,41798990815000,171538052000001,-9.159,-11.288,-26.806,0
1398294529675,41799005281000,171538052000001,-9.159,-11.288,-26.806,0
1398294529682,41799012025000,171538052000001,-9.159,-11.288,-26.806,0
1398294529696,41799026002000,171538052000001,-9.159,-11.288,-26.806,0
1398294529701,41799030854000,171538052000001,-9.159,-11.288,-26.806,0
1398294529716,41799045533000,171538052000001,-9.159,-11.288,-26.806,0
1398294529721,41799051515000,171538052000001,-9.159,-11.288,-26.806,0
1398294529734,41799064332000,171538052000001,-9.159,-11.288,-26.806,0
1398294529745,41799075074000,171538052000001,-9.159,-11.288,-26.806,0
1398294529752,41799081971000,171538052000001,-9.159,-11.288,-26.806,0
1398294529766,41799095948000,171538052000001,-9.159,-11.288,-26.806,0
1398294529771,41799100801000,171538052000001,-9.159,-11.288,-26.806,0
1398294529786,41799115632000,171538052000001,-9.159,-11.288,-26.806,0
1398294529792,41799121644000,171538052000001,-9.159,-11.288,-26.806,0
1398294529806,41799135560000,171538052000001,-9.159,-11.288,-26.806,0
1398294529811,41799141481000,171538052000001,-9.159,-11.288,-26.806,0
1398294529826,41799155732000,171538052000001,-9.159,-11.288,-26.806,0
1398294529831,41799160646000,171538052000001,-9.159,-11.288,-26.806,0
1398294529841,41799171052000,171538052000001,-9.159,-11.288,-26.806,0
1398294529853,41799182862000,171538052000001,-9.159,-11.288,-26.806,0
1398294529863,41799192842000,171538052000001,-9.159,-11.288,-26.806,0
1398294529874,41799204438000,171538052000001,-9.159,-11.288,-26.806,0
1398294529884,41799211854000,171538052000001,-9.159,-11.288,-26.806,0
1398294529897,41799225190000,171538052000001,-9.486,-11.288,-26.806,0
1398294529901,41799229676000,171538052000001,-9.486,-11.288,-26.806,0
1398294529914,41799242890000,171538052000001,-9.486,-11.288,-26.806,0
1398294529925,41799253694000,171538052000001,-9.486,-11.288,-26.806,0
1398294529932,41799260621000,171538052000001,-9.486,-11.288,-26.806,0
1398294529943,41799271791000,171538052000001,-9.831,-11.288,-26.806,0
1398294529952,41799280641000,171538052000001,-9.831,-11.288,-26.806,0
1398294529964,41799289918000,171538052000001,-9.831,-11.288,-26.806,0
1398294529974,41799299684000,171538052000001,-9.831,-11.288,-26.806,0
1398294529981,41799309663000,171538052000001,-9.831,-11.288,-26.806,0
1398294529992,41799319673000,171538052000001,-9.831,-10.983,-26.806,0
1398294530001,41799329682000,171538052000001,-9.831,-10.983,-26.806,0
1398294530011,41799339692000,171538052000001,-9.831,-10.983,-26.806,0
1398294530021,41799349732000,171538052000001,-9.831,-10.983,-26.806,0
1398294530031,41799359712000,171538052000001,-9.831,-10.983,-26.806,0
1398294530044,41799369752000,171538052000001,-9.831,-10.983,-27.11,0
1398294530053,41799379853000,171538052000001,-9.831,-10.983,-27.11,0
1398294530064,41799389833000,171538052000001,-9.521,-10.983,-27.11,0
1398294530075,41799402375000,171538052000001,-9.521,-10.679,-27.11,0
1398294530083,41799411195000,171538052000001,-9.521,-10.679,-27.415,0
1398294530096,41799423371000,171538052000001,-9.178,-10.679,-27.415,0
1398294530105,41799431977000,171538052000001,-9.178,-10.679,-27.415,0
1398294530113,41799440492000,171538052000001,-9.178,-10.679,-27.415,0
1398294530125,41799452851000,171538052000001,-8.825,-10.679,-27.726,0
1398294530133,41799460298000,171538052000001,-8.825,-10.679,-27.726,0
1398294530146,41799473512000,171538052000001,-8.825,-10.679,-27.726,0
1398294530155,41799479920000,171538052000001,-8.432,-10.679,-27.726,0
1398294530163,41799490510000,171538052000001,-8.432,-10.38,-28.047,0
1398294530210,41799500489000,171538052000001,-8.432,-10.38,-28.047,0
1398294530219,41799510163000,171538052000001,-8.078,-10.38,-28.047,0
1398294530221,41799520204000,171538052000001,-8.078,-10.38,-28.047,0
1398294530223,41799530122000,171538052000001,-8.078,-10.38,-28.381,0
1398294530224,41799539796000,171538052000001,-8.078,-10.38,-28.381,0
1398294530226,41799549836000,171538052000001,-8.078,-10.073,-28.381,0
1398294530230,41799559785000,171538052000001,-7.734,-10.073,-28.381,0
1398294530240,41799569825000,171538052000001,-7.734,-10.073,-28.381,0
1398294530251,41799579835000,171538052000001,-7.734,-10.073,-28.381,0
1398294530260,41799589784000,171538052000001,-7.734,-10.073,-28.381,0
1398294530270,41799599793000,171538052000001,-7.734,-9.722,-28.381,0
1398294530282,41799611360000,171538052000001,-7.734,-9.722,-28.381,0
1398294530290,41799619844000,171538052000001,-7.734,-9.722,-28.698,0
1398294530303,41799629884000,171538052000001,-7.734,-9.399,-28.698,0
1398294530310,41799639863000,171538052000001,-7.734,-9.399,-28.698,0
1398294530320,41799649842000,171538052000001,-7.734,-9.399,-28.698,0
1398294530330,41799659852000,171538052000001,-8.038,-9.059,-28.698,0
1398294530340,41799669831000,171538052000001,-8.038,-9.059,-28.698,0
1398294530350,41799679841000,171538052000001,-8.038,-9.059,-28.698,0
1398294530360,41799689881000,171538052000001,-8.038,-8.744,-28.698,0
1398294530370,41799699861000,171538052000001,-8.038,-8.744,-28.698,0
1398294530380,41799709870000,171538052000001,-8.038,-8.744,-28.698,0
1398294530390,41799719880000,171538052000001,-8.038,-8.744,-28.698,0
1398294530400,41799729890000,171538052000001,-8.038,-8.744,-28.698,0
1398294530410,41799739900000,171538052000001,-8.038,-8.744,-28.698,0
1398294530420,41799749909000,171538052000001,-8.038,-8.744,-28.698,0
1398294530430,41799759919000,171538052000001,-8.038,-8.744,-28.698,0
1398294530440,41799769929000,171538052000001,-8.038,-8.744,-28.698,0
1398294530450,41799779939000,171538052000001,-8.038,-8.744,-28.698,0
1398294530462,41799791596000,171538052000001,-8.038,-8.744,-28.698,0
1398294530470,41799800111000,171538052000001,-8.038,-8.744,-28.698,0
1398294530481,41799810090000,171538052000001,-8.038,-8.744,-28.698,0
1398294530490,41799820069000,171538052000001,-8.038,-8.744,-28.698,0
1398294530500,41799830079000,171538052000001,-8.038,-8.744,-28.698,0
1398294530510,41799840058000,171538052000001,-8.038,-8.744,-28.698,0
1398294530520,41799850038000,171538052000001,-8.393,-9.048,-28.698,0
1398294530530,41799860047000,171538052000001,-8.393,-9.048,-28.353,0
1398294530540,41799870057000,171538052000001,-8.393,-9.048,-28.353,0
1398294530550,41799880097000,171538052000001,-8.393,-9.048,-28.353,0
1398294530560,41799890077000,171538052000001,-8.393,-9.365,-28.353,0
1398294530570,41799900086000,171538052000001,-8.393,-9.365,-28.353,0
1398294530580,41799910279000,171538052000001,-8.393,-9.365,-28.353,0
1398294530590,41799920106000,171538052000001,-8.393,-9.365,-28.353,0
1398294530602,41799930116000,171538052000001,-8.393,-9.365,-28.353,0
1398294530615,41799941316000,171538052000001,-8.393,-9.687,-28.353,0
1398294530623,41799951539000,171538052000001,-8.393,-9.687,-28.038,0
1398294530634,41799961976000,171538052000001,-8.393,-9.687,-28.038,0
1398294530647,41799974397000,171538052000001,-8.393,-9.687,-28.038,0
1398294530653,41799980348000,171538052000001,-8.393,-9.687,-28.038,0
1398294530664,41799992005000,171538052000001,-8.393,-9.687,-28.038,0
1398294530676,41800002626000,171538052000001,-8.393,-9.687,-28.038,0
1398294530683,41800010499000,171538052000001,-8.393,-9.687,-28.038,0
1398294530696,41800022828000,171538052000001,-8.091,-9.687,-28.038,0
1398294530705,41800030458000,171538052000001,-8.091,-9.687,-28.038,0
1398294530714,41800040772000,171538052000001,-8.091,-9.687,-28.038,0
1398294530726,41800052674000,171538052000001,-8.091,-9.687,-28.038,0
1398294530734,41800060975000,171538052000001,-7.752,-9.687,-28.038,0
1398294530746,41800072877000,171538052000001,-7.752,-9.687,-28.038,0
1398294530754,41800080567000,171538052000001,-7.752,-9.687,-28.361,0
1398294530766,41800092866000,171538052000001,-7.752,-9.687,-28.361,0
1398294530775,41800100556000,171538052000001,-7.752,-9.687,-28.361,0
1398294530785,41800112062000,171538052000001,-7.752,-9.687,-28.361,0
1398294530795,41800122193000,171538052000001,-7.752,-9.687,-28.361,0
1398294530817,41800133393000,171538052000001,-7.752,-9.687,-28.361,0
1398294530827,41800143037000,171538052000001,-7.752,-9.687,-28.361,0
1398294530834,41800152131000,171538052000001,-7.752,-9.687,-28.361,0
1398294530841,41800160676000,171538052000001,-7.752,-9.687,-28.361,0
1398294530846,41800170625000,171538052000001,-7.752,-9.992,-28.361,0
1398294530854,41800180604000,171538052000001,-7.752,-9.992,-28.361,0
1398294530866,41800192964000,171538052000001,-7.752,-9.992,-28.361,0
1398294530874,41800200654000,171538052000001,-7.752,-9.992,-28.361,0
1398294530887,41800214204000,171538052000001,-7.752,-9.992,-28.361,0
1398294530894,41800220674000,171538052000001,-7.752,-9.992,-28.361,0
1398294530906,41800233003000,171538052000001,-7.752,-9.992,-28.361,0
1398294530914,41800240907000,171538052000001,-7.752,-9.992,-28.361,0
1398294530927,41800253968000,171538052000001,-7.752,-9.992,-28.361,0
1398294530935,41800260713000,171538052000001,-7.752,-9.992,-28.361,0
1398294530946,41800273133000,171538052000001,-7.752,-9.992,-28.361,0
1398294530954,41800280702000,171538052000001,-7.752,-9.992,-28.361,0
1398294530966,41800293122000,171538052000001,-7.752,-9.992,-28.361,0
1398294530974,41800300721000,171538052000001,-7.752,-9.992,-28.361,0
1398294530993,41800310792000,171538052000001,-8.062,-9.992,-28.361,0
1398294530997,41800320802000,171538052000001,-8.062,-9.992,-28.361,0
1398294531011,41800332337000,171538052000001,-8.062,-9.992,-28.028,0
1398294531017,41800340821000,171538052000001,-8.062,-9.992,-28.028,0
1398294531024,41800350770000,171538052000001,-8.062,-9.992,-28.028,0
1398294531034,41800360841000,171538052000001,-8.062,-9.992,-28.028,0
1398294531044,41800370851000,171538052000001,-8.062,-9.992,-28.028,0
1398294531054,41800380891000,171538052000001,-8.062,-9.992,-28.028,0
1398294531064,41800390870000,171538052000001,-8.062,-9.992,-28.028,0
1398294531076,41800400819000,171538052000001,-8.062,-9.992,-28.028,0
1398294531085,41800410920000,171538052000001,-8.062,-9.992,-28.028,0
1398294531096,41800423493000,171538052000001,-8.062,-9.992,-28.028,0
1398294531104,41800430909000,171538052000001,-8.062,-9.992,-28.028,0
1398294531127,41800440888000,171538052000001,-8.062,-9.992,-28.028,0
1398294531129,41800450868000,171538052000001,-8.062,-9.992,-28.028,0
1398294531131,41800460664000,171538052000001,-8.062,-9.992,-28.028,0
1398294531145,41800474275000,171538052000001,-8.062,-9.992,-28.028,0
1398294531154,41800483827000,171538052000001,-8.062,-9.992,-28.028,0
1398294531165,41800494233000,171538052000001,-8.062,-9.992,-28.028,0
1398294531174,41800502473000,171538052000001,-8.062,-9.992,-28.028,0
1398294531186,41800514375000,171538052000001,-8.062,-9.992,-28.028,0
1398294531193,41800521455000,171538052000001,-8.062,-9.992,-28.028,0
1398294531206,41800534394000,171538052000001,-8.062,-9.992,-28.028,0
1398294531214,41800542329000,171538052000001,-8.062,-9.992,-28.028,0
1398294531226,41800554322000,171538052000001,-8.062,-9.992,-28.028,0
1398294531233,41800560823000,171538052000001,-8.062,-9.992,-28.028,0
1398294531245,41800572877000,171538052000001,-8.062,-9.992,-28.028,0
1398294531254,41800582154000,171538052000001,-8.062,-9.992,-28.028,0
1398294531265,41800592897000,171538052000001,-8.062,-9.992,-28.028,0
1398294531275,41800602876000,171538052000001,-8.062,-9.992,-28.028,0
1398294531285,41800613435000,171538052000001,-8.062,-9.992,-28.028,0
1398294531296,41800623628000,171538052000001,-8.062,-9.992,-28.028,0
1398294531304,41800632203000,171538052000001,-8.062,-9.992,-28.028,0
1398294531316,41800644319000,171538052000001,-8.062,-9.992,-28.028,0
1398294531324,41800652589000,171538052000001,-8.062,-9.992,-28.028,0
1398294531336,41800663880000,171538052000001,-8.062,-9.992,-28.028,0
1398294531344,41800672425000,171538052000001,-8.062,-9.992,-28.028,0
1398294531355,41800682923000,171538052000001,-8.062,-9.992,-28.028,0
1398294531373,41800696870000,171538052000001,-8.062,-9.992,-28.028,0
1398294531399,41800701173000,171538052000001,-8.062,-9.992,-28.028,0
1398294531415,41800711213000,171538052000001,-8.062,-9.992,-28.028,0
1398294531438,41800721223000,171538052000001,-8.062,-9.992,-28.028,0
1398294531442,41800731263000,171538052000001,-8.062,-9.992,-28.028,0
1398294531450,41800741273000,171538052000001,-8.062,-9.992,-28.353,0
1398294531452,41800757417000,171538052000001,-8.062,-9.992,-28.353,0
1398294531454,41800765931000,171538052000001,-8.062,-9.992,-28.353,0
1398294531456,41800771150000,171538052000001,-8.062,-9.992,-28.353,0
1398294531457,41800781007000,171538052000001,-8.062,-9.992,-28.353,0
1398294531461,41800791017000,171538052000001,-8.062,-9.992,-28.353,0
1398294531474,41800801057000,171538052000001,-8.062,-9.992,-28.353,0
1398294531495,41800811891000,171538052000001,-8.062,-9.992,-28.353,0
1398294531496,41800821015000,171538052000001,-8.062,-9.992,-28.353,0
1398294531501,41800830995000,171538052000001,-8.062,-9.992,-28.353,0
1398294531511,41800841035000,171538052000001,-8.062,-9.992,-28.353,0
1398294531521,41800851014000,171538052000001,-8.062,-9.992,-28.353,0
1398294531531,41800861024000,171538052000001,-8.062,-9.992,-28.353,0
1398294531543,41800872590000,171538052000001,-8.062,-9.992,-28.353,0
1398294531551,41800881105000,171538052000001,-8.062,-9.992,-28.353,0
1398294531561,41800891053000,171538052000001,-8.062,-9.992,-28.353,0
1398294531571,41800901155000,171538052000001,-8.062,-9.992,-28.353,0
1398294531585,41800914521000,171538052000001,-8.062,-9.992,-28.353,0
1398294531595,41800924531000,171538052000001,-8.062,-9.992,-28.353,0
1398294531608,41800937684000,171538052000001,-8.062,-9.992,-28.353,0
1398294531613,41800942628000,171538052000001,-8.062,-9.992,-28.353,0
1398294531627,41800957398000,171538052000001,-8.062,-9.992,-28.353,0
1398294531633,41800963166000,171538052000001,-8.062,-9.992,-28.353,0
1398294531647,41800977387000,171538052000001,-8.062,-9.992,-28.353,0
1398294531653,41800982514000,171538052000001,-8.062,-9.992,-28.353,0
1398294531667,41800997407000,171538052000001,-8.062,-9.992,-28.353,0
1398294531673,41801003388000,171538052000001,-8.062,-9.992,-28.353,0
1398294531687,41801017427000,171538052000001,-8.062,-9.992,-28.353,0
1398294531694,41801021943000,171538052000001,-8.062,-9.992,-28.353,0
1398294531704,41801032899000,171538052000001,-8.062,-9.992,-28.353,0
1398294531714,41801042756000,171538052000001,-8.062,-9.992,-28.353,0
1398294531733,41801053346000,171538052000001,-8.062,-9.992,-28.353,0
1398294531752,41801065095000,171538052000001,-8.062,-9.992,-28.353,0
1398294531757,41801072877000,171538052000001,-7.713,-9.992,-28.353,0
1398294531761,41801081361000,171538052000001,-7.713,-9.992,-28.353,0
1398294531765,41801091340000,171538052000001,-7.713,-9.992,-28.353,0
1398294531775,41801102876000,171538052000001,-7.713,-9.992,-28.353,0
1398294531784,41801112763000,171538052000001,-7.713,-9.992,-28.353,0
1398294531795,41801123536000,171538052000001,-7.713,-9.992,-28.353,0
1398294531804,41801132173000,171538052000001,-7.713,-9.992,-28.353,0
1398294531815,41801143647000,171538052000001,-7.713,-9.992,-28.353,0
1398294531826,41801154817000,171538052000001,-7.713,-9.992,-28.666,0
1398294531834,41801162751000,171538052000001,-7.713,-9.992,-28.666,0
1398294531846,41801174928000,171538052000001,-7.409,-9.992,-28.666,0
1398294531854,41801182832000,171538052000001,-7.409,-9.992,-28.666,0
1398294531867,41801195222000,171538052000001,-7.409,-9.674,-28.666,0
1398294531874,41801203034000,171538052000001,-7.409,-9.674,-28.666,0
1398294531887,41801215333000,171538052000001,-7.409,-9.674,-28.666,0
1398294531895,41801223207000,171538052000001,-7.409,-9.674,-28.666,0
1398294531913,41801236543000,171538052000001,-7.409,-9.674,-28.666,0
1398294531918,41801241914000,171538052000001,-7.409,-9.674,-28.666,0
1398294531925,41801251741000,171538052000001,-7.409,-9.674,-28.666,0
1398294531937,41801264314000,171538052000001,-7.409,-9.674,-28.666,0
1398294531945,41801271699000,171538052000001,-7.409,-9.674,-28.666,0
1398294531957,41801283937000,171538052000001,-7.409,-9.674,-28.666,0
1398294531965,41801291780000,171538052000001,-7.409,-9.674,-28.666,0
1398294531976,41801303224000,171538052000001,-7.409,-9.674,-28.666,0
1398294531995,41801311799000,171538052000001,-7.409,-9.674,-28.666,0
1398294532007,41801321778000,171538052000001,-7.409,-9.674,-28.666,0
1398294532015,41801331849000,171538052000001,-7.409,-9.674,-28.666,0
1398294532017,41801341950000,171538052000001,-7.409,-9.674,-28.666,0
1398294532022,41801351564000,171538052000001,-7.409,-9.674,-28.666,0
1398294532038,41801361604000,171538052000001,-7.409,-9.674,-28.666,0
1398294532043,41801371553000,171538052000001,-7.409,-9.674,-28.666,0
1398294532052,41801381562000,171538052000001,-7.409,-9.674,-28.666,0
1398294532063,41801391908000,171538052000001,-7.409,-9.674,-28.666,0
1398294532073,41801401582000,171538052000001,-7.409,-9.674,-28.666,0
1398294532085,41801413545000,171538052000001,-7.409,-9.674,-28.666,0
1398294532094,41801422914000,171538052000001,-7.409,-9.674,-28.666,0
1398294532106,41801435365000,171538052000001,-7.409,-9.674,-28.666,0
1398294532116,41801445527000,171538052000001,-7.409,-9.674,-28.666,0
1398294532126,41801455232000,171538052000001,-7.409,-9.674,-28.666,0
1398294532135,41801463929000,171538052000001,-7.409,-9.674,-28.666,0
1398294532147,41801476441000,171538052000001,-7.78,-9.35,-28.666,0
1398294532155,41801483949000,171538052000001,-7.78,-9.35,-28.666,0
1398294532167,41801496491000,171538052000001,-7.78,-9.35,-28.666,0
1398294532175,41801503968000,171538052000001,-7.78,-9.35,-28.666,0
1398294532186,41801515077000,171538052000001,-8.139,-9.35,-28.666,0
1398294532195,41801524354000,171538052000001,-8.139,-9.35,-28.666,0
1398294532208,41801536958000,171538052000001,-8.139,-9.031,-28.666,0
1398294532214,41801542176000,171538052000001,-8.139,-9.031,-28.666,0
1398294532225,41801553163000,171538052000001,-8.528,-9.031,-28.666,0
1398294532235,41801563264000,171538052000001,-8.528,-9.031,-28.666,0
1398294532247,41801574952000,171538052000001,-8.528,-9.031,-28.666,0
1398294532255,41801583497000,171538052000001,-8.528,-8.712,-28.666,0
1398294532275,41801597566000,171538052000001,-8.912,-8.712,-28.666,0
1398294532283,41801602479000,171538052000001,-8.912,-8.712,-28.666,0
1398294532288,41801612092000,171538052000001,-8.912,-8.277,-28.666,0
1398294532295,41801622499000,171538052000001,-8.912,-8.277,-28.981,0
1398294532307,41801632569000,171538052000001,-9.214,-7.91,-28.981,0
1398294532317,41801643678000,171538052000001,-9.214,-7.56,-28.981,0
1398294532325,41801652345000,171538052000001,-9.214,-6.945,-28.981,0
1398294532338,41801664643000,171538052000001,-9.214,-6.457,-29.38,0
1398294532364,41801674531000,171538052000001,-9.214,-6.457,-29.38,0
1398294532370,41801684236000,171538052000001,-9.214,-6.457,-29.701,0
1398294532377,41801693269000,171538052000001,-8.822,-6.155,-30.065,0
1398294532384,41801702180000,171538052000001,-8.822,-6.155,-30.488,0
1398294532389,41801712159000,171538052000001,-8.511,-6.155,-30.488,0
1398294532396,41801722169000,171538052000001,-8.511,-5.786,-30.992,0
1398294532408,41801734712000,171538052000001,-8.193,-5.786,-30.992,0
1398294532416,41801742799000,171538052000001,-8.193,-5.786,-30.992,0
1398294532427,41801754121000,171538052000001,-8.193,-5.786,-30.992,0
1398294532435,41801762330000,171538052000001,-8.193,-5.467,-31.321,0
1398294532449,41801774720000,171538052000001,-7.821,-5.467,-31.321,0
1398294532456,41801782228000,171538052000001,-7.821,-5.108,-31.321,0
1398294532468,41801794709000,171538052000001,-7.821,-5.108,-31.651,0
1398294532475,41801802217000,171538052000001,-7.521,-5.108,-31.651,0
1398294532487,41801813661000,171538052000001,-7.521,-4.685,-31.651,0
1398294532497,41801823670000,171538052000001,-7.521,-4.685,-31.999,0
1398294532520,41801832215000,171538052000001,-7.521,-4.685,-31.999,0
1398294532527,41801842286000,171538052000001,-7.218,-4.685,-31.999,0
1398294532535,41801852265000,171538052000001,-7.218,-4.356,-31.999,0
1398294532540,41801862245000,171538052000001,-7.218,-4.356,-31.999,0
1398294532547,41801872224000,171538052000001,-7.218,-4.356,-32.302,0
1398294532565,41801882264000,171538052000001,-7.218,-4.356,-32.302,0
1398294532574,41801892274000,171538052000001,-7.597,-4.356,-32.302,0
1398294532576,41801902284000,171538052000001,-7.597,-4.04,-32.302,0
1398294532582,41801912049000,171538052000001,-7.597,-4.04,-32.302,0
1398294532592,41801922029000,171538052000001,-7.933,-4.04,-31.951,0
1398294532603,41801932801000,171538052000001,-7.933,-4.04,-31.951,0
1398294532619,41801948365000,171538052000001,-7.933,-4.04,-31.951,0
1398294532627,41801953797000,171538052000001,-7.933,-4.04,-31.951,0
1398294532635,41801963319000,171538052000001,-8.297,-4.04,-31.643,0
1398294532645,41801973420000,171538052000001,-8.297,-4.04,-31.643,0
1398294532661,41801988923000,171538052000001,-8.297,-4.04,-31.643,0
1398294532666,41801992189000,171538052000001,-8.297,-4.04,-31.643,0
1398294532675,41802003724000,171538052000001,-8.297,-4.04,-31.643,0
1398294532685,41802013337000,171538052000001,-8.297,-4.04,-31.643,0
1398294532695,41802023316000,171538052000001,-8.639,-4.04,-31.643,0
1398294532705,41802033326000,171538052000001,-8.639,-4.04,-31.643,0
1398294532715,41802043305000,171538052000001,-8.639,-4.04,-31.643,0
1398294532726,41802052705000,171538052000001,-8.639,-4.04,-31.643,0
1398294532738,41802065064000,171538052000001,-8.639,-4.04,-31.643,0
1398294532745,41802072419000,171538052000001,-8.639,-4.04,-31.643,0
1398294532759,41802085908000,171538052000001,-8.639,-4.04,-31.643,0
1398294532766,41802092469000,171538052000001,-8.639,-4.04,-31.643,0
1398294532777,41802104524000,171538052000001,-8.28,-4.04,-31.643,0
1398294532786,41802112977000,171538052000001,-8.28,-4.04,-31.643,0
1398294532798,41802124787000,171538052000001,-8.28,-4.04,-31.643,0
1398294532808,41802134461000,171538052000001,-7.971,-4.04,-31.991,0
1398294532816,41802143006000,171538052000001,-7.971,-3.72,-31.991,0
1398294532829,41802155885000,171538052000001,-7.971,-3.72,-31.991,0
1398294532836,41802162538000,171538052000001,-7.618,-3.72,-32.354,0
1398294532848,41802175019000,171538052000001,-7.618,-3.72,-32.354,0
1398294532856,41802183106000,171538052000001,-7.618,-3.408,-32.354,0
1398294532868,41802194978000,171538052000001,-7.27,-3.408,-32.672,0
1398294532876,41802203034000,171538052000001,-7.27,-3.408,-32.672,0
1398294532889,41802215943000,171538052000001,-7.27,-3.408,-32.672,0
1398294532896,41802222566000,171538052000001,-6.904,-3.083,-33.041,0
1398294532911,41802234895000,171538052000001,-6.904,-3.083,-33.041,0
1398294532946,41802242616000,171538052000001,-6.904,-3.083,-33.041,0
1398294532967,41802252687000,171538052000001,-6.904,-3.083,-33.041,0
1398294532970,41802262666000,171538052000001,-6.567,-2.737,-33.392,0
1398294532973,41802272615000,171538052000001,-6.567,-2.737,-33.392,0
1398294532974,41802282472000,171538052000001,-6.567,-2.737,-33.392,0
1398294532976,41802292390000,171538052000001,-6.567,-2.737,-33.392,0
1398294532978,41802302400000,171538052000001,-6.567,-2.351,-33.392,0
1398294532987,41802315217000,171538052000001,-6.567,-2.351,-33.392,0
1398294532994,41802323640000,171538052000001,-6.567,-2.351,-33.392,0
1398294533003,41802332460000,171538052000001,-6.567,-2.351,-33.392,0
1398294533013,41802342469000,171538052000001,-6.567,-2.351,-33.392,0
1398294533023,41802352479000,171538052000001,-6.567,-2.351,-33.392,0
1398294533033,41802362458000,171538052000001,-6.567,-2.351,-33.392,0
1398294533043,41802372499000,171538052000001,-6.909,-2.351,-33.392,0
1398294533056,41802383546000,171538052000001,-6.909,-2.351,-33.392,0
1398294533065,41802392640000,171538052000001,-6.909,-2.043,-33.392,0
1398294533074,41802402680000,171538052000001,-6.909,-2.043,-33.392,0
1398294533084,41802412660000,171538052000001,-6.909,-2.043,-33.392,0
1398294533095,41802423432000,171538052000001,-7.226,-2.043,-33.392,0
1398294533107,41802433503000,171538052000001,-7.226,-2.043,-33.392,0
1398294533118,41802445039000,171538052000001,-7.226,-2.043,-33.392,0
1398294533126,41802453126000,171538052000001,-7.226,-2.043,-33.392,0
1398294533140,41802466065000,171538052000001,-7.226,-2.043,-33.071,0
1398294533147,41802472810000,171538052000001,-7.55,-2.043,-33.071,0
1398294533158,41802485078000,171538052000001,-7.55,-2.043,-33.071,0
1398294533169,41802494386000,171538052000001,-7.55,-2.043,-33.071,0
1398294533176,41802502900000,171538052000001,-7.55,-2.043,-33.071,0
1398294533191,41802516664000,171538052000001,-7.55,-2.043,-33.071,0
1398294533197,41802522859000,171538052000001,-7.55,-2.043,-33.071,0
1398294533208,41802534974000,171538052000001,-7.55,-2.043,-33.071,0
1398294533216,41802543061000,171538052000001,-7.55,-2.043,-33.071,0
1398294533229,41802556275000,171538052000001,-7.55,-2.043,-33.071,0
1398294533236,41802562898000,171538052000001,-7.246,-2.043,-33.378,0
1398294533247,41802572908000,171538052000001,-7.246,-2.043,-33.378,0
1398294533271,41802585572000,171538052000001,-7.246,-2.043,-33.378,0
1398294533281,41802598573000,171538052000001,-7.246,-2.043,-33.378,0
1398294533288,41802604859000,171538052000001,-7.246,-2.043,-33.378,0
1398294533295,41802612947000,171538052000001,-7.246,-2.043,-33.709,0
1398294533301,41802622987000,171538052000001,-7.246,-2.351,-33.709,0
1398294533306,41802634675000,171538052000001,-7.246,-2.351,-33.709,0
1398294533316,41802645478000,171538052000001,-7.246,-2.351,-33.709,0
1398294533326,41802655305000,171538052000001,-7.246,-2.351,-33.709,0
1398294533336,41802665406000,171538052000001,-7.246,-2.351,-33.709,0
1398294533355,41802679566000,171538052000001,-7.246,-2.351,-33.709,0
1398294533358,41802683808000,171538052000001,-6.944,-2.351,-33.709,0
1398294533366,41802694337000,171538052000001,-6.944,-2.351,-33.709,0
1398294533376,41802704225000,171538052000001,-6.944,-2.351,-33.709,0
1398294533388,41802716096000,171538052000001,-6.944,-2.351,-33.709,0
1398294533396,41802724610000,171538052000001,-6.944,-2.655,-33.709,0
1398294533408,41802735780000,171538052000001,-6.944,-2.655,-33.709,0
1398294533417,41802744111000,171538052000001,-6.944,-2.655,-33.709,0
1398294533428,41802755281000,171538052000001,-6.944,-2.655,-33.709,0
1398294533436,41802763368000,171538052000001,-6.944,-2.655,-33.709,0
1398294533450,41802776612000,171538052000001,-6.944,-2.655,-33.709,0
1398294533457,41802783113000,171538052000001,-6.944,-2.655,-33.709,0
1398294533468,41802795442000,171538052000001,-6.944,-2.964,-33.709,0
1398294533477,41802803559000,171538052000001,-6.944,-2.964,-33.709,0
1398294533487,41802814332000,171538052000001,-6.944,-2.964,-33.709,0
1398294533497,41802823609000,171538052000001,-6.944,-2.964,-33.709,0
1398294533517,41802833192000,171538052000001,-6.944,-2.964,-33.709,0
1398294533522,41802843202000,171538052000001,-6.944,-2.964,-33.709,0
1398294533537,41802854737000,171538052000001,-6.944,-2.964,-33.709,0
1398294533544,41802863252000,171538052000001,-6.944,-2.964,-33.709,0
1398294533549,41802873231000,171538052000001,-6.944,-2.964,-33.709,0
1398294533578,41802883241000,171538052000001,-7.267,-2.964,-33.709,0
1398294533580,41802893312000,171538052000001,-7.267,-2.964,-33.709,0
1398294533583,41802903016000,171538052000001,-7.267,-2.964,-33.709,0
1398294533591,41802913026000,171538052000001,-7.267,-2.964,-33.709,0
1398294533593,41802923036000,171538052000001,-7.267,-2.964,-33.709,0
1398294533611,41802933045000,171538052000001,-7.267,-2.964,-33.363,0
1398294533613,41802942994000,171538052000001,-7.267,-2.964,-33.363,0
1398294533623,41802953034000,171538052000001,-7.267,-2.964,-33.363,0
1398294533635,41802963044000,171538052000001,-7.267,-2.964,-33.363,0
1398294533646,41802975526000,171538052000001,-7.267,-2.964,-33.363,0
1398294533655,41802985353000,171538052000001,-7.267,-2.964,-33.363,0
1398294533668,41802998445000,171538052000001,-7.267,-2.964,-33.363,0
1398294533676,41803006562000,171538052000001,-7.267,-2.964,-33.363,0
1398294533686,41803016572000,171538052000001,-7.267,-2.964,-33.363,0
1398294533696,41803026643000,171538052000001,-7.267,-2.964,-33.363,0
1398294533710,41803039643000,171538052000001,-7.267,-2.635,-33.363,0
1398294533715,41803044740000,171538052000001,-7.267,-2.635,-33.363,0
1398294533729,41803059388000,171538052000001,-7.267,-2.635,-33.363,0
1398294533736,41803065858000,171538052000001,-7.267,-2.635,-33.363,0
1398294533746,41803076570000,171538052000001,-7.267,-2.635,-33.363,0
1398294533755,41803084687000,171538052000001,-7.267,-2.635,-33.363,0
1398294533765,41803095185000,171538052000001,-7.267,-2.635,-33.363,0
1398294533776,41803106599000,171538052000001,-7.267,-2.635,-33.363,0
1398294533787,41803116761000,171538052000001,-7.267,-2.635,-33.363,0
1398294533796,41803126588000,171538052000001,-7.267,-2.635,-33.363,0
1398294533807,41803137055000,171538052000001,-6.933,-2.635,-33.363,0
1398294533819,41803148866000,171538052000001,-6.933,-2.635,-33.363,0
1398294533825,41803154603000,171538052000001,-6.933,-2.635,-33.363,0
1398294533838,41803166810000,171538052000001,-6.933,-2.32,-33.363,0
1398294533848,41803177156000,171538052000001,-6.933,-2.32,-33.363,0
1398294533854,41803183595000,171538052000001,-6.933,-2.32,-33.363,0
1398294533866,41803195649000,171538052000001,-6.933,-2.32,-33.665,0
1398294533879,41803204560000,171538052000001,-6.933,-2.32,-33.665,0
1398294533891,41803215425000,171538052000001,-6.933,-2.32,-33.665,0
1398294533896,41803223481000,171538052000001,-6.933,-2.32,-33.665,0
1398294533910,41803237092000,171538052000001,-6.933,-2.32,-33.665,0
1398294533918,41803243897000,171538052000001,-6.933,-2.32,-33.665,0
1398294533926,41803254457000,171538052000001,-6.933,-2.32,-33.665,0
1398294533938,41803266053000,171538052000001,-6.933,-2.32,-33.665,0
1398294533946,41803274751000,171538052000001,-6.933,-2.32,-33.665,0
1398294533957,41803286012000,171538052000001,-6.933,-2.32,-33.665,0
1398294533968,41803296083000,171538052000001,-6.933,-2.009,-33.665,0
1398294533978,41803305635000,171538052000001,-6.933,-2.009,-33.665,0
1398294533987,41803314149000,171538052000001,-6.933,-2.009,-33.993,0
1398294533997,41803325105000,171538052000001,-6.933,-2.009,-33.993,0
1398294534009,41803336061000,171538052000001,-6.933,-2.009,-33.993,0
1398294534029,41803343659000,171538052000001,-6.933,-2.009,-33.993,0
1398294534036,41803353700000,171538052000001,-6.933,-2.009,-33.993,0
1398294534044,41803363710000,171538052000001,-6.933,-2.009,-33.993,0
1398294534049,41803373689000,171538052000001,-6.933,-2.009,-33.993,0
1398294534056,41803383699000,171538052000001,-6.933,-2.009,-33.993,0
1398294534068,41803395295000,171538052000001,-6.933,-2.009,-33.993,0
1398294534076,41803403932000,171538052000001,-6.933,-2.009,-33.993,0
1398294534086,41803413758000,171538052000001,-6.599,-2.009,-33.993,0
1398294534096,41803423799000,171538052000001,-6.599,-2.009,-33.993,0
1398294534106,41803433808000,171538052000001,-6.599,-2.009,-33.993,0
1398294534116,41803443788000,171538052000001,-6.599,-2.009,-33.993,0
1398294534128,41803455476000,171538052000001,-6.599,-2.009,-33.993,0
1398294534138,41803465730000,171538052000001,-6.599,-2.009,-33.993,0
1398294534148,41803475282000,171538052000001,-6.599,-2.009,-33.993,0
1398294534159,41803486268000,171538052000001,-6.599,-2.009,-33.993,0
1398294534168,41803495149000,171538052000001,-6.599,-2.009,-33.993,0
1398294534178,41803505158000,171538052000001,-6.599,-2.009,-33.993,0
1398294534194,41803518647000,171538052000001,-6.599,-2.009,-33.993,0
1398294534199,41803523835000,171538052000001,-6.269,-2.009,-34.335,0
1398294534206,41803533998000,171538052000001,-6.269,-2.009,-34.335,0
1398294534221,41803547578000,171538052000001,-6.269,-2.009,-34.335,0
1398294534227,41803553865000,171538052000001,-6.269,-2.009,-34.335,0
1398294534236,41803565553000,171538052000001,-6.269,-2.009,-34.335,0
1398294534246,41803576264000,171538052000001,-6.269,-2.009,-34.335,0
1398294534256,41803584962000,171538052000001,-6.269,-2.009,-34.335,0
1398294534267,41803596742000,171538052000001,-6.269,-2.009,-34.335,0
1398294534276,41803605195000,171538052000001,-6.269,-2.009,-34.335,0
1398294534290,41803619081000,171538052000001,-6.269,-2.009,-34.335,0
1398294534294,41803623780000,171538052000001,-6.269,-2.009,-34.335,0
1398294534305,41803634736000,171538052000001,-6.269,-2.009,-34.335,0
1398294534317,41803646485000,171538052000001,-6.269,-2.009,-34.335,0
1398294534326,41803655366000,171538052000001,-6.269,-2.009,-34.335,0
1398294534339,41803668916000,171538052000001,-6.269,-2.009,-34.335,0
1398294534346,41803676240000,171538052000001,-6.269,-2.009,-34.335,0
1398294534356,41803686341000,171538052000001,-6.269,-2.009,-34.335,0
1398294534367,41803697419000,171538052000001,-6.269,-2.009,-34.335,0
1398294534375,41803704499000,171538052000001,-6.269,-1.687,-34.335,0
1398294534391,41803714448000,171538052000001,-6.611,-1.687,-34.335,0
1398294534394,41803723817000,171538052000001,-6.611,-1.687,-34.335,0
1398294534415,41803733827000,171538052000001,-6.611,-1.687,-34.335,0
1398294534431,41803743836000,171538052000001,-6.611,-1.687,-34.335,0
1398294534453,41803755403000,171538052000001,-6.611,-1.687,-34.335,0
1398294534455,41803763887000,171538052000001,-6.936,-1.687,-34.335,0
1398294534463,41803773866000,171538052000001,-6.936,-1.687,-34.335,0
1398294534465,41803783845000,171538052000001,-6.936,-1.687,-34.335,0
1398294534467,41803793885000,171538052000001,-6.936,-1.687,-34.335,0
1398294534482,41803803895000,171538052000001,-6.936,-1.687,-34.335,0
1398294534484,41803813905000,171538052000001,-6.936,-1.687,-34.335,0
1398294534497,41803824586000,171538052000001,-6.936,-1.687,-34.335,0
1398294534504,41803833924000,171538052000001,-6.936,-1.687,-34.335,0
1398294534514,41803844117000,171538052000001,-6.936,-1.687,-34.335,0
1398294534525,41803853944000,171538052000001,-7.293,-1.687,-34.335,0
1398294534534,41803863954000,171538052000001,-7.293,-1.687,-34.335,0
1398294534544,41803873963000,171538052000001,-7.293,-1.387,-34.335,0
1398294534554,41803883973000,171538052000001,-7.293,-1.387,-33.993,0
1398294534564,41803893983000,171538052000001,-7.293,-1.387,-33.993,0
1398294534574,41803903993000,171538052000001,-7.62,-1.387,-33.993,0
1398294534584,41803914002000,171538052000001,-7.62,-1.387,-33.993,0
1398294534594,41803924012000,171538052000001,-7.62,-1.387,-33.993,0
1398294534606,41803935578000,171538052000001,-7.62,-1.387,-33.993,0
1398294534616,41803944184000,171538052000001,-7.62,-1.387,-33.993,0
1398294534625,41803954042000,171538052000001,-7.62,-1.387,-33.993,0
1398294534634,41803964021000,171538052000001,-7.62,-1.387,-33.993,0
1398294534644,41803974061000,171538052000001,-7.62,-1.387,-33.993,0
1398294534654,41803984040000,171538052000001,-7.62,-1.387,-33.993,0
1398294534664,41803994050000,171538052000001,-7.62,-1.387,-33.993,0
1398294534674,41804004060000,171538052000001,-7.62,-1.387,-33.993,0
1398294534684,41804014070000,171538052000001,-7.62,-1.387,-33.993,0
1398294534694,41804024079000,171538052000001,-7.62,-1.387,-33.993,0
1398294534704,41804034089000,171538052000001,-7.62,-1.387,-33.993,0
1398294534714,41804044099000,171538052000001,-7.62,-1.387,-33.993,0
1398294534724,41804054109000,171538052000001,-7.62,-1.387,-33.993,0
1398294534734,41804064118000,171538052000001,-7.307,-1.387,-33.993,0
1398294534744,41804074189000,171538052000001,-7.307,-1.387,-33.993,0
1398294534754,41804084138000,171538052000001,-7.307,-1.387,-33.993,0
1398294534764,41804094178000,171538052000001,-7.307,-1.387,-33.993,0
1398294534774,41804104158000,171538052000001,-7.307,-1.387,-33.993,0
1398294534786,41804115754000,171538052000001,-6.958,-1.066,-33.993,0
1398294534794,41804124238000,171538052000001,-6.958,-1.066,-33.993,0
1398294534809,41804139100000,171538052000001,-6.958,-1.066,-33.993,0
1398294534814,41804144166000,171538052000001,-6.958,-1.066,-33.993,0
1398294534824,41804154206000,171538052000001,-6.625,-1.066,-33.993,0
1398294534834,41804164186000,171538052000001,-6.625,-1.066,-33.993,0
1398294534844,41804174195000,171538052000001,-6.625,-1.066,-33.993,0
1398294534854,41804184205000,171538052000001,-6.625,-1.066,-33.993,0
1398294534864,41804194215000,171538052000001,-6.625,-1.066,-33.993,0
1398294534874,41804204225000,171538052000001,-6.625,-1.066,-33.993,0
1398294534884,41804214234000,171538052000001,-6.625,-1.066,-33.993,0
1398294534894,41804224244000,171538052000001,-6.625,-1.066,-33.993,0
1398294534904,41804234254000,171538052000001,-6.625,-1.066,-33.993,0
1398294534914,41804244264000,171538052000001,-6.625,-1.066,-33.993,0
1398294534924,41804254273000,171538052000001,-6.625,-1.066,-33.993,0
1398294534934,41804264283000,171538052000001,-6.625,-1.066,-33.993,0
1398294534944,41804274293000,171538052000001,-6.625,-1.066,-33.993,0
1398294534954,41804284486000,171538052000001,-6.625,-1.066,-33.993,0
1398294534966,41804295869000,171538052000001,-6.312,-1.066,-33.993,0
1398294534974,41804304353000,171538052000001,-6.312,-1.066,-33.993,0
1398294534984,41804314332000,171538052000001,-6.312,-1.066,-33.993,0
1398294534995,41804324403000,171538052000001,-6.312,-1.066,-33.993,0
1398294535009,41804336061000,171538052000001,-6.312,-1.066,-33.993,0
1398294535014,41804344392000,171538052000001,-6.312,-1.066,-33.993,0
1398294535025,41804354371000,171538052000001,-6.312,-1.066,-34.304,0
1398294535034,41804364381000,171538052000001,-6.312,-1.066,-34.304,0
1398294535044,41804374391000,171538052000001,-6.312,-1.066,-34.304,0
1398294535055,41804384400000,171538052000001,-5.976,-1.066,-34.304,0
1398294535064,41804394410000,171538052000001,-5.976,-1.066,-34.304,0
1398294535075,41804404756000,171538052000001,-5.976,-1.066,-34.304,0
1398294535084,41804414460000,171538052000001,-5.976,-1.066,-34.304,0
1398294535094,41804424439000,171538052000001,-5.976,-1.066,-34.304,0
1398294535109,41804438539000,171538052000001,-5.976,-1.066,-34.304,0
1398294535118,41804448487000,171538052000001,-5.976,-1.066,-34.304,0
1398294535127,41804457185000,171538052000001,-5.976,-1.066,-34.304,0
1398294535139,41804468568000,171538052000001,-5.636,-1.066,-34.304,0
1398294535150,41804480073000,171538052000001,-5.636,-1.066,-34.304,0
1398294535156,41804485719000,171538052000001,-5.636,-0.723,-34.304,0
1398294535167,41804497071000,171538052000001,-5.636,-0.723,-34.304,0
1398294535177,41804506532000,171538052000001,-5.636,-0.723,-34.304,0
1398294535189,41804518464000,171538052000001,-5.636,-0.723,-34.304,0
1398294535203,41804524598000,171538052000001,-5.636,-0.723,-34.304,0
1398294535209,41804534608000,171538052000001,-5.636,-0.723,-34.304,0
1398294535215,41804544618000,171538052000001,-5.636,-0.372,-34.304,0
1398294535228,41804558290000,171538052000001,-5.636,-0.372,-34.304,0
1398294535238,41804568269000,171538052000001,-5.636,-0.372,-34.304,0
1398294535249,41804578767000,171538052000001,-5.636,-0.372,-34.622,0
1398294535259,41804589112000,171538052000001,-5.636,-0.372,-34.622,0
1398294535271,41804594697000,171538052000001,-5.636,0.009,-34.622,0
1398294535275,41804604676000,171538052000001,-5.636,0.009,-34.622,0
1398294535285,41804614717000,171538052000001,-5.636,0.009,-34.622,0
1398294535297,41804626222000,171538052000001,-5.636,0.392,-34.622,0
1398294535309,41804638642000,171538052000001,-5.636,0.392,-34.622,0
1398294535320,41804649995000,171538052000001,-5.636,0.392,-34.622,0
1398294535329,41804659211000,171538052000001,-5.636,0.775,-34.622,0
1398294535339,41804668763000,171538052000001,-5.636,0.775,-34.622,0
1398294535349,41804679200000,171538052000001,-5.636,0.775,-34.622,0
1398294535359,41804688844000,171538052000001,-5.636,1.103,-34.622,0
1398294535370,41804700074000,171538052000001,-5.636,1.103,-34.622,0
1398294535376,41804705628000,171538052000001,-5.636,1.103,-34.622,0
1398294535385,41804715058000,171538052000001,-5.636,1.103,-34.622,0
1398294535401,41804730744000,171538052000001,-5.636,1.454,-34.622,0
1398294535406,41804736177000,171538052000001,-5.636,1.454,-34.622,0
1398294535421,41804750855000,171538052000001,-5.636,1.454,-34.622,0
1398294535433,41804761964000,171538052000001,-5.636,1.454,-34.622,0
1398294535436,41804766236000,171538052000001,-5.636,1.454,-34.954,0
1398294535449,41804778810000,171538052000001,-5.636,1.454,-34.954,0
1398294535459,41804789002000,171538052000001,-5.636,1.786,-34.954,0
1398294535469,41804799134000,171538052000001,-5.636,1.786,-34.954,0
1398294535478,41804807649000,171538052000001,-5.636,1.786,-34.954,0
1398294535490,41804820039000,171538052000001,-5.636,1.786,-34.954,0
1398294535496,41804825807000,171538052000001,-5.636,1.786,-34.954,0
1398294535510,41804837800000,171538052000001,-5.636,1.786,-34.954,0
1398294535515,41804844911000,171538052000001,-5.636,1.786,-34.954,0
1398294535525,41804854890000,171538052000001,-5.636,1.786,-34.954,0
1398294535535,41804864869000,171538052000001,-5.636,1.786,-34.954,0
1398294535545,41804874879000,171538052000001,-5.636,1.786,-34.954,0
1398294535555,41804884889000,171538052000001,-5.636,1.48,-34.954,0
1398294535565,41804894898000,171538052000001,-5.636,1.48,-34.954,0
1398294535575,41804904908000,171538052000001,-5.636,1.48,-34.954,0
1398294535585,41804914949000,171538052000001,-5.636,1.48,-34.954,0
1398294535595,41804924928000,171538052000001,-5.636,1.48,-34.954,0
1398294535609,41804938996000,171538052000001,-5.636,1.48,-34.954,0
1398294535619,41804949159000,171538052000001,-5.636,1.48,-34.954,0
1398294535630,41804960450000,171538052000001,-5.636,1.48,-34.954,0
1398294535639,41804968568000,171538052000001,-5.937,1.48,-34.954,0
1398294535651,41804980683000,171538052000001,-5.937,1.48,-34.954,0
1398294535657,41804987458000,171538052000001,-5.937,1.142,-34.954,0
1398294535670,41805000276000,171538052000001,-5.937,1.142,-34.954,0
1398294535676,41805006043000,171538052000001,-5.937,1.142,-34.954,0
1398294535704,41805020448000,171538052000001,-5.937,1.142,-34.954,0
1398294535706,41805024842000,171538052000001,-5.937,1.142,-34.954,0
1398294535707,41805035035000,171538052000001,-5.937,1.142,-34.954,0
1398294535718,41805048036000,171538052000001,-5.937,1.142,-34.954,0
1398294535728,41805057496000,171538052000001,-5.937,1.142,-34.954,0
1398294535775,41805065675000,171538052000001,-5.937,1.142,-34.954,0
1398294535777,41805075135000,171538052000001,-5.937,1.142,-34.954,0
1398294535778,41805085145000,171538052000001,-5.937,1.142,-34.954,0
1398294535780,41805095155000,171538052000001,-5.937,1.142,-34.954,0
1398294535781,41805105165000,171538052000001,-5.937,1.142,-34.954,0
1398294535785,41805115144000,171538052000001,-5.937,1.142,-34.954,0
1398294535795,41805125123000,171538052000001,-5.937,1.142,-34.954,0
1398294535805,41805135133000,171538052000001,-5.61,1.142,-34.954,0
1398294535815,41805145143000,171538052000001,-5.61,1.142,-34.954,0
1398294535825,41805155152000,171538052000001,-5.61,1.142,-34.954,0
1398294535835,41805165345000,171538052000001,-5.61,1.142,-34.954,0
1398294535845,41805175172000,171538052000001,-5.61,1.142,-34.954,0
1398294535855,41805185182000,171538052000001,-5.61,1.142,-34.954,0
1398294535867,41805196748000,171538052000001,-5.61,1.142,-34.954,0
1398294535878,41805208253000,171538052000001,-5.61,1.142,-34.954,0
1398294535890,41805220521000,171538052000001,-5.61,1.493,-34.954,0
1398294535898,41805227693000,171538052000001,-5.61,1.493,-34.954,0
1398294535911,41805240785000,171538052000001,-5.61,1.493,-34.954,0
1398294535919,41805249024000,171538052000001,-5.278,1.493,-34.954,0
1398294535930,41805259645000,171538052000001,-5.278,1.493,-34.954,0
1398294535939,41805269532000,171538052000001,-5.278,1.852,-34.954,0
1398294535950,41805280458000,171538052000001,-5.278,1.852,-34.954,0
1398294535957,41805287660000,171538052000001,-5.278,1.852,-34.954,0
1398294535970,41805300294000,171538052000001,-5.278,1.852,-34.954,0
1398294535978,41805308656000,171538052000001,-5.278,2.166,-34.954,0
1398294535991,41805320527000,171538052000001,-5.278,2.166,-34.954,0
1398294535998,41805327485000,171538052000001,-5.278,2.166,-34.954,0
1398294536008,41805335786000,171538052000001,-5.278,2.166,-34.954,0
1398294536015,41805345368000,171538052000001,-5.278,2.166,-34.954,0
1398294536026,41805355348000,171538052000001,-5.278,2.548,-34.954,0
1398294536036,41805365357000,171538052000001,-5.278,2.548,-34.954,0
1398294536048,41805376893000,171538052000001,-5.278,2.548,-34.954,0
1398294536055,41805385408000,171538052000001,-5.278,2.548,-34.954,0
1398294536065,41805395356000,171538052000001,-5.278,2.548,-34.954,0
1398294536075,41805405366000,171538052000001,-5.278,2.917,-34.954,0
1398294536085,41805415376000,171538052000001,-5.278,2.917,-34.954,0
1398294536095,41805425386000,171538052000001,-5.278,2.917,-34.954,0
1398294536110,41805439332000,171538052000001,-5.278,2.917,-34.954,0
1398294536121,41805450868000,171538052000001,-5.278,2.917,-34.954,0
1398294536129,41805459046000,171538052000001,-5.278,2.917,-34.954,0
1398294536139,41805469361000,171538052000001,-5.59,2.917,-34.954,0
1398294536150,41805479493000,171538052000001,-5.59,2.917,-34.954,0
1398294536161,41805490785000,171538052000001,-5.59,3.23,-34.954,0
1398294536169,41805499421000,171538052000001,-5.59,3.23,-34.954,0
1398294536179,41805508576000,171538052000001,-5.59,3.23,-34.954,0
1398294536191,41805520570000,171538052000001,-5.59,3.23,-34.954,0
1398294536198,41805528108000,171538052000001,-5.59,3.23,-34.954,0
1398294536212,41805542054000,171538052000001,-5.59,3.23,-34.954,0
1398294536217,41805546937000,171538052000001,-5.59,3.23,-34.954,0
1398294536232,41805562196000,171538052000001,-5.59,3.23,-34.954,0
1398294536237,41805567323000,171538052000001,-5.59,3.23,-34.954,0
1398294536252,41805581849000,171538052000001,-5.59,3.23,-34.954,0
1398294536258,41805587861000,171538052000001,-5.59,3.23,-34.954,0
1398294536272,41805601625000,171538052000001,-5.59,3.23,-34.954,0
1398294536276,41805605714000,171538052000001,-5.59,3.536,-34.954,0
1398294536288,41805617585000,171538052000001,-5.59,3.536,-34.954,0
1398294536301,41805630464000,171538052000001,-5.59,3.536,-34.954,0
1398294536308,41805638124000,171538052000001,-5.59,3.536,-34.954,0
1398294536318,41805648439000,171538052000001,-5.59,3.536,-34.954,0
1398294536337,41805665650000,171538052000001,-5.59,3.536,-34.954,0
1398294536338,41805667420000,171538052000001,-5.59,3.536,-34.954,0
1398294536349,41805678529000,171538052000001,-5.59,3.861,-34.954,0
1398294536361,41805690949000,171538052000001,-5.59,3.861,-34.954,0
1398294536368,41805698152000,171538052000001,-5.59,3.861,-34.954,0
1398294536379,41805708894000,171538052000001,-5.59,3.861,-34.954,0
1398294536395,41805719789000,171538052000001,-5.59,3.861,-34.954,0
1398294536401,41805725953000,171538052000001,-5.59,3.861,-34.954,0
1398294536412,41805738465000,171538052000001,-5.59,3.861,-34.954,0
1398294536418,41805746034000,171538052000001,-5.59,3.861,-34.954,0
1398294536432,41805759950000,171538052000001,-5.59,3.861,-34.954,0
1398294536439,41805765992000,171538052000001,-5.256,3.861,-34.954,0
1398294536451,41805778047000,171538052000001,-5.256,3.861,-34.954,0
1398294536460,41805787538000,171538052000001,-5.256,3.861,-34.954,0
1398294536471,41805798371000,171538052000001,-5.256,3.861,-34.954,0
1398294536479,41805806550000,171538052000001,-5.256,3.861,-34.954,0
1398294536493,41805819459000,171538052000001,-5.256,3.861,-34.954,0
1398294536500,41805826051000,171538052000001,-5.256,3.861,-34.954,0
1398294536510,41805837312000,171538052000001,-5.256,3.861,-34.954,0
1398294536522,41805847444000,171538052000001,-5.256,3.861,-34.954,0
1398294536529,41805856080000,171538052000001,-5.256,3.861,-34.954,0
1398294536547,41805866151000,171538052000001,-4.956,3.861,-34.954,0
1398294536558,41805876130000,171538052000001,-4.956,3.861,-34.954,0
1398294536563,41805886140000,171538052000001,-4.956,3.861,-34.954,0
1398294536569,41805896119000,171538052000001,-4.956,3.861,-34.954,0
1398294536579,41805906159000,171538052000001,-4.956,3.861,-34.954,0
1398294536591,41805917756000,171538052000001,-4.956,3.861,-34.954,0
1398294536599,41805926210000,171538052000001,-4.956,3.861,-34.954,0
1398294536610,41805936158000,171538052000001,-4.956,3.861,-34.954,0
1398294536619,41805946229000,171538052000001,-4.956,3.861,-34.954,0
1398294536629,41805956208000,171538052000001,-4.956,3.861,-34.954,0
1398294536639,41805966218000,171538052000001,-4.956,3.861,-34.954,0
1398294536655,41805977357000,171538052000001,-4.956,3.861,-34.954,0
1398294536661,41805986238000,171538052000001,-4.956,3.861,-34.954,0
1398294536669,41805996217000,171538052000001,-4.956,3.861,-34.954,0
1398294536681,41806008637000,171538052000001,-4.956,3.861,-34.954,0
1398294536690,41806016816000,171538052000001,-4.956,3.861,-34.954,0
1398294536701,41806026399000,171538052000001,-4.956,3.861,-34.954,0
1398294536711,41806038178000,171538052000001,-4.956,3.861,-34.954,0
1398294536720,41806047822000,171538052000001,-4.956,3.861,-34.954,0
1398294536730,41806057496000,171538052000001,-4.956,3.861,-34.954,0
1398294536751,41806068818000,171538052000001,-4.956,3.861,-34.954,0
1398294536752,41806077943000,171538052000001,-4.956,3.861,-34.954,0
1398294536759,41806088380000,171538052000001,-4.956,3.861,-34.954,0
1398294536784,41806097627000,171538052000001,-4.956,3.861,-34.954,0
1398294536787,41806106111000,171538052000001,-4.956,3.861,-34.954,0
1398294536789,41806116059000,171538052000001,-4.956,3.861,-34.954,0
1398294536796,41806126100000,171538052000001,-4.956,3.861,-34.954,0
1398294536806,41806136262000,171538052000001,-5.27,3.861,-34.954,0
1398294536822,41806147065000,171538052000001,-5.27,3.861,-34.954,0
1398294536826,41806156190000,171538052000001,-5.27,3.861,-34.954,0
1398294536841,41806166139000,171538052000001,-5.27,3.861,-34.954,0
1398294536846,41806176148000,171538052000001,-5.27,3.861,-34.954,0
1398294536856,41806186189000,171538052000001,-5.27,3.861,-34.954,0
1398294536869,41806197206000,171538052000001,-5.625,3.861,-34.954,0
1398294536885,41806206208000,171538052000001,-5.625,3.861,-34.954,0
1398294536887,41806216218000,171538052000001,-5.625,3.861,-34.954,0
1398294536896,41806226197000,171538052000001,-5.934,3.861,-34.954,0
1398294536906,41806236207000,171538052000001,-5.934,3.861,-34.954,0
1398294536917,41806246217000,171538052000001,-5.934,3.861,-34.954,0
1398294536926,41806256227000,171538052000001,-5.934,3.861,-34.954,0
1398294536938,41806266236000,171538052000001,-5.934,3.861,-34.954,0
1398294536952,41806279512000,171538052000001,-5.934,3.861,-34.954,0
1398294536958,41806286286000,171538052000001,-5.934,3.861,-34.954,0
1398294536966,41806296235000,171538052000001,-5.934,3.861,-34.954,0
1398294536983,41806312776000,171538052000001,-5.934,3.861,-34.954,0
1398294536987,41806317384000,171538052000001,-5.934,3.483,-34.954,0
1398294537002,41806332307000,171538052000001,-5.934,3.483,-34.954,0
1398294537009,41806338746000,171538052000001,-5.934,3.483,-34.954,0
1398294537023,41806352906000,171538052000001,-5.934,3.483,-34.954,0
1398294537027,41806357179000,171538052000001,-5.934,3.144,-34.954,0
1398294537039,41806366334000,171538052000001,-5.622,3.144,-34.954,0
1398294537052,41806380220000,171538052000001,-5.622,3.144,-34.954,0
1398294537061,41806386323000,171538052000001,-5.622,3.144,-34.954,0
1398294537069,41806397798000,171538052000001,-5.622,3.144,-34.954,0
1398294537076,41806406343000,171538052000001,-5.622,2.793,-34.954,0
1398294537087,41806416352000,171538052000001,-5.622,2.793,-34.954,0
1398294537098,41806427949000,171538052000001,-5.622,2.793,-34.954,0
1398294537108,41806438081000,171538052000001,-5.31,2.793,-34.954,0
1398294537117,41806446748000,171538052000001,-5.31,2.793,-34.954,0
1398294537131,41806459992000,171538052000001,-5.31,2.793,-34.954,0
1398294537138,41806468476000,171538052000001,-5.31,2.793,-34.954,0
1398294537151,41806480043000,171538052000001,-5.31,2.467,-34.954,0
1398294537157,41806486421000,171538052000001,-5.31,2.467,-34.954,0
1398294537173,41806498414000,171538052000001,-5.31,2.467,-34.954,0
1398294537184,41806506471000,171538052000001,-5.31,2.467,-34.954,0
1398294537186,41806516511000,171538052000001,-5.31,2.467,-34.954,0
1398294537196,41806526460000,171538052000001,-5.31,2.467,-34.954,0
1398294537207,41806536500000,171538052000001,-5.31,2.467,-34.954,0
1398294537217,41806546510000,171538052000001,-5.31,2.467,-34.954,0
1398294537227,41806556520000,171538052000001,-5.31,2.467,-34.954,0
1398294537240,41806566560000,171538052000001,-5.31,2.467,-34.954,0
1398294537247,41806576539000,171538052000001,-5.31,2.467,-34.954,0
1398294537260,41806588349000,171538052000001,-5.31,2.467,-34.954,0
1398294537268,41806596559000,171538052000001,-5.31,2.786,-34.954,0
1398294537281,41806607026000,171538052000001,-5.616,2.786,-34.954,0
1398294537294,41806616609000,171538052000001,-5.616,2.786,-34.954,0
1398294537297,41806626618000,171538052000001,-5.616,2.786,-34.954,0
1398294537308,41806638154000,171538052000001,-5.616,2.786,-34.954,0
1398294537318,41806646668000,171538052000001,-5.616,2.786,-34.954,0
1398294537327,41806656587000,171538052000001,-5.616,2.786,-34.954,0
1398294537337,41806666596000,171538052000001,-5.616,2.786,-34.954,0
1398294537346,41806676576000,171538052000001,-5.616,2.786,-34.954,0
1398294537357,41806686585000,171538052000001,-5.917,2.786,-34.954,0
1398294537366,41806696595000,171538052000001,-5.917,2.786,-34.954,0
1398294537376,41806706605000,171538052000001,-5.917,2.786,-34.954,0
1398294537387,41806716645000,171538052000001,-5.917,2.786,-34.954,0
1398294537396,41806726655000,171538052000001,-5.917,2.786,-34.954,0
1398294537406,41806736665000,171538052000001,-5.917,2.786,-34.954,0
1398294537416,41806746675000,171538052000001,-5.917,2.786,-34.954,0
1398294537426,41806756654000,171538052000001,-5.917,2.786,-34.954,0
1398294537436,41806766664000,171538052000001,-5.917,2.786,-34.954,0
1398294537446,41806776673000,171538052000001,-5.917,2.786,-34.954,0
1398294537457,41806786714000,171538052000001,-5.917,2.786,-34.954,0
1398294537469,41806796723000,171538052000001,-5.917,2.786,-34.954,0
1398294537477,41806806733000,171538052000001,-5.917,2.786,-34.954,0
1398294537489,41806818269000,171538052000001,-5.917,2.786,-34.954,0
1398294537497,41806826783000,171538052000001,-5.917,2.786,-34.954,0
1398294537507,41806836732000,171538052000001,-5.917,2.786,-34.954,0
1398294537517,41806846772000,171538052000001,-5.612,2.786,-34.954,0
1398294537527,41806856782000,171538052000001,-5.612,2.786,-34.954,0
1398294537537,41806866792000,171538052000001,-5.612,2.786,-34.954,0
1398294537547,41806876802000,171538052000001,-5.612,2.786,-34.954,0
1398294537557,41806886811000,171538052000001,-5.612,2.786,-34.954,0
1398294537567,41806897035000,171538052000001,-5.612,2.786,-34.954,0
1398294537577,41806906861000,171538052000001,-5.612,2.786,-34.954,0
1398294537587,41806916871000,171538052000001,-5.612,2.786,-34.954,0
1398294537597,41806926881000,171538052000001,-5.612,2.786,-34.628,0
1398294537607,41806936891000,171538052000001,-5.612,2.786,-34.628,0
1398294537617,41806946900000,171538052000001,-5.612,2.786,-34.628,0
1398294537627,41806956910000,171538052000001,-5.612,2.786,-34.628,0
1398294537637,41806966920000,171538052000001,-5.612,2.786,-34.628,0
1398294537647,41806976930000,171538052000001,-5.612,2.786,-34.628,0
1398294537657,41806986939000,171538052000001,-5.612,2.786,-34.628,0
1398294537668,41806998506000,171538052000001,-5.612,2.786,-34.628,0
1398294537677,41807006990000,171538052000001,-5.612,2.786,-34.628,0
1398294537687,41807016999000,171538052000001,-5.612,2.786,-34.628,0
1398294537698,41807026979000,171538052000001,-5.612,2.786,-34.628,0
1398294537707,41807036988000,171538052000001,-5.612,2.786,-34.628,0
1398294537717,41807046998000,171538052000001,-5.612,2.786,-34.628,0
1398294537727,41807057008000,171538052000001,-5.612,2.786,-34.628,0
1398294537737,41807067048000,171538052000001,-5.612,2.786,-34.628,0
1398294537751,41807078858000,171538052000001,-5.612,2.786,-34.628,0
1398294537759,41807089112000,171538052000001,-5.612,2.786,-34.628,0
1398294537770,41807097261000,171538052000001,-5.612,2.786,-34.628,0
1398294537777,41807107026000,171538052000001,-5.612,2.786,-34.628,0
1398294537787,41807117036000,171538052000001,-5.612,2.786,-34.628,0
1398294537797,41807127046000,171538052000001,-5.612,2.786,-34.628,0
1398294537807,41807137055000,171538052000001,-5.612,2.479,-34.628,0
1398294537817,41807147096000,171538052000001,-5.612,2.479,-34.628,0
1398294537827,41807157105000,171538052000001,-5.253,2.479,-34.628,0
1398294537837,41807167085000,171538052000001,-5.253,2.479,-34.628,0
1398294537849,41807178651000,171538052000001,-5.253,2.479,-34.628,0
1398294537861,41807187135000,171538052000001,-5.253,2.479,-34.628,0
1398294537873,41807197114000,171538052000001,-5.253,2.479,-34.628,0
1398294537882,41807208741000,171538052000001,-4.939,2.479,-34.628,0
1398294537888,41807217652000,171538052000001,-4.939,2.479,-34.628,0
1398294537908,41807228822000,171538052000001,-4.939,2.479,-34.628,0
1398294537928,41807237153000,171538052000001,-4.939,2.142,-34.628,0
1398294537929,41807247163000,171538052000001,-4.939,2.142,-34.628,0
1398294537936,41807257203000,171538052000001,-4.939,2.142,-34.628,0
1398294537938,41807267182000,171538052000001,-4.939,2.142,-34.628,0
1398294537950,41807277192000,171538052000001,-4.939,2.142,-34.628,0
1398294538041,41807287171000,171538052000001,-4.939,2.142,-34.628,0
1398294538072,41807297212000,171538052000001,-4.939,2.142,-34.628,0
1398294538073,41807307221000,171538052000001,-4.939,2.142,-34.628,0
1398294538075,41807317262000,171538052000001,-4.939,2.142,-34.628,0
1398294538076,41807327272000,171538052000001,-4.939,2.142,-34.628,0
1398294538078,41807337251000,171538052000001,-4.939,2.142,-34.628,0
1398294538079,41807347413000,171538052000001,-4.939,2.142,-34.628,0
1398294538080,41807358796000,171538052000001,-4.939,2.142,-34.628,0
1398294538082,41807367311000,171538052000001,-5.278,2.142,-34.628,0
1398294538083,41807377259000,171538052000001,-5.278,2.142,-34.628,0
1398294538084,41807387300000,171538052000001,-5.278,2.455,-34.628,0
1398294538085,41807397279000,171538052000001,-5.278,2.455,-34.628,0
1398294538087,41807407289000,171538052000001,-5.278,2.455,-34.628,0
1398294538088,41807417298000,171538052000001,-5.278,2.455,-34.628,0
1398294538100,41807427339000,171538052000001,-5.278,2.455,-34.628,0
1398294538107,41807437348000,171538052000001,-5.278,2.455,-34.628,0
1398294538117,41807447358000,171538052000001,-5.278,2.455,-34.628,0
1398294538127,41807457368000,171538052000001,-5.278,2.455,-34.628,0
1398294538137,41807467347000,171538052000001,-5.278,2.455,-34.628,0
1398294538147,41807477357000,171538052000001,-5.278,2.775,-34.628,0
1398294538157,41807487367000,171538052000001,-5.278,2.775,-34.628,0
1398294538167,41807497376000,171538052000001,-5.278,2.775,-34.628,0
1398294538178,41807507417000,171538052000001,-5.278,2.775,-34.628,0
1398294538188,41807517396000,171538052000001,-5.278,2.775,-34.628,0
1398294538198,41807527406000,171538052000001,-5.278,2.775,-34.628,0
1398294538209,41807539002000,171538052000001,-5.278,2.775,-34.628,0
1398294538218,41807547517000,171538052000001,-5.278,2.775,-34.628,0
1398294538227,41807557435000,171538052000001,-5.278,2.775,-34.628,0
1398294538238,41807567475000,171538052000001,-5.278,2.775,-34.628,0
1398294538248,41807577455000,171538052000001,-5.278,2.775,-34.628,0
1398294538258,41807587464000,171538052000001,-5.278,2.775,-34.928,0
1398294538267,41807597474000,171538052000001,-5.278,2.775,-34.928,0
1398294538277,41807607484000,171538052000001,-5.278,2.775,-34.928,0
1398294538287,41807617494000,171538052000001,-5.278,2.775,-34.928,0
1398294538298,41807627534000,171538052000001,-5.278,3.076,-34.928,0
1398294538307,41807637513000,171538052000001,-5.278,3.076,-34.928,0
1398294538318,41807647584000,171538052000001,-5.278,3.076,-34.928,0
1398294538327,41807657563000,171538052000001,-5.278,3.076,-34.928,0
1398294538338,41807667604000,171538052000001,-5.278,3.076,-34.928,0
1398294538348,41807677583000,171538052000001,-5.278,3.076,-34.928,0
1398294538358,41807687562000,171538052000001,-5.278,3.076,-34.928,0
1398294538367,41807697572000,171538052000001,-5.278,3.076,-34.928,0
1398294538378,41807707612000,171538052000001,-5.278,3.076,-34.928,0
1398294538389,41807719178000,171538052000001,-5.278,3.076,-34.928,0
1398294538400,41807727693000,171538052000001,-5.278,3.076,-34.928,0
1398294538407,41807737672000,171538052000001,-5.278,3.076,-34.928,0
1398294538418,41807747651000,171538052000001,-5.278,3.076,-34.928,0
1398294538427,41807757630000,171538052000001,-5.278,3.076,-34.928,0
1398294538437,41807767640000,171538052000001,-5.278,3.076,-34.928,0
1398294538447,41807777650000,171538052000001,-5.278,3.076,-34.928,0
1398294538458,41807787660000,171538052000001,-5.278,3.076,-34.928,0
1398294538468,41807797669000,171538052000001,-5.644,3.076,-34.928,0
1398294538477,41807807679000,171538052000001,-5.644,3.076,-34.928,0
1398294538488,41807817689000,171538052000001,-5.644,3.076,-34.928,0
1398294538497,41807827699000,171538052000001,-5.644,3.076,-34.928,0
1398294538508,41807837770000,171538052000001,-5.644,3.076,-34.591,0
1398294538518,41807847718000,171538052000001,-5.644,3.076,-34.591,0
1398294538528,41807857881000,171538052000001,-5.966,3.076,-34.591,0
1398294538538,41807867707000,171538052000001,-5.966,3.076,-34.591,0
1398294538548,41807877748000,171538052000001,-5.966,3.076,-34.591,0
1398294538558,41807887727000,171538052000001,-5.966,3.076,-34.591,0
1398294538569,41807899293000,171538052000001,-5.966,3.076,-34.591,0
1398294538578,41807907807000,171538052000001,-5.966,3.076,-34.591,0
1398294538588,41807917756000,171538052000001,-5.966,3.076,-34.591,0
1398294538598,41807927766000,171538052000001,-5.966,3.076,-34.591,0
1398294538611,41807940003000,171538052000001,-5.966,3.076,-34.591,0
1398294538624,41807953919000,171538052000001,-5.966,3.076,-34.591,0
1398294538629,41807958894000,171538052000001,-5.966,2.758,-34.591,0
1398294538643,41807972749000,171538052000001,-6.277,2.758,-34.591,0
1398294538650,41807979951000,171538052000001,-6.277,2.758,-34.591,0
1398294538664,41807994203000,171538052000001,-6.277,2.758,-34.591,0
1398294538669,41807999024000,171538052000001,-6.277,2.758,-34.591,0
1398294538684,41808014192000,171538052000001,-6.277,2.758,-34.591,0
1398294538690,41808020112000,171538052000001,-6.277,2.758,-34.591,0
1398294538704,41808033723000,171538052000001,-6.277,2.758,-34.591,0
1398294538709,41808039369000,171538052000001,-6.277,2.758,-34.591,0
1398294538724,41808054292000,171538052000001,-6.277,2.758,-34.591,0
1398294538728,41808058381000,171538052000001,-6.608,2.758,-34.591,0
1398294538744,41808074311000,171538052000001,-6.608,2.758,-34.591,0
1398294538756,41808081147000,171538052000001,-6.608,2.758,-34.591,0
1398294538758,41808088014000,171538052000001,-6.921,2.758,-34.591,0
1398294538770,41808099183000,171538052000001,-6.921,2.758,-34.286,0
1398294538781,41808109620000,171538052000001,-6.921,2.758,-34.286,0
1398294538799,41808118012000,171538052000001,-6.921,2.758,-34.286,0
1398294538805,41808127992000,171538052000001,-7.228,2.758,-34.286,0
1398294538808,41808138001000,171538052000001,-7.228,2.758,-34.286,0
1398294538824,41808148011000,171538052000001,-7.228,2.758,-34.286,0
1398294538829,41808158052000,171538052000001,-7.228,2.758,-34.286,0
1398294538838,41808168092000,171538052000001,-7.228,2.758,-34.286,0
1398294538851,41808178132000,171538052000001,-7.553,2.758,-34.286,0
1398294538859,41808188111000,171538052000001,-7.553,2.758,-34.286,0
1398294538868,41808198091000,171538052000001,-7.553,2.758,-34.286,0
1398294538881,41808208070000,171538052000001,-7.553,2.758,-34.286,0
1398294538888,41808218080000,171538052000001,-7.553,2.758,-34.286,0
1398294538904,41808230561000,171538052000001,-7.553,2.758,-34.286,0
1398294538908,41808238130000,171538052000001,-7.553,2.758,-34.286,0
1398294538918,41808248078000,171538052000001,-7.553,2.758,-34.286,0
1398294538931,41808259675000,171538052000001,-7.553,2.758,-34.286,0
1398294538938,41808268189000,171538052000001,-7.553,2.758,-34.286,0
1398294538948,41808278138000,171538052000001,-7.553,2.758,-34.286,0
1398294538958,41808288148000,171538052000001,-7.142,2.758,-34.286,0
1398294538968,41808298158000,171538052000001,-7.142,2.758,-34.286,0
1398294538979,41808308198000,171538052000001,-7.142,2.758,-34.286,0
1398294538988,41808318177000,171538052000001,-6.803,2.758,-34.286,0
1398294538998,41808328187000,171538052000001,-6.803,2.758,-34.286,0
1398294539008,41808338197000,171538052000001,-6.803,2.439,-34.286,0
1398294539019,41808348237000,171538052000001,-6.393,2.439,-34.286,0
1398294539028,41808358216000,171538052000001,-6.393,2.439,-34.286,0
1398294539038,41808368257000,171538052000001,-6.393,2.439,-34.286,0
1398294539048,41808378266000,171538052000001,-6.393,2.439,-34.286,0
1398294539058,41808388246000,171538052000001,-6.393,2.439,-34.286,0
1398294539068,41808398255000,171538052000001,-6.054,2.439,-34.286,0
1398294539078,41808408265000,171538052000001,-6.054,2.439,-34.286,0
1398294539090,41808418305000,171538052000001,-6.054,2.439,-34.286,0
1398294539104,41808433381000,171538052000001,-6.054,2.439,-34.286,0
1398294539116,41808439820000,171538052000001,-6.054,2.125,-34.286,0
1398294539118,41808448365000,171538052000001,-6.054,2.125,-34.286,0
1398294539138,41808458283000,171538052000001,-6.054,2.125,-34.611,0
1398294539140,41808468293000,171538052000001,-6.054,2.125,-34.611,0
1398294539148,41808478303000,171538052000001,-6.054,2.125,-34.611,0
1398294539158,41808488313000,171538052000001,-6.054,2.125,-34.611,0
1398294539168,41808498323000,171538052000001,-6.054,2.125,-34.611,0
1398294539179,41808508332000,171538052000001,-6.054,2.125,-34.611,0
1398294539188,41808518342000,171538052000001,-6.054,2.125,-34.611,0
1398294539198,41808528352000,171538052000001,-6.376,2.125,-34.611,0
1398294539208,41808538362000,171538052000001,-6.376,2.125,-34.611,0
1398294539219,41808548371000,171538052000001,-6.376,1.812,-34.611,0
1398294539228,41808558381000,171538052000001,-6.376,1.812,-34.611,0
1398294539238,41808568360000,171538052000001,-6.376,1.812,-34.611,0
1398294539249,41808578401000,171538052000001,-6.376,1.812,-34.611,0
1398294539258,41808588410000,171538052000001,-6.703,1.812,-34.611,0
1398294539270,41808598420000,171538052000001,-6.703,1.812,-34.611,0
1398294539280,41808608430000,171538052000001,-6.703,1.812,-34.611,0
1398294539290,41808619996000,171538052000001,-6.703,1.812,-34.611,0
1398294539299,41808628480000,171538052000001,-6.703,1.812,-34.611,0
1398294539309,41808638459000,171538052000001,-6.703,1.812,-34.611,0
1398294539319,41808648652000,171538052000001,-6.703,1.812,-34.28,0
1398294539329,41808658540000,171538052000001,-6.703,1.812,-34.28,0
1398294539341,41808668550000,171538052000001,-6.703,1.812,-34.28,0
1398294539349,41808678529000,171538052000001,-6.703,1.812,-34.28,0
1398294539359,41808688539000,171538052000001,-6.703,1.812,-34.28,0
1398294539368,41808698548000,171538052000001,-6.703,1.812,-34.28,0
1398294539379,41808708589000,171538052000001,-6.703,1.812,-34.28,0
1398294539388,41808718568000,171538052000001,-6.703,1.812,-34.28,0
1398294539399,41808728578000,171538052000001,-6.703,1.812,-34.28,0
1398294539412,41808742311000,171538052000001,-6.703,1.812,-34.28,0
1398294539418,41808748536000,171538052000001,-6.703,1.812,-34.28,0
1398294539429,41808758546000,171538052000001,-6.703,1.812,-34.28,0
1398294539440,41808768586000,171538052000001,-6.703,1.812,-34.28,0
1398294539449,41808778596000,171538052000001,-6.703,1.812,-34.28,0
1398294539460,41808788606000,171538052000001,-6.703,1.812,-34.28,0
1398294539472,41808800141000,171538052000001,-6.703,1.812,-34.28,0
1398294539479,41808808656000,171538052000001,-6.703,1.812,-34.28,0
1398294539493,41808818635000,171538052000001,-6.703,1.812,-34.28,0
1398294539500,41808828767000,171538052000001,-6.703,1.812,-34.28,0
1398294539511,41808838655000,171538052000001,-6.703,1.812,-34.28,0
1398294539519,41808848664000,171538052000001,-6.703,1.812,-34.28,0
1398294539529,41808858674000,171538052000001,-6.703,1.812,-34.28,0
1398294539538,41808868653000,171538052000001,-6.703,1.812,-34.28,0
1398294539548,41808878663000,171538052000001,-6.703,1.812,-34.28,0
1398294539558,41808888673000,171538052000001,-6.703,1.812,-34.28,0
1398294539569,41808898713000,171538052000001,-6.703,1.812,-34.28,0
1398294539579,41808908723000,171538052000001,-6.703,1.812,-34.28,0
1398294539588,41808918733000,171538052000001,-6.703,1.812,-34.28,0
1398294539598,41808928742000,171538052000001,-6.703,1.812,-34.28,0
1398294539609,41808938752000,171538052000001,-6.703,1.812,-34.28,0
1398294539619,41808948762000,171538052000001,-6.703,1.812,-34.28,0
1398294539628,41808958772000,171538052000001,-6.703,1.812,-34.28,0
1398294539638,41808968782000,171538052000001,-6.379,1.812,-34.28,0
1398294539650,41808980317000,171538052000001,-6.379,1.812,-34.28,0
1398294539659,41808988832000,171538052000001,-6.379,1.812,-34.28,0
1398294539669,41808998811000,171538052000001,-6.379,1.812,-34.28,0
1398294539679,41809008821000,171538052000001,-6.379,1.812,-34.28,0
1398294539689,41809018830000,171538052000001,-6.056,1.812,-34.28,0
1398294539699,41809028840000,171538052000001,-6.056,1.812,-34.28,0
1398294539713,41809042756000,171538052000001,-6.056,1.812,-34.619,0
1398294539720,41809048860000,171538052000001,-6.056,1.812,-34.619,0
1398294539751,41809058869000,171538052000001,-6.056,1.812,-34.619,0
1398294539752,41809068849000,171538052000001,-6.056,1.812,-34.619,0
1398294539754,41809078889000,171538052000001,-6.056,1.812,-34.619,0
1398294539764,41809088929000,171538052000001,-6.056,1.812,-34.619,0
1398294539769,41809098939000,171538052000001,-6.056,1.812,-34.619,0
1398294539779,41809108918000,171538052000001,-6.056,1.812,-34.619,0
1398294539789,41809118897000,171538052000001,-6.056,1.812,-34.619,0
1398294539799,41809128907000,171538052000001,-5.754,1.812,-34.619,0
1398294539809,41809138917000,171538052000001,-5.754,1.812,-34.619,0
1398294539819,41809148896000,171538052000001,-5.754,1.812,-34.619,0
1398294539831,41809160493000,171538052000001,-5.754,1.812,-34.619,0
1398294539839,41809169007000,171538052000001,-5.754,1.812,-34.619,0
1398294539850,41809178987000,171538052000001,-5.754,1.812,-34.619,0
1398294539859,41809188996000,171538052000001,-5.754,1.812,-34.619,0
1398294539869,41809199006000,171538052000001,-5.754,1.812,-34.619,0
1398294539879,41809208985000,171538052000001,-5.754,1.812,-34.619,0
1398294539889,41809218995000,171538052000001,-5.754,1.812,-34.619,0
1398294539899,41809229005000,171538052000001,-5.754,1.812,-34.619,0
1398294539909,41809239015000,171538052000001,-5.754,1.812,-34.619,0
1398294539919,41809249055000,171538052000001,-5.754,1.812,-34.619,0
1398294539929,41809259065000,171538052000001,-5.754,1.812,-34.619,0
1398294539939,41809269074000,171538052000001,-5.754,1.812,-34.619,0
1398294539949,41809279084000,171538052000001,-5.754,1.812,-34.619,0
1398294539960,41809289094000,171538052000001,-5.754,1.812,-34.619,0
1398294539969,41809299104000,171538052000001,-5.754,1.812,-34.619,0
1398294539979,41809309114000,171538052000001,-5.754,1.812,-34.619,0
1398294539989,41809319123000,171538052000001,-5.754,1.812,-34.619,0
1398294539999,41809329133000,171538052000001,-5.754,1.812,-34.619,0
1398294540013,41809340730000,171538052000001,-5.754,1.812,-34.619,0
1398294540022,41809351716000,171538052000001,-5.754,1.812,-34.619,0
1398294540029,41809359162000,171538052000001,-5.754,1.812,-34.619,0
1398294540039,41809369172000,171538052000001,-5.754,1.812,-34.619,0
1398294540049,41809379182000,171538052000001,-5.754,1.812,-34.619,0
1398294540059,41809389192000,171538052000001,-5.754,1.812,-34.619,0
1398294540069,41809399201000,171538052000001,-5.754,1.812,-34.619,0
1398294540079,41809409211000,171538052000001,-5.754,1.812,-34.619,0
1398294540089,41809419221000,171538052000001,-5.754,1.812,-34.619,0
1398294540099,41809429231000,171538052000001,-5.754,1.812,-34.619,0
1398294540109,41809439241000,171538052000001,-5.754,1.812,-34.619,0
1398294540119,41809449250000,171538052000001,-5.754,1.812,-34.619,0
1398294540129,41809459260000,171538052000001,-5.754,1.812,-34.619,0
1398294540139,41809469270000,171538052000001,-5.754,1.812,-34.619,0
1398294540149,41809479280000,171538052000001,-5.754,1.812,-34.619,0
1398294540159,41809489259000,171538052000001,-5.754,1.812,-34.619,0
1398294540169,41809499269000,171538052000001,-5.754,1.812,-34.619,0
1398294540179,41809509278000,171538052000001,-5.754,1.812,-34.619,0
1398294540191,41809521028000,171538052000001,-5.754,1.812,-34.619,0
1398294540199,41809529359000,171538052000001,-5.754,1.812,-34.619,0
1398294540209,41809539338000,171538052000001,-5.754,1.812,-34.619,0
1398294540219,41809549348000,171538052000001,-5.754,1.812,-34.619,0
1398294540230,41809559358000,171538052000001,-5.754,1.812,-34.619,0
1398294540239,41809569367000,171538052000001,-5.754,1.812,-34.619,0
1398294540250,41809579377000,171538052000001,-5.754,1.812,-34.619,0
1398294540259,41809589356000,171538052000001,-5.754,1.812,-34.619,0
1398294540269,41809599397000,171538052000001,-5.754,1.812,-34.619,0
1398294540279,41809609407000,171538052000001,-5.754,1.812,-34.619,0
1398294540289,41809619416000,171538052000001,-5.754,1.812,-34.619,0
1398294540303,41809629426000,171538052000001,-5.754,1.812,-34.619,0
1398294540310,41809639497000,171538052000001,-5.436,1.812,-34.619,0
1398294540321,41809649476000,171538052000001,-5.436,1.481,-34.619,0
1398294540340,41809670137000,171538052000001,-5.436,1.481,-34.619,0
1398294540345,41809675355000,171538052000001,-5.436,1.481,-34.619,0
1398294540356,41809681123000,171538052000001,-5.436,1.481,-34.619,0
1398294540361,41809690827000,171538052000001,-5.436,1.481,-34.619,0
1398294540375,41809704316000,171538052000001,-5.436,1.481,-34.619,0
1398294540381,41809710572000,171538052000001,-5.101,1.115,-34.619,0
1398294540393,41809722749000,171538052000001,-5.101,1.115,-34.619,0
1398294540403,41809733094000,171538052000001,-5.101,1.115,-34.619,0
1398294540413,41809742799000,171538052000001,-5.101,1.115,-34.619,0
1398294540423,41809752839000,171538052000001,-5.101,1.115,-34.619,0
1398294540433,41809762757000,171538052000001,-5.101,1.115,-34.619,0
1398294540443,41809772798000,171538052000001,-5.101,1.115,-34.619,0
1398294540453,41809782929000,171538052000001,-5.101,1.115,-34.619,0
1398294540461,41809790345000,171538052000001,-5.101,1.115,-34.619,0
1398294540476,41809805451000,171538052000001,-5.101,1.115,-34.619,0
1398294540481,41809810578000,171538052000001,-5.101,1.115,-34.619,0
1398294540495,41809825349000,171538052000001,-5.101,1.115,-34.619,0
1398294540501,41809831117000,171538052000001,-5.101,1.115,-34.619,0
1398294540513,41809842897000,171538052000001,-5.101,1.115,-34.619,0
1398294540522,41809851777000,171538052000001,-5.101,1.115,-34.619,0
1398294540533,41809862916000,171538052000001,-5.101,1.115,-34.619,0
1398294540543,41809872834000,171538052000001,-5.101,1.115,-34.619,0
1398294540553,41809881501000,171538052000001,-5.101,1.115,-34.619,0
1398294540566,41809889741000,171538052000001,-5.101,1.115,-34.619,0
1398294540570,41809900239000,171538052000001,-5.101,1.46,-34.619,0
1398294540586,41809909730000,171538052000001,-5.101,1.46,-34.619,0
1398294540604,41809919740000,171538052000001,-5.459,1.46,-34.619,0
1398294540606,41809929750000,171538052000001,-5.459,1.46,-34.619,0
1398294540611,41809939790000,171538052000001,-5.459,1.46,-34.619,0
1398294540620,41809949769000,171538052000001,-5.459,1.46,-34.619,0
1398294540630,41809959931000,171538052000001,-5.812,1.46,-34.619,0
1398294540641,41809971131000,171538052000001,-5.812,1.8,-34.619,0
1398294540650,41809979737000,171538052000001,-5.812,1.8,-34.619,0
1398294540660,41809989747000,171538052000001,-5.812,1.8,-34.619,0
1398294540670,41809999757000,171538052000001,-6.12,1.8,-34.619,0
1398294540680,41810009736000,171538052000001,-6.12,1.8,-34.619,0
1398294540689,41810019776000,171538052000001,-6.12,1.8,-34.619,0
1398294540700,41810029786000,171538052000001,-6.43,1.8,-34.619,0
1398294540710,41810039826000,171538052000001,-6.43,1.8,-34.619,0
1398294540720,41810049806000,171538052000001,-6.43,1.8,-34.619,0
1398294540731,41810061372000,171538052000001,-6.43,1.8,-34.28,0
1398294540740,41810069886000,171538052000001,-6.43,1.8,-34.28,0
1398294540750,41810079835000,171538052000001,-6.43,1.481,-34.28,0
1398294540760,41810089845000,171538052000001,-6.43,1.481,-34.28,0
1398294540770,41810099855000,171538052000001,-6.43,1.481,-34.28,0
1398294540780,41810109864000,171538052000001,-6.43,1.165,-34.28,0
1398294540790,41810119935000,171538052000001,-6.43,1.165,-34.28,0
1398294540800,41810129914000,171538052000001,-6.43,1.165,-34.28,0
1398294540810,41810139924000,171538052000001,-6.43,0.807,-34.28,0
1398294540820,41810149903000,171538052000001,-6.43,0.807,-34.28,0
1398294540830,41810159913000,171538052000001,-6.43,0.807,-34.28,0
1398294540840,41810169953000,171538052000001,-6.43,0.37,-34.28,0
1398294540850,41810179933000,171538052000001,-6.43,0.37,-34.28,0
1398294540860,41810189973000,171538052000001,-6.06,0.37,-34.28,0
1398294540870,41810199952000,171538052000001,-6.06,-0.057,-34.28,0
1398294540880,41810209992000,171538052000001,-6.06,-0.057,-34.28,0
1398294540891,41810219972000,171538052000001,-5.691,-0.057,-34.28,0
1398294540900,41810229981000,171538052000001,-5.691,-0.437,-34.28,0
1398294540911,41810241548000,171538052000001,-5.691,-0.437,-34.28,0
1398294540920,41810250062000,171538052000001,-5.284,-0.437,-34.28,0
1398294540930,41810260041000,171538052000001,-5.284,-0.437,-34.28,0
1398294540944,41810270082000,171538052000001,-5.284,-0.437,-34.28,0
1398294540950,41810280061000,171538052000001,-5.284,-0.437,-34.28,0
1398294540960,41810290071000,171538052000001,-4.922,-0.437,-34.28,0
1398294540970,41810300080000,171538052000001,-4.922,-0.437,-34.582,0
1398294540980,41810310090000,171538052000001,-4.922,-0.437,-34.582,0
1398294540990,41810320069000,171538052000001,-4.922,-0.437,-34.582,0
1398294541000,41810330079000,171538052000001,-4.922,-0.437,-34.582,0
1398294541010,41810340119000,171538052000001,-4.922,-0.437,-34.582,0
1398294541020,41810350099000,171538052000001,-4.922,-0.437,-34.582,0
1398294541030,41810360108000,171538052000001,-4.922,-0.437,-34.582,0
1398294541040,41810370118000,171538052000001,-4.922,-0.437,-34.582,0
1398294541051,41810380128000,171538052000001,-4.922,-0.437,-34.582,0
1398294541060,41810390168000,171538052000001,-4.922,-0.122,-34.582,0
1398294541070,41810400147000,171538052000001,-4.922,-0.122,-34.582,0
1398294541080,41810410157000,171538052000001,-4.922,-0.122,-34.582,0
1398294541092,41810421693000,171538052000001,-4.922,-0.122,-34.582,0
1398294541100,41810430238000,171538052000001,-4.922,0.199,-34.582,0
1398294541110,41810440187000,171538052000001,-4.922,0.199,-34.582,0
1398294541120,41810450196000,171538052000001,-4.922,0.199,-34.582,0
1398294541131,41810460237000,171538052000001,-4.922,0.199,-34.582,0
1398294541141,41810470216000,171538052000001,-4.922,0.199,-34.582,0
1398294541150,41810480226000,171538052000001,-4.922,0.199,-34.582,0
1398294541160,41810490235000,171538052000001,-4.922,0.518,-34.582,0
1398294541170,41810500245000,171538052000001,-4.922,0.518,-34.582,0
1398294541180,41810510255000,171538052000001,-4.922,0.518,-34.582,0
1398294541190,41810520265000,171538052000001,-4.922,0.518,-34.582,0
1398294541200,41810530305000,171538052000001,-4.922,0.518,-34.582,0
1398294541211,41810540467000,171538052000001,-4.922,0.518,-34.582,0
1398294541220,41810550294000,171538052000001,-4.922,0.518,-34.582,0
1398294541230,41810560304000,171538052000001,-4.922,0.518,-34.582,0
1398294541241,41810570314000,171538052000001,-5.259,0.518,-34.582,0
1398294541256,41810585237000,171538052000001,-5.259,0.518,-34.582,0
1398294541260,41810590303000,171538052000001,-5.259,0.518,-34.582,0
1398294541273,41810601869000,171538052000001,-5.259,0.518,-34.582,0
1398294541280,41810610383000,171538052000001,-5.259,0.518,-34.582,0
1398294541290,41810620332000,171538052000001,-5.65,0.518,-34.582,0
1398294541300,41810630372000,171538052000001,-5.65,0.518,-34.582,0
1398294541310,41810640382000,171538052000001,-5.65,0.856,-34.582,0
1398294541324,41810650392000,171538052000001,-5.65,0.856,-34.582,0
1398294541331,41810660401000,171538052000001,-6.079,0.856,-34.582,0
1398294541345,41810670411000,171538052000001,-6.079,0.856,-34.582,0
1398294541351,41810680421000,171538052000001,-6.079,1.22,-34.582,0
1398294541361,41810690431000,171538052000001,-6.472,1.22,-34.582,0
1398294541370,41810700440000,171538052000001,-6.472,1.22,-34.582,0
1398294541380,41810710450000,171538052000001,-6.472,1.22,-34.582,0
1398294541390,41810720429000,171538052000001,-6.811,1.603,-34.582,0
1398294541400,41810730470000,171538052000001,-6.811,1.603,-34.582,0
1398294541410,41810740480000,171538052000001,-6.811,1.603,-34.582,0
1398294541420,41810750489000,171538052000001,-6.811,1.603,-34.582,0
1398294541430,41810760499000,171538052000001,-6.811,1.603,-34.582,0
1398294541441,41810770539000,171538052000001,-6.811,1.943,-34.582,0
1398294541452,41810782197000,171538052000001,-6.811,1.943,-34.582,0
1398294541461,41810790559000,171538052000001,-6.811,1.943,-34.582,0
1398294541471,41810800538000,171538052000001,-6.811,1.943,-34.582,0
1398294541481,41810810578000,171538052000001,-6.811,1.943,-34.582,0
1398294541503,41810821412000,171538052000001,-6.811,1.943,-34.582,0
1398294541505,41810830598000,171538052000001,-6.811,1.943,-34.582,0
1398294541511,41810840577000,171538052000001,-6.811,1.943,-34.582,0
1398294541521,41810850587000,171538052000001,-6.811,1.943,-34.582,0
1398294541531,41810860597000,171538052000001,-6.811,1.943,-34.582,0
1398294541541,41810870606000,171538052000001,-6.811,1.943,-34.582,0
1398294541551,41810880616000,171538052000001,-6.811,1.943,-34.582,0
1398294541561,41810890626000,171538052000001,-6.495,1.943,-34.582,0
1398294541571,41810900666000,171538052000001,-6.495,1.943,-34.582,0
1398294541581,41810910646000,171538052000001,-6.495,1.943,-34.582,0
1398294541591,41810920686000,171538052000001,-6.495,1.943,-34.582,0
1398294541601,41810930665000,171538052000001,-6.495,1.943,-34.582,0
1398294541611,41810940675000,171538052000001,-6.495,1.943,-34.582,0
1398294541621,41810950685000,171538052000001,-6.495,1.943,-34.582,0
1398294541632,41810962251000,171538052000001,-6.495,1.943,-34.582,0
1398294541641,41810970765000,171538052000001,-6.495,1.943,-34.582,0
1398294541651,41810980714000,171538052000001,-6.495,1.943,-34.582,0
1398294541661,41810990724000,171538052000001,-6.495,1.943,-34.582,0
1398294541671,41811000733000,171538052000001,-6.495,1.943,-34.582,0
1398294541681,41811010743000,171538052000001,-6.495,1.943,-34.582,0
1398294541691,41811020753000,171538052000001,-6.495,1.943,-34.582,0
1398294541704,41811031831000,171538052000001,-6.495,1.943,-34.582,0
1398294541714,41811044313000,171538052000001,-6.495,1.943,-34.582,0
1398294541724,41811054383000,171538052000001,-6.495,1.943,-34.582,0
1398294541734,41811064332000,171538052000001,-6.495,1.943,-34.582,0
1398294541744,41811074342000,171538052000001,-6.495,1.943,-34.582,0
1398294541755,41811084504000,171538052000001,-6.495,1.943,-34.582,0
1398294541764,41811094209000,171538052000001,-6.495,1.943,-34.582,0
1398294541772,41811102265000,171538052000001,-6.495,1.943,-34.582,0
1398294541783,41811112824000,171538052000001,-6.495,1.943,-34.582,0
1398294541794,41811124421000,171538052000001,-6.495,1.943,-34.582,0
1398294541803,41811132752000,171538052000001,-6.495,1.943,-34.582,0
1398294541815,41811144776000,171538052000001,-6.495,1.943,-34.582,0
1398294541822,41811151887000,171538052000001,-6.495,1.943,-34.582,0
1398294541835,41811164460000,171538052000001,-6.495,1.943,-34.582,0
1398294541842,41811171296000,171538052000001,-6.495,1.943,-34.582,0
1398294541851,41811180970000,171538052000001,-6.495,1.943,-34.582,0
1398294541861,41811190980000,171538052000001,-6.495,1.943,-34.582,0
1398294541871,41811201020000,171538052000001,-6.495,1.943,-34.582,0
1398294541881,41811210969000,171538052000001,-6.178,1.943,-34.582,0
1398294541891,41811220979000,171538052000001,-6.178,1.943,-34.582,0
1398294541901,41811230989000,171538052000001,-6.178,1.943,-34.582,0
1398294541911,41811240998000,171538052000001,-6.178,1.943,-34.582,0
1398294541921,41811251008000,171538052000001,-6.178,1.943,-34.582,0
1398294541931,41811261201000,171538052000001,-6.178,1.943,-34.582,0
1398294541941,41811271058000,171538052000001,-6.178,1.943,-34.582,0
1398294541955,41811285188000,171538052000001,-6.178,1.943,-34.582,0
1398294541963,41811293092000,171538052000001,-6.178,1.943,-34.582,0
1398294541975,41811304994000,171538052000001,-6.178,1.943,-34.582,0
1398294541982,41811311677000,171538052000001,-6.178,1.943,-34.582,0
1398294541995,41811324769000,171538052000001,-6.178,1.943,-34.582,0
1398294542003,41811332948000,171538052000001,-6.178,1.943,-34.582,0
1398294542015,41811344575000,171538052000001,-6.178,1.943,-34.582,0
1398294542025,41811354615000,171538052000001,-6.178,1.943,-34.582,0
1398294542035,41811364778000,171538052000001,-6.178,1.943,-34.582,0
1398294542047,41811376893000,171538052000001,-6.178,1.943,-34.582,0
1398294542054,41811383668000,171538052000001,-6.178,1.943,-34.582,0
1398294542068,41811397615000,171538052000001,-5.862,1.943,-34.582,0
1398294542073,41811402772000,171538052000001,-5.862,1.943,-34.582,0
1398294542084,41811413850000,171538052000001,-5.862,1.943,-34.582,0
1398294542094,41811421144000,171538052000001,-5.862,1.943,-34.582,0
1398294542112,41811432893000,171538052000001,-5.862,1.943,-34.582,0
1398294542114,41811441224000,171538052000001,-5.862,1.943,-34.582,0
1398294542129,41811452485000,171538052000001,-5.862,1.943,-34.582,0
1398294542134,41811461244000,171538052000001,-5.862,1.943,-34.582,0
1398294542142,41811471925000,171538052000001,-5.862,1.943,-34.582,0
1398294542156,41811483003000,171538052000001,-5.862,1.943,-34.582,0
1398294542163,41811492738000,171538052000001,-5.862,1.943,-34.582,0
1398294542175,41811504487000,171538052000001,-5.862,1.943,-34.582,0
1398294542185,41811511323000,171538052000001,-5.862,1.943,-34.582,0
1398294542192,41811521577000,171538052000001,-5.862,1.943,-34.582,0
1398294542204,41811531312000,171538052000001,-5.862,1.943,-34.582,0
1398294542211,41811541322000,171538052000001,-5.862,1.943,-34.582,0
1398294542221,41811551301000,171538052000001,-5.862,1.943,-34.582,0
1398294542231,41811561311000,171538052000001,-5.862,1.943,-34.582,0
1398294542242,41811571565000,171538052000001,-6.184,1.943,-34.582,0
1398294542251,41811581300000,171538052000001,-6.184,1.943,-34.582,0
1398294542262,41811591310000,171538052000001,-6.184,1.943,-34.582,0
1398294542271,41811601319000,171538052000001,-6.184,1.943,-34.582,0
1398294542281,41811611329000,171538052000001,-6.184,1.943,-34.582,0
1398294542291,41811621339000,171538052000001,-6.184,1.943,-34.582,0
1398294542301,41811631349000,171538052000001,-6.184,1.943,-34.582,0
1398294542311,41811641358000,171538052000001,-6.184,1.943,-34.582,0
1398294542321,41811651368000,171538052000001,-6.184,1.602,-34.582,0
1398294542332,41811661378000,171538052000001,-6.184,1.602,-34.582,0
1398294542343,41811671388000,171538052000001,-6.184,1.602,-34.582,0
1398294542353,41811682923000,171538052000001,-6.184,1.602,-34.582,0
1398294542362,41811691590000,171538052000001,-6.184,1.602,-34.582,0
1398294542372,41811701387000,171538052000001,-6.184,1.602,-34.582,0
1398294542382,41811711427000,171538052000001,-6.184,1.602,-34.582,0
1398294542392,41811721437000,171538052000001,-6.184,1.602,-34.582,0
1398294542403,41811731416000,171538052000001,-6.184,1.602,-34.582,0
1398294542411,41811741456000,171538052000001,-6.184,1.292,-34.582,0
1398294542421,41811751466000,171538052000001,-6.184,1.292,-34.582,0
1398294542431,41811761445000,171538052000001,-6.184,1.292,-34.582,0
1398294542441,41811771455000,171538052000001,-6.184,1.292,-34.582,0
1398294542452,41811781495000,171538052000001,-6.184,1.292,-34.582,0
1398294542462,41811791566000,171538052000001,-6.184,1.292,-34.582,0
1398294542474,41811801576000,171538052000001,-6.184,1.292,-34.582,0
1398294542486,41811814363000,171538052000001,-6.184,1.292,-34.582,0
1398294542492,41811821565000,171538052000001,-6.184,1.292,-34.582,0
1398294542502,41811831544000,171538052000001,-6.184,1.292,-34.582,0
1398294542512,41811841584000,171538052000001,-6.184,1.292,-34.582,0
1398294542522,41811851594000,171538052000001,-6.184,1.292,-34.582,0
1398294542533,41811863130000,171538052000001,-6.184,1.292,-34.582,0
1398294542542,41811871644000,171538052000001,-6.184,1.292,-34.582,0
1398294542555,41811881623000,171538052000001,-6.184,1.292,-34.582,0
1398294542562,41811891633000,171538052000001,-6.184,1.292,-34.582,0
1398294542572,41811901643000,171538052000001,-6.184,1.292,-34.582,0
1398294542582,41811911622000,171538052000001,-6.184,1.292,-34.582,0
1398294542592,41811921632000,171538052000001,-6.184,1.292,-34.582,0
1398294542603,41811931611000,171538052000001,-6.184,1.292,-34.582,0
1398294542612,41811941651000,171538052000001,-5.841,1.292,-34.582,0
1398294542622,41811951661000,171538052000001,-5.841,1.292,-34.887,0
1398294542632,41811961640000,171538052000001,-5.841,1.292,-34.887,0
1398294542642,41811971650000,171538052000001,-5.841,1.292,-34.887,0
1398294542652,41811981660000,171538052000001,-5.841,1.292,-34.887,0
1398294542662,41811991670000,171538052000001,-5.841,1.292,-34.887,0
1398294542673,41812001710000,171538052000001,-5.841,1.292,-34.887,0
1398294542682,41812011720000,171538052000001,-5.526,1.292,-34.887,0
1398294542692,41812021730000,171538052000001,-5.526,1.292,-34.887,0
1398294542702,41812031739000,171538052000001,-5.526,1.292,-34.887,0
1398294542713,41812043275000,171538052000001,-5.526,1.292,-34.887,0
1398294542722,41812051820000,171538052000001,-5.526,1.292,-34.887,0
1398294542732,41812061738000,171538052000001,-5.526,1.292,-34.887,0
1398294542742,41812071809000,171538052000001,-5.526,1.292,-34.887,0
1398294542752,41812081788000,171538052000001,-5.526,1.292,-34.887,0
1398294542762,41812091798000,171538052000001,-5.204,1.292,-34.887,0
1398294542772,41812101991000,171538052000001,-5.204,1.292,-34.887,0
1398294542787,41812116792000,171538052000001,-5.204,1.292,-34.887,0
1398294542792,41812122071000,171538052000001,-5.204,1.292,-34.887,0
1398294542802,41812131837000,171538052000001,-5.204,1.292,-34.887,0
1398294542812,41812141847000,171538052000001,-5.204,1.292,-34.887,0
1398294542825,41812151856000,171538052000001,-5.204,1.292,-34.887,0
1398294542832,41812161836000,171538052000001,-5.204,1.292,-34.887,0
1398294542842,41812171907000,171538052000001,-5.204,1.292,-34.887,0
1398294542852,41812181855000,171538052000001,-5.204,1.292,-34.887,0
1398294542862,41812191865000,171538052000001,-5.204,1.292,-34.887,0
1398294542872,41812201905000,171538052000001,-5.204,1.292,-34.887,0
1398294542882,41812211885000,171538052000001,-5.52,1.292,-34.887,0
1398294542894,41812223451000,171538052000001,-5.52,1.292,-34.887,0
1398294542902,41812231965000,171538052000001,-5.52,1.292,-34.887,0
1398294542912,41812241914000,171538052000001,-5.52,1.292,-34.887,0
1398294542966,41812251924000,171538052000001,-5.52,1.292,-34.887,0
1398294542971,41812261903000,171538052000001,-5.52,1.292,-34.887,0
1398294542973,41812271913000,171538052000001,-5.52,1.292,-34.887,0
1398294542975,41812281953000,171538052000001,-5.52,1.292,-34.887,0
1398294542977,41812291963000,171538052000001,-5.833,1.292,-34.887,0
1398294542978,41812302003000,171538052000001,-5.833,1.292,-34.887,0
1398294543022,41812312013000,171538052000001,-5.833,1.292,-34.887,0
1398294543080,41812322511000,171538052000001,-5.833,1.292,-34.887,0
1398294543082,41812332002000,171538052000001,-5.833,1.292,-34.887,0
1398294543083,41812342012000,171538052000001,-5.833,1.292,-34.887,0
1398294543085,41812352021000,171538052000001,-5.833,1.292,-34.887,0
1398294543086,41812362031000,171538052000001,-5.833,1.292,-34.887,0
1398294543087,41812372041000,171538052000001,-5.833,1.292,-34.887,0
1398294543089,41812382051000,171538052000001,-5.833,1.292,-34.887,0
1398294543090,41812392060000,171538052000001,-5.833,1.292,-34.887,0
1398294543092,41812403626000,171538052000001,-5.833,1.292,-34.887,0
1398294543093,41812412110000,171538052000001,-5.833,1.292,-34.887,0
1398294543095,41812422090000,171538052000001,-5.833,1.292,-34.887,0
1398294543102,41812432099000,171538052000001,-5.833,1.292,-34.887,0
1398294543112,41812442109000,171538052000001,-5.833,1.292,-34.887,0
1398294543122,41812452119000,171538052000001,-6.134,1.292,-34.887,0
1398294543132,41812462129000,171538052000001,-6.134,1.292,-34.887,0
1398294543142,41812472138000,171538052000001,-6.134,1.292,-34.887,0
1398294543154,41812482148000,171538052000001,-6.134,1.292,-34.887,0
1398294543162,41812492158000,171538052000001,-6.494,1.292,-34.568,0
1398294543172,41812502229000,171538052000001,-6.494,1.292,-34.568,0
1398294543187,41812512178000,171538052000001,-6.494,1.292,-34.568,0
1398294543192,41812522187000,171538052000001,-6.494,1.292,-34.568,0
1398294543202,41812532197000,171538052000001,-6.494,1.292,-34.568,0
1398294543212,41812542207000,171538052000001,-6.822,1.292,-34.568,0
1398294543222,41812552217000,171538052000001,-6.822,1.292,-34.568,0
1398294543232,41812562226000,171538052000001,-6.822,1.292,-34.568,0
1398294543242,41812572511000,171538052000001,-6.822,1.292,-34.568,0
1398294543253,41812583772000,171538052000001,-6.822,1.292,-34.568,0
1398294543262,41812592286000,171538052000001,-6.822,1.292,-34.568,0
1398294543272,41812602265000,171538052000001,-6.822,1.292,-34.568,0
1398294543282,41812612275000,171538052000001,-6.822,1.292,-34.568,0
1398294543292,41812622285000,171538052000001,-6.822,1.292,-34.568,0
1398294543303,41812632325000,171538052000001,-6.822,1.292,-34.568,0
1398294543312,41812642335000,171538052000001,-6.822,1.292,-34.568,0
1398294543322,41812652314000,171538052000001,-6.822,1.292,-34.568,0
1398294543334,41812662324000,171538052000001,-6.822,1.292,-34.568,0
1398294543342,41812672364000,171538052000001,-6.822,1.292,-34.568,0
1398294543352,41812682344000,171538052000001,-6.822,1.292,-34.568,0
1398294543362,41812692353000,171538052000001,-6.472,1.292,-34.568,0
1398294543372,41812702363000,171538052000001,-6.472,1.292,-34.568,0
1398294543382,41812712373000,171538052000001,-6.472,1.292,-34.568,0
1398294543392,41812722383000,171538052000001,-6.472,1.292,-34.568,0
1398294543402,41812732392000,171538052000001,-6.472,1.631,-34.568,0
1398294543412,41812742433000,171538052000001,-6.472,1.631,-34.568,0
1398294543422,41812752442000,171538052000001,-6.472,1.631,-34.568,0
1398294543434,41812763978000,171538052000001,-6.472,1.631,-34.568,0
1398294543444,41812773377000,171538052000001,-6.472,1.631,-34.568,0
1398294543455,41812784974000,171538052000001,-6.472,1.631,-34.568,0
1398294543464,41812793885000,171538052000001,-6.472,1.951,-34.568,0
1398294543476,41812805574000,171538052000001,-6.472,1.951,-34.568,0
1398294543485,41812815248000,171538052000001,-6.472,1.951,-34.568,0
1398294543495,41812823640000,171538052000001,-6.472,1.951,-34.568,0
1398294543505,41812835328000,171538052000001,-6.472,1.951,-34.568,0
1398294543514,41812843385000,171538052000001,-6.472,1.951,-34.568,0
1398294543524,41812854158000,171538052000001,-6.472,1.951,-34.568,0
1398294543538,41812862855000,171538052000001,-6.472,1.951,-34.568,0
1398294543543,41812872987000,171538052000001,-6.472,1.951,-34.568,0
1398294543555,41812882630000,171538052000001,-6.472,2.273,-34.568,0
1398294543570,41812894044000,171538052000001,-6.472,2.273,-34.568,0
1398294543573,41812903108000,171538052000001,-6.472,2.273,-34.568,0
1398294543593,41812913148000,171538052000001,-6.472,2.273,-34.568,0
1398294543596,41812922639000,171538052000001,-6.472,2.273,-34.568,0
1398294543609,41812932649000,171538052000001,-6.472,2.273,-34.568,0
1398294543619,41812944825000,171538052000001,-6.472,2.273,-34.568,0
1398294543623,41812953401000,171538052000001,-6.472,2.273,-34.568,0
1398294543637,41812963136000,171538052000001,-6.472,2.273,-34.568,0
1398294543643,41812972688000,171538052000001,-6.472,2.273,-34.568,0
1398294543653,41812982698000,171538052000001,-6.472,2.273,-34.568,0
1398294543663,41812992860000,171538052000001,-6.472,2.273,-34.568,0
1398294543675,41813002717000,171538052000001,-6.472,2.273,-34.568,0
1398294543689,41813012757000,171538052000001,-6.472,2.273,-34.568,0
1398294543695,41813022767000,171538052000001,-6.472,2.273,-34.568,0
1398294543703,41813032777000,171538052000001,-6.472,2.273,-34.568,0
1398294543713,41813042756000,171538052000001,-6.472,2.273,-34.568,0
1398294543723,41813052980000,171538052000001,-6.472,2.273,-34.568,0
1398294543733,41813062776000,171538052000001,-6.472,2.273,-34.568,0
1398294543743,41813072785000,171538052000001,-6.472,2.273,-34.568,0
1398294543753,41813082826000,171538052000001,-6.472,2.273,-34.568,0
1398294543763,41813092805000,171538052000001,-6.472,2.273,-34.568,0
1398294543773,41813103089000,171538052000001,-6.472,2.273,-34.568,0
1398294543783,41813112824000,171538052000001,-6.472,2.273,-34.568,0
1398294543796,41813125672000,171538052000001,-6.472,2.273,-34.568,0
1398294543805,41813135255000,171538052000001,-6.472,2.273,-34.568,0
1398294543815,41813145021000,171538052000001,-6.472,2.273,-34.568,0
1398294543825,41813154847000,171538052000001,-6.472,2.273,-34.568,0
1398294543834,41813164186000,171538052000001,-6.472,2.273,-34.568,0
1398294543846,41813175569000,171538052000001,-6.782,2.273,-34.568,0
1398294543855,41813185273000,171538052000001,-6.782,2.273,-34.568,0
1398294543865,41813195252000,171538052000001,-6.782,2.273,-34.568,0
1398294543882,41813207917000,171538052000001,-6.782,2.273,-34.568,0
1398294543884,41813212922000,171538052000001,-6.782,2.273,-34.568,0
1398294543894,41813222962000,171538052000001,-6.782,2.273,-34.568,0
1398294543905,41813232972000,171538052000001,-6.782,2.273,-34.568,0
1398294543919,41813242982000,171538052000001,-6.782,2.273,-34.568,0
1398294543923,41813252961000,171538052000001,-6.782,2.273,-34.568,0
1398294543946,41813262971000,171538052000001,-6.782,2.273,-34.568,0
1398294543956,41813272981000,171538052000001,-6.782,2.273,-34.568,0
1398294543958,41813283021000,171538052000001,-6.782,2.273,-34.568,0
1398294543965,41813293061000,171538052000001,-6.782,2.273,-34.568,0
1398294543975,41813304566000,171538052000001,-6.782,2.273,-34.568,0
1398294543986,41813313081000,171538052000001,-6.782,2.273,-34.568,0
1398294543993,41813323060000,171538052000001,-6.782,2.273,-34.568,0
1398294544003,41813333039000,171538052000001,-6.782,2.273,-34.568,0
1398294544020,41813350160000,171538052000001,-6.782,2.273,-34.568,0
1398294544025,41813353517000,171538052000001,-6.782,2.273,-34.568,0
1398294544036,41813365449000,171538052000001,-6.782,2.273,-34.568,0
1398294544045,41813375428000,171538052000001,-6.782,2.273,-34.568,0
1398294544055,41813385560000,171538052000001,-6.782,2.273,-34.568,0
1398294544068,41813394776000,171538052000001,-6.782,2.273,-34.568,0
1398294544077,41813407014000,171538052000001,-6.782,2.273,-34.568,0
1398294544084,41813413087000,171538052000001,-6.782,2.273,-34.568,0
1398294544095,41813424836000,171538052000001,-6.782,2.273,-34.568,0
1398294544107,41813436372000,171538052000001,-6.782,2.273,-34.568,0
1398294544115,41813445344000,171538052000001,-6.782,1.972,-34.568,0
1398294544127,41813456666000,171538052000001,-6.782,1.972,-34.568,0
1398294544137,41813466767000,171538052000001,-6.471,1.972,-34.568,0
1398294544147,41813476808000,171538052000001,-6.471,1.972,-34.568,0
1398294544159,41813489106000,171538052000001,-6.471,1.972,-34.568,0
1398294544165,41813495301000,171538052000001,-6.471,1.972,-34.568,0
1398294544177,41813506776000,171538052000001,-6.471,1.972,-34.568,0
1398294544185,41813514710000,171538052000001,-6.471,1.972,-34.568,0
1398294544198,41813528199000,171538052000001,-6.471,1.666,-34.568,0
1398294544207,41813536683000,171538052000001,-6.802,1.666,-34.568,0
1398294544215,41813545381000,171538052000001,-6.802,1.666,-34.568,0
1398294544227,41813557130000,171538052000001,-6.802,1.666,-34.568,0
1398294544236,41813565858000,171538052000001,-6.802,1.666,-34.568,0
1398294544249,41813578584000,171538052000001,-6.802,1.666,-34.568,0
1398294544256,41813585633000,171538052000001,-6.802,1.287,-34.568,0
1398294544267,41813596864000,171538052000001,-6.802,1.287,-34.568,0
1398294544277,41813607148000,171538052000001,-7.11,1.287,-34.213,0
1398294544283,41813613313000,171538052000001,-7.11,1.287,-34.213,0
1398294544308,41813628327000,171538052000001,-7.11,1.287,-34.213,0
1398294544309,41813633271000,171538052000001,-7.11,1.287,-34.213,0
1398294544327,41813644044000,171538052000001,-7.11,0.958,-34.213,0
1398294544341,41813658692000,171538052000001,-7.11,0.958,-34.213,0
1398294544348,41813664643000,171538052000001,-7.11,0.958,-34.213,0
1398294544356,41813673402000,171538052000001,-7.11,0.958,-34.213,0
1398294544357,41813683747000,171538052000001,-7.11,0.958,-34.213,0
1398294544366,41813693360000,171538052000001,-7.11,0.958,-34.213,0
1398294544373,41813703401000,171538052000001,-7.11,0.958,-34.213,0
1398294544383,41813713380000,171538052000001,-7.11,0.958,-34.213,0
1398294544395,41813723420000,171538052000001,-7.11,0.958,-34.213,0
1398294544403,41813733399000,171538052000001,-7.11,0.958,-34.213,0
1398294544414,41813743409000,171538052000001,-7.11,0.958,-34.213,0
1398294544423,41813753419000,171538052000001,-7.11,0.958,-34.213,0
1398294544433,41813763398000,171538052000001,-7.11,0.958,-34.213,0
1398294544443,41813773408000,171538052000001,-7.11,0.958,-34.213,0
1398294544453,41813783418000,171538052000001,-7.11,0.958,-34.213,0
1398294544466,41813793458000,171538052000001,-7.11,0.958,-34.213,0
1398294544474,41813803498000,171538052000001,-7.11,0.958,-34.213,0
1398294544484,41813813478000,171538052000001,-7.11,0.958,-34.213,0
1398294544494,41813823487000,171538052000001,-7.11,0.958,-34.213,0
1398294544504,41813833497000,171538052000001,-7.11,0.958,-34.213,0
1398294544515,41813845063000,171538052000001,-7.11,1.293,-34.213,0
1398294544524,41813853547000,171538052000001,-7.11,1.293,-34.213,0
1398294544534,41813863679000,171538052000001,-7.11,1.293,-34.213,0
1398294544544,41813873536000,171538052000001,-7.432,1.293,-34.213,0
1398294544554,41813883546000,171538052000001,-7.432,1.293,-34.213,0
1398294544564,41813893556000,171538052000001,-7.432,1.293,-34.213,0
1398294544574,41813903596000,171538052000001,-7.432,1.293,-34.213,0
1398294544584,41813913606000,171538052000001,-7.432,1.293,-34.213,0
1398294544593,41813923554000,171538052000001,-7.432,1.614,-34.213,0
1398294544604,41813933595000,171538052000001,-7.432,1.614,-34.213,0
1398294544613,41813943605000,171538052000001,-7.432,1.614,-34.213,0
1398294544625,41813953645000,171538052000001,-7.432,1.614,-34.213,0
1398294544643,41813964814000,171538052000001,-7.432,1.614,-34.213,0
1398294544646,41813973970000,171538052000001,-7.432,1.614,-34.213,0
1398294544654,41813983613000,171538052000001,-7.432,1.614,-34.213,0
1398294544664,41813993592000,171538052000001,-7.432,1.614,-34.213,0
1398294544674,41814003602000,171538052000001,-7.432,1.614,-34.213,0
1398294544684,41814013612000,171538052000001,-7.432,1.614,-34.213,0
1398294544696,41814025178000,171538052000001,-7.432,1.614,-34.213,0
1398294544704,41814033692000,171538052000001,-7.069,1.614,-34.213,0
1398294544714,41814043672000,171538052000001,-7.069,1.614,-34.213,0
1398294544724,41814053681000,171538052000001,-7.069,1.614,-34.213,0
1398294544734,41814063691000,171538052000001,-7.069,1.614,-34.213,0
1398294544744,41814073701000,171538052000001,-7.069,1.614,-34.213,0
1398294544754,41814083711000,171538052000001,-7.069,1.614,-34.213,0
1398294544764,41814093720000,171538052000001,-7.069,1.614,-34.213,0
1398294544774,41814103700000,171538052000001,-6.738,1.614,-34.213,0
1398294544784,41814113710000,171538052000001,-6.738,1.614,-34.213,0
1398294544794,41814123719000,171538052000001,-6.738,1.614,-34.213,0
1398294544804,41814133760000,171538052000001,-6.738,1.614,-34.213,0
1398294544814,41814143739000,171538052000001,-6.738,1.614,-34.213,0
1398294544824,41814153749000,171538052000001,-6.738,1.922,-34.213,0
1398294544834,41814163758000,171538052000001,-6.738,1.922,-34.213,0
1398294544844,41814173768000,171538052000001,-6.738,1.922,-34.213,0
1398294544854,41814183808000,171538052000001,-6.738,1.922,-34.213,0
1398294544865,41814193788000,171538052000001,-6.738,1.922,-34.213,0
1398294544876,41814205354000,171538052000001,-6.738,1.922,-34.213,0
1398294544884,41814213868000,171538052000001,-6.738,1.922,-34.213,0
1398294544894,41814223817000,171538052000001,-6.738,1.922,-34.213,0
1398294544904,41814233827000,171538052000001,-6.738,1.922,-34.213,0
1398294544914,41814243836000,171538052000001,-6.738,1.922,-34.213,0
1398294544927,41814253877000,171538052000001,-6.738,1.922,-34.213,0
1398294544941,41814266938000,171538052000001,-6.738,1.922,-34.213,0
1398294544944,41814273896000,171538052000001,-6.738,1.922,-34.213,0
1398294544954,41814283906000,171538052000001,-6.738,1.922,-34.213,0
1398294544964,41814293885000,171538052000001,-6.738,1.922,-34.213,0
1398294544974,41814303895000,171538052000001,-6.738,1.922,-34.213,0
1398294544984,41814313935000,171538052000001,-6.738,1.922,-34.213,0
1398294544994,41814323945000,171538052000001,-6.738,1.922,-34.213,0
1398294545014,41814333955000,171538052000001,-6.738,1.922,-34.213,0
1398294545015,41814343965000,171538052000001,-6.738,1.922,-34.213,0
1398294545024,41814353974000,171538052000001,-6.738,1.922,-34.213,0
1398294545034,41814363984000,171538052000001,-6.738,1.922,-34.213,0
1398294545044,41814373963000,171538052000001,-6.738,1.922,-34.213,0
1398294545056,41814385530000,171538052000001,-6.738,1.922,-34.213,0
1398294545064,41814394013000,171538052000001,-6.738,1.922,-34.213,0
1398294545074,41814403993000,171538052000001,-6.738,2.25,-34.213,0
1398294545084,41814414002000,171538052000001,-6.738,2.25,-34.213,0
1398294545094,41814424012000,171538052000001,-6.738,2.25,-34.213,0
1398294545104,41814434022000,171538052000001,-6.738,2.25,-34.213,0
1398294545114,41814444062000,171538052000001,-6.738,2.25,-34.213,0
1398294545127,41814454103000,171538052000001,-7.058,2.25,-34.213,0
1398294545134,41814464418000,171538052000001,-7.058,2.25,-34.213,0
1398294545144,41814474092000,171538052000001,-7.058,2.25,-34.213,0
1398294545154,41814484101000,171538052000001,-7.058,2.25,-34.213,0
1398294545164,41814494081000,171538052000001,-7.058,2.25,-34.213,0
1398294545174,41814504090000,171538052000001,-7.058,2.25,-34.213,0
1398294545184,41814514100000,171538052000001,-7.058,2.25,-34.213,0
1398294545194,41814524110000,171538052000001,-7.058,2.25,-34.213,0
1398294545204,41814534150000,171538052000001,-7.058,2.25,-34.213,0
1398294545214,41814544129000,171538052000001,-7.058,2.25,-34.213,0
1398294545224,41814554139000,171538052000001,-7.058,2.25,-34.213,0
1398294545236,41814565705000,171538052000001,-7.058,1.895,-34.213,0
1398294545254,41814579194000,171538052000001,-7.058,1.895,-34.213,0
1398294545255,41814584199000,171538052000001,-7.058,1.895,-34.213,0
1398294545265,41814594239000,171538052000001,-6.744,1.895,-34.521,0
1398294545274,41814604188000,171538052000001,-6.744,1.895,-34.521,0
1398294545284,41814614198000,171538052000001,-6.744,1.519,-34.521,0
1398294545297,41814624208000,171538052000001,-6.744,1.519,-34.521,0
1398294545305,41814634248000,171538052000001,-6.744,1.519,-34.521,0
1398294545314,41814644258000,171538052000001,-6.445,1.519,-34.521,0
1398294545324,41814654267000,171538052000001,-6.445,1.519,-34.521,0
1398294545337,41814664277000,171538052000001,-6.445,1.519,-34.521,0
1398294545346,41814674287000,171538052000001,-6.445,1.519,-34.521,0
1398294545354,41814684297000,171538052000001,-6.445,1.197,-34.521,0
1398294545364,41814694276000,171538052000001,-6.445,1.197,-34.521,0
1398294545374,41814704286000,171538052000001,-6.445,1.197,-34.521,0
1398294545384,41814714295000,171538052000001,-6.445,1.197,-34.521,0
1398294545395,41814724305000,171538052000001,-6.445,1.197,-34.521,0
1398294545404,41814734498000,171538052000001,-6.445,0.892,-34.521,0
1398294545416,41814745881000,171538052000001,-6.445,0.892,-34.521,0
1398294545424,41814754396000,171538052000001,-6.077,0.892,-34.521,0
1398294545434,41814764344000,171538052000001,-6.077,0.892,-34.521,0
1398294545444,41814774354000,171538052000001,-6.077,0.892,-34.822,0
1398294545454,41814784364000,171538052000001,-6.077,0.564,-34.822,0
1398294545464,41814794374000,171538052000001,-5.731,0.564,-34.822,0
1398294545474,41814804383000,171538052000001,-5.731,0.564,-34.822,0
1398294545485,41814814424000,171538052000001,-5.731,0.564,-34.822,0
1398294545495,41814824403000,171538052000001,-5.731,0.564,-34.822,0
1398294545505,41814834413000,171538052000001,-5.363,0.205,-34.822,0
1398294545515,41814844453000,171538052000001,-5.363,0.205,-34.822,0
1398294545524,41814854432000,171538052000001,-5.363,0.205,-34.822,0
1398294545535,41814864442000,171538052000001,-4.978,0.205,-34.822,0
1398294545545,41814874452000,171538052000001,-4.978,-0.1,-34.822,0
1398294545556,41814886415000,171538052000001,-4.978,-0.1,-34.822,0
1398294545564,41814894532000,171538052000001,-4.641,-0.1,-34.822,0
1398294545575,41814904512000,171538052000001,-4.641,-0.1,-34.822,0
1398294545585,41814914552000,171538052000001,-4.641,-0.1,-34.822,0
1398294545599,41814926148000,171538052000001,-4.641,-0.1,-34.822,0
1398294545605,41814934815000,171538052000001,-4.641,-0.1,-34.822,0
1398294545615,41814944551000,171538052000001,-4.641,-0.1,-34.822,0
1398294545625,41814954560000,171538052000001,-4.641,-0.1,-34.822,0
1398294545635,41814964570000,171538052000001,-4.641,-0.1,-34.822,0
1398294545645,41814974610000,171538052000001,-4.641,-0.1,-34.822,0
1398294545655,41814984559000,171538052000001,-4.641,-0.1,-34.822,0
1398294545673,41814994599000,171538052000001,-4.641,-0.1,-34.822,0
1398294545674,41815004579000,171538052000001,-4.641,0.286,-34.822,0
1398294545684,41815014619000,171538052000001,-4.641,0.286,-34.822,0
1398294545696,41815024598000,171538052000001,-4.98,0.286,-34.822,0
1398294545705,41815034638000,171538052000001,-4.98,0.286,-34.822,0
1398294545715,41815044953000,171538052000001,-4.98,0.286,-34.822,0
1398294545725,41815054689000,171538052000001,-5.34,0.608,-34.822,0
1398294545735,41815064698000,171538052000001,-5.34,0.608,-34.822,0
1398294545745,41815074678000,171538052000001,-5.34,0.608,-34.822,0
1398294545755,41815084718000,171538052000001,-5.711,0.608,-34.822,0
1398294545765,41815094728000,171538052000001,-5.711,0.608,-34.822,0
1398294545777,41815106263000,171538052000001,-6.013,0.608,-34.822,0
1398294545785,41815114778000,171538052000001,-6.013,0.608,-34.489,0
1398294545795,41815124726000,171538052000001,-6.013,0.938,-34.489,0
1398294545804,41815134736000,171538052000001,-6.358,0.938,-34.489,0
1398294545815,41815144746000,171538052000001,-6.358,0.938,-34.489,0
1398294545824,41815154756000,171538052000001,-6.358,0.938,-34.489,0
1398294545835,41815164949000,171538052000001,-6.358,0.938,-34.489,0
1398294545845,41815174806000,171538052000001,-6.358,0.938,-34.144,0
1398294545855,41815184785000,171538052000001,-6.358,0.938,-34.144,0
1398294545865,41815194795000,171538052000001,-6.686,0.938,-34.144,0
1398294545875,41815204804000,171538052000001,-6.686,0.938,-34.144,0
1398294545885,41815214814000,171538052000001,-6.686,0.938,-34.144,0
1398294545895,41815224824000,171538052000001,-6.686,0.938,-34.144,0
1398294545905,41815234864000,171538052000001,-6.686,0.938,-34.144,0
1398294545916,41815244874000,171538052000001,-6.686,0.938,-34.144,0
1398294545925,41815254853000,171538052000001,-6.686,1.24,-34.144,0
1398294545935,41815264863000,171538052000001,-6.686,1.24,-34.144,0
1398294545945,41815274934000,171538052000001,-6.686,1.24,-34.144,0
1398294545956,41815286408000,171538052000001,-6.686,1.24,-34.144,0
1398294545965,41815294892000,171538052000001,-6.686,1.24,-34.144,0
1398294545978,41815304902000,171538052000001,-6.686,1.24,-34.144,0
1398294545985,41815314881000,171538052000001,-6.686,1.24,-34.144,0
1398294545998,41815324922000,171538052000001,-6.686,1.24,-34.144,0
1398294546005,41815334901000,171538052000001,-6.686,1.564,-34.144,0
1398294546015,41815344911000,171538052000001,-6.686,1.564,-34.144,0
1398294546026,41815354920000,171538052000001,-6.686,1.564,-34.144,0
1398294546035,41815364930000,171538052000001,-6.686,1.564,-34.144,0
1398294546045,41815374940000,171538052000001,-6.686,1.564,-34.144,0
1398294546055,41815384950000,171538052000001,-6.686,1.564,-34.144,0
1398294546065,41815394960000,171538052000001,-6.686,1.564,-34.5,0
1398294546076,41815404969000,171538052000001,-6.686,1.564,-34.5,0
1398294546085,41815414979000,171538052000001,-6.686,1.564,-34.5,0
1398294546095,41815424989000,171538052000001,-6.373,1.564,-34.5,0
1398294546105,41815434999000,171538052000001,-6.373,1.564,-34.5,0
1398294546115,41815445008000,171538052000001,-6.373,1.564,-34.5,0
1398294546126,41815455018000,171538052000001,-6.373,1.564,-34.5,0
1398294546137,41815466554000,171538052000001,-6.373,1.564,-34.5,0
1398294546145,41815475068000,171538052000001,-6.373,1.564,-34.5,0
1398294546155,41815485047000,171538052000001,-6.373,1.564,-34.5,0
1398294546166,41815495759000,171538052000001,-6.373,1.564,-34.5,0
1398294546177,41815505097000,171538052000001,-6.373,1.564,-34.5,0
1398294546186,41815515107000,171538052000001,-6.05,1.564,-34.5,0
1398294546195,41815525117000,171538052000001,-6.05,1.564,-34.5,0
1398294546205,41815535127000,171538052000001,-6.05,1.564,-34.5,0
1398294546215,41815545106000,171538052000001,-6.05,1.564,-34.5,0
1398294546225,41815555085000,171538052000001,-6.05,1.564,-34.5,0
1398294546235,41815565126000,171538052000001,-6.05,1.564,-34.805,0
1398294546247,41815575166000,171538052000001,-6.05,1.564,-34.805,0
1398294546255,41815585145000,171538052000001,-6.05,1.564,-34.805,0
1398294546265,41815595155000,171538052000001,-6.05,1.564,-34.805,0
1398294546276,41815605348000,171538052000001,-6.05,1.564,-34.805,0
1398294546285,41815615174000,171538052000001,-6.05,1.564,-34.805,0
1398294546295,41815625184000,171538052000001,-6.05,1.564,-34.805,0
1398294546305,41815635163000,171538052000001,-6.05,1.564,-34.805,0
1398294546317,41815646730000,171538052000001,-6.05,1.564,-34.805,0
1398294546326,41815655244000,171538052000001,-6.05,1.564,-34.805,0
1398294546336,41815665193000,171538052000001,-6.05,1.564,-34.805,0
1398294546345,41815675233000,171538052000001,-6.05,1.564,-34.805,0
1398294546356,41815685243000,171538052000001,-6.05,1.564,-34.805,0
1398294546366,41815695252000,171538052000001,-6.05,1.239,-34.805,0
1398294546376,41815705262000,171538052000001,-6.05,1.239,-34.805,0
1398294546385,41815715272000,171538052000001,-6.05,1.239,-34.805,0
1398294546395,41815725282000,171538052000001,-6.05,1.239,-34.805,0
1398294546405,41815735292000,171538052000001,-6.05,1.239,-34.805,0
1398294546415,41815745301000,171538052000001,-6.05,1.239,-34.805,0
1398294546425,41815755281000,171538052000001,-6.05,1.239,-34.805,0
1398294546435,41815765321000,171538052000001,-6.05,1.239,-34.805,0
1398294546445,41815775331000,171538052000001,-6.05,1.239,-34.805,0
1398294546455,41815785340000,171538052000001,-6.05,1.239,-34.805,0
1398294546465,41815795350000,171538052000001,-6.05,1.239,-34.805,0
1398294546478,41815808015000,171538052000001,-6.05,1.239,-34.805,0
1398294546486,41815815370000,171538052000001,-6.05,1.239,-34.805,0
1398294546497,41815826905000,171538052000001,-6.05,1.239,-34.805,0
1398294546505,41815835420000,171538052000001,-6.05,0.93,-34.805,0
1398294546515,41815845399000,171538052000001,-6.05,0.93,-34.48,0
1398294546525,41815855409000,171538052000001,-6.05,0.93,-34.48,0
1398294546536,41815865418000,171538052000001,-6.05,0.93,-34.48,0
1398294546545,41815875428000,171538052000001,-6.05,0.93,-34.48,0
1398294546555,41815885438000,171538052000001,-6.05,0.93,-34.48,0
1398294546566,41815895448000,171538052000001,-6.05,0.93,-34.48,0
1398294546579,41815905458000,171538052000001,-6.05,0.93,-34.48,0
1398294546586,41815915437000,171538052000001,-6.05,0.93,-34.48,0
1398294546596,41815925477000,171538052000001,-6.05,0.596,-34.48,0
1398294546606,41815935487000,171538052000001,-6.05,0.596,-34.48,0
1398294546616,41815945497000,171538052000001,-6.05,0.596,-34.48,0
1398294546626,41815955476000,171538052000001,-6.05,0.596,-34.48,0
1398294546636,41815965516000,171538052000001,-6.05,0.596,-34.48,0
1398294546646,41815975587000,171538052000001,-6.05,0.596,-34.48,0
1398294546656,41815985566000,171538052000001,-6.05,0.596,-34.48,0
1398294546667,41815995606000,171538052000001,-6.05,0.596,-34.48,0
1398294546678,41816007142000,171538052000001,-6.05,0.596,-34.48,0
1398294546685,41816015626000,171538052000001,-6.05,0.596,-34.48,0
1398294546696,41816025636000,171538052000001,-6.05,0.596,-34.48,0
1398294546706,41816035829000,171538052000001,-6.05,0.596,-34.48,0
1398294546716,41816045625000,171538052000001,-6.05,0.596,-34.48,0
1398294546726,41816055635000,171538052000001,-6.05,0.596,-34.48,0
1398294546736,41816065644000,171538052000001,-6.05,0.596,-34.48,0
1398294546746,41816075654000,171538052000001,-6.05,0.596,-34.48,0
1398294546755,41816085633000,171538052000001,-6.05,0.596,-34.48,0
1398294546767,41816095674000,171538052000001,-6.05,0.596,-34.48,0
1398294546781,41816110200000,171538052000001,-6.05,0.596,-34.48,0
1398294546787,41816115632000,171538052000001,-6.05,0.596,-34.48,0
1398294546796,41816125672000,171538052000001,-6.05,0.596,-34.48,0
1398294546805,41816135682000,171538052000001,-6.05,0.596,-34.48,0
1398294546815,41816145661000,171538052000001,-6.05,0.596,-34.48,0
1398294546825,41816155671000,171538052000001,-6.05,0.904,-34.48,0
1398294546835,41816165681000,171538052000001,-6.05,0.904,-34.48,0
1398294546845,41816175691000,171538052000001,-6.05,0.904,-34.48,0
1398294546857,41816187257000,171538052000001,-6.05,0.904,-34.48,0
1398294546866,41816195771000,171538052000001,-5.744,0.904,-34.48,0
1398294546876,41816205720000,171538052000001,-5.744,0.904,-34.48,0
1398294546885,41816215760000,171538052000001,-5.744,1.245,-34.48,0
1398294546896,41816225740000,171538052000001,-5.744,1.245,-34.48,0
1398294546906,41816235749000,171538052000001,-5.744,1.245,-34.48,0
1398294546916,41816245790000,171538052000001,-5.744,1.245,-34.48,0
1398294546926,41816255799000,171538052000001,-5.744,1.245,-34.48,0
1398294546936,41816265809000,171538052000001,-5.744,1.245,-34.48,0
1398294546946,41816275819000,171538052000001,-5.744,1.245,-34.48,0
1398294546957,41816285829000,171538052000001,-6.068,1.245,-34.48,0
1398294546966,41816295869000,171538052000001,-6.068,1.245,-34.48,0
1398294546983,41816305909000,171538052000001,-6.068,1.245,-34.48,0
1398294546986,41816315858000,171538052000001,-6.068,1.245,-34.48,0
1398294546996,41816325868000,171538052000001,-6.068,1.245,-34.48,0
1398294547007,41816335847000,171538052000001,-6.068,1.245,-34.48,0
1398294547016,41816345887000,171538052000001,-6.068,1.245,-34.48,0
1398294547026,41816355897000,171538052000001,-6.068,1.245,-34.48,0
1398294547037,41816367433000,171538052000001,-6.068,1.245,-34.48,0
1398294547046,41816375947000,171538052000001,-6.385,1.245,-34.48,0
1398294547058,41816385896000,171538052000001,-6.385,1.245,-34.48,0
1398294547066,41816395936000,171538052000001,-6.385,1.245,-34.48,0
1398294547076,41816405946000,171538052000001,-6.385,1.245,-34.48,0
1398294547091,41816420655000,171538052000001,-6.385,1.245,-34.48,0
1398294547096,41816425935000,171538052000001,-6.385,1.545,-34.48,0
1398294547106,41816435945000,171538052000001,-6.385,1.545,-34.48,0
1398294547116,41816445954000,171538052000001,-6.385,1.545,-34.48,0
1398294547126,41816455995000,171538052000001,-6.385,1.545,-34.48,0
1398294547136,41816465974000,171538052000001,-6.385,1.545,-34.48,0
1398294547146,41816476014000,171538052000001,-6.385,1.545,-34.48,0
1398294547156,41816486024000,171538052000001,-6.385,1.545,-34.48,0
1398294547166,41816496003000,171538052000001,-6.385,1.545,-34.48,0
1398294547176,41816506105000,171538052000001,-6.385,1.545,-34.48,0
1398294547186,41816516023000,171538052000001,-6.385,1.847,-34.48,0
1398294547196,41816526033000,171538052000001,-6.385,1.847,-34.48,0
1398294547206,41816536042000,171538052000001,-6.385,1.847,-34.48,0
1398294547218,41816547608000,171538052000001,-6.385,1.847,-34.48,0
1398294547226,41816556123000,171538052000001,-6.385,1.847,-34.48,0
1398294547236,41816566102000,171538052000001,-6.385,1.847,-34.48,0
1398294547246,41816576112000,171538052000001,-6.385,1.847,-34.48,0
1398294547256,41816586122000,171538052000001,-6.385,1.847,-34.48,0
1398294547266,41816596131000,171538052000001,-6.385,1.847,-34.48,0
1398294547276,41816606141000,171538052000001,-6.385,1.847,-34.48,0
1398294547286,41816616151000,171538052000001,-6.385,1.847,-34.48,0
1398294547296,41816626161000,171538052000001,-6.385,1.847,-34.48,0
1398294547309,41816638612000,171538052000001,-6.385,1.847,-34.48,0
1398294547323,41816652894000,171538052000001,-6.385,1.847,-34.48,0
1398294547328,41816657929000,171538052000001,-6.385,1.847,-34.48,0
1398294547342,41816672303000,171538052000001,-6.385,1.847,-34.48,0
1398294547348,41816678346000,171538052000001,-6.385,1.847,-34.48,0
1398294547363,41816692781000,171538052000001,-6.385,1.847,-34.48,0
1398294547368,41816697694000,171538052000001,-6.385,1.847,-34.48,0
1398294547379,41816709474000,171538052000001,-6.385,1.847,-34.48,0
1398294547391,41816721528000,171538052000001,-6.385,1.847,-34.48,0
1398294547404,41816731751000,171538052000001,-6.385,1.847,-34.48,0
1398294547407,41816736543000,171538052000001,-6.385,1.847,-34.48,0
1398294547423,41816752809000,171538052000001,-6.385,1.847,-34.48,0
1398294547428,41816757691000,171538052000001,-6.385,1.847,-34.48,0
1398294547443,41816772798000,171538052000001,-6.385,1.847,-34.48,0
1398294547448,41816777650000,171538052000001,-6.385,1.847,-34.48,0
1398294547462,41816791993000,171538052000001,-6.385,1.847,-34.48,0
1398294547471,41816798493000,171538052000001,-6.385,1.847,-34.48,0
1398294547477,41816806642000,171538052000001,-6.385,1.847,-34.48,0
1398294547486,41816816407000,171538052000001,-6.385,1.847,-34.48,0
1398294547497,41816826417000,171538052000001,-6.385,1.847,-34.48,0
1398294547507,41816836427000,171538052000001,-6.385,1.847,-34.48,0
1398294547516,41816846437000,171538052000001,-6.385,1.847,-34.48,0
1398294547526,41816856446000,171538052000001,-6.385,1.847,-34.48,0
1398294547537,41816866456000,171538052000001,-6.385,1.847,-34.48,0
1398294547546,41816876466000,171538052000001,-6.082,1.847,-34.48,0
1398294547557,41816886476000,171538052000001,-6.082,1.847,-34.48,0
1398294547566,41816896485000,171538052000001,-6.082,1.847,-34.48,0
1398294547579,41816908296000,171538052000001,-6.082,1.847,-34.48,0
1398294547587,41816916566000,171538052000001,-6.082,1.847,-34.48,0
1398294547597,41816926576000,171538052000001,-6.082,1.847,-34.48,0
1398294547608,41816937074000,171538052000001,-6.082,1.847,-34.48,0
1398294547623,41816952546000,171538052000001,-6.082,1.847,-34.48,0
1398294547629,41816958619000,171538052000001,-6.082,1.847,-34.48,0
1398294547643,41816972932000,171538052000001,-6.082,1.847,-34.48,0
1398294547649,41816978517000,171538052000001,-6.082,1.847,-34.48,0
1398294547663,41816992860000,171538052000001,-6.082,1.847,-34.48,0
1398294547668,41816998078000,171538052000001,-6.082,1.847,-34.48,0
1398294547683,41817012849000,171538052000001,-6.082,1.847,-34.48,0
1398294547689,41817018769000,171538052000001,-6.082,1.847,-34.48,0
1398294547708,41817038178000,171538052000001,-6.082,1.847,-34.48,0
1398294547712,41817041871000,171538052000001,-6.082,1.847,-34.48,0
1398294547719,41817049317000,171538052000001,-6.082,1.847,-34.48,0
1398294547730,41817059602000,171538052000001,-6.082,1.847,-34.48,0
1398294547743,41817072755000,171538052000001,-6.082,1.847,-34.48,0
1398294547748,41817077973000,171538052000001,-5.747,1.847,-34.48,0
1398294547761,41817091157000,171538052000001,-5.747,1.847,-34.48,0
1398294547769,41817099336000,171538052000001,-5.747,1.847,-34.48,0
1398294547783,41817112763000,171538052000001,-5.747,1.847,-34.48,0
1398294547788,41817117738000,171538052000001,-5.747,1.533,-34.48,0
1398294547803,41817133302000,171538052000001,-5.747,1.533,-34.794,0
1398294547808,41817138215000,171538052000001,-5.412,1.533,-34.794,0
1398294547823,41817152711000,171538052000001,-5.412,1.533,-34.794,0
1398294547828,41817158326000,171538052000001,-5.412,1.533,-34.794,0
1398294547843,41817172761000,171538052000001,-5.412,1.533,-34.794,0
1398294547848,41817178407000,171538052000001,-5.412,1.533,-34.794,0
1398294547863,41817193055000,171538052000001,-5.412,1.533,-34.794,0
1398294547869,41817199006000,171538052000001,-5.412,1.533,-34.794,0
1398294547884,41817213471000,171538052000001,-5.412,1.533,-34.794,0
1398294547888,41817218385000,171538052000001,-5.412,1.533,-34.794,0
1398294547903,41817233277000,171538052000001,-5.412,1.533,-34.794,0
1398294547909,41817238313000,171538052000001,-5.412,1.872,-34.794,0
1398294547968,41817246797000,171538052000001,-5.412,1.872,-34.794,0
1398294547972,41817256837000,171538052000001,-5.412,1.872,-34.794,0
1398294547974,41817268342000,171538052000001,-5.412,1.872,-34.794,0
1398294547975,41817276887000,171538052000001,-5.412,1.872,-34.794,0
1398294547977,41817286805000,171538052000001,-5.412,1.872,-34.794,0
1398294547978,41817296876000,171538052000001,-5.412,2.192,-34.794,0
1398294547980,41817306825000,171538052000001,-5.412,2.192,-34.794,0
1398294548038,41817316865000,171538052000001,-5.412,2.192,-34.794,0
1398294548095,41817326875000,171538052000001,-5.412,2.192,-34.794,0
1398294548097,41817340119000,171538052000001,-5.773,2.192,-34.794,0
1398294548098,41817346864000,171538052000001,-5.773,2.192,-34.794,0
1398294548100,41817356843000,171538052000001,-5.773,2.505,-34.794,0
1398294548101,41817366883000,171538052000001,-5.773,2.505,-34.794,0
1398294548103,41817376893000,171538052000001,-5.773,2.505,-34.794,0
1398294548105,41817386872000,171538052000001,-5.773,2.505,-34.794,0
1398294548106,41817396943000,171538052000001,-5.773,2.505,-34.794,0
1398294548107,41817406983000,171538052000001,-6.094,2.505,-34.794,0
1398294548109,41817416902000,171538052000001,-6.094,2.505,-34.794,0
1398294548110,41817426911000,171538052000001,-6.094,2.505,-34.794,0
1398294548111,41817436921000,171538052000001,-6.094,2.505,-34.794,0
1398294548123,41817448487000,171538052000001,-6.094,2.505,-34.794,0
1398294548127,41817457032000,171538052000001,-6.094,2.505,-34.794,0
1398294548137,41817466981000,171538052000001,-6.094,2.505,-34.794,0
1398294548147,41817476960000,171538052000001,-6.094,2.505,-34.794,0
1398294548157,41817487031000,171538052000001,-6.094,2.505,-34.794,0
1398294548167,41817496980000,171538052000001,-6.094,2.505,-34.794,0
1398294548177,41817507020000,171538052000001,-6.094,2.505,-34.794,0
1398294548187,41817516999000,171538052000001,-6.094,2.505,-34.794,0
1398294548197,41817527009000,171538052000001,-6.094,2.505,-34.794,0
1398294548207,41817537019000,171538052000001,-6.094,2.505,-34.794,0
1398294548217,41817547029000,171538052000001,-6.094,2.505,-34.794,0
1398294548227,41817557038000,171538052000001,-6.094,2.505,-34.794,0
1398294548237,41817567048000,171538052000001,-6.094,2.505,-34.794,0
1398294548247,41817577058000,171538052000001,-6.094,2.162,-34.794,0
1398294548257,41817587068000,171538052000001,-6.094,2.162,-34.794,0
1398294548267,41817597077000,171538052000001,-6.094,2.162,-34.794,0
1398294548277,41817607087000,171538052000001,-6.094,2.162,-34.794,0
1398294548287,41817617097000,171538052000001,-6.094,2.162,-34.794,0
1398294548299,41817628663000,171538052000001,-6.094,2.162,-34.794,0
1398294548307,41817637178000,171538052000001,-6.094,2.162,-34.794,0
1398294548317,41817647126000,171538052000001,-6.094,2.162,-34.794,0
1398294548327,41817657136000,171538052000001,-6.094,2.162,-34.794,0
1398294548338,41817667176000,171538052000001,-6.094,2.162,-34.794,0
1398294548348,41817677156000,171538052000001,-6.094,2.162,-34.794,0
1398294548357,41817687226000,171538052000001,-6.094,2.162,-34.794,0
1398294548367,41817697175000,171538052000001,-6.094,2.162,-34.794,0
1398294548377,41817707246000,171538052000001,-6.094,2.162,-34.794,0
1398294548389,41817717225000,171538052000001,-6.094,2.162,-34.794,0
1398294548397,41817727235000,171538052000001,-6.094,2.162,-34.794,0
1398294548407,41817737214000,171538052000001,-6.094,2.162,-34.794,0
1398294548417,41817747193000,171538052000001,-6.094,2.162,-34.794,0
1398294548427,41817757234000,171538052000001,-6.094,1.863,-34.794,0
1398294548437,41817767213000,171538052000001,-6.094,1.863,-34.794,0
1398294548447,41817777253000,171538052000001,-6.094,1.863,-34.794,0
1398294548459,41817787538000,171538052000001,-6.094,1.863,-34.794,0
1398294548467,41817797303000,171538052000001,-6.094,1.863,-34.794,0
1398294548479,41817808839000,171538052000001,-6.094,1.863,-34.794,0
1398294548487,41817817353000,171538052000001,-6.094,1.863,-34.794,0
1398294548497,41817827302000,171538052000001,-6.094,1.863,-34.794,0
1398294548507,41817837281000,171538052000001,-6.094,1.863,-34.794,0
1398294548517,41817847322000,171538052000001,-6.094,1.863,-34.794,0
1398294548527,41817857331000,171538052000001,-6.094,1.863,-34.794,0
1398294548537,41817867341000,171538052000001,-6.094,1.863,-34.794,0
1398294548547,41817877351000,171538052000001,-6.094,1.863,-34.794,0
1398294548557,41817887330000,171538052000001,-6.094,1.863,-34.794,0
1398294548567,41817897340000,171538052000001,-6.094,1.863,-34.794,0
1398294548577,41817907380000,171538052000001,-6.094,1.863,-34.794,0
1398294548587,41817917390000,171538052000001,-6.094,1.863,-34.489,0
1398294548597,41817927400000,171538052000001,-6.094,1.863,-34.489,0
1398294548607,41817937409000,171538052000001,-6.094,1.863,-34.489,0
1398294548617,41817947419000,171538052000001,-6.094,1.863,-34.489,0
1398294548627,41817957460000,171538052000001,-6.094,1.863,-34.489,0
1398294548637,41817967439000,171538052000001,-6.094,1.863,-34.489,0
1398294548647,41817977449000,171538052000001,-6.094,1.863,-34.489,0
1398294548659,41817989015000,171538052000001,-6.094,1.863,-34.489,0
1398294548667,41817997529000,171538052000001,-6.094,1.863,-34.489,0
1398294548677,41818007478000,171538052000001,-6.094,1.863,-34.489,0
1398294548687,41818017488000,171538052000001,-6.094,1.863,-34.489,0
1398294548697,41818027497000,171538052000001,-6.094,1.863,-34.489,0
1398294548707,41818037507000,171538052000001,-6.094,2.188,-34.489,0
1398294548720,41818049745000,171538052000001,-6.094,2.188,-34.489,0
1398294548734,41818064332000,171538052000001,-6.094,2.188,-34.489,0
1398294548739,41818069276000,171538052000001,-6.094,2.188,-34.489,0
1398294548754,41818084260000,171538052000001,-6.094,2.188,-34.489,0
1398294548759,41818089143000,171538052000001,-6.094,2.188,-34.489,0
1398294548774,41818104066000,171538052000001,-6.094,2.188,-34.489,0
1398294548779,41818108918000,171538052000001,-6.094,2.557,-34.489,0
1398294548794,41818124055000,171538052000001,-6.094,2.557,-34.489,0
1398294548799,41818128907000,171538052000001,-6.094,2.557,-34.489,0
1398294548814,41818143983000,171538052000001,-6.094,2.557,-34.489,0
1398294548819,41818148866000,171538052000001,-6.094,2.557,-34.489,0
1398294548837,41818163240000,171538052000001,-6.094,2.925,-34.489,0
1398294548844,41818169313000,171538052000001,-6.094,2.925,-34.793,0
1398294548848,41818177735000,171538052000001,-6.094,2.925,-34.793,0
1398294548866,41818187684000,171538052000001,-6.094,2.925,-34.793,0
1398294548871,41818197663000,171538052000001,-6.094,2.925,-34.793,0
1398294548880,41818207704000,171538052000001,-6.094,2.925,-34.793,0
1398294548892,41818217713000,171538052000001,-6.094,2.925,-34.793,0
1398294548898,41818227754000,171538052000001,-6.094,2.925,-34.793,0
1398294548909,41818237733000,171538052000001,-6.094,2.925,-34.793,0
1398294548922,41818247773000,171538052000001,-6.094,2.925,-34.793,0
1398294548928,41818257783000,171538052000001,-6.094,2.925,-34.793,0
1398294548938,41818267762000,171538052000001,-6.094,2.925,-34.793,0
1398294548948,41818277772000,171538052000001,-6.434,3.247,-34.793,0
1398294548958,41818288423000,171538052000001,-6.434,3.247,-34.793,0
1398294548969,41818297792000,171538052000001,-6.434,3.247,-34.793,0
1398294548977,41818307771000,171538052000001,-6.434,3.247,-34.793,0
1398294548988,41818317781000,171538052000001,-6.434,3.247,-34.793,0
1398294548997,41818327790000,171538052000001,-6.434,3.247,-34.793,0
1398294549007,41818337800000,171538052000001,-6.434,3.247,-34.793,0
1398294549019,41818349397000,171538052000001,-6.434,3.247,-34.492,0
1398294549028,41818357881000,171538052000001,-6.434,3.247,-34.492,0
1398294549038,41818367829000,171538052000001,-6.434,3.247,-34.492,0
1398294549048,41818377839000,171538052000001,-6.434,3.247,-34.492,0
1398294549057,41818387849000,171538052000001,-6.434,3.247,-34.492,0
1398294549068,41818397859000,171538052000001,-6.434,2.926,-34.492,0
1398294549078,41818407868000,171538052000001,-6.434,2.926,-34.492,0
1398294549088,41818417878000,171538052000001,-6.434,2.926,-34.492,0
1398294549098,41818427918000,171538052000001,-6.434,2.926,-34.492,0
1398294549108,41818437928000,171538052000001,-6.434,2.926,-34.492,0
1398294549119,41818447908000,171538052000001,-6.434,2.926,-34.492,0
1398294549128,41818457948000,171538052000001,-6.434,2.601,-34.492,0
1398294549139,41818467958000,171538052000001,-6.434,2.601,-34.492,0
1398294549148,41818477967000,171538052000001,-6.434,2.601,-34.492,0
1398294549158,41818487977000,171538052000001,-6.434,2.601,-34.492,0
1398294549168,41818497987000,171538052000001,-6.434,2.601,-34.492,0
1398294549178,41818507997000,171538052000001,-6.434,2.601,-34.492,0
1398294549188,41818518006000,171538052000001,-6.434,2.601,-34.492,0
1398294549199,41818529573000,171538052000001,-6.434,2.601,-34.492,0
1398294549208,41818538087000,171538052000001,-6.434,2.601,-34.492,0
1398294549218,41818548036000,171538052000001,-6.82,2.601,-34.492,0
1398294549228,41818558045000,171538052000001,-6.82,2.601,-34.492,0
1398294549238,41818568025000,171538052000001,-6.82,2.601,-34.159,0
1398294549248,41818578034000,171538052000001,-6.82,2.601,-34.159,0
1398294549258,41818588075000,171538052000001,-7.192,2.601,-34.159,0
1398294549268,41818598085000,171538052000001,-7.192,2.601,-34.159,0
1398294549278,41818608125000,171538052000001,-7.192,2.601,-34.159,0
1398294549288,41818618135000,171538052000001,-7.192,2.601,-34.159,0
1398294549298,41818628083000,171538052000001,-7.54,2.601,-34.159,0
1398294549308,41818638276000,171538052000001,-7.54,2.601,-34.159,0
1398294549318,41818648133000,171538052000001,-7.54,2.601,-34.159,0
1398294549328,41818658143000,171538052000001,-7.54,2.601,-34.159,0
1398294549338,41818668153000,171538052000001,-7.54,2.601,-34.159,0
1398294549348,41818678163000,171538052000001,-7.54,2.601,-34.159,0
1398294549358,41818688203000,171538052000001,-7.54,2.601,-34.159,0
1398294549371,41818698213000,171538052000001,-7.54,2.601,-34.159,0
1398294549380,41818709748000,171538052000001,-7.54,2.601,-34.159,0
1398294549388,41818718232000,171538052000001,-7.54,2.601,-34.159,0
1398294549398,41818728211000,171538052000001,-7.54,2.281,-34.159,0
1398294549408,41818738221000,171538052000001,-7.54,2.281,-34.159,0
1398294549418,41818748231000,171538052000001,-7.54,2.281,-34.159,0
1398294549428,41818758210000,171538052000001,-7.54,2.281,-34.159,0
1398294549438,41818768281000,171538052000001,-7.192,2.281,-34.159,0
1398294549448,41818778230000,171538052000001,-7.192,1.934,-34.159,0
1398294549458,41818788270000,171538052000001,-7.192,1.934,-34.159,0
1398294549468,41818798249000,171538052000001,-7.192,1.934,-34.159,0
1398294549478,41818808290000,171538052000001,-6.834,1.934,-34.159,0
1398294549488,41818818299000,171538052000001,-6.834,1.934,-34.159,0
1398294549498,41818828309000,171538052000001,-6.834,1.934,-34.159,0
1398294549508,41818838319000,171538052000001,-6.834,1.934,-34.159,0
1398294549518,41818848329000,171538052000001,-6.834,1.934,-34.159,0
1398294549528,41818858338000,171538052000001,-6.504,1.934,-34.159,0
1398294549538,41818868348000,171538052000001,-6.504,1.6,-34.159,0
1398294549548,41818878358000,171538052000001,-6.504,1.6,-34.159,0
1398294549560,41818889924000,171538052000001,-6.504,1.6,-34.159,0
1398294549568,41818898408000,171538052000001,-6.504,1.6,-34.159,0
1398294549578,41818908387000,171538052000001,-6.504,1.6,-34.159,0
1398294549588,41818918366000,171538052000001,-6.504,1.6,-34.159,0
1398294549598,41818928376000,171538052000001,-6.504,1.255,-34.159,0
1398294549608,41818938386000,171538052000001,-6.504,1.255,-34.159,0
1398294549618,41818948396000,171538052000001,-6.504,1.255,-34.159,0
1398294549628,41818958406000,171538052000001,-6.504,1.255,-34.159,0
1398294549638,41818968415000,171538052000001,-6.504,1.255,-34.159,0
1398294549651,41818978425000,171538052000001,-6.504,1.255,-34.159,0
1398294549658,41818988496000,171538052000001,-6.504,0.955,-34.159,0
1398294549693,41818998445000,171538052000001,-6.504,0.955,-34.159,0
1398294549694,41819008393000,171538052000001,-6.504,0.955,-34.159,0
1398294549696,41819018464000,171538052000001,-6.86,0.955,-34.159,0
1398294549700,41819028474000,171538052000001,-6.86,0.955,-34.159,0
1398294549709,41819038453000,171538052000001,-6.86,0.955,-34.159,0
1398294549719,41819048463000,171538052000001,-6.86,0.955,-34.159,0
1398294549728,41819058473000,171538052000001,-6.86,0.955,-33.836,0
1398294549740,41819070069000,171538052000001,-6.86,0.955,-33.836,0
1398294549753,41819078553000,171538052000001,-6.86,0.955,-33.836,0
1398294549758,41819088533000,171538052000001,-7.17,0.627,-33.836,0
1398294549768,41819098512000,171538052000001,-7.17,0.627,-33.836,0
1398294549778,41819108522000,171538052000001,-7.17,0.627,-33.836,0
1398294549788,41819118531000,171538052000001,-7.17,0.627,-33.836,0
1398294549798,41819128541000,171538052000001,-7.17,0.627,-33.836,0
1398294549808,41819138551000,171538052000001,-7.17,0.627,-33.836,0
1398294549819,41819148591000,171538052000001,-7.17,0.627,-33.836,0
1398294549828,41819158601000,171538052000001,-7.17,0.627,-33.836,0
1398294549838,41819168580000,171538052000001,-7.17,0.627,-33.836,0
1398294549849,41819178590000,171538052000001,-7.17,0.627,-33.836,0
1398294549858,41819188600000,171538052000001,-7.17,0.627,-33.836,0
1398294549868,41819198609000,171538052000001,-7.17,0.627,-33.836,0
1398294549879,41819208619000,171538052000001,-7.17,0.627,-33.836,0
1398294549889,41819218659000,171538052000001,-7.17,0.627,-33.836,0
1398294549899,41819228639000,171538052000001,-6.825,0.627,-33.836,0
1398294549908,41819238648000,171538052000001,-6.825,0.627,-33.836,0
1398294549920,41819250215000,171538052000001,-6.825,0.627,-33.836,0
1398294549929,41819258729000,171538052000001,-6.825,0.627,-33.836,0
1398294549939,41819268708000,171538052000001,-6.825,0.627,-33.836,0
1398294549949,41819278718000,171538052000001,-6.825,0.627,-33.836,0
1398294549959,41819288728000,171538052000001,-6.825,0.627,-33.836,0
1398294549971,41819300599000,171538052000001,-6.825,0.627,-33.836,0
1398294549985,41819315187000,171538052000001,-6.825,0.627,-33.836,0
1398294549989,41819319245000,171538052000001,-6.489,0.936,-33.836,0
1398294550005,41819335206000,171538052000001,-6.489,0.936,-33.836,0
1398294550009,41819339265000,171538052000001,-6.489,0.936,-33.836,0
1398294550024,41819353761000,171538052000001,-6.489,0.936,-34.173,0
1398294550031,41819360963000,171538052000001,-6.489,0.936,-34.173,0
1398294550045,41819375276000,171538052000001,-6.489,0.936,-34.173,0
1398294550049,41819379304000,171538052000001,-6.489,0.936,-34.173,0
1398294550065,41819394685000,171538052000001,-6.489,0.936,-34.173,0
1398294550070,41819400178000,171538052000001,-6.489,0.936,-34.173,0
1398294550085,41819415254000,171538052000001,-6.489,0.936,-34.173,0
1398294550089,41819419313000,171538052000001,-6.489,0.936,-34.173,0
1398294550105,41819434663000,171538052000001,-6.489,1.237,-34.484,0
1398294550110,41819439454000,171538052000001,-6.489,1.237,-34.484,0
1398294550124,41819453889000,171538052000001,-6.489,1.237,-34.484,0
1398294550132,41819462312000,171538052000001,-6.489,1.237,-34.484,0
1398294550144,41819474427000,171538052000001,-6.489,1.237,-34.484,0
1398294550153,41819482545000,171538052000001,-6.489,1.237,-34.484,0
1398294550161,41819490480000,171538052000001,-6.489,1.237,-34.484,0
1398294550170,41819499452000,171538052000001,-6.489,1.237,-34.484,0
1398294550179,41819509004000,171538052000001,-6.489,1.237,-34.484,0
1398294550189,41819519013000,171538052000001,-6.489,1.551,-34.484,0
1398294550200,41819529389000,171538052000001,-6.489,1.551,-34.484,0
1398294550209,41819539033000,171538052000001,-6.489,1.551,-34.484,0
1398294550219,41819549043000,171538052000001,-6.489,1.551,-34.484,0
1398294550229,41819559022000,171538052000001,-6.489,1.551,-34.484,0
1398294550239,41819569032000,171538052000001,-6.489,1.551,-34.484,0
1398294550249,41819579042000,171538052000001,-6.489,1.551,-34.484,0
1398294550259,41819589082000,171538052000001,-6.489,1.551,-34.484,0
1398294550270,41819599061000,171538052000001,-6.152,1.551,-34.484,0
1398294550285,41819614869000,171538052000001,-6.152,1.551,-34.484,0
1398294550292,41819621797000,171538052000001,-6.152,1.551,-34.484,0
1398294550306,41819635835000,171538052000001,-6.152,1.551,-34.484,0
1398294550311,41819640718000,171538052000001,-6.152,1.551,-34.484,0
1398294550324,41819653962000,171538052000001,-6.152,1.551,-34.484,0
1398294550333,41819662690000,171538052000001,-6.152,1.551,-34.484,0
1398294550345,41819674775000,171538052000001,-5.816,1.551,-34.484,0
1398294550352,41819681489000,171538052000001,-5.816,1.551,-34.484,0
1398294550365,41819695375000,171538052000001,-5.816,1.551,-34.484,0
1398294550371,41819701325000,171538052000001,-5.816,1.551,-34.484,0
1398294550386,41819715577000,171538052000001,-5.816,1.551,-34.484,0
1398294550391,41819721162000,171538052000001,-5.816,1.551,-34.484,0
1398294550405,41819735475000,171538052000001,-5.816,1.551,-34.484,0
1398294550411,41819741426000,171538052000001,-5.514,1.551,-34.484,0
1398294550424,41819754243000,171538052000001,-5.514,1.551,-34.484,0
1398294550433,41819762513000,171538052000001,-5.514,1.551,-34.796,0
1398294550442,41819772309000,171538052000001,-5.514,1.551,-34.796,0
1398294550451,41819780885000,171538052000001,-5.514,1.551,-34.796,0
1398294550474,41819797578000,171538052000001,-5.514,1.551,-34.796,0
1398294550477,41819807008000,171538052000001,-5.514,1.551,-34.796,0
1398294550483,41819810121000,171538052000001,-5.514,1.551,-34.796,0
1398294550492,41819822297000,171538052000001,-5.514,1.551,-34.796,0
1398294550502,41819832337000,171538052000001,-5.189,1.551,-34.796,0
1398294550512,41819842317000,171538052000001,-5.189,1.551,-34.796,0
1398294550520,41819850465000,171538052000001,-5.189,1.551,-34.796,0
1398294550531,41819861421000,171538052000001,-5.189,1.551,-34.796,0
1398294550542,41819872315000,171538052000001,-5.189,1.551,-34.796,0
1398294550553,41819882905000,171538052000001,-5.189,1.863,-34.796,0
1398294550563,41819892762000,171538052000001,-5.189,1.863,-34.796,0
1398294550573,41819902772000,171538052000001,-5.189,1.863,-34.796,0
1398294550583,41819912507000,171538052000001,-5.189,1.863,-34.796,0
1398294550593,41819922792000,171538052000001,-5.189,1.863,-34.796,0
1398294550603,41819932893000,171538052000001,-5.189,1.863,-34.796,0
1398294550628,41819945069000,171538052000001,-5.189,1.863,-34.796,0
1398294550630,41819949464000,171538052000001,-5.189,1.863,-34.796,0
1398294550632,41819959474000,171538052000001,-5.189,1.863,-34.796,0
1398294550642,41819971040000,171538052000001,-5.189,1.863,-34.796,0
1398294550650,41819979554000,171538052000001,-5.189,2.186,-34.796,0
1398294550664,41819993501000,171538052000001,-5.189,2.186,-34.796,0
1398294550670,41819999909000,171538052000001,-5.189,2.186,-34.796,0
1398294550681,41820009461000,171538052000001,-5.189,2.186,-34.796,0
1398294550690,41820019471000,171538052000001,-5.189,2.186,-34.796,0
1398294550700,41820029450000,171538052000001,-5.189,2.186,-34.796,0
1398294550709,41820039491000,171538052000001,-5.189,2.186,-34.796,0
1398294550720,41820049501000,171538052000001,-5.189,2.186,-34.796,0
1398294550730,41820059510000,171538052000001,-5.189,2.186,-34.796,0
1398294550740,41820069490000,171538052000001,-5.189,2.186,-34.796,0
1398294550750,41820079499000,171538052000001,-5.189,2.186,-34.796,0
1398294550760,41820089540000,171538052000001,-5.189,2.186,-34.796,0
1398294550771,41820099519000,171538052000001,-5.189,2.186,-34.796,0
1398294550782,41820111299000,171538052000001,-5.189,2.186,-34.796,0
1398294550793,41820122956000,171538052000001,-5.189,2.186,-34.796,0
1398294550803,41820132752000,171538052000001,-5.189,2.186,-34.796,0
1398294550813,41820142762000,171538052000001,-5.189,2.186,-34.796,0
1398294550825,41820154054000,171538052000001,-5.189,2.186,-34.796,0
1398294550831,41820160554000,171538052000001,-5.189,2.186,-34.796,0
1398294550843,41820173066000,171538052000001,-5.189,2.186,-34.796,0
1398294550853,41820182771000,171538052000001,-5.189,2.186,-34.796,0
1398294550863,41820192750000,171538052000001,-5.189,2.186,-34.796,0
1398294550873,41820202790000,171538052000001,-5.189,2.186,-34.796,0
1398294550883,41820212770000,171538052000001,-5.189,2.186,-34.796,0
1398294550893,41820222962000,171538052000001,-5.189,2.186,-34.796,0
1398294550902,41820232453000,171538052000001,-5.189,2.186,-34.796,0
1398294550914,41820242799000,171538052000001,-5.189,2.186,-34.796,0
1398294550923,41820252900000,171538052000001,-5.189,2.186,-34.796,0
1398294550933,41820262757000,171538052000001,-5.189,2.186,-34.796,0
1398294550943,41820272981000,171538052000001,-5.189,2.186,-34.796,0
1398294550953,41820282960000,171538052000001,-5.189,2.186,-34.796,0
1398294550963,41820292878000,171538052000001,-5.189,2.186,-34.796,0
1398294550976,41820306245000,171538052000001,-5.189,2.186,-34.796,0
1398294550981,41820311311000,171538052000001,-5.189,2.186,-34.796,0
1398294550996,41820326020000,171538052000001,-5.189,2.186,-34.796,0
1398294551004,41820333589000,171538052000001,-5.189,2.186,-34.796,0
1398294551015,41820345002000,171538052000001,-5.189,2.186,-34.796,0
1398294551024,41820353608000,171538052000001,-5.189,2.186,-34.796,0
1398294551033,41820363374000,171538052000001,-5.189,2.186,-34.796,0
1398294551046,41820375489000,171538052000001,-5.189,2.186,-34.796,0
1398294551052,41820382264000,171538052000001,-5.189,2.186,-34.796,0
1398294551066,41820396272000,171538052000001,-5.189,2.186,-34.796,0
1398294551072,41820401795000,171538052000001,-5.189,2.186,-34.796,0
1398294551091,41820421144000,171538052000001,-5.189,2.186,-34.796,0
1398294551096,41820426240000,171538052000001,-5.189,2.186,-34.796,0
1398294551101,41820430574000,171538052000001,-5.189,2.186,-34.796,0
1398294551116,41820445771000,171538052000001,-5.189,2.186,-34.796,0
1398294551121,41820450868000,171538052000001,-5.189,2.186,-34.796,0
1398294551134,41820463899000,171538052000001,-5.189,2.186,-34.796,0
1398294551143,41820472779000,171538052000001,-5.189,2.186,-34.796,0
1398294551153,41820483064000,171538052000001,-5.189,2.186,-34.796,0
1398294551162,41820491792000,171538052000001,-5.189,2.186,-34.796,0
1398294551170,41820499940000,171538052000001,-5.189,2.186,-34.796,0
1398294551182,41820511506000,171538052000001,-5.189,2.186,-34.796,0
1398294551190,41820519990000,171538052000001,-5.189,2.186,-34.796,0
1398294551200,41820529939000,171538052000001,-5.189,2.186,-34.796,0
1398294551210,41820539949000,171538052000001,-5.189,2.186,-34.796,0
1398294551220,41820549958000,171538052000001,-5.189,2.186,-34.796,0
1398294551230,41820559999000,171538052000001,-5.189,2.186,-34.796,0
1398294551240,41820570008000,171538052000001,-5.189,2.186,-34.796,0
1398294551250,41820580018000,171538052000001,-5.189,2.186,-34.796,0
1398294551261,41820589997000,171538052000001,-5.189,2.186,-34.796,0
1398294551274,41820603425000,171538052000001,-5.189,2.186,-34.796,0
1398294551286,41820615663000,171538052000001,-5.189,2.186,-34.796,0
1398294551292,41820622438000,171538052000001,-5.189,2.186,-34.796,0
1398294551306,41820636293000,171538052000001,-5.189,2.186,-34.796,0
1398294551312,41820642304000,171538052000001,-5.189,2.186,-34.796,0
1398294551326,41820656312000,171538052000001,-5.189,2.186,-34.796,0
1398294551331,41820660981000,171538052000001,-5.189,2.186,-34.796,0
1398294551346,41820676393000,171538052000001,-5.189,2.186,-34.796,0
1398294551352,41820682344000,171538052000001,-5.189,2.186,-34.796,0
1398294551367,41820696717000,171538052000001,-5.49,2.186,-34.796,0
1398294551371,41820700746000,171538052000001,-5.49,2.186,-34.796,0
1398294551382,41820712068000,171538052000001,-5.49,2.186,-34.796,0
1398294551397,41820726472000,171538052000001,-5.49,2.186,-34.796,0
1398294551401,41820730561000,171538052000001,-5.49,2.186,-34.796,0
1398294551416,41820745820000,171538052000001,-5.49,2.186,-34.796,0
1398294551422,41820752259000,171538052000001,-5.49,2.186,-34.796,0
1398294551434,41820763825000,171538052000001,-5.49,2.186,-34.796,0
1398294551442,41820772035000,171538052000001,-5.49,2.186,-34.796,0
1398294551452,41820782197000,171538052000001,-5.49,2.186,-34.796,0
1398294551464,41820793946000,171538052000001,-5.49,2.186,-34.796,0
1398294551474,41820804383000,171538052000001,-5.49,2.186,-34.796,0
1398294551482,41820811921000,171538052000001,-5.49,2.186,-34.796,0
1398294551495,41820824433000,171538052000001,-5.49,2.186,-34.796,0
1398294551528,41820834687000,171538052000001,-5.49,2.186,-34.796,0
1398294551530,41820841035000,171538052000001,-5.81,2.186,-34.796,0
1398294551532,41820852906000,171538052000001,-5.81,2.186,-34.796,0
1398294551533,41820860292000,171538052000001,-5.81,2.186,-34.796,0
1398294551545,41820874421000,171538052000001,-5.81,2.186,-34.796,0
1398294551554,41820883912000,171538052000001,-5.81,2.186,-34.796,0
1398294551563,41820893312000,171538052000001,-5.81,2.186,-34.796,0
1398294551573,41820903321000,171538052000001,-5.81,2.186,-34.796,0
1398294551584,41820913941000,171538052000001,-5.81,2.186,-34.796,0
1398294551596,41820926087000,171538052000001,-5.81,2.186,-34.796,0
1398294551603,41820932832000,171538052000001,-5.81,2.186,-34.796,0
1398294551615,41820945405000,171538052000001,-6.141,2.186,-34.796,0
1398294551624,41820954042000,171538052000001,-6.141,2.186,-34.796,0
1398294551632,41820962281000,171538052000001,-6.141,2.186,-34.796,0
1398294551647,41820976686000,171538052000001,-6.141,2.186,-34.796,0
1398294551653,41820982637000,171538052000001,-6.141,2.186,-34.796,0
1398294551664,41820992066000,171538052000001,-6.141,2.186,-34.796,0
1398294551670,41821000428000,171538052000001,-6.141,2.186,-34.796,0
1398294551681,41821010408000,171538052000001,-6.141,2.186,-34.796,0
1398294551690,41821020417000,171538052000001,-6.141,2.186,-34.796,0
1398294551702,41821031587000,171538052000001,-6.141,2.186,-34.494,0
1398294551710,41821040437000,171538052000001,-6.141,2.186,-34.494,0
1398294551722,41821052003000,171538052000001,-6.141,2.186,-34.494,0
1398294551731,41821060487000,171538052000001,-6.141,2.186,-34.494,0
1398294551741,41821070466000,171538052000001,-6.141,2.186,-34.494,0
1398294551750,41821080476000,171538052000001,-6.141,2.186,-34.494,0
1398294551761,41821091065000,171538052000001,-6.141,2.186,-34.494,0
1398294551774,41821102387000,171538052000001,-6.141,2.186,-34.494,0
1398294551783,41821111970000,171538052000001,-6.141,2.186,-34.494,0
1398294551794,41821122193000,171538052000001,-6.141,2.186,-34.494,0
1398294551808,41821130677000,171538052000001,-6.141,2.186,-34.494,0
1398294551815,41821140718000,171538052000001,-6.141,2.186,-34.494,0
1398294551825,41821153077000,171538052000001,-6.141,2.186,-34.494,0
1398294551833,41821161958000,171538052000001,-6.141,2.186,-34.494,0
1398294551846,41821174226000,171538052000001,-6.141,2.186,-34.494,0
1398294551854,41821182893000,171538052000001,-6.449,2.186,-34.494,0
1398294551865,41821193116000,171538052000001,-6.449,2.186,-34.494,0
1398294551875,41821201905000,171538052000001,-6.449,2.186,-34.494,0
1398294551885,41821212983000,171538052000001,-6.449,2.186,-34.494,0
1398294551894,41821221467000,171538052000001,-6.449,2.186,-34.494,0
1398294551908,41821234651000,171538052000001,-6.449,2.186,-34.494,0
1398294551914,41821240937000,171538052000001,-6.449,2.186,-34.494,0
1398294551927,41821254457000,171538052000001,-6.449,2.186,-34.494,0
1398294551934,41821260896000,171538052000001,-6.449,2.186,-34.494,0
1398294551945,41821272859000,171538052000001,-6.449,2.186,-34.494,0
1398294551955,41821282868000,171538052000001,-6.449,2.186,-34.494,0
1398294551965,41821292512000,171538052000001,-6.143,2.186,-34.494,0
1398294551976,41821303376000,171538052000001,-6.143,2.186,-34.494,0
1398294551985,41821312623000,171538052000001,-6.143,2.186,-34.494,0
1398294551995,41821323030000,171538052000001,-6.143,2.186,-34.494,0
1398294552014,41821338624000,171538052000001,-6.143,2.186,-34.494,0
1398294552021,41821340974000,171538052000001,-6.143,2.186,-34.494,0
1398294552027,41821351014000,171538052000001,-6.143,2.186,-34.494,0
1398294552034,41821360993000,171538052000001,-5.798,2.186,-34.494,0
1398294552051,41821376802000,171538052000001,-5.798,2.186,-34.494,0
1398294552056,41821381013000,171538052000001,-5.798,2.186,-34.494,0
1398294552064,41821391664000,171538052000001,-5.798,2.186,-34.494,0
1398294552078,41821405671000,171538052000001,-5.798,2.186,-34.494,0
1398294552086,41821412690000,171538052000001,-5.798,2.186,-34.494,0
1398294552094,41821421937000,171538052000001,-5.484,2.186,-34.494,0
1398294552108,41821435060000,171538052000001,-5.484,2.186,-34.494,0
1398294552117,41821441529000,171538052000001,-5.484,2.186,-34.494,0
1398294552124,41821451081000,171538052000001,-5.484,2.186,-34.494,0
1398294552135,41821462007000,171538052000001,-5.484,2.186,-34.494,0
1398294552145,41821472901000,171538052000001,-5.484,2.186,-34.494,0
1398294552155,41821482911000,171538052000001,-5.484,2.186,-34.494,0
1398294552164,41821491151000,171538052000001,-5.484,2.186,-34.494,0
1398294552176,41821503175000,171538052000001,-5.484,2.186,-34.494,0
1398294552195,41821511170000,171538052000001,-5.484,2.186,-34.494,0
1398294552202,41821521180000,171538052000001,-5.484,2.186,-34.494,0
1398294552207,41821531190000,171538052000001,-5.484,2.186,-34.494,0
1398294552215,41821541230000,171538052000001,-5.484,2.186,-34.494,0
1398294552221,41821550965000,171538052000001,-5.484,2.186,-34.494,0
1398294552231,41821560975000,171538052000001,-5.484,2.186,-34.494,0
1398294552241,41821570985000,171538052000001,-5.484,2.186,-34.494,0
1398294552251,41821580995000,171538052000001,-5.484,2.186,-34.494,0
1398294552263,41821592561000,171538052000001,-5.848,2.186,-34.494,0
1398294552271,41821601045000,171538052000001,-5.848,2.186,-34.494,0
1398294552285,41821611939000,171538052000001,-5.848,2.186,-34.494,0
1398294552294,41821622132000,171538052000001,-5.848,2.186,-34.494,0
1398294552305,41821633424000,171538052000001,-6.196,1.828,-34.494,0
1398294552320,41821647401000,171538052000001,-6.196,1.828,-34.494,0
1398294552324,41821651277000,171538052000001,-6.196,1.828,-34.494,0
1398294552335,41821662965000,171538052000001,-6.196,1.512,-34.172,0
1398294552344,41821672761000,171538052000001,-6.515,1.512,-34.172,0
1398294552355,41821683747000,171538052000001,-6.515,1.512,-34.172,0
1398294552363,41821691957000,171538052000001,-6.515,1.162,-34.172,0
1398294552378,41821706086000,171538052000001,-6.515,1.162,-34.172,0
1398294552386,41821711274000,171538052000001,-6.874,1.162,-33.862,0
1398294552397,41821723023000,171538052000001,-6.874,0.823,-33.862,0
1398294552404,41821731568000,171538052000001,-6.874,0.823,-33.862,0
1398294552417,41821743287000,171538052000001,-6.874,0.823,-33.862,0
1398294552424,41821751924000,171538052000001,-7.203,0.415,-33.52,0
1398294552439,41821762483000,171538052000001,-7.203,0.415,-33.52,0
1398294552447,41821773408000,171538052000001,-7.203,0.415,-33.52,0
1398294552454,41821783814000,171538052000001,-7.203,0.088,-33.52,0
1398294552465,41821791139000,171538052000001,-7.545,0.088,-33.52,0
1398294552473,41821802888000,171538052000001,-7.545,0.088,-33.52,0
1398294552482,41821811585000,171538052000001,-7.545,0.088,-33.52,0
1398294552498,41821821473000,171538052000001,-7.545,0.088,-33.52,0
1398294552502,41821831788000,171538052000001,-7.865,0.088,-33.201,0
1398294552513,41821841249000,171538052000001,-7.865,-0.21,-33.201,0
1398294552523,41821851655000,171538052000001,-7.865,-0.21,-33.201,0
1398294552531,41821861268000,171538052000001,-7.865,-0.21,-33.201,0
1398294552544,41821871308000,171538052000001,-8.247,-0.21,-33.201,0
1398294552562,41821881562000,171538052000001,-8.247,-0.21,-33.201,0
1398294552566,41821891297000,171538052000001,-8.247,-0.21,-33.201,0
1398294552571,41821901307000,171538052000001,-8.247,-0.21,-32.901,0
1398294552581,41821911286000,171538052000001,-8.247,-0.21,-32.901,0
1398294552592,41821921296000,171538052000001,-8.247,-0.21,-32.901,0
1398294552601,41821931306000,171538052000001,-8.247,-0.21,-32.901,0
1398294552612,41821941316000,171538052000001,-8.247,-0.21,-32.901,0
1398294552627,41821953706000,171538052000001,-8.247,-0.21,-32.901,0
1398294552631,41821961396000,171538052000001,-8.247,-0.21,-32.901,0
1398294552641,41821971345000,171538052000001,-8.247,-0.21,-32.901,0
1398294552652,41821982209000,171538052000001,-8.247,-0.21,-32.901,0
1398294552665,41821993897000,171538052000001,-8.247,-0.21,-32.901,0
1398294552675,41822004884000,171538052000001,-8.247,-0.21,-32.901,0
1398294552685,41822015016000,171538052000001,-8.247,-0.21,-32.901,0
1398294552694,41822024415000,171538052000001,-8.247,-0.21,-32.901,0
1398294552705,41822034883000,171538052000001,-8.247,-0.21,-32.901,0
1398294552714,41822043946000,171538052000001,-7.897,-0.21,-32.901,0
1398294552725,41822054872000,171538052000001,-7.897,-0.21,-32.901,0
1398294552734,41822063996000,171538052000001,-7.897,-0.21,-33.236,0
1398294552743,41822072755000,171538052000001,-7.897,-0.21,-33.236,0
1398294552755,41822085237000,171538052000001,-7.548,-0.21,-33.236,0
1398294552763,41822092439000,171538052000001,-7.548,-0.21,-33.236,0
1398294552775,41822105165000,171538052000001,-7.548,-0.21,-33.236,0
1398294552785,41822111604000,171538052000001,-7.548,-0.21,-33.236,0
1398294552798,41822122499000,171538052000001,-7.548,-0.21,-33.236,0
1398294552804,41822134004000,171538052000001,-7.548,-0.21,-33.236,0
1398294552817,41822141572000,171538052000001,-7.548,-0.21,-33.586,0
1398294552829,41822153260000,171538052000001,-7.548,-0.21,-33.586,0
1398294552833,41822161592000,171538052000001,-7.548,-0.21,-33.586,0
1398294552846,41822172364000,171538052000001,-7.548,-0.21,-33.586,0
1398294552853,41822183106000,171538052000001,-7.548,-0.21,-33.586,0
1398294552862,41822192018000,171538052000001,-7.548,-0.21,-33.586,0
1398294552873,41822203004000,171538052000001,-7.548,-0.21,-33.586,0
1398294552886,41822215638000,171538052000001,-7.548,-0.21,-33.586,0
1398294552892,41822222291000,171538052000001,-7.548,-0.21,-33.586,0
1398294552902,41822232209000,171538052000001,-7.548,-0.21,-33.586,0
1398294552985,41822241578000,171538052000001,-7.548,-0.21,-33.586,0
1398294552987,41822251618000,171538052000001,-7.548,-0.21,-33.586,0
1398294552988,41822261598000,171538052000001,-7.548,-0.21,-33.586,0
1398294552989,41822271607000,171538052000001,-7.548,-0.21,-33.586,0
1398294552991,41822281587000,171538052000001,-7.548,-0.21,-33.586,0
1398294552993,41822291596000,171538052000001,-7.221,-0.21,-33.586,0
1398294552995,41822301637000,171538052000001,-7.221,-0.21,-33.586,0
1398294552996,41822313172000,171538052000001,-7.221,-0.21,-33.586,0
1398294552997,41822321687000,171538052000001,-7.221,-0.21,-33.586,0
1398294553045,41822331666000,171538052000001,-7.221,-0.21,-33.586,0
1398294553064,41822341706000,171538052000001,-7.221,-0.21,-33.586,0
1398294553066,41822351686000,171538052000001,-6.881,-0.514,-33.586,0
1398294553067,41822361665000,171538052000001,-6.881,-0.514,-33.586,0
1398294553068,41822371675000,171538052000001,-6.881,-0.514,-33.586,0
1398294553070,41822381684000,171538052000001,-6.881,-0.514,-33.586,0
1398294553072,41822391725000,171538052000001,-6.881,-0.514,-33.586,0
1398294553073,41822401765000,171538052000001,-6.881,-0.514,-33.586,0
1398294553084,41822411805000,171538052000001,-6.881,-0.514,-33.586,0
1398294553092,41822421815000,171538052000001,-6.881,-0.514,-33.586,0
1398294553102,41822431825000,171538052000001,-6.881,-0.514,-33.586,0
1398294553112,41822441804000,171538052000001,-6.881,-0.514,-33.586,0
1398294553122,41822451814000,171538052000001,-6.881,-0.514,-33.586,0
1398294553137,41822461854000,171538052000001,-6.881,-0.514,-33.586,0
1398294553143,41822471894000,171538052000001,-6.881,-0.514,-33.586,0
1398294553152,41822481874000,171538052000001,-6.881,-0.173,-33.586,0
1398294553163,41822493379000,171538052000001,-6.881,-0.173,-33.586,0
1398294553172,41822501863000,171538052000001,-6.881,-0.173,-33.586,0
1398294553182,41822511903000,171538052000001,-6.881,-0.173,-33.586,0
1398294553192,41822521882000,171538052000001,-7.192,-0.173,-33.586,0
1398294553202,41822531861000,171538052000001,-7.192,-0.173,-33.586,0
1398294553212,41822541902000,171538052000001,-7.192,-0.173,-33.586,0
1398294553222,41822551850000,171538052000001,-7.192,-0.173,-33.586,0
1398294553236,41822566468000,171538052000001,-7.192,0.163,-33.586,0
1398294553242,41822572053000,171538052000001,-7.192,0.163,-33.586,0
1398294553252,41822581880000,171538052000001,-7.192,0.163,-33.586,0
1398294553263,41822591889000,171538052000001,-7.192,0.163,-33.586,0
1398294553272,41822601930000,171538052000001,-7.192,0.553,-33.586,0
1398294553282,41822611970000,171538052000001,-7.522,0.553,-33.586,0
1398294553292,41822621949000,171538052000001,-7.522,0.553,-33.586,0
1398294553302,41822631959000,171538052000001,-7.522,0.553,-33.586,0
1398294553312,41822641969000,171538052000001,-7.522,0.935,-33.586,0
1398294553322,41822651979000,171538052000001,-7.522,0.935,-33.586,0
1398294553332,41822661988000,171538052000001,-7.522,0.935,-33.586,0
1398294553343,41822673554000,171538052000001,-7.522,0.935,-33.586,0
1398294553352,41822682038000,171538052000001,-7.522,0.935,-33.586,0
1398294553362,41822692048000,171538052000001,-7.522,1.251,-33.586,0
1398294553372,41822702088000,171538052000001,-7.522,1.251,-33.586,0
1398294553382,41822712525000,171538052000001,-7.522,1.251,-33.586,0
1398294553393,41822722047000,171538052000001,-7.522,1.251,-33.586,0
1398294553402,41822732057000,171538052000001,-7.522,1.251,-33.908,0
1398294553414,41822742066000,171538052000001,-7.522,1.6,-33.908,0
1398294553425,41822752076000,171538052000001,-7.522,1.6,-33.908,0
1398294553432,41822762086000,171538052000001,-7.522,1.6,-33.908,0
1398294553442,41822772096000,171538052000001,-7.522,1.6,-33.908,0
1398294553452,41822782106000,171538052000001,-7.522,1.6,-33.908,0
1398294553465,41822792115000,171538052000001,-7.182,1.6,-33.908,0
1398294553472,41822802156000,171538052000001,-7.182,1.6,-33.908,0
1398294553482,41822812135000,171538052000001,-7.182,1.6,-33.908,0
1398294553492,41822822145000,171538052000001,-7.182,1.6,-34.248,0
1398294553502,41822832154000,171538052000001,-7.182,1.6,-34.248,0
1398294553513,41822842164000,171538052000001,-6.863,1.6,-34.248,0
1398294553524,41822853761000,171538052000001,-6.863,1.6,-34.248,0
1398294553538,41822866914000,171538052000001,-6.863,1.6,-34.248,0
1398294553543,41822872163000,171538052000001,-6.863,1.6,-34.248,0
1398294553552,41822882142000,171538052000001,-6.863,1.6,-34.248,0
1398294553562,41822892152000,171538052000001,-6.863,1.6,-34.248,0
1398294553572,41822902192000,171538052000001,-6.863,1.6,-34.248,0
1398294553582,41822912538000,171538052000001,-6.863,1.6,-34.248,0
1398294553592,41822922212000,171538052000001,-6.863,1.6,-34.248,0
1398294553602,41822932221000,171538052000001,-6.863,1.6,-34.248,0
1398294553615,41822942231000,171538052000001,-6.863,1.6,-34.248,0
1398294553629,41822952241000,171538052000001,-6.863,1.902,-34.248,0
1398294553632,41822962251000,171538052000001,-6.863,1.902,-34.248,0
1398294553649,41822972413000,171538052000001,-6.863,1.902,-34.248,0
1398294553652,41822982270000,171538052000001,-6.863,1.902,-34.248,0
1398294553662,41822992280000,171538052000001,-6.863,1.902,-34.248,0
1398294553672,41823002259000,171538052000001,-6.863,1.902,-34.248,0
1398294553682,41823012269000,171538052000001,-7.164,1.902,-34.248,0
1398294553693,41823022309000,171538052000001,-7.164,1.902,-34.248,0
1398294553705,41823033845000,171538052000001,-7.164,1.902,-34.248,0
1398294553713,41823042390000,171538052000001,-7.164,1.902,-34.248,0
1398294553723,41823052339000,171538052000001,-7.164,1.902,-34.248,0
1398294553733,41823062837000,171538052000001,-7.164,2.226,-34.248,0
1398294553742,41823072358000,171538052000001,-7.164,2.226,-34.248,0
1398294553752,41823082368000,171538052000001,-7.164,2.226,-34.248,0
1398294553762,41823092378000,171538052000001,-7.164,2.226,-34.248,0
1398294553772,41823102387000,171538052000001,-7.164,2.226,-34.248,0
1398294553782,41823112397000,171538052000001,-7.164,2.226,-34.248,0
1398294553792,41823122407000,171538052000001,-7.164,2.226,-34.248,0
1398294553802,41823132417000,171538052000001,-7.164,2.226,-34.248,0
1398294553816,41823142457000,171538052000001,-7.164,2.226,-34.248,0
1398294553826,41823152436000,171538052000001,-7.164,2.226,-34.248,0
1398294553832,41823162446000,171538052000001,-6.846,2.226,-34.248,0
1398294553842,41823172425000,171538052000001,-6.846,2.226,-34.248,0
1398294553852,41823182466000,171538052000001,-6.846,1.911,-34.248,0
1398294553862,41823192475000,171538052000001,-6.495,1.911,-34.248,0
1398294553872,41823202455000,171538052000001,-6.495,1.911,-34.248,0
1398294553884,41823214051000,171538052000001,-6.495,1.911,-34.248,0
1398294553892,41823222535000,171538052000001,-6.115,1.527,-34.591,0
1398294553903,41823232484000,171538052000001,-6.115,1.527,-34.591,0
1398294553912,41823242494000,171538052000001,-6.115,1.527,-34.591,0
1398294553923,41823252809000,171538052000001,-5.696,1.214,-34.591,0
1398294553932,41823262544000,171538052000001,-5.696,1.214,-34.591,0
1398294553944,41823272553000,171538052000001,-5.696,1.214,-34.591,0
1398294553952,41823282563000,171538052000001,-5.271,0.885,-34.591,0
1398294553963,41823292573000,171538052000001,-5.271,0.885,-34.591,0
1398294553972,41823302552000,171538052000001,-5.271,0.885,-34.591,0
1398294553983,41823312593000,171538052000001,-5.271,0.885,-34.591,0
1398294553993,41823322602000,171538052000001,-4.936,0.502,-34.591,0
1398294554003,41823332612000,171538052000001,-4.936,0.502,-34.591,0
1398294554013,41823342622000,171538052000001,-4.936,0.502,-34.591,0
1398294554023,41823352601000,171538052000001,-4.936,0.502,-34.591,0
1398294554032,41823362611000,171538052000001,-4.936,0.502,-34.591,0
1398294554046,41823372651000,171538052000001,-4.936,0.502,-34.591,0
1398294554053,41823382661000,171538052000001,-4.582,0.502,-34.591,0
1398294554064,41823394197000,171538052000001,-4.582,0.502,-34.591,0
1398294554073,41823402711000,171538052000001,-4.582,0.502,-34.591,0
1398294554083,41823412873000,171538052000001,-4.582,0.502,-34.591,0
1398294554093,41823422700000,171538052000001,-4.582,0.502,-34.591,0
1398294554103,41823432710000,171538052000001,-4.582,0.502,-34.591,0
1398294554113,41823442720000,171538052000001,-4.582,0.502,-34.591,0
1398294554123,41823452729000,171538052000001,-4.582,0.502,-34.591,0
1398294554133,41823462709000,171538052000001,-4.582,0.502,-34.591,0
1398294554143,41823472718000,171538052000001,-4.582,0.886,-34.591,0
1398294554156,41823486329000,171538052000001,-4.582,0.886,-34.591,0
1398294554163,41823492982000,171538052000001,-4.582,0.886,-34.591,0
1398294554173,41823502748000,171538052000001,-4.582,1.309,-34.591,0
1398294554183,41823512757000,171538052000001,-4.582,1.309,-34.591,0
1398294554194,41823522798000,171538052000001,-4.582,1.629,-34.591,0
1398294554203,41823532807000,171538052000001,-4.582,1.629,-34.591,0
1398294554213,41823542817000,171538052000001,-4.901,1.629,-34.591,0
1398294554223,41823552796000,171538052000001,-4.901,2.072,-34.591,0
1398294554233,41823562806000,171538052000001,-4.901,2.072,-34.591,0
1398294554244,41823574372000,171538052000001,-5.271,2.072,-34.591,0
1398294554253,41823582856000,171538052000001,-5.271,2.497,-34.591,0
1398294554264,41823592835000,171538052000001,-5.584,2.497,-34.591,0
1398294554274,41823602845000,171538052000001,-5.584,2.497,-34.591,0
1398294554283,41823612855000,171538052000001,-5.928,2.809,-34.591,0
1398294554293,41823622895000,171538052000001,-5.928,2.809,-34.591,0
1398294554303,41823632875000,171538052000001,-5.928,2.809,-34.591,0
1398294554313,41823643006000,171538052000001,-6.256,2.809,-34.591,0
1398294554323,41823652894000,171538052000001,-6.256,2.809,-34.591,0
1398294554333,41823662904000,171538052000001,-6.256,2.809,-34.591,0
1398294554343,41823672944000,171538052000001,-6.256,2.809,-34.591,0
1398294554353,41823682923000,171538052000001,-6.597,3.126,-34.591,0
1398294554363,41823692933000,171538052000001,-6.597,3.126,-34.591,0
1398294554373,41823702943000,171538052000001,-6.597,3.126,-34.591,0
1398294554383,41823712953000,171538052000001,-6.597,3.126,-34.591,0
1398294554393,41823722962000,171538052000001,-6.597,3.126,-34.591,0
1398294554403,41823732972000,171538052000001,-6.597,3.126,-34.591,0
1398294554413,41823742982000,171538052000001,-6.597,3.126,-34.591,0
1398294554425,41823754579000,171538052000001,-6.597,3.126,-34.591,0
1398294554433,41823763063000,171538052000001,-6.597,3.126,-34.591,0
1398294554443,41823773042000,171538052000001,-6.597,3.126,-34.591,0
1398294554462,41823783296000,171538052000001,-6.597,3.126,-34.591,0
1398294554465,41823793214000,171538052000001,-6.265,2.789,-34.591,0
1398294554479,41823803102000,171538052000001,-6.265,2.789,-34.591,0
1398294554483,41823813081000,171538052000001,-6.265,2.789,-34.591,0
1398294554493,41823823060000,171538052000001,-6.265,2.789,-34.591,0
1398294554503,41823833070000,171538052000001,-6.265,2.789,-34.591,0
1398294554513,41823843080000,171538052000001,-6.265,2.789,-34.591,0
1398294554523,41823853089000,171538052000001,-6.265,2.789,-34.591,0
1398294554533,41823863099000,171538052000001,-6.265,2.789,-34.591,0
1398294554543,41823873109000,171538052000001,-6.265,2.789,-34.591,0
1398294554553,41823883119000,171538052000001,-6.265,2.789,-34.278,0
1398294554563,41823893128000,171538052000001,-6.265,2.789,-34.278,0
1398294554573,41823903138000,171538052000001,-6.265,2.789,-34.278,0
1398294554583,41823913148000,171538052000001,-6.265,2.45,-34.278,0
1398294554593,41823923158000,171538052000001,-6.265,2.45,-34.278,0
1398294554605,41823934724000,171538052000001,-6.265,2.45,-34.278,0
1398294554613,41823943238000,171538052000001,-6.265,2.45,-34.278,0
1398294554623,41823953187000,171538052000001,-6.265,2.45,-34.278,0
1398294554633,41823963197000,171538052000001,-6.265,2.45,-34.278,0
1398294554643,41823973207000,171538052000001,-6.265,2.45,-34.278,0
1398294554653,41823983216000,171538052000001,-6.265,2.45,-34.278,0
1398294554663,41823993226000,171538052000001,-6.265,2.113,-34.278,0
1398294554673,41824003236000,171538052000001,-6.265,2.113,-34.278,0
1398294554683,41824013246000,171538052000001,-6.265,2.113,-34.278,0
1398294554693,41824023255000,171538052000001,-6.265,2.113,-34.278,0
1398294554705,41824033296000,171538052000001,-6.265,2.113,-34.278,0
1398294554713,41824043305000,171538052000001,-6.265,1.779,-34.278,0
1398294554723,41824053285000,171538052000001,-6.265,1.779,-34.278,0
1398294554733,41824063294000,171538052000001,-6.265,1.779,-34.278,0
1398294554743,41824073304000,171538052000001,-6.265,1.779,-34.278,0
1398294554758,41824083345000,171538052000001,-6.265,1.779,-34.278,0
1398294554764,41824093446000,171538052000001,-6.265,1.779,-34.278,0
1398294554777,41824103608000,171538052000001,-6.265,1.779,-34.278,0
1398294554795,41824114961000,171538052000001,-6.265,1.779,-34.278,0
1398294554802,41824123445000,171538052000001,-6.265,1.452,-34.278,0
1398294554806,41824133454000,171538052000001,-6.265,1.452,-34.278,0
1398294554815,41824143464000,171538052000001,-6.265,1.452,-34.278,0
1398294554824,41824153443000,171538052000001,-6.265,1.452,-34.278,0
1398294554833,41824163423000,171538052000001,-6.265,1.452,-34.278,0
1398294554844,41824173432000,171538052000001,-6.571,1.452,-34.278,0
1398294554854,41824183473000,171538052000001,-6.571,1.452,-34.278,0
1398294554864,41824193513000,171538052000001,-6.571,1.452,-34.278,0
1398294554874,41824203492000,171538052000001,-6.571,1.452,-34.278,0
1398294554884,41824213502000,171538052000001,-6.571,1.452,-34.278,0
1398294554893,41824223512000,171538052000001,-6.571,1.452,-34.278,0
1398294554903,41824233522000,171538052000001,-6.571,1.452,-34.278,0
1398294554913,41824243501000,171538052000001,-6.571,1.452,-34.278,0
1398294554923,41824253511000,171538052000001,-6.571,1.452,-34.278,0
1398294554934,41824263551000,171538052000001,-6.571,1.452,-34.278,0
1398294554943,41824273530000,171538052000001,-6.571,1.452,-34.278,0
1398294554954,41824283723000,171538052000001,-6.571,1.452,-34.278,0
1398294554965,41824295106000,171538052000001,-6.571,1.452,-34.278,0
1398294554973,41824303590000,171538052000001,-6.571,1.452,-34.278,0
1398294554984,41824313569000,171538052000001,-6.242,1.452,-34.278,0
1398294554994,41824323609000,171538052000001,-6.242,1.452,-34.278,0
1398294555003,41824333589000,171538052000001,-6.242,1.452,-34.278,0
1398294555014,41824343629000,171538052000001,-6.242,1.452,-34.278,0
1398294555024,41824353639000,171538052000001,-6.242,1.452,-34.278,0
1398294555034,41824363648000,171538052000001,-5.932,1.452,-34.278,0
1398294555044,41824373658000,171538052000001,-5.932,1.452,-34.278,0
1398294555054,41824383668000,171538052000001,-5.932,1.452,-34.278,0
1398294555064,41824393678000,171538052000001,-5.932,1.452,-34.278,0
1398294555078,41824407929000,171538052000001,-5.932,1.452,-34.278,0
1398294555084,41824413636000,171538052000001,-5.932,1.452,-34.278,0
1398294555094,41824423646000,171538052000001,-5.526,1.452,-34.278,0
1398294555104,41824433656000,171538052000001,-5.526,1.092,-34.278,0
1398294555114,41824443666000,171538052000001,-5.526,1.092,-34.278,0
1398294555124,41824453675000,171538052000001,-5.526,1.092,-34.278,0
1398294555134,41824463685000,171538052000001,-5.526,1.092,-34.278,0
1398294555145,41824475251000,171538052000001,-5.526,1.092,-34.278,0
1398294555154,41824483766000,171538052000001,-5.526,1.092,-34.278,0
1398294555164,41824493745000,171538052000001,-5.526,1.092,-34.278,0
1398294555174,41824503755000,171538052000001,-5.526,1.092,-34.278,0
1398294555184,41824513764000,171538052000001,-5.197,1.092,-34.278,0
1398294555194,41824523774000,171538052000001,-5.197,1.092,-34.278,0
1398294555204,41824533753000,171538052000001,-5.197,1.092,-34.278,0
1398294555214,41824543763000,171538052000001,-5.197,1.092,-34.278,0
1398294555224,41824553803000,171538052000001,-4.893,1.092,-34.278,0
1398294555235,41824563783000,171538052000001,-4.893,1.092,-34.278,0
1398294555244,41824573793000,171538052000001,-4.893,1.092,-34.278,0
1398294555254,41824583802000,171538052000001,-4.481,1.092,-34.278,0
1398294555264,41824593812000,171538052000001,-4.481,1.092,-34.278,0
1398294555279,41824603852000,171538052000001,-4.481,1.092,-34.278,0
1398294555289,41824613832000,171538052000001,-4.481,1.092,-34.278,0
1398294555296,41824623841000,171538052000001,-4.481,1.092,-34.594,0
1398294555304,41824633882000,171538052000001,-4.481,1.092,-34.594,0
1398294555314,41824643861000,171538052000001,-4.145,1.092,-34.594,0
1398294555326,41824655427000,171538052000001,-4.145,1.092,-34.594,0
1398294555334,41824663941000,171538052000001,-4.145,1.092,-34.594,0
1398294555344,41824673890000,171538052000001,-4.145,1.092,-34.594,0
1398294555354,41824683900000,171538052000001,-4.145,1.092,-34.594,0
1398294555364,41824693910000,171538052000001,-4.145,1.092,-34.594,0
1398294555374,41824703919000,171538052000001,-4.145,1.092,-34.895,0
1398294555387,41824716859000,171538052000001,-3.788,1.092,-34.895,0
1398294555394,41824723939000,171538052000001,-3.788,1.092,-34.895,0
1398294555404,41824733918000,171538052000001,-3.788,1.092,-34.895,0
1398294555414,41824743959000,171538052000001,-3.788,1.092,-34.895,0
1398294555424,41824753968000,171538052000001,-3.788,1.451,-34.895,0
1398294555434,41824763978000,171538052000001,-3.788,1.451,-34.895,0
1398294555445,41824773988000,171538052000001,-3.788,1.451,-34.895,0
1398294555454,41824784028000,171538052000001,-3.788,1.451,-34.895,0
1398294555464,41824794068000,171538052000001,-3.788,1.451,-34.895,0
1398294555474,41824804078000,171538052000001,-3.788,1.451,-34.895,0
1398294555485,41824814057000,171538052000001,-3.788,1.451,-34.895,0
1398294555494,41824824098000,171538052000001,-3.788,1.451,-34.895,0
1398294555506,41824835633000,171538052000001,-3.788,1.451,-34.895,0
1398294555514,41824844117000,171538052000001,-3.788,1.451,-34.895,0
1398294555524,41824854096000,171538052000001,-3.788,1.451,-34.895,0
1398294555534,41824864106000,171538052000001,-3.788,1.451,-34.895,0
1398294555544,41824874116000,171538052000001,-3.788,1.451,-34.895,0
1398294555560,41824884156000,171538052000001,-3.788,1.451,-34.895,0
1398294555564,41824894166000,171538052000001,-3.788,1.451,-34.895,0
1398294555574,41824904145000,171538052000001,-4.09,1.451,-34.895,0
1398294555584,41824914186000,171538052000001,-4.09,1.451,-34.895,0
1398294555594,41824924165000,171538052000001,-4.09,1.451,-34.895,0
1398294555604,41824934205000,171538052000001,-4.09,1.451,-34.895,0
1398294555614,41824944215000,171538052000001,-4.423,1.451,-34.895,0
1398294555624,41824954194000,171538052000001,-4.423,1.451,-34.895,0
1398294555634,41824964204000,171538052000001,-4.423,1.451,-34.895,0
1398294555644,41824974244000,171538052000001,-4.423,1.451,-34.895,0
1398294555654,41824984223000,171538052000001,-4.423,1.451,-34.895,0
1398294555664,41824994233000,171538052000001,-4.423,1.451,-34.895,0
1398294555674,41825004243000,171538052000001,-4.765,1.451,-34.895,0
1398294555690,41825019898000,171538052000001,-4.765,1.451,-34.561,0
1398294555694,41825024171000,171538052000001,-4.765,1.451,-34.561,0
1398294555704,41825034242000,171538052000001,-4.765,1.451,-34.561,0
1398294555714,41825044251000,171538052000001,-4.765,1.451,-34.561,0
1398294555724,41825054261000,171538052000001,-4.765,1.451,-34.561,0
1398294555735,41825064302000,171538052000001,-4.765,1.451,-34.561,0
1398294555744,41825074281000,171538052000001,-4.765,1.451,-34.561,0
1398294555754,41825084291000,171538052000001,-4.765,1.451,-34.561,0
1398294555764,41825094300000,171538052000001,-4.765,1.776,-34.561,0
1398294555774,41825104310000,171538052000001,-4.765,1.776,-34.561,0
1398294555784,41825114320000,171538052000001,-5.076,1.776,-34.561,0
1398294555794,41825124330000,171538052000001,-5.076,1.776,-34.561,0
1398294555804,41825134339000,171538052000001,-5.076,1.776,-34.561,0
1398294555814,41825144349000,171538052000001,-5.076,1.776,-34.561,0
1398294555824,41825154359000,171538052000001,-5.076,1.776,-34.561,0
1398294555834,41825164369000,171538052000001,-5.076,1.776,-34.561,0
1398294555844,41825174378000,171538052000001,-5.076,1.776,-34.561,0
1398294555854,41825184388000,171538052000001,-5.076,1.776,-34.561,0
1398294555868,41825197816000,171538052000001,-5.076,1.776,-34.561,0
1398294555877,41825206880000,171538052000001,-5.076,1.776,-34.561,0
1398294555889,41825218904000,171538052000001,-5.076,1.776,-34.561,0
1398294555899,41825228578000,171538052000001,-5.076,1.776,-34.561,0
1398294555907,41825237092000,171538052000001,-5.393,2.117,-34.561,0
1398294555919,41825248780000,171538052000001,-5.393,2.117,-34.561,0
1398294555929,41825258943000,171538052000001,-5.393,2.117,-34.561,0
1398294555939,41825268586000,171538052000001,-5.393,2.117,-34.561,0
1398294555947,41825277314000,171538052000001,-5.393,2.117,-34.561,0
1398294555961,41825290193000,171538052000001,-5.393,2.117,-34.561,0
1398294555967,41825297273000,171538052000001,-5.393,2.117,-34.561,0
1398294555979,41825308656000,171538052000001,-5.393,2.117,-34.561,0
1398294555989,41825318818000,171538052000001,-5.393,2.117,-34.561,0
1398294556005,41825335084000,171538052000001,-5.393,2.117,-34.561,0
1398294556009,41825339021000,171538052000001,-5.393,2.444,-34.561,0
1398294556018,41825347566000,171538052000001,-5.393,2.444,-34.561,0
1398294556029,41825359132000,171538052000001,-5.393,2.444,-34.892,0
1398294556038,41825368257000,171538052000001,-5.393,2.444,-34.892,0
1398294556049,41825378572000,171538052000001,-5.393,2.444,-34.892,0
1398294556057,41825384675000,171538052000001,-5.393,2.444,-34.892,0
1398294556065,41825394654000,171538052000001,-5.393,2.444,-34.892,0
1398294556075,41825404847000,171538052000001,-5.393,2.444,-34.892,0
1398294556085,41825414643000,171538052000001,-5.393,2.444,-34.892,0
1398294556095,41825424653000,171538052000001,-5.393,2.444,-34.892,0
1398294556105,41825434663000,171538052000001,-5.393,2.444,-34.892,0
1398294556115,41825444673000,171538052000001,-5.393,2.444,-34.892,0
1398294556125,41825454682000,171538052000001,-5.393,2.444,-34.892,0
1398294556135,41825464692000,171538052000001,-5.393,2.444,-34.892,0
1398294556145,41825474702000,171538052000001,-5.393,2.444,-34.892,0
1398294556159,41825488832000,171538052000001,-5.393,2.444,-34.892,0
1398294556169,41825499147000,171538052000001,-5.393,2.444,-34.892,0
1398294556178,41825508027000,171538052000001,-5.393,2.444,-34.892,0
1398294556191,41825521333000,171538052000001,-5.393,2.444,-34.892,0
1398294556196,41825526185000,171538052000001,-5.393,2.444,-34.892,0
1398294556211,41825541047000,171538052000001,-5.393,2.444,-34.892,0
1398294556216,41825545625000,171538052000001,-5.393,2.444,-34.892,0
1398294556232,41825561463000,171538052000001,-5.393,2.444,-34.892,0
1398294556236,41825566499000,171538052000001,-5.393,2.444,-34.892,0
1398294556248,41825578401000,171538052000001,-5.393,2.444,-34.892,0
1398294556260,41825589448000,171538052000001,-5.393,2.444,-34.892,0
1398294556269,41825598817000,171538052000001,-5.393,2.444,-34.892,0
1398294556280,41825609956000,171538052000001,-5.393,2.444,-34.892,0
1398294556289,41825618531000,171538052000001,-5.393,2.444,-34.892,0
1398294556307,41825630647000,171538052000001,-5.393,2.444,-34.892,0
1398294556310,41825640107000,171538052000001,-5.393,2.444,-34.892,0
1398294556317,41825647157000,171538052000001,-5.393,2.444,-34.892,0
1398294556329,41825659181000,171538052000001,-5.393,2.444,-34.892,0
1398294556338,41825668122000,171538052000001,-5.393,2.444,-34.892,0
1398294556349,41825678895000,171538052000001,-5.393,2.444,-34.892,0
1398294556359,41825689057000,171538052000001,-5.393,2.749,-34.892,0
1398294556368,41825697694000,171538052000001,-5.393,2.749,-34.892,0
1398294556380,41825710176000,171538052000001,-5.393,2.749,-34.892,0
1398294556389,41825718415000,171538052000001,-5.393,2.749,-34.892,0
1398294556399,41825726564000,171538052000001,-5.393,2.749,-34.892,0
1398294556408,41825736573000,171538052000001,-5.393,2.749,-34.892,0
1398294556415,41825745027000,171538052000001,-5.393,2.749,-34.588,0
1398294556436,41825755006000,171538052000001,-5.709,2.749,-34.588,0
1398294556439,41825765016000,171538052000001,-5.709,2.749,-34.588,0
1398294556447,41825775056000,171538052000001,-5.709,2.749,-34.588,0
1398294556457,41825785035000,171538052000001,-5.709,2.749,-34.588,0
1398294556465,41825795075000,171538052000001,-5.709,2.749,-34.588,0
1398294556477,41825805055000,171538052000001,-5.709,2.749,-34.588,0
1398294556486,41825815064000,171538052000001,-6.034,2.749,-34.588,0
1398294556495,41825825044000,171538052000001,-6.034,2.749,-34.588,0
1398294556505,41825835084000,171538052000001,-6.034,2.749,-34.588,0
1398294556515,41825845094000,171538052000001,-6.034,2.749,-34.588,0
1398294556525,41825855104000,171538052000001,-6.034,2.749,-34.588,0
1398294556535,41825865144000,171538052000001,-6.369,2.749,-34.588,0
1398294556545,41825875154000,171538052000001,-6.369,2.749,-34.588,0
1398294556555,41825885163000,171538052000001,-6.369,2.749,-34.588,0
1398294556565,41825895173000,171538052000001,-6.369,2.749,-34.588,0
1398294556575,41825905183000,171538052000001,-6.369,2.749,-34.588,0
1398294556587,41825916749000,171538052000001,-6.369,2.749,-34.588,0
1398294556595,41825925263000,171538052000001,-6.369,2.749,-34.588,0
1398294556605,41825935212000,171538052000001,-6.369,2.749,-34.588,0
1398294556617,41825945832000,171538052000001,-6.369,2.749,-34.588,0
1398294556627,41825955201000,171538052000001,-6.369,2.749,-34.588,0
1398294556635,41825965180000,171538052000001,-6.369,2.441,-34.588,0
1398294556645,41825975160000,171538052000001,-6.369,2.441,-34.588,0
1398294556655,41825985169000,171538052000001,-6.028,2.441,-34.588,0
1398294556665,41825995179000,171538052000001,-6.028,2.128,-34.588,0
1398294556675,41826005220000,171538052000001,-6.028,2.128,-34.588,0
1398294556685,41826015199000,171538052000001,-5.693,2.128,-34.588,0
1398294556696,41826025453000,171538052000001,-5.693,1.707,-34.588,0
1398294556705,41826035218000,171538052000001,-5.693,1.707,-34.588,0
1398294556715,41826045259000,171538052000001,-5.281,1.359,-34.588,0
1398294556725,41826055238000,171538052000001,-5.281,1.359,-34.588,0
1398294556735,41826065248000,171538052000001,-5.281,1.359,-34.588,0
1398294556745,41826075288000,171538052000001,-4.94,0.907,-34.588,0
1398294556755,41826085298000,171538052000001,-4.94,0.907,-34.588,0
1398294556767,41826096833000,171538052000001,-4.94,0.907,-34.588,0
1398294556776,41826105409000,171538052000001,-4.94,0.512,-34.588,0
1398294556785,41826115388000,171538052000001,-4.94,0.512,-34.588,0
1398294556795,41826125337000,171538052000001,-4.94,0.512,-34.588,0
1398294556805,41826135377000,171538052000001,-4.64,0.512,-34.588,0
1398294556815,41826145387000,171538052000001,-4.64,0.158,-34.588,0
1398294556825,41826155397000,171538052000001,-4.64,0.158,-34.588,0
1398294556835,41826165406000,171538052000001,-4.64,0.158,-34.588,0
1398294556849,41826175447000,171538052000001,-4.64,0.158,-34.588,0
1398294556857,41826185426000,171538052000001,-4.64,0.158,-34.588,0
1398294556870,41826195436000,171538052000001,-4.64,0.158,-34.588,0
1398294556875,41826205476000,171538052000001,-4.64,0.158,-34.588,0
1398294556885,41826215455000,171538052000001,-4.64,0.158,-34.588,0
1398294556895,41826225465000,171538052000001,-4.64,0.158,-34.588,0
1398294556905,41826235475000,171538052000001,-4.64,0.158,-34.588,0
1398294556922,41826245484000,171538052000001,-4.983,0.158,-34.588,0
1398294556926,41826255525000,171538052000001,-4.983,0.158,-34.588,0
1398294556936,41826265534000,171538052000001,-4.983,0.158,-34.588,0
1398294556948,41826277070000,171538052000001,-4.983,0.158,-34.588,0
1398294556956,41826285554000,171538052000001,-4.983,0.158,-34.588,0
1398294556966,41826295564000,171538052000001,-4.983,0.158,-34.588,0
1398294556975,41826305543000,171538052000001,-4.983,0.158,-34.588,0
1398294556985,41826315583000,171538052000001,-4.983,0.158,-34.588,0
1398294556997,41826325532000,171538052000001,-4.983,0.158,-34.588,0
1398294557005,41826335542000,171538052000001,-4.983,0.158,-34.588,0
1398294557015,41826345552000,171538052000001,-4.983,0.158,-34.588,0
1398294557025,41826355561000,171538052000001,-4.983,0.158,-34.588,0
1398294557035,41826365602000,171538052000001,-4.983,0.158,-34.588,0
1398294557045,41826375581000,171538052000001,-4.983,0.158,-34.588,0
1398294557056,41826385652000,171538052000001,-4.983,0.158,-34.588,0
1398294557066,41826395631000,171538052000001,-4.983,0.158,-34.588,0
1398294557076,41826405671000,171538052000001,-4.983,0.158,-34.588,0
1398294557086,41826415650000,171538052000001,-4.983,0.158,-34.588,0
1398294557096,41826425691000,171538052000001,-4.983,0.158,-34.588,0
1398294557106,41826435670000,171538052000001,-4.983,0.158,-34.588,0
1398294557116,41826445680000,171538052000001,-4.983,0.158,-34.588,0
1398294557128,41826457429000,171538052000001,-4.983,0.158,-34.588,0
1398294557136,41826465760000,171538052000001,-4.983,0.158,-34.588,0
1398294557146,41826475678000,171538052000001,-4.983,0.158,-34.588,0
1398294557156,41826485719000,171538052000001,-4.983,0.158,-34.588,0
1398294557166,41826495729000,171538052000001,-4.983,0.158,-34.588,0
1398294557176,41826505708000,171538052000001,-4.983,0.158,-34.588,0
1398294557186,41826515718000,171538052000001,-4.983,0.158,-34.588,0
1398294557196,41826525727000,171538052000001,-4.983,0.158,-34.588,0
1398294557206,41826535737000,171538052000001,-4.983,0.158,-34.588,0
1398294557216,41826545747000,171538052000001,-4.983,0.488,-34.588,0
1398294557230,41826560182000,171538052000001,-4.983,0.488,-34.588,0
1398294557235,41826565705000,171538052000001,-4.983,0.488,-34.588,0
1398294557246,41826575746000,171538052000001,-5.339,0.488,-34.588,0
1398294557256,41826585786000,171538052000001,-5.339,0.488,-34.588,0
1398294557266,41826595765000,171538052000001,-5.339,0.822,-34.588,0
1398294557276,41826605775000,171538052000001,-5.339,0.822,-34.588,0
1398294557286,41826615785000,171538052000001,-5.702,0.822,-34.588,0
1398294557296,41826625794000,171538052000001,-5.702,0.822,-34.588,0
1398294557307,41826637452000,171538052000001,-5.702,0.822,-34.588,0
1398294557316,41826645906000,171538052000001,-5.702,1.184,-34.248,0
1398294557326,41826655854000,171538052000001,-6.034,1.184,-34.248,0
1398294557336,41826665864000,171538052000001,-6.034,1.184,-34.248,0
1398294557346,41826675843000,171538052000001,-6.034,1.184,-34.248,0
1398294557356,41826685853000,171538052000001,-6.034,1.184,-34.248,0
1398294557366,41826695893000,171538052000001,-6.381,1.521,-34.248,0
1398294557376,41826705903000,171538052000001,-6.381,1.521,-34.248,0
1398294557386,41826715913000,171538052000001,-6.381,1.521,-34.248,0
1398294557396,41826725892000,171538052000001,-6.381,1.521,-34.248,0
1398294557406,41826735932000,171538052000001,-6.684,1.521,-34.248,0
1398294557416,41826745942000,171538052000001,-6.684,1.521,-34.248,0
1398294557429,41826758699000,171538052000001,-6.684,1.521,-34.248,0
1398294557440,41826770082000,171538052000001,-6.684,1.521,-34.248,0
1398294557450,41826779969000,171538052000001,-6.684,1.521,-34.248,0
1398294557459,41826786683000,171538052000001,-6.684,1.521,-34.248,0
1398294557467,41826796022000,171538052000001,-6.684,1.521,-34.248,0
1398294557478,41826806062000,171538052000001,-6.684,1.521,-34.248,0
1398294557491,41826817597000,171538052000001,-6.684,1.521,-34.248,0
1398294557497,41826826112000,171538052000001,-6.684,1.521,-34.248,0
1398294557507,41826836091000,171538052000001,-6.684,1.521,-34.248,0
1398294557517,41826846040000,171538052000001,-6.684,1.521,-34.248,0
1398294557526,41826856080000,171538052000001,-6.684,1.521,-34.248,0
1398294557547,41826868379000,171538052000001,-6.684,1.521,-34.248,0
1398294557549,41826876069000,171538052000001,-6.684,1.843,-34.248,0
1398294557556,41826886079000,171538052000001,-6.684,1.843,-34.248,0
1398294557566,41826896089000,171538052000001,-6.684,1.843,-34.248,0
1398294557576,41826906129000,171538052000001,-6.993,1.843,-34.248,0
1398294557586,41826916108000,171538052000001,-6.993,1.843,-34.248,0
1398294557596,41826926148000,171538052000001,-6.993,1.843,-34.248,0
1398294557606,41826936128000,171538052000001,-6.993,1.843,-34.248,0
1398294557616,41826946137000,171538052000001,-7.298,1.843,-34.248,0
1398294557626,41826956147000,171538052000001,-7.298,2.157,-34.248,0
1398294557636,41826966157000,171538052000001,-7.298,2.157,-34.248,0
1398294557646,41826976167000,171538052000001,-7.298,2.157,-34.248,0
1398294557656,41826986207000,171538052000001,-7.298,2.157,-34.248,0
1398294557668,41826997773000,171538052000001,-7.298,2.157,-34.248,0
1398294557676,41827006227000,171538052000001,-7.669,2.157,-34.248,0
1398294557686,41827016236000,171538052000001,-7.669,2.157,-34.248,0
1398294557699,41827026216000,171538052000001,-7.669,2.157,-34.248,0
1398294557706,41827036225000,171538052000001,-7.669,2.157,-34.248,0
1398294557717,41827046266000,171538052000001,-7.669,2.157,-34.248,0
1398294557728,41827056245000,171538052000001,-7.669,2.157,-34.248,0
1398294557736,41827066255000,171538052000001,-7.669,2.157,-34.248,0
1398294557746,41827076264000,171538052000001,-7.669,2.157,-34.248,0
1398294557756,41827086305000,171538052000001,-7.669,2.157,-34.248,0
1398294557766,41827096284000,171538052000001,-7.669,2.157,-34.248,0
1398294557776,41827106294000,171538052000001,-7.669,2.157,-34.248,0
1398294557786,41827116303000,171538052000001,-7.347,2.157,-34.248,0
1398294557796,41827126283000,171538052000001,-7.347,2.157,-34.248,0
1398294557806,41827136293000,171538052000001,-7.347,2.157,-34.248,0
1398294557816,41827146363000,171538052000001,-7.347,2.157,-34.248,0
1398294557827,41827156373000,171538052000001,-7.347,2.157,-34.248,0
1398294557836,41827166383000,171538052000001,-7.347,2.157,-34.248,0
1398294557848,41827177949000,171538052000001,-7.347,2.157,-34.248,0
1398294557856,41827186372000,171538052000001,-7.347,2.157,-34.248,0
1398294557866,41827196351000,171538052000001,-7.347,2.157,-34.248,0
1398294557876,41827206330000,171538052000001,-7.347,2.157,-34.248,0
1398294557886,41827216340000,171538052000001,-7.347,2.157,-34.248,0
1398294557897,41827226380000,171538052000001,-7.347,2.157,-34.248,0
1398294557906,41827236390000,171538052000001,-7.347,2.157,-34.248,0
1398294557917,41827246400000,171538052000001,-7.347,2.157,-34.248,0
1398294557982,41827256410000,171538052000001,-7.347,2.157,-34.248,0
1398294557983,41827266389000,171538052000001,-7.347,2.157,-34.248,0
1398294557985,41827276399000,171538052000001,-7.347,2.157,-34.248,0
1398294557986,41827286408000,171538052000001,-7.347,2.157,-34.248,0
1398294557988,41827296418000,171538052000001,-7.347,2.157,-34.248,0
1398294557991,41827306428000,171538052000001,-7.347,2.157,-34.248,0
1398294557993,41827316468000,171538052000001,-7.347,2.157,-34.248,0
1398294557998,41827326661000,171538052000001,-7.347,1.85,-34.248,0
1398294558025,41827336488000,171538052000001,-7.347,1.85,-34.248,0
1398294558094,41827346467000,171538052000001,-7.012,1.85,-34.248,0
1398294558095,41827358033000,171538052000001,-7.012,1.85,-34.248,0
1398294558097,41827366548000,171538052000001,-7.012,1.85,-34.248,0
1398294558098,41827376496000,171538052000001,-7.012,1.85,-34.248,0
1398294558099,41827386506000,171538052000001,-6.631,1.85,-34.248,0
1398294558101,41827396546000,171538052000001,-6.631,1.85,-34.248,0
1398294558102,41827406587000,171538052000001,-6.631,1.85,-34.248,0
1398294558103,41827416566000,171538052000001,-6.631,1.85,-34.248,0
1398294558105,41827426576000,171538052000001,-6.631,1.85,-34.248,0
1398294558111,41827436555000,171538052000001,-6.631,1.85,-34.248,0
1398294558116,41827446595000,171538052000001,-6.631,1.85,-34.248,0
1398294558127,41827456605000,171538052000001,-6.631,1.85,-34.248,0
1398294558136,41827466584000,171538052000001,-6.631,1.85,-34.248,0
1398294558151,41827481477000,171538052000001,-6.631,1.85,-34.248,0
1398294558156,41827486573000,171538052000001,-6.631,1.85,-34.248,0
1398294558166,41827496644000,171538052000001,-6.327,1.85,-34.248,0
1398294558176,41827506654000,171538052000001,-6.327,1.85,-34.248,0
1398294558186,41827516664000,171538052000001,-6.327,1.85,-34.248,0
1398294558196,41827526673000,171538052000001,-6.327,1.85,-34.248,0
1398294558208,41827538209000,171538052000001,-6.327,1.85,-34.248,0
1398294558217,41827546723000,171538052000001,-6.327,1.85,-34.248,0
1398294558226,41827556703000,171538052000001,-6.327,1.85,-34.248,0
1398294558236,41827566682000,171538052000001,-6.327,1.85,-34.248,0
1398294558246,41827576692000,171538052000001,-6.327,1.85,-34.248,0
1398294558256,41827586701000,171538052000001,-6.327,1.85,-34.248,0
1398294558268,41827596742000,171538052000001,-6.327,1.509,-34.248,0
1398294558277,41827606813000,171538052000001,-6.327,1.509,-34.248,0
1398294558292,41827616822000,171538052000001,-6.327,1.509,-34.248,0
1398294558297,41827626802000,171538052000001,-6.327,1.509,-34.248,0
1398294558307,41827636781000,171538052000001,-6.327,1.509,-34.248,0
1398294558317,41827646791000,171538052000001,-6.327,1.138,-34.248,0
1398294558327,41827656800000,171538052000001,-6.663,1.138,-34.248,0
1398294558337,41827666810000,171538052000001,-6.663,1.138,-34.248,0
1398294558347,41827676820000,171538052000001,-6.663,0.793,-33.895,0
1398294558357,41827686830000,171538052000001,-6.663,0.793,-33.895,0
1398294558369,41827696839000,171538052000001,-6.988,0.793,-33.895,0
1398294558377,41827706910000,171538052000001,-6.988,0.376,-33.895,0
1398294558389,41827718415000,171538052000001,-6.988,0.376,-33.895,0
1398294558397,41827726899000,171538052000001,-7.337,0.061,-33.515,0
1398294558407,41827736878000,171538052000001,-7.337,0.061,-33.515,0
1398294558417,41827746888000,171538052000001,-7.337,-0.244,-33.515,0
1398294558427,41827757081000,171538052000001,-7.337,-0.244,-33.515,0
1398294558437,41827766908000,171538052000001,-7.733,-0.584,-33.151,0
1398294558452,41827776918000,171538052000001,-7.733,-0.584,-33.151,0
1398294558457,41827786927000,171538052000001,-7.733,-0.933,-33.151,0
1398294558467,41827796968000,171538052000001,-7.733,-0.933,-33.151,0
1398294558478,41827806977000,171538052000001,-7.733,-1.272,-33.151,0
1398294558488,41827817018000,171538052000001,-7.733,-1.272,-33.151,0
1398294558500,41827826997000,171538052000001,-7.733,-1.272,-33.151,0
1398294558507,41827837037000,171538052000001,-7.733,-1.686,-32.792,0
1398294558518,41827847291000,171538052000001,-7.733,-1.686,-32.792,0
1398294558527,41827856996000,171538052000001,-7.733,-1.686,-32.792,0
1398294558537,41827867005000,171538052000001,-7.733,-1.686,-32.792,0
1398294558550,41827877015000,171538052000001,-7.733,-2.005,-32.792,0
1398294558560,41827887055000,171538052000001,-7.733,-2.005,-32.792,0
1398294558569,41827898591000,171538052000001,-7.733,-2.005,-32.792,0
1398294558577,41827907075000,171538052000001,-7.733,-2.005,-32.792,0
1398294558587,41827917054000,171538052000001,-7.733,-2.005,-32.792,0
1398294558597,41827927064000,171538052000001,-7.733,-2.005,-32.792,0
1398294558607,41827937043000,171538052000001,-7.733,-2.005,-32.792,0
1398294558617,41827947053000,171538052000001,-7.733,-2.005,-32.792,0
1398294558628,41827957093000,171538052000001,-7.409,-2.005,-32.792,0
1398294558637,41827967103000,171538052000001,-7.409,-2.005,-33.131,0
1398294558647,41827977082000,171538052000001,-7.409,-2.005,-33.131,0
1398294558657,41827987123000,171538052000001,-7.409,-2.005,-33.131,0
1398294558667,41827997132000,171538052000001,-7.409,-2.005,-33.131,0
1398294558677,41828007142000,171538052000001,-7.044,-2.005,-33.131,0
1398294558687,41828017152000,171538052000001,-7.044,-1.704,-33.131,0
1398294558697,41828027162000,171538052000001,-7.044,-1.704,-33.462,0
1398294558710,41828037141000,171538052000001,-7.044,-1.704,-33.462,0
1398294558717,41828047151000,171538052000001,-6.649,-1.704,-33.462,0
1398294558727,41828057191000,171538052000001,-6.649,-1.704,-33.462,0
1398294558737,41828067170000,171538052000001,-6.649,-1.388,-33.772,0
1398294558749,41828078736000,171538052000001,-6.649,-1.388,-33.772,0
1398294558765,41828087251000,171538052000001,-6.269,-1.388,-33.772,0
1398294558767,41828097199000,171538052000001,-6.269,-1.388,-33.772,0
1398294558777,41828107209000,171538052000001,-6.269,-1.388,-33.772,0
1398294558788,41828117311000,171538052000001,-5.95,-1.037,-34.092,0
1398294558798,41828127320000,171538052000001,-5.95,-1.037,-34.092,0
1398294558809,41828137269000,171538052000001,-5.95,-1.037,-34.092,0
1398294558817,41828147340000,171538052000001,-5.95,-0.723,-34.092,0
1398294558827,41828157319000,171538052000001,-5.95,-0.723,-34.092,0
1398294558837,41828167329000,171538052000001,-5.95,-0.723,-34.092,0
1398294558848,41828177339000,171538052000001,-5.95,-0.384,-34.092,0
1398294558857,41828187532000,171538052000001,-5.95,-0.384,-34.414,0
1398294558867,41828197358000,171538052000001,-5.95,-0.384,-34.414,0
1398294558878,41828207368000,171538052000001,-5.95,-0.022,-34.414,0
1398294558887,41828217317000,171538052000001,-5.95,-0.022,-34.414,0
1398294558897,41828227326000,171538052000001,-5.95,-0.022,-34.414,0
1398294558907,41828237336000,171538052000001,-5.95,0.376,-34.414,0
1398294558917,41828247346000,171538052000001,-5.95,0.376,-34.414,0
1398294558930,41828258973000,171538052000001,-5.95,0.376,-34.414,0
1398294558939,41828267427000,171538052000001,-5.95,0.708,-34.414,0
1398294558948,41828277436000,171538052000001,-5.95,0.708,-34.414,0
1398294558961,41828287385000,171538052000001,-5.95,0.708,-34.414,0
1398294558967,41828297425000,171538052000001,-5.95,1.025,-34.414,0
1398294558978,41828307435000,171538052000001,-5.95,1.025,-34.414,0
1398294558988,41828317445000,171538052000001,-5.95,1.025,-34.414,0
1398294558998,41828327485000,171538052000001,-6.257,1.025,-34.414,0
1398294559008,41828337434000,171538052000001,-6.257,1.025,-34.414,0
1398294559018,41828347474000,171538052000001,-6.257,1.025,-34.414,0
1398294559027,41828357484000,171538052000001,-6.257,1.025,-34.414,0
1398294559037,41828367463000,171538052000001,-6.257,1.025,-34.414,0
1398294559047,41828377503000,171538052000001,-6.257,1.025,-34.414,0
1398294559058,41828387483000,171538052000001,-6.257,1.025,-34.414,0
1398294559072,41828401643000,171538052000001,-6.257,1.025,-34.414,0
1398294559078,41828407533000,171538052000001,-6.257,1.025,-34.414,0
1398294559088,41828417512000,171538052000001,-6.257,1.025,-34.414,0
1398294559097,41828427522000,171538052000001,-6.257,1.025,-34.414,0
1398294559110,41828439118000,171538052000001,-6.257,1.025,-34.414,0
1398294559118,41828447602000,171538052000001,-6.257,1.344,-34.414,0
1398294559128,41828457582000,171538052000001,-6.257,1.344,-34.414,0
1398294559138,41828467591000,171538052000001,-6.257,1.344,-34.414,0
1398294559148,41828477632000,171538052000001,-6.257,1.344,-34.414,0
1398294559159,41828487611000,171538052000001,-6.257,1.344,-34.414,0
1398294559167,41828497590000,171538052000001,-5.92,1.344,-34.414,0
1398294559178,41828507600000,171538052000001,-5.92,1.344,-34.414,0
1398294559188,41828517610000,171538052000001,-5.92,1.344,-34.414,0
1398294559198,41828527619000,171538052000001,-5.92,1.344,-34.414,0
1398294559208,41828537629000,171538052000001,-5.92,1.344,-34.414,0
1398294559218,41828547700000,171538052000001,-5.92,1.344,-34.414,0
1398294559229,41828557679000,171538052000001,-5.618,1.344,-34.414,0
1398294559238,41828567689000,171538052000001,-5.618,1.344,-34.414,0
1398294559248,41828577699000,171538052000001,-5.618,1.344,-34.414,0
1398294559258,41828587678000,171538052000001,-5.618,1.344,-34.414,0
1398294559267,41828597688000,171538052000001,-5.618,1.344,-34.414,0
1398294559277,41828607728000,171538052000001,-5.618,1.344,-34.414,0
1398294559290,41828619264000,171538052000001,-5.618,1.344,-34.414,0
1398294559298,41828627778000,171538052000001,-5.921,1.344,-34.414,0
1398294559308,41828637757000,171538052000001,-5.921,1.344,-34.414,0
1398294559317,41828647737000,171538052000001,-5.921,1.344,-34.414,0
1398294559328,41828657777000,171538052000001,-5.921,1.344,-34.414,0
1398294559338,41828667787000,171538052000001,-5.921,1.344,-34.414,0
1398294559348,41828677796000,171538052000001,-5.921,1.344,-34.414,0
1398294559358,41828687776000,171538052000001,-5.921,1.344,-34.414,0
1398294559368,41828697816000,171538052000001,-5.921,1.344,-34.414,0
1398294559381,41828710603000,171538052000001,-5.921,1.344,-34.414,0
1398294559388,41828717805000,171538052000001,-5.921,1.344,-34.414,0
1398294559398,41828727906000,171538052000001,-5.921,1.344,-34.414,0
1398294559409,41828737855000,171538052000001,-6.265,1.344,-34.414,0
1398294559418,41828747987000,171538052000001,-6.265,1.344,-34.414,0
1398294559428,41828757905000,171538052000001,-6.265,1.344,-34.414,0
1398294559438,41828767884000,171538052000001,-6.265,1.344,-34.414,0
1398294559448,41828777894000,171538052000001,-6.265,1.344,-34.414,0
1398294559458,41828787904000,171538052000001,-6.265,1.344,-34.414,0
1398294559470,41828799470000,171538052000001,-6.265,1.036,-34.414,0
1398294559482,41828807984000,171538052000001,-6.265,1.036,-34.414,0
1398294559489,41828817964000,171538052000001,-6.265,1.036,-34.414,0
1398294559498,41828827973000,171538052000001,-6.265,1.036,-34.414,0
1398294559508,41828837983000,171538052000001,-6.265,1.036,-34.414,0
1398294559518,41828847993000,171538052000001,-6.265,1.036,-34.414,0
1398294559528,41828857972000,171538052000001,-6.265,1.036,-34.414,0
1398294559538,41828867982000,171538052000001,-6.265,1.036,-34.414,0
1398294559549,41828878022000,171538052000001,-6.265,1.036,-34.414,0
1398294559562,41828888032000,171538052000001,-6.265,1.036,-34.414,0
1398294559568,41828898072000,171538052000001,-6.265,1.036,-34.414,0
1398294559579,41828908082000,171538052000001,-6.265,1.036,-34.414,0
1398294559588,41828918061000,171538052000001,-6.649,1.036,-34.414,0
1398294559598,41828928071000,171538052000001,-6.649,1.036,-34.414,0
1398294559608,41828938050000,171538052000001,-6.649,1.036,-34.414,0
1398294559618,41828948060000,171538052000001,-6.649,1.036,-34.414,0
1398294559628,41828958070000,171538052000001,-6.649,1.036,-34.414,0
1398294559638,41828968110000,171538052000001,-6.649,1.036,-34.414,0
1398294559650,41828979676000,171538052000001,-6.649,1.344,-34.414,0
1398294559658,41828988160000,171538052000001,-6.962,1.344,-34.414,0
1398294559668,41828998139000,171538052000001,-6.962,1.344,-34.414,0
1398294559678,41829008149000,171538052000001,-6.962,1.344,-34.414,0
1398294559693,41829023316000,171538052000001,-6.962,1.344,-34.092,0
1398294559698,41829028108000,171538052000001,-6.962,1.344,-34.092,0
1398294559708,41829038117000,171538052000001,-6.962,1.344,-34.092,0
1398294559718,41829048127000,171538052000001,-6.962,1.344,-34.092,0
1398294559729,41829058320000,171538052000001,-6.962,1.344,-34.092,0
1398294559739,41829068147000,171538052000001,-6.962,1.344,-34.092,0
1398294559748,41829078157000,171538052000001,-6.962,1.344,-34.092,0
1398294559758,41829088166000,171538052000001,-6.962,1.344,-34.092,0
1398294559768,41829098176000,171538052000001,-6.962,1.344,-34.092,0
1398294559778,41829108216000,171538052000001,-6.962,1.344,-34.092,0
1398294559789,41829118196000,171538052000001,-6.962,1.344,-34.092,0
1398294559798,41829128236000,171538052000001,-6.962,1.344,-34.092,0
1398294559808,41829138246000,171538052000001,-6.962,1.344,-34.092,0
1398294559818,41829148225000,171538052000001,-6.962,1.344,-34.092,0
1398294559831,41829159791000,171538052000001,-6.962,1.344,-34.092,0
1398294559840,41829168366000,171538052000001,-6.962,1.344,-34.092,0
1398294559849,41829178346000,171538052000001,-6.962,1.344,-34.092,0
1398294559861,41829188325000,171538052000001,-6.962,1.344,-34.092,0
1398294559868,41829198335000,171538052000001,-6.962,1.344,-34.092,0
1398294559879,41829208345000,171538052000001,-6.962,1.344,-34.092,0
1398294559890,41829218354000,171538052000001,-6.962,1.344,-34.092,0
1398294559898,41829228364000,171538052000001,-6.962,1.344,-34.092,0
1398294559908,41829238374000,171538052000001,-6.962,1.344,-33.79,0
1398294559918,41829248353000,171538052000001,-6.962,1.344,-33.79,0
1398294559928,41829258363000,171538052000001,-7.301,1.344,-33.79,0
1398294559940,41829268373000,171538052000001,-7.301,1.344,-33.79,0
1398294559948,41829278382000,171538052000001,-7.301,1.344,-33.79,0
1398294559958,41829288392000,171538052000001,-7.301,1.344,-33.79,0
1398294559968,41829298402000,171538052000001,-7.301,1.344,-33.79,0
1398294559978,41829308412000,171538052000001,-7.604,1.344,-33.79,0
1398294559993,41829323243000,171538052000001,-7.604,1.344,-33.79,0
1398294559998,41829328401000,171538052000001,-7.604,1.344,-33.79,0
1398294560010,41829340058000,171538052000001,-7.604,1.344,-33.79,0
1398294560018,41829348451000,171538052000001,-7.604,1.344,-33.79,0
1398294560028,41829358430000,171538052000001,-7.604,1.344,-33.79,0
1398294560039,41829368440000,171538052000001,-7.928,1.344,-33.79,0
1398294560048,41829378480000,171538052000001,-7.928,1.344,-33.79,0
1398294560063,41829388459000,171538052000001,-7.928,1.344,-33.79,0
1398294560069,41829398469000,171538052000001,-7.928,1.344,-33.79,0
1398294560079,41829408479000,171538052000001,-7.928,1.673,-33.79,0
1398294560089,41829418489000,171538052000001,-7.928,1.673,-33.79,0
1398294560099,41829428498000,171538052000001,-7.928,1.673,-33.79,0
1398294560109,41829438508000,171538052000001,-7.928,1.673,-33.79,0
1398294560119,41829448518000,171538052000001,-7.928,1.673,-33.79,0
1398294560129,41829458558000,171538052000001,-8.274,1.673,-33.79,0
1398294560139,41829468598000,171538052000001,-8.274,1.673,-33.79,0
1398294560149,41829478578000,171538052000001,-8.274,1.673,-33.79,0
1398294560159,41829488771000,171538052000001,-8.274,1.673,-33.79,0
1398294560168,41829498597000,171538052000001,-8.274,1.673,-33.79,0
1398294560178,41829508607000,171538052000001,-8.274,1.673,-33.79,0
1398294560190,41829520173000,171538052000001,-8.274,1.673,-33.79,0
1398294560198,41829528657000,171538052000001,-8.274,1.673,-33.79,0
1398294560209,41829538667000,171538052000001,-8.274,1.673,-33.79,0
1398294560219,41829548646000,171538052000001,-7.946,1.673,-33.79,0
1398294560229,41829558656000,171538052000001,-7.946,1.673,-33.79,0
1398294560240,41829568666000,171538052000001,-7.946,1.673,-33.79,0
1398294560249,41829578706000,171538052000001,-7.946,1.673,-33.79,0
1398294560259,41829588685000,171538052000001,-7.946,1.673,-33.79,0
1398294560269,41829598695000,171538052000001,-7.64,1.673,-33.79,0
1398294560279,41829608735000,171538052000001,-7.64,1.673,-33.79,0
1398294560289,41829618745000,171538052000001,-7.64,1.673,-33.79,0
1398294560303,41829632203000,171538052000001,-7.318,1.673,-33.79,0
1398294560309,41829638764000,171538052000001,-7.318,1.673,-33.79,0
1398294560319,41829648805000,171538052000001,-7.318,1.673,-33.79,0
1398294560329,41829658723000,171538052000001,-7.318,1.673,-33.79,0
1398294560339,41829668794000,171538052000001,-7.006,1.673,-33.79,0
1398294560349,41829678712000,171538052000001,-7.006,1.673,-33.79,0
1398294560358,41829688722000,171538052000001,-7.006,1.673,-33.79,0
1398294560371,41829700288000,171538052000001,-7.006,1.365,-33.79,0
1398294560379,41829708802000,171538052000001,-7.006,1.365,-33.79,0
1398294560392,41829718782000,171538052000001,-7.006,1.365,-33.79,0
1398294560399,41829728791000,171538052000001,-7.006,1.365,-33.79,0
1398294560409,41829738801000,171538052000001,-7.006,1.365,-33.79,0
1398294560419,41829748780000,171538052000001,-7.006,1.365,-33.79,0
1398294560429,41829758851000,171538052000001,-7.006,1.365,-33.79,0
1398294560439,41829768861000,171538052000001,-6.677,1.365,-33.79,0
1398294560449,41829778871000,171538052000001,-6.677,1.365,-33.79,0
1398294560459,41829788880000,171538052000001,-6.677,1.365,-33.79,0
1398294560469,41829798890000,171538052000001,-6.677,1.365,-33.79,0
1398294560479,41829808961000,171538052000001,-6.677,1.365,-33.79,0
1398294560491,41829818940000,171538052000001,-6.677,1.365,-33.79,0
1398294560499,41829828950000,171538052000001,-6.677,1.365,-33.79,0
1398294560509,41829838960000,171538052000001,-6.677,1.365,-33.79,0
1398294560519,41829849000000,171538052000001,-6.677,1.365,-33.79,0
1398294560529,41829859010000,171538052000001,-6.677,1.365,-33.79,0
1398294560539,41829868989000,171538052000001,-6.677,1.365,-33.79,0
1398294560551,41829880555000,171538052000001,-6.677,1.365,-33.79,0
1398294560567,41829889070000,171538052000001,-6.677,1.365,-33.79,0
1398294560572,41829899018000,171538052000001,-6.677,1.365,-33.79,0
1398294560580,41829909028000,171538052000001,-6.979,1.365,-33.79,0
1398294560589,41829919190000,171538052000001,-6.979,1.365,-33.79,0
1398294560599,41829929048000,171538052000001,-6.979,1.365,-33.79,0
1398294560609,41829938996000,171538052000001,-6.979,1.365,-33.79,0
1398294560619,41829949037000,171538052000001,-6.979,1.365,-33.79,0
1398294560629,41829959016000,171538052000001,-6.979,1.365,-33.79,0
1398294560639,41829969026000,171538052000001,-6.979,1.365,-33.79,0
1398294560649,41829979035000,171538052000001,-6.979,1.365,-33.79,0
1398294560659,41829989045000,171538052000001,-6.979,1.365,-33.79,0
1398294560669,41829999055000,171538052000001,-6.979,1.365,-33.79,0
1398294560679,41830009065000,171538052000001,-6.979,1.365,-33.79,0
1398294560689,41830019074000,171538052000001,-6.979,1.365,-33.79,0
1398294560699,41830029084000,171538052000001,-6.979,1.365,-34.162,0
1398294560709,41830039094000,171538052000001,-6.979,1.365,-34.162,0
1398294560719,41830049134000,171538052000001,-6.979,1.365,-34.162,0
1398294560731,41830060639000,171538052000001,-6.979,1.365,-34.162,0
1398294560739,41830069154000,171538052000001,-6.979,1.365,-34.162,0
1398294560749,41830079103000,171538052000001,-6.979,1.365,-34.162,0
1398294560759,41830089143000,171538052000001,-6.979,1.365,-34.162,0
1398294560769,41830099122000,171538052000001,-6.979,1.365,-34.162,0
1398294560779,41830109162000,171538052000001,-6.979,1.365,-34.162,0
1398294560789,41830119172000,171538052000001,-6.979,1.365,-34.162,0
1398294560799,41830129212000,171538052000001,-6.979,1.365,-34.162,0
1398294560809,41830139192000,171538052000001,-6.979,1.365,-34.162,0
1398294560819,41830149201000,171538052000001,-6.979,1.365,-34.162,0
1398294560829,41830159211000,171538052000001,-6.979,1.365,-34.162,0
1398294560839,41830169221000,171538052000001,-7.296,1.365,-34.162,0
1398294560849,41830179231000,171538052000001,-7.296,1.365,-34.162,0
1398294560859,41830189210000,171538052000001,-7.296,1.365,-34.162,0
1398294560869,41830199250000,171538052000001,-7.296,1.365,-34.162,0
1398294560879,41830209260000,171538052000001,-7.296,1.699,-34.162,0
1398294560889,41830219300000,171538052000001,-7.296,1.699,-34.162,0
1398294560899,41830229280000,171538052000001,-7.296,1.699,-34.162,0
1398294560911,41830240846000,171538052000001,-7.296,1.699,-34.162,0
1398294560920,41830249330000,171538052000001,-7.296,1.699,-34.162,0
1398294560929,41830259309000,171538052000001,-7.296,1.699,-34.162,0
1398294560939,41830269319000,171538052000001,-7.296,1.699,-34.162,0
1398294560949,41830279328000,171538052000001,-6.936,1.699,-34.162,0
1398294560959,41830289338000,171538052000001,-6.936,1.699,-34.162,0
1398294560970,41830299348000,171538052000001,-6.936,1.699,-34.162,0
1398294560979,41830309419000,171538052000001,-6.936,1.699,-34.162,0
1398294560989,41830319398000,171538052000001,-6.936,1.699,-34.162,0
1398294560999,41830329408000,171538052000001,-6.936,1.699,-34.162,0
1398294561009,41830339418000,171538052000001,-6.936,1.699,-34.162,0
1398294561019,41830349427000,171538052000001,-6.936,1.699,-34.162,0
1398294561029,41830359437000,171538052000001,-6.629,1.699,-34.162,0
1398294561039,41830369447000,171538052000001,-6.629,1.699,-34.162,0
1398294561049,41830379457000,171538052000001,-6.629,1.699,-34.162,0
1398294561059,41830389466000,171538052000001,-6.629,1.699,-34.162,0
1398294561069,41830399476000,171538052000001,-6.629,1.699,-34.162,0
1398294561079,41830409486000,171538052000001,-6.629,1.397,-34.162,0
1398294561091,41830421052000,171538052000001,-6.629,1.397,-34.162,0
1398294561099,41830429536000,171538052000001,-6.629,1.397,-34.162,0
1398294561109,41830439515000,171538052000001,-6.629,1.397,-34.162,0
1398294561123,41830449494000,171538052000001,-6.629,1.397,-34.162,0
1398294561133,41830462831000,171538052000001,-6.629,1.397,-34.162,0
1398294561143,41830472779000,171538052000001,-6.629,1.397,-34.162,0
1398294561153,41830483155000,171538052000001,-6.629,1.397,-34.162,0
1398294561163,41830493165000,171538052000001,-6.629,1.397,-34.162,0
1398294561173,41830502534000,171538052000001,-6.629,1.397,-34.162,0
1398294561183,41830512757000,171538052000001,-6.314,1.397,-34.162,0
1398294561193,41830522798000,171538052000001,-6.314,1.397,-34.162,0
1398294561200,41830530397000,171538052000001,-6.314,1.397,-34.162,0
1398294561213,41830542848000,171538052000001,-6.314,1.397,-34.162,0
1398294561222,41830550111000,171538052000001,-6.314,1.397,-34.162,0
1398294561230,41830559632000,171538052000001,-6.314,1.397,-34.162,0
1398294561240,41830569612000,171538052000001,-5.94,1.397,-34.162,0
1398294561250,41830579621000,171538052000001,-5.94,1.397,-34.162,0
1398294561260,41830589631000,171538052000001,-5.94,1.397,-34.162,0
1398294561271,41830601197000,171538052000001,-5.94,1.397,-34.162,0
1398294561280,41830609681000,171538052000001,-5.94,1.086,-34.162,0
1398294561290,41830619660000,171538052000001,-5.575,1.086,-34.162,0
1398294561300,41830629670000,171538052000001,-5.575,1.086,-34.466,0
1398294561310,41830639680000,171538052000001,-5.575,1.086,-34.466,0
1398294561321,41830649690000,171538052000001,-5.575,1.086,-34.466,0
1398294561333,41830662904000,171538052000001,-5.23,1.086,-34.466,0
1398294561343,41830673310000,171538052000001,-5.23,1.086,-34.466,0
1398294561353,41830682984000,171538052000001,-5.23,0.762,-34.466,0
1398294561363,41830692933000,171538052000001,-5.23,0.762,-34.466,0
1398294561373,41830703218000,171538052000001,-4.93,0.762,-34.466,0
1398294561383,41830712983000,171538052000001,-4.93,0.762,-34.466,0
1398294561393,41830723023000,171538052000001,-4.93,0.762,-34.466,0
1398294561403,41830733003000,171538052000001,-4.93,0.762,-34.466,0
1398294561411,41830740571000,171538052000001,-4.93,0.762,-34.466,0
1398294561426,41830755616000,171538052000001,-4.93,0.762,-34.466,0
1398294561431,41830760560000,171538052000001,-4.93,0.762,-34.466,0
1398294561444,41830773377000,171538052000001,-4.93,0.762,-34.466,0
1398294561453,41830782350000,171538052000001,-4.93,0.762,-34.466,0
1398294561461,41830790559000,171538052000001,-4.93,0.762,-34.466,0
1398294561473,41830802827000,171538052000001,-4.93,0.762,-34.466,0
1398294561483,41830812776000,171538052000001,-4.93,0.762,-34.466,0
1398294561492,41830822328000,171538052000001,-4.93,0.762,-34.466,0
1398294561503,41830832765000,171538052000001,-4.93,0.762,-34.466,0
1398294561536,41830844697000,171538052000001,-4.614,0.762,-34.466,0
1398294561538,41830850617000,171538052000001,-4.614,0.762,-34.466,0
1398294561540,41830861360000,171538052000001,-4.614,0.762,-34.466,0
1398294561541,41830869935000,171538052000001,-4.614,0.762,-34.466,0
1398294561553,41830883180000,171538052000001,-4.614,0.762,-34.466,0
1398294561563,41830892762000,171538052000001,-4.614,0.762,-34.466,0
1398294561573,41830902925000,171538052000001,-4.614,0.762,-34.466,0
1398294561583,41830912751000,171538052000001,-4.614,0.762,-34.466,0
1398294561593,41830922761000,171538052000001,-4.614,0.762,-34.466,0
1398294561603,41830932923000,171538052000001,-4.614,0.762,-34.466,0
1398294561613,41830942994000,171538052000001,-4.614,0.762,-34.466,0
1398294561621,41830950593000,171538052000001,-4.614,0.762,-34.466,0
1398294561635,41830964814000,171538052000001,-4.614,0.762,-34.466,0
1398294561642,41830972261000,171538052000001,-4.614,0.762,-34.466,0
1398294561653,41830983003000,171538052000001,-4.614,0.762,-34.466,0
1398294561664,41830993959000,171538052000001,-4.614,0.762,-34.466,0
1398294561672,41831001924000,171538052000001,-4.614,0.762,-34.466,0
1398294561683,41831013185000,171538052000001,-4.614,0.762,-34.466,0
1398294561693,41831023469000,171538052000001,-4.614,0.762,-34.466,0
1398294561704,41831033845000,171538052000001,-4.614,0.762,-34.466,0
1398294561713,41831042787000,171538052000001,-4.614,0.762,-34.466,0
1398294561722,41831050263000,171538052000001,-4.614,0.762,-34.466,0
1398294561730,41831060121000,171538052000001,-4.614,0.762,-34.466,0
1398294561740,41831070130000,171538052000001,-4.614,0.762,-34.466,0
1398294561750,41831080110000,171538052000001,-4.614,0.762,-34.466,0
1398294561760,41831090150000,171538052000001,-4.614,0.762,-34.466,0
1398294561770,41831100129000,171538052000001,-4.614,0.762,-34.466,0
1398294561780,41831110169000,171538052000001,-4.614,0.762,-34.466,0
1398294561790,41831120179000,171538052000001,-4.614,0.762,-34.466,0
1398294561800,41831130189000,171538052000001,-4.614,0.762,-34.466,0
1398294561812,41831141725000,171538052000001,-4.614,0.762,-34.466,0
1398294561821,41831150239000,171538052000001,-4.614,0.762,-34.466,0
1398294561838,41831160646000,171538052000001,-4.614,0.762,-34.466,0
1398294561841,41831170198000,171538052000001,-4.614,0.762,-34.466,0
1398294561859,41831182099000,171538052000001,-4.614,0.762,-34.466,0
1398294561861,41831190217000,171538052000001,-4.614,0.762,-34.466,0
1398294561873,41831200196000,171538052000001,-4.614,0.762,-34.466,0
1398294561881,41831211152000,171538052000001,-4.614,0.762,-34.466,0
1398294561893,41831220399000,171538052000001,-4.945,0.762,-34.466,0
1398294561904,41831230226000,171538052000001,-4.945,0.762,-34.466,0
1398294561910,41831240235000,171538052000001,-4.945,0.762,-34.466,0
1398294561921,41831250276000,171538052000001,-4.945,0.762,-34.466,0
1398294561932,41831261445000,171538052000001,-4.945,0.762,-34.466,0
1398294561946,41831270295000,171538052000001,-4.945,0.762,-34.466,0
1398294561952,41831280305000,171538052000001,-4.945,0.762,-34.466,0
1398294561960,41831290284000,171538052000001,-4.945,0.762,-34.466,0
1398294561973,41831300324000,171538052000001,-4.945,0.762,-34.466,0
1398294561980,41831310304000,171538052000001,-4.945,0.762,-34.466,0
1398294561992,41831321839000,171538052000001,-4.945,0.762,-34.466,0
1398294562001,41831330354000,171538052000001,-4.945,0.762,-34.466,0
1398294562010,41831340333000,171538052000001,-4.945,0.762,-34.466,0
1398294562020,41831350343000,171538052000001,-4.945,0.762,-34.466,0
1398294562030,41831360353000,171538052000001,-4.945,0.456,-34.466,0
1398294562041,41831370545000,171538052000001,-4.945,0.456,-34.466,0
1398294562050,41831380342000,171538052000001,-4.568,0.456,-34.466,0
1398294562060,41831390351000,171538052000001,-4.568,0.456,-34.466,0
1398294562070,41831400361000,171538052000001,-4.568,0.456,-34.466,0
1398294562088,41831410371000,171538052000001,-4.258,0.123,-34.466,0
1398294562090,41831420442000,171538052000001,-4.258,0.123,-34.466,0
1398294562107,41831430482000,171538052000001,-4.258,0.123,-34.466,0
1398294562110,41831440461000,171538052000001,-4.258,0.123,-34.466,0
1398294562120,41831450440000,171538052000001,-3.939,0.123,-34.466,0
1398294562130,41831460420000,171538052000001,-3.939,0.123,-34.466,0
1398294562140,41831470460000,171538052000001,-3.939,-0.212,-34.466,0
1398294562150,41831480470000,171538052000001,-3.939,-0.212,-34.466,0
1398294562160,41831490449000,171538052000001,-3.939,-0.212,-34.466,0
1398294562172,41831502015000,171538052000001,-3.63,-0.212,-34.466,0
1398294562180,41831510499000,171538052000001,-3.63,-0.212,-34.466,0
1398294562191,41831520478000,171538052000001,-3.63,-0.543,-34.466,0
1398294562202,41831530488000,171538052000001,-3.63,-0.543,-34.466,0
1398294562210,41831540498000,171538052000001,-3.63,-0.543,-34.466,0
1398294562221,41831550508000,171538052000001,-3.63,-0.543,-34.466,0
1398294562230,41831560517000,171538052000001,-3.63,-0.543,-34.466,0
1398294562241,41831570558000,171538052000001,-3.63,-0.543,-34.466,0
1398294562250,41831580537000,171538052000001,-3.63,-0.543,-34.466,0
1398294562261,41831590577000,171538052000001,-3.63,-0.543,-34.466,0
1398294562271,41831600556000,171538052000001,-3.63,-0.543,-34.466,0
1398294562281,41831610566000,171538052000001,-3.63,-0.543,-34.466,0
1398294562294,41831620606000,171538052000001,-3.63,-0.543,-34.466,0
1398294562310,41831630616000,171538052000001,-3.63,-0.543,-34.466,0
1398294562316,41831640626000,171538052000001,-3.63,-0.543,-34.466,0
1398294562321,41831650788000,171538052000001,-3.63,-0.543,-34.466,0
1398294562330,41831660615000,171538052000001,-3.63,-0.543,-34.466,0
1398294562341,41831670625000,171538052000001,-3.63,-0.543,-34.466,0
1398294562352,41831682191000,171538052000001,-3.63,-0.543,-34.466,0
1398294562361,41831690675000,171538052000001,-3.63,-0.543,-34.466,0
1398294562371,41831700654000,171538052000001,-3.63,-0.543,-34.466,0
1398294562381,41831710664000,171538052000001,-3.63,-0.543,-34.466,0
1398294562391,41831720674000,171538052000001,-3.985,-0.543,-34.466,0
1398294562402,41831731141000,171538052000001,-3.985,-0.543,-34.466,0
1398294562411,41831740693000,171538052000001,-3.985,-0.543,-34.466,0
1398294562421,41831750764000,171538052000001,-3.985,-0.543,-34.466,0
1398294562432,41831760713000,171538052000001,-4.371,-0.543,-34.466,0
1398294562442,41831770753000,171538052000001,-4.371,-0.543,-34.466,0
1398294562455,41831780732000,171538052000001,-4.371,-0.543,-34.466,0
1398294562461,41831790742000,171538052000001,-4.371,-0.543,-34.466,0
1398294562471,41831800782000,171538052000001,-4.692,-0.543,-34.466,0
1398294562481,41831810792000,171538052000001,-4.692,-0.543,-34.466,0
1398294562491,41831820771000,171538052000001,-4.692,-0.543,-34.466,0
1398294562501,41831830812000,171538052000001,-4.692,-0.543,-34.466,0
1398294562511,41831840821000,171538052000001,-4.692,-0.543,-34.466,0
1398294562521,41831850801000,171538052000001,-5.0,-0.543,-34.466,0
1398294562533,41831862367000,171538052000001,-5.0,-0.543,-34.466,0
1398294562541,41831870851000,171538052000001,-5.0,-0.543,-34.466,0
1398294562551,41831880860000,171538052000001,-5.352,-0.212,-34.466,0
1398294562561,41831890840000,171538052000001,-5.352,-0.212,-34.466,0
1398294562571,41831900819000,171538052000001,-5.352,-0.212,-34.466,0
1398294562581,41831910859000,171538052000001,-5.696,-0.212,-34.466,0
1398294562591,41831920869000,171538052000001,-5.696,-0.212,-34.466,0
1398294562601,41831930879000,171538052000001,-5.696,-0.212,-34.466,0
1398294562611,41831940888000,171538052000001,-6.013,-0.212,-34.133,0
1398294562621,41831950898000,171538052000001,-6.013,-0.212,-34.133,0
1398294562631,41831960908000,171538052000001,-6.013,-0.212,-34.133,0
1398294562641,41831970918000,171538052000001,-6.327,-0.212,-34.133,0
1398294562651,41831980928000,171538052000001,-6.327,-0.212,-34.133,0
1398294562662,41831990937000,171538052000001,-6.327,-0.212,-34.133,0
1398294562674,41832000947000,171538052000001,-6.629,-0.212,-34.133,0
1398294562681,41832010957000,171538052000001,-6.629,0.102,-34.133,0
1398294562691,41832020967000,171538052000001,-6.629,0.102,-34.133,0
1398294562701,41832030976000,171538052000001,-7.072,0.102,-33.83,0
1398294562713,41832042543000,171538052000001,-7.072,0.102,-33.83,0
1398294562721,41832051118000,171538052000001,-7.072,0.102,-33.83,0
1398294562732,41832061036000,171538052000001,-7.388,0.102,-33.83,0
1398294562741,41832071046000,171538052000001,-7.388,0.102,-33.83,0
1398294562751,41832081117000,171538052000001,-7.388,0.102,-33.83,0
1398294562761,41832091004000,171538052000001,-7.388,0.102,-33.83,0
1398294562771,41832101045000,171538052000001,-7.388,0.102,-33.83,0
1398294562781,41832111054000,171538052000001,-7.388,0.102,-33.83,0
1398294562792,41832121095000,171538052000001,-7.388,0.102,-33.83,0
1398294562801,41832131074000,171538052000001,-7.388,0.102,-33.83,0
1398294562811,41832141084000,171538052000001,-7.388,0.102,-33.83,0
1398294562821,41832151094000,171538052000001,-7.388,0.102,-33.83,0
1398294562831,41832161073000,171538052000001,-7.388,0.102,-33.83,0
1398294562841,41832171113000,171538052000001,-7.388,0.102,-33.83,0
1398294562851,41832181123000,171538052000001,-7.388,0.102,-33.83,0
1398294562861,41832191133000,171538052000001,-7.388,0.102,-33.83,0
1398294562871,41832201173000,171538052000001,-7.388,0.457,-33.83,0
1398294562882,41832211152000,171538052000001,-7.388,0.457,-33.83,0
1398294562893,41832222688000,171538052000001,-7.04,0.457,-33.83,0
1398294562902,41832231202000,171538052000001,-7.04,0.457,-33.83,0
1398294562912,41832241181000,171538052000001,-7.04,0.457,-33.83,0
1398294562972,41832251191000,171538052000001,-6.636,0.457,-33.83,0
1398294562973,41832261201000,171538052000001,-6.636,0.457,-33.83,0
1398294562975,41832271211000,171538052000001,-6.636,0.457,-33.83,0
1398294562976,41832281220000,171538052000001,-6.274,0.457,-34.185,0
1398294562977,41832291200000,171538052000001,-6.274,0.457,-34.185,0
1398294562979,41832301210000,171538052000001,-6.274,0.457,-34.185,0
1398294562982,41832311250000,171538052000001,-6.274,0.781,-34.185,0
1398294562992,41832321260000,171538052000001,-5.95,0.781,-34.185,0
1398294563002,41832331269000,171538052000001,-5.95,0.781,-34.185,0
1398294563070,41832341279000,171538052000001,-5.95,0.781,-34.185,0
1398294563074,41832351289000,171538052000001,-5.95,0.781,-34.185,0
1398294563076,41832361299000,171538052000001,-5.95,0.781,-34.185,0
1398294563077,41832371278000,171538052000001,-5.95,0.781,-34.185,0
1398294563079,41832381288000,171538052000001,-5.609,0.781,-34.185,0
1398294563083,41832391297000,171538052000001,-5.609,0.781,-34.185,0
1398294563084,41832402894000,171538052000001,-5.609,0.781,-34.185,0
1398294563086,41832411408000,171538052000001,-5.609,0.781,-34.185,0
1398294563093,41832421418000,171538052000001,-5.609,0.781,-34.185,0
1398294563101,41832431367000,171538052000001,-5.609,0.781,-34.185,0
1398294563111,41832441377000,171538052000001,-5.609,0.781,-34.185,0
1398294563121,41832451387000,171538052000001,-5.609,0.781,-34.185,0
1398294563131,41832461396000,171538052000001,-5.609,0.781,-34.185,0
1398294563141,41832471406000,171538052000001,-5.609,0.781,-34.185,0
1398294563152,41832481416000,171538052000001,-5.609,0.781,-34.185,0
1398294563161,41832491426000,171538052000001,-5.609,0.781,-34.185,0
1398294563171,41832501435000,171538052000001,-5.609,0.781,-34.185,0
1398294563181,41832511415000,171538052000001,-5.609,0.781,-34.185,0
1398294563192,41832521638000,171538052000001,-5.912,0.781,-34.185,0
1398294563201,41832531495000,171538052000001,-5.912,0.781,-34.185,0
1398294563213,41832541535000,171538052000001,-5.912,0.781,-34.185,0
1398294563221,41832551484000,171538052000001,-5.912,0.781,-34.185,0
1398294563231,41832561494000,171538052000001,-5.912,0.781,-34.185,0
1398294563241,41832571504000,171538052000001,-5.912,0.781,-34.185,0
1398294563253,41832583070000,171538052000001,-5.912,0.781,-34.185,0
1398294563261,41832591554000,171538052000001,-5.912,0.781,-34.185,0
1398294563275,41832601564000,171538052000001,-5.912,0.781,-34.185,0
1398294563291,41832611573000,171538052000001,-5.912,0.781,-34.185,0
1398294563293,41832621553000,171538052000001,-5.912,0.781,-34.185,0
1398294563301,41832631562000,171538052000001,-5.912,0.781,-34.185,0
1398294563311,41832641572000,171538052000001,-5.912,0.781,-34.185,0
1398294563321,41832651582000,171538052000001,-5.912,0.781,-34.185,0
1398294563331,41832661592000,171538052000001,-5.912,0.781,-34.185,0
1398294563344,41832671662000,171538052000001,-5.912,0.781,-34.185,0
1398294563353,41832681672000,171538052000001,-5.912,0.781,-34.185,0
1398294563364,41832691621000,171538052000001,-5.912,0.781,-34.185,0
1398294563372,41832701631000,171538052000001,-5.912,0.781,-34.185,0
1398294563382,41832711640000,171538052000001,-5.912,0.781,-34.185,0
1398294563392,41832721650000,171538052000001,-6.233,0.781,-34.185,0
1398294563402,41832731690000,171538052000001,-6.233,0.781,-34.185,0
1398294563412,41832741700000,171538052000001,-6.233,0.781,-34.185,0
1398294563422,41832751710000,171538052000001,-6.233,0.781,-34.185,0
1398294563433,41832763246000,171538052000001,-6.561,0.781,-34.185,0
1398294563442,41832771730000,171538052000001,-6.561,0.781,-34.185,0
1398294563452,41832781953000,171538052000001,-6.561,0.781,-34.185,0
1398294563462,41832791719000,171538052000001,-6.561,0.781,-34.185,0
1398294563472,41832801759000,171538052000001,-6.871,0.781,-34.185,0
1398294563482,41832811769000,171538052000001,-6.871,0.781,-34.185,0
1398294563492,41832821778000,171538052000001,-6.871,0.781,-34.185,0
1398294563502,41832831788000,171538052000001,-6.871,0.781,-34.185,0
1398294563512,41832841767000,171538052000001,-6.871,0.781,-34.185,0
1398294563522,41832851777000,171538052000001,-6.871,0.781,-34.185,0
1398294563532,41832861787000,171538052000001,-6.871,0.781,-34.185,0
1398294563542,41832871797000,171538052000001,-6.871,0.781,-34.185,0
1398294563552,41832881806000,171538052000001,-6.871,0.781,-34.185,0
1398294563562,41832891816000,171538052000001,-6.871,0.781,-34.185,0
1398294563572,41832901918000,171538052000001,-6.871,0.781,-34.185,0
1398294563582,41832911866000,171538052000001,-6.871,0.781,-34.185,0
1398294563592,41832921876000,171538052000001,-6.871,0.781,-34.185,0
1398294563602,41832931886000,171538052000001,-6.871,0.781,-34.185,0
1398294563613,41832943421000,171538052000001,-6.871,0.781,-34.185,0
1398294563622,41832951936000,171538052000001,-6.871,0.781,-34.185,0
1398294563632,41832961885000,171538052000001,-6.871,0.781,-34.185,0
1398294563642,41832971894000,171538052000001,-6.871,0.781,-34.185,0
1398294563652,41832981904000,171538052000001,-6.546,0.781,-34.185,0
1398294563662,41832991914000,171538052000001,-6.546,0.781,-34.185,0
1398294563672,41833001924000,171538052000001,-6.546,0.781,-34.185,0
1398294563682,41833011933000,171538052000001,-6.546,0.781,-34.185,0
1398294563692,41833021974000,171538052000001,-6.546,0.781,-34.185,0
1398294563702,41833031953000,171538052000001,-6.546,0.781,-34.185,0
1398294563712,41833041963000,171538052000001,-6.546,0.781,-34.185,0
1398294563722,41833051972000,171538052000001,-6.546,0.781,-34.185,0
1398294563732,41833061982000,171538052000001,-6.546,0.781,-34.185,0
1398294563742,41833071992000,171538052000001,-6.546,0.781,-34.185,0
1398294563752,41833082002000,171538052000001,-6.546,0.781,-34.185,0
1398294563762,41833092012000,171538052000001,-6.546,0.781,-34.185,0
1398294563774,41833102082000,171538052000001,-6.546,0.781,-34.185,0
1398294563786,41833115632000,171538052000001,-6.546,0.781,-34.185,0
1398294563797,41833126283000,171538052000001,-6.546,0.781,-34.185,0
1398294563805,41833134584000,171538052000001,-6.546,0.781,-34.185,0
1398294563816,41833145539000,171538052000001,-6.546,0.781,-34.185,0
1398294563826,41833152894000,171538052000001,-6.546,0.459,-34.185,0
1398294563835,41833162202000,171538052000001,-6.546,0.459,-34.185,0
1398294563846,41833172944000,171538052000001,-6.546,0.459,-34.185,0
1398294563853,41833182862000,171538052000001,-6.546,0.459,-34.185,0
1398294563872,41833193360000,171538052000001,-6.546,0.459,-34.185,0
1398294563878,41833202180000,171538052000001,-6.546,0.459,-34.185,0
1398294563892,41833212190000,171538052000001,-6.546,0.459,-34.185,0
1398294563902,41833222474000,171538052000001,-6.546,0.459,-34.185,0
1398294563903,41833232209000,171538052000001,-6.546,0.459,-34.185,0
1398294563915,41833242189000,171538052000001,-6.867,0.459,-34.185,0
1398294563922,41833252198000,171538052000001,-6.867,0.459,-34.185,0
1398294563932,41833262208000,171538052000001,-6.867,0.459,-34.185,0
1398294563942,41833272218000,171538052000001,-6.867,0.459,-34.185,0
1398294563958,41833282258000,171538052000001,-6.867,0.157,-34.185,0
1398294563967,41833292298000,171538052000001,-6.867,0.157,-34.185,0
1398294563974,41833303803000,171538052000001,-6.867,0.157,-34.185,0
1398294563982,41833312287000,171538052000001,-6.867,0.157,-34.185,0
1398294563992,41833322297000,171538052000001,-6.867,0.157,-34.185,0
1398294564002,41833332276000,171538052000001,-6.867,0.157,-34.185,0
1398294564012,41833342286000,171538052000001,-6.867,0.157,-34.185,0
1398294564022,41833352296000,171538052000001,-6.867,0.157,-34.185,0
1398294564033,41833362336000,171538052000001,-6.867,0.157,-34.185,0
1398294564042,41833372346000,171538052000001,-6.867,0.157,-34.185,0
1398294564052,41833382356000,171538052000001,-6.867,0.157,-34.185,0
1398294564063,41833393098000,171538052000001,-6.867,0.157,-34.185,0
1398294564074,41833404023000,171538052000001,-6.52,0.157,-34.185,0
1398294564082,41833412355000,171538052000001,-6.52,0.157,-34.185,0
1398294564094,41833422853000,171538052000001,-6.52,0.157,-34.185,0
1398294564103,41833432435000,171538052000001,-6.52,0.157,-34.185,0
1398294564114,41833442475000,171538052000001,-6.175,0.157,-34.185,0
1398294564123,41833452394000,171538052000001,-6.175,0.157,-34.185,0
1398294564133,41833462434000,171538052000001,-6.175,0.157,-34.185,0
1398294564147,41833473603000,171538052000001,-6.175,0.157,-34.185,0
1398294564159,41833483979000,171538052000001,-6.175,0.157,-34.185,0
1398294564166,41833492494000,171538052000001,-5.847,0.157,-34.185,0
1398294564178,41833502473000,171538052000001,-5.847,0.157,-34.185,0
1398294564183,41833512452000,171538052000001,-5.847,0.157,-34.185,0
1398294564194,41833522492000,171538052000001,-5.847,0.157,-34.185,0
1398294564203,41833532472000,171538052000001,-5.847,0.157,-34.185,0
1398294564213,41833542481000,171538052000001,-5.847,0.157,-34.185,0
1398294564223,41833552491000,171538052000001,-5.494,0.157,-34.503,0
1398294564233,41833562532000,171538052000001,-5.494,0.157,-34.503,0
1398294564245,41833572511000,171538052000001,-5.494,0.157,-34.503,0
1398294564252,41833582521000,171538052000001,-5.494,0.157,-34.503,0
1398294564263,41833593171000,171538052000001,-5.494,0.157,-34.503,0
1398294564278,41833608338000,171538052000001,-5.184,0.157,-34.503,0
1398294564285,41833614717000,171538052000001,-5.184,0.157,-34.503,0
1398294564298,41833624391000,171538052000001,-5.184,0.157,-34.503,0
1398294564306,41833635194000,171538052000001,-5.184,0.157,-34.503,0
1398294564313,41833642549000,171538052000001,-5.184,0.157,-34.503,0
1398294564324,41833653993000,171538052000001,-5.184,0.157,-34.503,0
1398294564337,41833664216000,171538052000001,-5.184,0.157,-34.503,0
1398294564346,41833673463000,171538052000001,-5.184,0.157,-34.503,0
1398294564353,41833682679000,171538052000001,-5.184,0.157,-34.503,0
1398294564364,41833692658000,171538052000001,-5.184,0.157,-34.503,0
1398294564373,41833702668000,171538052000001,-5.184,0.157,-34.503,0
1398294564383,41833712678000,171538052000001,-5.184,0.157,-34.503,0
1398294564398,41833724000000,171538052000001,-5.184,0.157,-34.503,0
1398294564415,41833732698000,171538052000001,-5.184,0.463,-34.503,0
1398294564416,41833742677000,171538052000001,-5.184,0.463,-34.503,0
1398294564423,41833752717000,171538052000001,-5.184,0.463,-34.503,0
1398294564433,41833762696000,171538052000001,-5.184,0.463,-34.503,0
1398294564444,41833772706000,171538052000001,-5.184,0.463,-34.503,0
1398294564453,41833782716000,171538052000001,-5.184,0.463,-34.503,0
1398294564464,41833792726000,171538052000001,-5.184,0.463,-34.503,0
1398294564473,41833802735000,171538052000001,-5.184,0.463,-34.503,0
1398294564483,41833812745000,171538052000001,-5.52,0.463,-34.503,0
1398294564493,41833822755000,171538052000001,-5.52,0.463,-34.503,0
1398294564505,41833835420000,171538052000001,-5.52,0.463,-34.503,0
1398294564521,41833850221000,171538052000001,-5.52,0.773,-34.503,0
1398294564523,41833853303000,171538052000001,-5.52,0.773,-34.503,0
1398294564539,41833864533000,171538052000001,-5.52,0.773,-34.503,0
1398294564555,41833873017000,171538052000001,-5.52,0.773,-34.503,0
1398294564556,41833882875000,171538052000001,-5.52,0.773,-34.503,0
1398294564563,41833892884000,171538052000001,-5.52,0.773,-34.503,0
1398294564577,41833903657000,171538052000001,-5.834,0.773,-34.503,0
1398294564583,41833912873000,171538052000001,-5.834,0.773,-34.503,0
1398294564598,41833923646000,171538052000001,-5.834,0.773,-34.503,0
1398294564605,41833934419000,171538052000001,-5.834,0.773,-34.503,0
1398294564613,41833942872000,171538052000001,-5.834,0.773,-34.503,0
1398294564629,41833952912000,171538052000001,-5.834,0.773,-34.503,0
1398294564638,41833962922000,171538052000001,-5.834,0.773,-34.503,0
1398294564651,41833972932000,171538052000001,-5.834,0.773,-34.503,0
1398294564653,41833982911000,171538052000001,-5.834,0.773,-34.503,0
1398294564663,41833992951000,171538052000001,-5.834,0.773,-34.503,0
1398294564673,41834002931000,171538052000001,-5.834,0.773,-34.503,0
1398294564683,41834012910000,171538052000001,-5.834,0.773,-34.503,0
1398294564696,41834024507000,171538052000001,-5.834,0.773,-34.503,0
1398294564703,41834032929000,171538052000001,-5.834,0.773,-34.503,0
1398294564713,41834042909000,171538052000001,-5.834,0.773,-34.503,0
1398294564723,41834052918000,171538052000001,-5.834,1.106,-34.503,0
1398294564733,41834063020000,171538052000001,-5.834,1.106,-34.503,0
1398294564744,41834073030000,171538052000001,-5.834,1.106,-34.503,0
1398294564757,41834083009000,171538052000001,-5.834,1.106,-34.503,0
1398294564763,41834093019000,171538052000001,-5.834,1.106,-34.503,0
1398294564773,41834103028000,171538052000001,-5.834,1.106,-34.503,0
1398294564783,41834113038000,171538052000001,-6.164,1.435,-34.503,0
1398294564793,41834123048000,171538052000001,-6.164,1.435,-34.503,0
1398294564803,41834133058000,171538052000001,-6.164,1.435,-34.503,0
1398294564813,41834143067000,171538052000001,-6.164,1.435,-34.503,0
1398294564823,41834153077000,171538052000001,-6.164,1.435,-34.503,0
1398294564833,41834163087000,171538052000001,-6.164,1.435,-34.503,0
1398294564843,41834173097000,171538052000001,-6.164,1.435,-34.503,0
1398294564853,41834183076000,171538052000001,-6.5,1.435,-34.503,0
1398294564863,41834193116000,171538052000001,-6.5,1.435,-34.503,0
1398294564875,41834204682000,171538052000001,-6.5,1.435,-34.503,0
1398294564884,41834213197000,171538052000001,-6.5,1.435,-34.503,0
1398294564894,41834223146000,171538052000001,-6.5,1.435,-34.503,0
1398294564903,41834233155000,171538052000001,-6.5,1.435,-34.503,0
1398294564913,41834243165000,171538052000001,-6.5,1.435,-34.503,0
1398294564923,41834253175000,171538052000001,-6.5,1.435,-34.503,0
1398294564933,41834263368000,171538052000001,-6.5,1.435,-34.503,0
1398294564943,41834273194000,171538052000001,-6.5,1.135,-34.503,0
1398294564954,41834283235000,171538052000001,-6.5,1.135,-34.503,0
1398294564971,41834293244000,171538052000001,-6.5,1.135,-34.503,0
1398294564973,41834303254000,171538052000001,-6.5,1.135,-34.503,0
1398294564983,41834313203000,171538052000001,-6.5,1.135,-34.503,0
1398294564993,41834323213000,171538052000001,-6.5,1.135,-34.503,0
1398294565003,41834333222000,171538052000001,-6.5,1.135,-34.503,0
1398294565013,41834343232000,171538052000001,-6.14,1.135,-34.503,0
1398294565023,41834353272000,171538052000001,-6.14,1.135,-34.503,0
1398294565033,41834363282000,171538052000001,-6.14,1.135,-34.503,0
1398294565043,41834373292000,171538052000001,-6.14,1.135,-34.503,0
1398294565055,41834384828000,171538052000001,-6.14,1.135,-34.503,0
1398294565063,41834393312000,171538052000001,-6.14,1.135,-34.503,0
1398294565073,41834403321000,171538052000001,-6.14,1.135,-34.503,0
1398294565083,41834413331000,171538052000001,-6.14,1.135,-34.503,0
1398294565093,41834423341000,171538052000001,-6.14,1.135,-34.503,0
1398294565103,41834433351000,171538052000001,-6.14,1.135,-34.503,0
1398294565113,41834443330000,171538052000001,-6.14,1.135,-34.503,0
1398294565123,41834453370000,171538052000001,-6.14,1.135,-34.191,0
1398294565133,41834463349000,171538052000001,-5.813,1.135,-34.191,0
1398294565143,41834473390000,171538052000001,-5.813,1.135,-34.191,0
1398294565153,41834483399000,171538052000001,-5.813,1.135,-34.191,0
1398294565163,41834493379000,171538052000001,-5.813,1.135,-34.191,0
1398294565173,41834503419000,171538052000001,-5.813,1.135,-34.191,0
1398294565183,41834513398000,171538052000001,-5.813,1.135,-34.191,0
1398294565193,41834523439000,171538052000001,-5.813,1.135,-34.191,0
1398294565203,41834533418000,171538052000001,-5.813,1.135,-34.191,0
1398294565214,41834543580000,171538052000001,-5.813,1.135,-34.191,0
1398294565228,41834553437000,171538052000001,-5.813,1.135,-34.191,0
1398294565235,41834565003000,171538052000001,-5.813,1.135,-34.191,0
1398294565246,41834573518000,171538052000001,-5.813,1.135,-34.191,0
1398294565254,41834583467000,171538052000001,-5.813,1.135,-34.191,0
1398294565264,41834593507000,171538052000001,-5.813,0.81,-34.191,0
1398294565275,41834603486000,171538052000001,-6.118,0.81,-34.191,0
1398294565284,41834613496000,171538052000001,-6.118,0.81,-34.191,0
1398294565294,41834623506000,171538052000001,-6.118,0.81,-34.191,0
1398294565304,41834633546000,171538052000001,-6.118,0.81,-34.191,0
1398294565314,41834643525000,171538052000001,-6.428,0.81,-34.191,0
1398294565324,41834653535000,171538052000001,-6.428,0.81,-34.191,0
1398294565334,41834663545000,171538052000001,-6.428,0.81,-34.191,0
1398294565344,41834673554000,171538052000001,-6.428,0.81,-34.191,0
1398294565353,41834683564000,171538052000001,-6.428,0.81,-34.191,0
1398294565364,41834693757000,171538052000001,-6.771,0.81,-34.191,0
1398294565373,41834703584000,171538052000001,-6.771,0.81,-34.191,0
1398294565383,41834713563000,171538052000001,-6.771,0.81,-33.851,0
1398294565393,41834723603000,171538052000001,-6.771,0.81,-33.851,0
1398294565403,41834733583000,171538052000001,-6.771,0.81,-33.851,0
1398294565415,41834745149000,171538052000001,-6.771,0.81,-33.851,0
1398294565425,41834753663000,171538052000001,-6.771,0.81,-33.851,0
1398294565434,41834763673000,171538052000001,-6.771,0.81,-33.851,0
1398294565444,41834773683000,171538052000001,-6.771,0.81,-33.851,0
1398294565454,41834783662000,171538052000001,-6.771,0.81,-33.851,0
1398294565464,41834793672000,171538052000001,-6.771,0.81,-33.851,0
1398294565474,41834803681000,171538052000001,-6.771,0.81,-33.851,0
1398294565484,41834813691000,171538052000001,-6.771,0.81,-33.851,0
1398294565494,41834823701000,171538052000001,-6.771,0.81,-33.851,0
1398294565504,41834833711000,171538052000001,-6.771,0.81,-33.851,0
1398294565514,41834843720000,171538052000001,-6.771,0.81,-33.851,0
1398294565524,41834853730000,171538052000001,-6.771,0.81,-33.851,0
1398294565534,41834863740000,171538052000001,-6.771,0.81,-33.851,0
1398294565544,41834873750000,171538052000001,-6.771,0.81,-33.851,0
1398294565554,41834883821000,171538052000001,-6.771,0.81,-33.851,0
1398294565564,41834893769000,171538052000001,-6.771,0.81,-33.851,0
1398294565574,41834903779000,171538052000001,-6.434,0.81,-33.851,0
1398294565584,41834913789000,171538052000001,-6.434,0.81,-33.851,0
1398294565596,41834925355000,171538052000001,-6.434,0.81,-33.851,0
1398294565604,41834933900000,171538052000001,-6.434,0.81,-33.851,0
1398294565614,41834943879000,171538052000001,-6.434,0.81,-33.851,0
1398294565624,41834953889000,171538052000001,-6.434,0.81,-33.851,0
1398294565634,41834963838000,171538052000001,-6.434,0.81,-33.851,0
1398294565644,41834973847000,171538052000001,-6.434,0.81,-33.851,0
1398294565654,41834983857000,171538052000001,-6.434,0.81,-33.851,0
1398294565664,41834993867000,171538052000001,-6.434,0.81,-33.851,0
1398294565674,41835003877000,171538052000001,-6.434,0.81,-33.851,0
1398294565684,41835013887000,171538052000001,-6.434,1.147,-33.851,0
1398294565694,41835023896000,171538052000001,-6.434,1.147,-33.851,0
1398294565704,41835033906000,171538052000001,-6.434,1.147,-33.851,0
1398294565714,41835043916000,171538052000001,-6.434,1.147,-33.851,0
1398294565724,41835053926000,171538052000001,-6.434,1.147,-33.851,0
1398294565734,41835063935000,171538052000001,-6.434,1.147,-33.851,0
1398294565744,41835074006000,171538052000001,-6.434,1.147,-33.851,0
1398294565754,41835083955000,171538052000001,-6.434,1.147,-33.851,0
1398294565764,41835093965000,171538052000001,-6.434,1.147,-33.851,0
1398294565776,41835105561000,171538052000001,-6.434,1.147,-33.851,0
1398294565784,41835114045000,171538052000001,-6.434,1.147,-33.851,0
1398294565794,41835124024000,171538052000001,-6.434,1.147,-33.851,0
1398294565804,41835134004000,171538052000001,-6.434,1.147,-33.851,0
1398294565814,41835144013000,171538052000001,-6.434,1.147,-33.851,0
1398294565824,41835154023000,171538052000001,-6.434,1.147,-33.851,0
1398294565834,41835164033000,171538052000001,-6.434,1.147,-33.851,0
1398294565844,41835174043000,171538052000001,-6.434,1.147,-33.851,0
1398294565854,41835184053000,171538052000001,-6.756,1.147,-33.851,0
1398294565864,41835194062000,171538052000001,-6.756,1.147,-33.851,0
1398294565874,41835204072000,171538052000001,-6.756,1.147,-33.551,0
1398294565884,41835214082000,171538052000001,-6.756,1.147,-33.551,0
1398294565895,41835224122000,171538052000001,-6.756,1.147,-33.551,0
1398294565913,41835234132000,171538052000001,-6.756,1.147,-33.551,0
1398294565915,41835244142000,171538052000001,-6.756,0.828,-33.551,0
1398294565924,41835254121000,171538052000001,-6.756,0.828,-33.551,0
1398294565934,41835264131000,171538052000001,-6.756,0.828,-33.551,0
1398294565944,41835274140000,171538052000001,-6.756,0.828,-33.551,0
1398294565956,41835285707000,171538052000001,-6.756,0.828,-33.551,0
1398294565964,41835294190000,171538052000001,-6.756,0.828,-33.551,0
1398294565974,41835304170000,171538052000001,-6.756,0.514,-33.21,0
1398294565984,41835314179000,171538052000001,-7.084,0.514,-33.21,0
1398294565994,41835324189000,171538052000001,-7.084,0.514,-33.21,0
1398294566004,41835334199000,171538052000001,-7.084,0.514,-33.21,0
1398294566014,41835344178000,171538052000001,-7.084,0.514,-33.21,0
1398294566024,41835354219000,171538052000001,-7.394,0.514,-33.21,0
1398294566034,41835364228000,171538052000001,-7.394,0.514,-32.829,0
1398294566044,41835374238000,171538052000001,-7.394,0.514,-32.829,0
1398294566054,41835384248000,171538052000001,-7.394,0.514,-32.829,0
1398294566064,41835394227000,171538052000001,-7.394,0.173,-32.829,0
1398294566074,41835404267000,171538052000001,-7.722,0.173,-32.829,0
1398294566084,41835414247000,171538052000001,-7.722,0.173,-32.829,0
1398294566095,41835424958000,171538052000001,-7.722,0.173,-32.829,0
1398294566107,41835436921000,171538052000001,-7.722,0.173,-32.829,0
1398294566119,41835448640000,171538052000001,-7.722,0.173,-32.829,0
1398294566129,41835458772000,171538052000001,-7.722,-0.151,-32.829,0
1398294566145,41835473970000,171538052000001,-7.722,-0.151,-32.829,0
1398294566147,41835476686000,171538052000001,-7.722,-0.151,-32.829,0
1398294566160,41835490571000,171538052000001,-7.722,-0.151,-32.829,0
1398294566167,41835496614000,171538052000001,-7.722,-0.151,-32.829,0
1398294566179,41835509065000,171538052000001,-7.722,-0.151,-32.829,0
1398294566188,41835518281000,171538052000001,-7.722,-0.151,-32.829,0
1398294566199,41835528871000,171538052000001,-7.722,-0.151,-32.829,0
1398294566207,41835536988000,171538052000001,-7.722,-0.151,-32.829,0
1398294566219,41835549073000,171538052000001,-7.722,-0.466,-32.829,0
1398294566227,41835556733000,171538052000001,-7.318,-0.466,-32.829,0
1398294566239,41835568421000,171538052000001,-7.318,-0.466,-33.163,0
1398294566245,41835574891000,171538052000001,-7.318,-0.466,-33.163,0
1398294566256,41835584443000,171538052000001,-7.318,-0.466,-33.163,0
1398294566265,41835594453000,171538052000001,-6.976,-0.466,-33.163,0
1398294566275,41835604463000,171538052000001,-6.976,-0.466,-33.163,0
1398294566284,41835614472000,171538052000001,-6.976,-0.466,-33.163,0
1398294566295,41835624482000,171538052000001,-6.976,-0.466,-33.163,0
1398294566305,41835634492000,171538052000001,-6.976,-0.466,-33.163,0
1398294566316,41835646058000,171538052000001,-6.976,-0.466,-33.163,0
1398294566325,41835654573000,171538052000001,-6.976,-0.466,-33.473,0
1398294566335,41835664521000,171538052000001,-6.976,-0.466,-33.473,0
1398294566348,41835678163000,171538052000001,-6.976,-0.466,-33.473,0
1398294566359,41835689241000,171538052000001,-6.976,-0.466,-33.473,0
1398294566369,41835698670000,171538052000001,-6.668,-0.466,-33.473,0
1398294566380,41835709870000,171538052000001,-6.668,-0.466,-33.473,0
1398294566388,41835718446000,171538052000001,-6.668,-0.466,-33.473,0
1398294566399,41835728730000,171538052000001,-6.668,-0.466,-33.473,0
1398294566407,41835737214000,171538052000001,-6.668,-0.466,-33.473,0
1398294566420,41835749757000,171538052000001,-6.668,-0.466,-33.473,0
1398294566428,41835758302000,171538052000001,-6.668,-0.466,-33.473,0
1398294566447,41835776612000,171538052000001,-6.34,-0.466,-33.473,0
1398294566449,41835778352000,171538052000001,-6.34,-0.466,-33.779,0
1398294566458,41835788301000,171538052000001,-6.34,-0.466,-33.779,0
1398294566468,41835798371000,171538052000001,-6.34,-0.466,-33.779,0
1398294566479,41835808045000,171538052000001,-6.34,-0.466,-33.779,0
1398294566488,41835817842000,171538052000001,-6.024,-0.466,-33.779,0
1398294566497,41835826753000,171538052000001,-6.024,-0.466,-33.779,0
1398294566507,41835837312000,171538052000001,-6.024,-0.466,-33.779,0
1398294566519,41835848634000,171538052000001,-6.024,-0.085,-34.097,0
1398294566529,41835858827000,171538052000001,-6.024,-0.085,-34.097,0
1398294566538,41835868165000,171538052000001,-5.702,-0.085,-34.097,0
1398294566549,41835879151000,171538052000001,-5.702,0.311,-34.097,0
1398294566557,41835886781000,171538052000001,-5.702,0.311,-34.097,0
1398294566569,41835899049000,171538052000001,-5.702,0.311,-34.097,0
1398294566578,41835907991000,171538052000001,-5.702,0.72,-34.097,0
1398294566590,41835919953000,171538052000001,-5.702,0.72,-34.097,0
1398294566598,41835928468000,171538052000001,-5.702,0.72,-34.097,0
1398294566607,41835937440000,171538052000001,-5.702,1.147,-34.097,0
1398294566620,41835949464000,171538052000001,-5.702,1.147,-34.097,0
1398294566627,41835956941000,171538052000001,-5.397,1.147,-34.097,0
1398294566641,41835971070000,171538052000001,-5.397,1.577,-34.097,0
1398294566647,41835977021000,171538052000001,-5.397,1.577,-34.097,0
1398294566660,41835989930000,171538052000001,-5.397,1.577,-34.097,0
1398294566669,41835998750000,171538052000001,-5.397,1.896,-34.097,0
1398294566682,41836011750000,171538052000001,-5.397,1.896,-34.097,0
1398294566687,41836016725000,171538052000001,-5.397,1.896,-34.097,0
1398294566701,41836031190000,171538052000001,-5.397,1.896,-34.097,0
1398294566706,41836036317000,171538052000001,-5.397,1.896,-34.097,0
1398294566721,41836051210000,171538052000001,-5.397,1.896,-34.097,0
1398294566727,41836057160000,171538052000001,-5.397,1.896,-34.097,0
1398294566742,41836070130000,171538052000001,-5.397,1.896,-34.097,0
1398294566745,41836074891000,171538052000001,-5.397,1.896,-34.097,0
1398294566755,41836084931000,171538052000001,-5.397,1.896,-34.097,0
1398294566768,41836094941000,171538052000001,-5.397,1.896,-34.097,0
1398294566775,41836104951000,171538052000001,-5.754,1.896,-34.097,0
1398294566785,41836114930000,171538052000001,-5.754,1.896,-34.097,0
1398294566795,41836124970000,171538052000001,-5.754,1.896,-34.097,0
1398294566805,41836134950000,171538052000001,-5.754,1.896,-34.097,0
1398294566815,41836144960000,171538052000001,-5.754,1.896,-34.097,0
1398294566825,41836154969000,171538052000001,-6.108,1.57,-34.097,0
1398294566835,41836164979000,171538052000001,-6.108,1.57,-34.097,0
1398294566847,41836176667000,171538052000001,-6.108,1.57,-34.097,0
1398294566860,41836188966000,171538052000001,-6.108,1.57,-34.097,0
1398294566869,41836198793000,171538052000001,-6.108,1.57,-34.097,0
1398294566879,41836208985000,171538052000001,-6.108,1.57,-34.097,0
1398294566890,41836219300000,171538052000001,-6.411,1.254,-34.097,0
1398294566898,41836228028000,171538052000001,-6.411,1.254,-34.097,0
1398294566909,41836238648000,171538052000001,-6.411,1.254,-33.792,0
1398294566921,41836250794000,171538052000001,-6.411,1.254,-33.792,0
1398294566927,41836257508000,171538052000001,-6.411,1.254,-33.792,0
1398294566941,41836271394000,171538052000001,-6.411,0.942,-33.792,0
1398294566947,41836277375000,171538052000001,-6.411,0.942,-33.792,0
1398294566962,41836291627000,171538052000001,-6.411,0.942,-33.792,0
1398294566966,41836296479000,171538052000001,-6.411,0.942,-33.792,0
1398294566980,41836309449000,171538052000001,-6.411,0.942,-33.792,0
1398294566989,41836319306000,171538052000001,-6.411,0.637,-33.792,0
1398294567000,41836330506000,171538052000001,-6.411,0.637,-33.792,0
1398294567008,41836337525000,171538052000001,-6.411,0.637,-33.792,0
1398294567021,41836351411000,171538052000001,-6.411,0.637,-33.792,0
1398294567027,41836357362000,171538052000001,-6.411,0.335,-33.792,0
1398294567042,41836371888000,171538052000001,-6.411,0.335,-33.792,0
1398294567047,41836376985000,171538052000001,-6.411,0.335,-33.792,0
1398294567067,41836396760000,171538052000001,-6.411,0.335,-33.792,0
1398294567070,41836400514000,171538052000001,-6.411,0.335,-33.792,0
1398294567079,41836409303000,171538052000001,-6.411,0.335,-33.792,0
1398294567089,41836419313000,171538052000001,-6.411,0.027,-33.792,0
1398294567100,41836429902000,171538052000001,-6.411,0.027,-33.792,0
1398294567108,41836437654000,171538052000001,-6.411,0.027,-33.792,0
1398294567120,41836450166000,171538052000001,-6.411,0.027,-33.792,0
1398294567129,41836458955000,171538052000001,-6.411,0.027,-33.792,0
1398294567141,41836470918000,171538052000001,-6.411,0.027,-33.792,0
1398294567148,41836478059000,171538052000001,-6.411,0.027,-33.792,0
1398294567161,41836490388000,171538052000001,-6.411,0.027,-33.792,0
1398294567169,41836499391000,171538052000001,-6.411,0.027,-33.792,0
1398294567179,41836509431000,171538052000001,-6.411,0.027,-33.792,0
1398294567189,41836519380000,171538052000001,-6.411,0.027,-33.792,0
1398294567199,41836529359000,171538052000001,-6.411,0.027,-33.792,0
1398294567209,41836538941000,171538052000001,-6.411,0.027,-33.792,0
1398294567222,41836551820000,171538052000001,-6.411,0.027,-33.792,0
1398294567227,41836556977000,171538052000001,-6.411,0.027,-33.792,0
1398294567240,41836566804000,171538052000001,-6.411,0.027,-33.792,0
1398294567246,41836575410000,171538052000001,-6.411,0.027,-33.792,0
1398294567256,41836585420000,171538052000001,-6.411,0.027,-33.792,0
1398294567265,41836595399000,171538052000001,-6.411,0.027,-33.792,0
1398294567275,41836605409000,171538052000001,-6.411,0.027,-33.792,0
1398294567285,41836615449000,171538052000001,-6.411,0.027,-33.792,0
1398294567295,41836625459000,171538052000001,-6.411,0.027,-33.792,0
1398294567306,41836635469000,171538052000001,-6.411,0.027,-33.792,0
1398294567315,41836645478000,171538052000001,-6.411,0.027,-33.792,0
1398294567325,41836655458000,171538052000001,-6.411,0.027,-33.792,0
1398294567339,41836669404000,171538052000001,-6.411,0.027,-33.792,0
1398294567349,41836679322000,171538052000001,-6.411,0.027,-33.792,0
1398294567366,41836695710000,171538052000001,-6.411,0.027,-33.792,0
1398294567370,41836699739000,171538052000001,-6.411,0.027,-33.792,0
1398294567382,41836709657000,171538052000001,-6.048,0.027,-33.792,0
1398294567387,41836716432000,171538052000001,-6.048,0.027,-33.792,0
1398294567402,41836728669000,171538052000001,-6.048,0.027,-33.792,0
1398294567407,41836736665000,171538052000001,-6.048,0.027,-33.792,0
1398294567427,41836749024000,171538052000001,-6.048,0.027,-33.792,0
1398294567429,41836755555000,171538052000001,-5.665,0.027,-33.792,0
1398294567439,41836766511000,171538052000001,-5.665,0.027,-33.792,0
1398294567448,41836778199000,171538052000001,-5.665,0.027,-33.792,0
1398294567458,41836785585000,171538052000001,-5.665,0.027,-33.792,0
1398294567475,41836797090000,171538052000001,-5.665,0.027,-33.792,0
1398294567480,41836805635000,171538052000001,-5.316,-0.325,-33.792,0
1398294567494,41836815919000,171538052000001,-5.316,-0.325,-33.792,0
1398294567498,41836825624000,171538052000001,-5.316,-0.325,-34.13,0
1398294567506,41836835664000,171538052000001,-5.316,-0.325,-34.13,0
1398294567517,41836845674000,171538052000001,-5.316,-0.325,-34.13,0
1398294567533,41836855866000,171538052000001,-5.316,-0.325,-34.13,0
1398294567543,41836865693000,171538052000001,-5.316,-0.325,-34.13,0
1398294567546,41836875703000,171538052000001,-5.316,-0.325,-34.13,0
1398294567556,41836885682000,171538052000001,-5.316,-0.325,-34.13,0
1398294567566,41836895692000,171538052000001,-5.316,-0.325,-34.13,0
1398294567577,41836907258000,171538052000001,-5.316,-0.325,-34.13,0
1398294567588,41836915772000,171538052000001,-5.316,-0.325,-34.13,0
1398294567596,41836925721000,171538052000001,-5.316,-0.325,-34.13,0
1398294567606,41836935731000,171538052000001,-5.316,-0.325,-34.13,0
1398294567616,41836945741000,171538052000001,-5.316,-0.325,-34.13,0
1398294567631,41836961518000,171538052000001,-5.661,-0.325,-34.13,0
1398294567639,41836969422000,171538052000001,-5.661,-0.325,-34.13,0
1398294567650,41836980104000,171538052000001,-5.661,-0.325,-34.13,0
1398294567659,41836989656000,171538052000001,-5.661,-0.325,-34.13,0
1398294567675,41837004853000,171538052000001,-5.661,-0.325,-34.13,0
1398294567676,41837006593000,171538052000001,-5.661,0.025,-34.13,0
1398294567694,41837020234000,171538052000001,-5.981,0.025,-34.13,0
1398294567696,41837026338000,171538052000001,-5.981,0.025,-34.13,0
1398294567707,41837035798000,171538052000001,-5.981,0.025,-34.13,0
1398294567726,41837047822000,171538052000001,-5.981,0.025,-34.13,0
1398294567728,41837055848000,171538052000001,-5.981,0.025,-34.13,0
1398294567740,41837065858000,171538052000001,-5.981,0.025,-34.13,0
1398294567747,41837076051000,171538052000001,-5.981,0.025,-34.13,0
1398294567758,41837087434000,171538052000001,-5.981,0.025,-34.13,0
1398294567771,41837097535000,171538052000001,-5.981,0.025,-34.13,0
1398294567778,41837107637000,171538052000001,-5.981,0.025,-34.13,0
1398294567787,41837116334000,171538052000001,-5.981,0.025,-34.13,0
1398294567802,41837129396000,171538052000001,-5.981,0.025,-34.13,0
1398294567806,41837135926000,171538052000001,-5.981,0.025,-34.13,0
1398294567824,41837145967000,171538052000001,-6.329,0.025,-34.13,0
1398294567831,41837155976000,171538052000001,-6.329,0.025,-34.13,0
1398294567836,41837165986000,171538052000001,-6.329,0.025,-34.13,0
1398294567846,41837175965000,171538052000001,-6.329,0.025,-34.13,0
1398294567856,41837185975000,171538052000001,-6.718,0.025,-34.13,0
1398294567867,41837195985000,171538052000001,-6.718,0.025,-34.13,0
1398294567876,41837205995000,171538052000001,-6.718,0.025,-34.13,0
1398294567888,41837216004000,171538052000001,-6.718,0.025,-34.13,0
1398294567896,41837226014000,171538052000001,-7.069,0.025,-34.13,0
1398294567906,41837236024000,171538052000001,-7.069,0.025,-34.13,0
1398294567917,41837246034000,171538052000001,-7.069,0.025,-34.13,0
1398294567940,41837256043000,171538052000001,-7.069,0.025,-33.795,0
1398294567942,41837267640000,171538052000001,-7.069,0.025,-33.795,0
1398294567949,41837278871000,171538052000001,-7.069,0.025,-33.795,0
1398294567961,41837290559000,171538052000001,-7.069,0.025,-33.795,0
1398294567978,41837308045000,171538052000001,-7.069,0.025,-33.795,0
1398294567980,41837309815000,171538052000001,-7.069,0.025,-33.795,0
1398294567989,41837319093000,171538052000001,-7.069,0.025,-33.795,0
1398294567998,41837327882000,171538052000001,-7.069,0.025,-33.795,0
1398294568030,41837340577000,171538052000001,-7.069,0.025,-33.795,0
1398294568031,41837346131000,171538052000001,-7.069,0.025,-33.795,0
1398294568033,41837356141000,171538052000001,-7.069,0.025,-33.795,0
1398294568038,41837367616000,171538052000001,-7.069,0.025,-33.795,0
1398294568051,41837380555000,171538052000001,-7.069,0.025,-33.795,0
1398294568059,41837389131000,171538052000001,-7.069,0.025,-33.795,0
1398294568071,41837400941000,171538052000001,-7.069,0.025,-33.795,0
1398294568079,41837409120000,171538052000001,-6.698,0.025,-33.795,0
1398294568093,41837422975000,171538052000001,-6.698,0.025,-33.795,0
1398294568098,41837427827000,171538052000001,-6.698,0.025,-33.795,0
1398294568111,41837440553000,171538052000001,-6.698,0.025,-33.795,0
1398294568127,41837452577000,171538052000001,-6.698,0.025,-33.795,0
1398294568129,41837456178000,171538052000001,-6.698,0.025,-33.795,0
1398294568137,41837466249000,171538052000001,-6.698,0.025,-33.795,0
1398294568150,41837478700000,171538052000001,-6.698,0.025,-33.795,0
1398294568168,41837486299000,171538052000001,-6.698,0.025,-33.795,0
1398294568171,41837496308000,171538052000001,-6.698,0.375,-33.795,0
1398294568177,41837506318000,171538052000001,-6.698,0.375,-33.795,0
1398294568193,41837516358000,171538052000001,-6.698,0.375,-33.795,0
1398294568198,41837526368000,171538052000001,-6.698,0.375,-33.795,0
1398294568207,41837536347000,171538052000001,-6.698,0.375,-33.795,0
1398294568219,41837546388000,171538052000001,-6.698,0.691,-33.795,0
1398294568226,41837556397000,171538052000001,-7.026,0.691,-33.795,0
1398294568237,41837566407000,171538052000001,-7.026,0.691,-33.795,0
1398294568246,41837576387000,171538052000001,-7.026,0.691,-33.795,0
1398294568257,41837586396000,171538052000001,-7.026,0.691,-33.795,0
1398294568268,41837598237000,171538052000001,-7.359,0.691,-33.795,0
1398294568288,41837617829000,171538052000001,-7.359,1.01,-33.795,0
1398294568292,41837622193000,171538052000001,-7.359,1.01,-33.795,0
1398294568300,41837630342000,171538052000001,-7.359,1.01,-33.795,0
1398294568312,41837641450000,171538052000001,-7.359,1.01,-33.795,0
1398294568316,41837646363000,171538052000001,-7.359,1.01,-33.795,0
1398294568328,41837658204000,171538052000001,-7.359,1.01,-33.795,0
1398294568338,41837666474000,171538052000001,-7.359,1.01,-33.795,0
1398294568359,41837676454000,171538052000001,-7.359,1.01,-33.795,0
1398294568361,41837686524000,171538052000001,-7.707,1.01,-33.795,0
1398294568369,41837696504000,171538052000001,-7.707,1.01,-33.795,0
1398294568377,41837706513000,171538052000001,-7.707,1.01,-33.795,0
1398294568387,41837716523000,171538052000001,-7.707,1.01,-33.795,0
1398294568397,41837726716000,171538052000001,-7.707,1.01,-33.795,0
1398294568406,41837736543000,171538052000001,-7.707,1.01,-33.795,0
1398294568418,41837746553000,171538052000001,-7.707,1.01,-33.483,0
1398294568426,41837756562000,171538052000001,-7.707,1.01,-33.483,0
1398294568436,41837766542000,171538052000001,-7.707,1.01,-33.483,0
1398294568453,41837782746000,171538052000001,-7.707,1.01,-33.483,0
1398294568458,41837788240000,171538052000001,-7.707,1.01,-33.483,0
1398294568473,41837802949000,171538052000001,-7.707,1.01,-33.483,0
1398294568481,41837810670000,171538052000001,-7.707,1.01,-33.483,0
1398294568487,41837816651000,171538052000001,-7.707,1.01,-33.483,0
1398294568502,41837830751000,171538052000001,-7.707,1.01,-33.483,0
1398294568509,41837838899000,171538052000001,-7.707,1.01,-33.483,0
1398294568519,41837849153000,171538052000001,-7.707,1.01,-33.483,0
1398294568533,41837862947000,171538052000001,-7.707,1.01,-33.483,0
1398294568539,41837868745000,171538052000001,-7.707,1.01,-33.483,0
1398294568553,41837882752000,171538052000001,-7.707,1.01,-33.483,0
1398294568559,41837888520000,171538052000001,-7.707,1.01,-33.483,0
1398294568573,41837903443000,171538052000001,-7.707,1.01,-33.483,0
1398294568578,41837908357000,171538052000001,-7.707,1.01,-33.483,0
1398294568598,41837925904000,171538052000001,-7.388,1.01,-33.483,0
1398294568601,41837930574000,171538052000001,-7.388,1.01,-33.483,0
1398294568611,41837940553000,171538052000001,-7.388,1.01,-33.483,0
1398294568619,41837949281000,171538052000001,-7.388,0.677,-33.483,0
1398294568632,41837961732000,171538052000001,-7.017,0.677,-33.483,0
1398294568639,41837969056000,171538052000001,-7.017,0.677,-33.483,0
1398294568653,41837982759000,171538052000001,-7.017,0.677,-33.483,0
1398294568661,41837990937000,171538052000001,-7.017,0.677,-33.483,0
1398294568670,41837999879000,171538052000001,-6.687,0.677,-33.483,0
1398294568683,41838013001000,171538052000001,-6.687,0.677,-33.483,0
1398294568688,41838018312000,171538052000001,-6.687,0.369,-33.827,0
1398294568705,41838030915000,171538052000001,-6.318,0.369,-33.827,0
1398294568707,41838036805000,171538052000001,-6.318,0.369,-33.827,0
1398294568723,41838047242000,171538052000001,-6.318,0.369,-33.827,0
1398294568728,41838058168000,171538052000001,-5.992,0.369,-33.827,0
1398294568740,41838066835000,171538052000001,-5.992,0.369,-33.827,0
1398294568760,41838078492000,171538052000001,-5.992,0.369,-33.827,0
1398294568762,41838086885000,171538052000001,-5.682,0.369,-33.827,0
1398294568770,41838096894000,171538052000001,-5.682,0.369,-33.827,0
1398294568778,41838106874000,171538052000001,-5.682,0.369,-33.827,0
1398294568788,41838118012000,171538052000001,-5.682,0.369,-33.827,0
1398294568802,41838131532000,171538052000001,-5.682,0.369,-33.827,0
1398294568810,41838139222000,171538052000001,-5.682,0.369,-33.827,0
1398294568821,41838146913000,171538052000001,-5.682,0.369,-33.827,0
1398294568830,41838160005000,171538052000001,-5.682,0.369,-34.135,0
1398294568845,41838168672000,171538052000001,-5.682,0.369,-34.135,0
1398294568849,41838177033000,171538052000001,-5.682,0.369,-34.135,0
1398294568857,41838186982000,171538052000001,-5.682,0.369,-34.135,0
1398294568867,41838196961000,171538052000001,-5.682,0.369,-34.135,0
1398294568877,41838207002000,171538052000001,-5.682,0.369,-34.135,0
1398294568887,41838216981000,171538052000001,-5.682,0.369,-34.135,0
1398294568900,41838228730000,171538052000001,-5.682,0.369,-34.135,0
1398294568912,41838239839000,171538052000001,-5.682,0.369,-34.135,0
1398294568917,41838247041000,171538052000001,-5.682,0.369,-34.135,0
1398294568928,41838257020000,171538052000001,-5.682,0.369,-34.135,0
1398294568937,41838267060000,171538052000001,-5.682,0.369,-34.135,0
1398294568949,41838278688000,171538052000001,-6.001,0.369,-34.135,0
1398294568957,41838287019000,171538052000001,-6.001,0.369,-34.135,0
1398294568969,41838297059000,171538052000001,-6.001,0.369,-34.135,0
1398294568982,41838309297000,171538052000001,-6.001,0.369,-34.135,0
1398294568987,41838317079000,171538052000001,-6.001,0.369,-34.135,0
1398294569000,41838327119000,171538052000001,-6.001,0.369,-34.135,0
1398294569007,41838337098000,171538052000001,-6.001,0.056,-34.135,0
1398294569019,41838348634000,171538052000001,-6.001,0.056,-34.135,0
1398294569029,41838358186000,171538052000001,-6.001,0.056,-34.135,0
1398294569038,41838367982000,171538052000001,-6.001,0.056,-34.135,0
1398294569047,41838377137000,171538052000001,-6.001,0.056,-34.135,0
1398294569057,41838387147000,171538052000001,-6.001,0.056,-34.135,0
1398294569068,41838397157000,171538052000001,-6.001,0.056,-34.135,0
1398294569077,41838407167000,171538052000001,-6.001,0.056,-34.135,0
1398294569087,41838417176000,171538052000001,-6.001,0.056,-34.135,0
1398294569097,41838427156000,171538052000001,-6.001,0.056,-34.135,0
1398294569107,41838437165000,171538052000001,-6.001,0.056,-34.135,0
1398294569117,41838447175000,171538052000001,-6.001,0.056,-34.135,0
1398294569127,41838457185000,171538052000001,-6.001,0.056,-34.135,0
1398294569137,41838467225000,171538052000001,-6.001,0.056,-34.135,0
1398294569147,41838477204000,171538052000001,-6.001,0.056,-34.135,0
1398294569158,41838487245000,171538052000001,-6.001,0.056,-34.135,0
1398294569175,41838497285000,171538052000001,-6.001,0.056,-34.135,0
1398294569177,41838507264000,171538052000001,-6.001,-0.247,-34.135,0
1398294569187,41838517274000,171538052000001,-6.001,-0.247,-33.815,0
1398294569209,41838528840000,171538052000001,-6.001,-0.247,-33.815,0
1398294569212,41838537324000,171538052000001,-6.001,-0.247,-33.815,0
1398294569221,41838547303000,171538052000001,-6.001,-0.247,-33.815,0
1398294569228,41838557313000,171538052000001,-6.001,-0.247,-33.815,0
1398294569237,41838567323000,171538052000001,-6.001,-0.247,-33.815,0
1398294569248,41838577333000,171538052000001,-6.001,-0.247,-33.815,0
1398294569257,41838587342000,171538052000001,-6.001,-0.247,-33.815,0
1398294569267,41838597352000,171538052000001,-6.001,-0.585,-33.815,0
1398294569277,41838607301000,171538052000001,-6.001,-0.585,-33.815,0
1398294569287,41838617311000,171538052000001,-6.001,-0.585,-33.815,0
1398294569297,41838627320000,171538052000001,-6.001,-0.585,-33.815,0
1398294569307,41838637330000,171538052000001,-6.001,-0.585,-33.815,0
1398294569317,41838647340000,171538052000001,-5.665,-0.585,-33.815,0
1398294569327,41838657350000,171538052000001,-5.665,-0.585,-33.815,0
1398294569337,41838667359000,171538052000001,-5.665,-0.585,-33.815,0
1398294569349,41838677339000,171538052000001,-5.665,-0.585,-33.815,0
1398294569357,41838687379000,171538052000001,-5.665,-0.585,-33.815,0
1398294569367,41838697389000,171538052000001,-5.284,-0.585,-33.815,0
1398294569380,41838708955000,171538052000001,-5.284,-0.585,-33.815,0
1398294569388,41838717469000,171538052000001,-5.284,-0.585,-33.815,0
1398294569398,41838727418000,171538052000001,-5.284,-0.585,-34.165,0
1398294569408,41838737458000,171538052000001,-4.975,-0.585,-34.165,0
1398294569417,41838747468000,171538052000001,-4.975,-0.585,-34.165,0
1398294569427,41838757447000,171538052000001,-4.975,-0.585,-34.165,0
1398294569440,41838767457000,171538052000001,-4.975,-0.585,-34.165,0
1398294569452,41838777497000,171538052000001,-4.635,-0.585,-34.165,0
1398294569457,41838787477000,171538052000001,-4.635,-0.585,-34.165,0
1398294569468,41838797486000,171538052000001,-4.635,-0.239,-34.165,0
1398294569478,41838807496000,171538052000001,-4.635,-0.239,-34.165,0
1398294569487,41838817506000,171538052000001,-4.635,-0.239,-34.165,0
1398294569497,41838827516000,171538052000001,-4.635,-0.239,-34.165,0
1398294569507,41838837495000,171538052000001,-4.635,0.061,-34.165,0
1398294569519,41838848329000,171538052000001,-4.635,0.061,-34.165,0
1398294569527,41838857545000,171538052000001,-4.635,0.061,-34.165,0
1398294569537,41838867555000,171538052000001,-4.635,0.061,-34.165,0
1398294569547,41838877564000,171538052000001,-4.635,0.402,-34.165,0
1398294569559,41838889100000,171538052000001,-4.635,0.402,-34.165,0
1398294569567,41838897615000,171538052000001,-4.635,0.402,-34.165,0
1398294569578,41838907594000,171538052000001,-4.635,0.402,-34.165,0
1398294569587,41838917604000,171538052000001,-4.977,0.402,-34.165,0
1398294569598,41838927613000,171538052000001,-4.977,0.402,-34.165,0
1398294569607,41838937623000,171538052000001,-4.977,0.402,-34.165,0
1398294569617,41838947602000,171538052000001,-4.977,0.402,-34.165,0
1398294569629,41838957643000,171538052000001,-4.977,0.402,-34.165,0
1398294569638,41838967652000,171538052000001,-4.977,0.402,-34.165,0
1398294569648,41838977632000,171538052000001,-5.279,0.402,-34.165,0
1398294569658,41838987672000,171538052000001,-5.279,0.402,-34.165,0
1398294569668,41838997682000,171538052000001,-5.279,0.402,-34.165,0
1398294569679,41839007661000,171538052000001,-5.279,0.402,-34.165,0
1398294569688,41839017701000,171538052000001,-5.279,0.402,-34.165,0
1398294569698,41839027894000,171538052000001,-5.279,0.402,-34.165,0
1398294569707,41839037690000,171538052000001,-5.61,0.402,-34.165,0
1398294569723,41839047731000,171538052000001,-5.61,0.402,-34.165,0
1398294569733,41839057771000,171538052000001,-5.61,0.402,-34.165,0
1398294569751,41839069337000,171538052000001,-5.61,0.402,-34.165,0
1398294569753,41839077790000,171538052000001,-5.61,0.402,-34.165,0
1398294569758,41839087770000,171538052000001,-5.61,0.402,-34.165,0
1398294569768,41839097779000,171538052000001,-5.61,0.402,-34.165,0
1398294569779,41839107789000,171538052000001,-5.61,0.402,-34.165,0
1398294569788,41839117799000,171538052000001,-5.61,0.402,-34.165,0
1398294569798,41839127809000,171538052000001,-5.61,0.402,-34.165,0
1398294569808,41839137818000,171538052000001,-5.61,0.402,-34.165,0
1398294569818,41839147828000,171538052000001,-5.61,0.402,-34.165,0
1398294569831,41839160707000,171538052000001,-5.61,0.402,-34.165,0
1398294569838,41839167878000,171538052000001,-5.937,0.402,-34.165,0
1398294569851,41839177918000,171538052000001,-5.937,0.402,-34.165,0
1398294569859,41839187959000,171538052000001,-5.937,0.402,-34.165,0
1398294569873,41839197877000,171538052000001,-5.937,0.402,-34.165,0
1398294569879,41839207887000,171538052000001,-5.937,0.402,-34.165,0
1398294569888,41839217897000,171538052000001,-5.937,0.402,-34.165,0
1398294569898,41839227906000,171538052000001,-5.937,0.402,-34.165,0
1398294569908,41839237916000,171538052000001,-5.937,0.402,-34.165,0
1398294569920,41839249452000,171538052000001,-5.937,0.402,-34.165,0
1398294569928,41839257966000,171538052000001,-5.937,0.402,-34.165,0
1398294569938,41839267945000,171538052000001,-5.937,0.402,-34.165,0
1398294569948,41839277955000,171538052000001,-5.937,0.402,-34.165,0
1398294569958,41839287934000,171538052000001,-5.937,0.402,-34.165,0
1398294569968,41839297944000,171538052000001,-5.937,0.402,-34.165,0
1398294569978,41839307984000,171538052000001,-5.937,0.402,-34.165,0
1398294569988,41839317994000,171538052000001,-5.937,0.402,-34.165,0
1398294569998,41839328004000,171538052000001,-5.937,0.402,-34.165,0
1398294570008,41839338014000,171538052000001,-5.937,0.402,-34.165,0
1398294570018,41839348023000,171538052000001,-5.937,0.402,-34.165,0
1398294570028,41839358033000,171538052000001,-5.937,0.402,-34.165,0
1398294570038,41839368043000,171538052000001,-5.937,0.402,-34.165,0
1398294570048,41839378053000,171538052000001,-5.937,0.402,-34.165,0
1398294570058,41839388063000,171538052000001,-5.937,0.402,-34.165,0
1398294570068,41839398072000,171538052000001,-5.937,0.402,-34.165,0
1398294570078,41839408082000,171538052000001,-5.937,0.402,-34.165,0
1398294570088,41839418092000,171538052000001,-5.937,0.402,-34.165,0
1398294570099,41839429658000,171538052000001,-5.937,0.402,-34.165,0
1398294570108,41839438172000,171538052000001,-6.28,0.402,-34.165,0
1398294570118,41839448152000,171538052000001,-6.28,0.402,-34.165,0
1398294570129,41839458863000,171538052000001,-6.28,0.402,-34.165,0
1398294570138,41839468141000,171538052000001,-6.28,0.402,-34.165,0
1398294570153,41839482759000,171538052000001,-6.648,0.402,-34.165,0
1398294570161,41839490541000,171538052000001,-6.648,0.402,-34.165,0
1398294570171,41839501344000,171538052000001,-6.648,0.402,-34.165,0
1398294570180,41839510285000,171538052000001,-6.648,0.402,-34.165,0
1398294570195,41839525086000,171538052000001,-6.648,0.402,-34.165,0
1398294570199,41839528749000,171538052000001,-6.648,0.402,-33.862,0
1398294570215,41839544648000,171538052000001,-7.005,0.402,-33.862,0
1398294570219,41839548707000,171538052000001,-7.005,0.402,-33.862,0
1398294570235,41839564668000,171538052000001,-7.005,0.402,-33.862,0
1398294570239,41839568727000,171538052000001,-7.005,0.402,-33.862,0
1398294570255,41839584657000,171538052000001,-7.005,0.402,-33.862,0
1398294570259,41839588746000,171538052000001,-7.359,0.402,-33.862,0
1398294570272,41839598359000,171538052000001,-7.359,0.402,-33.862,0
1398294570291,41839610108000,171538052000001,-7.359,0.402,-33.554,0
1398294570296,41839618592000,171538052000001,-7.359,0.402,-33.554,0
1398294570299,41839628388000,171538052000001,-7.359,0.402,-33.554,0
1398294570308,41839638368000,171538052000001,-7.359,0.402,-33.554,0
1398294570319,41839648377000,171538052000001,-7.359,0.402,-33.554,0
1398294570328,41839658387000,171538052000001,-7.359,0.402,-33.554,0
1398294570340,41839668397000,171538052000001,-7.359,0.402,-33.554,0
1398294570350,41839678407000,171538052000001,-7.359,0.402,-33.554,0
1398294570359,41839688447000,171538052000001,-7.359,0.402,-33.554,0
1398294570369,41839698426000,171538052000001,-7.359,0.402,-33.554,0
1398294570379,41839708436000,171538052000001,-7.682,0.402,-33.554,0
1398294570388,41839718446000,171538052000001,-7.682,0.402,-33.554,0
1398294570399,41839728456000,171538052000001,-7.682,0.402,-33.554,0
1398294570408,41839738435000,171538052000001,-7.682,0.402,-33.554,0
1398294570418,41839748445000,171538052000001,-7.682,0.402,-33.554,0
1398294570430,41839758485000,171538052000001,-7.682,0.402,-33.554,0
1398294570440,41839769929000,171538052000001,-7.682,0.402,-33.554,0
1398294570448,41839778443000,171538052000001,-7.682,0.402,-33.554,0
1398294570460,41839790040000,171538052000001,-7.682,0.402,-33.554,0
1398294570468,41839798493000,171538052000001,-7.682,0.402,-33.554,0
1398294570478,41839808473000,171538052000001,-7.682,0.402,-33.554,0
1398294570488,41839818482000,171538052000001,-7.682,0.402,-33.554,0
1398294570498,41839828492000,171538052000001,-7.682,0.402,-33.25,0
1398294570508,41839838502000,171538052000001,-7.682,0.402,-33.25,0
1398294570518,41839848512000,171538052000001,-7.682,0.402,-33.25,0
1398294570528,41839858522000,171538052000001,-7.682,0.402,-33.25,0
1398294570538,41839868562000,171538052000001,-7.682,0.402,-33.25,0
1398294570548,41839878572000,171538052000001,-7.682,0.402,-33.25,0
1398294570558,41839888581000,171538052000001,-7.682,0.402,-33.25,0
1398294570568,41839898591000,171538052000001,-7.682,0.402,-33.25,0
1398294570578,41839908601000,171538052000001,-7.682,0.402,-33.25,0
1398294570588,41839918611000,171538052000001,-7.682,0.402,-33.25,0
1398294570598,41839928620000,171538052000001,-7.682,0.402,-33.25,0
1398294570608,41839938630000,171538052000001,-7.682,0.402,-33.25,0
1398294570619,41839948640000,171538052000001,-7.682,0.402,-33.25,0
1398294570629,41839958650000,171538052000001,-7.682,0.402,-33.25,0
1398294570640,41839970216000,171538052000001,-7.682,0.402,-33.25,0
1398294570649,41839978700000,171538052000001,-7.682,0.402,-33.25,0
1398294570659,41839988679000,171538052000001,-7.682,0.402,-33.25,0
1398294570669,41839998689000,171538052000001,-7.682,0.402,-33.25,0
1398294570679,41840008699000,171538052000001,-7.682,0.402,-33.25,0
1398294570689,41840018708000,171538052000001,-7.682,0.402,-33.25,0
1398294570699,41840028718000,171538052000001,-7.682,0.402,-33.25,0
1398294570709,41840038728000,171538052000001,-7.682,0.402,-33.25,0
1398294570719,41840048738000,171538052000001,-7.682,0.402,-33.25,0
1398294570729,41840058717000,171538052000001,-7.682,0.402,-33.25,0
1398294570739,41840068788000,171538052000001,-7.682,0.402,-33.25,0
1398294570754,41840084230000,171538052000001,-7.682,0.402,-33.25,0
1398294570760,41840089997000,171538052000001,-7.682,0.402,-33.25,0
1398294570771,41840100953000,171538052000001,-7.682,0.402,-33.25,0
1398294570780,41840108979000,171538052000001,-7.682,0.402,-33.25,0
1398294570790,41840118836000,171538052000001,-7.682,0.402,-33.25,0
1398294570801,41840128816000,171538052000001,-7.682,0.402,-33.25,0
1398294570809,41840138825000,171538052000001,-7.682,0.402,-33.25,0
1398294570821,41840150392000,171538052000001,-7.682,0.402,-33.25,0
1398294570829,41840158876000,171538052000001,-7.682,0.402,-33.25,0
1398294570839,41840168855000,171538052000001,-7.682,0.402,-33.25,0
1398294570849,41840178865000,171538052000001,-7.682,0.402,-33.25,0
1398294570859,41840188874000,171538052000001,-7.682,0.402,-33.25,0
1398294570869,41840198884000,171538052000001,-7.682,0.048,-33.25,0
1398294570880,41840208894000,171538052000001,-7.682,0.048,-33.25,0
1398294570896,41840225434000,171538052000001,-7.682,0.048,-33.25,0
1398294570899,41840229371000,171538052000001,-7.682,0.048,-33.25,0
1398294570913,41840243440000,171538052000001,-7.682,0.048,-33.25,0
1398294570921,41840251069000,171538052000001,-7.682,0.048,-33.25,0
1398294570935,41840265443000,171538052000001,-7.682,0.048,-33.25,0
1398294570941,41840270539000,171538052000001,-7.682,0.048,-33.25,0
1398294570954,41840283967000,171538052000001,-7.682,0.048,-33.25,0
1398294570961,41840288972000,171538052000001,-7.682,0.048,-33.25,0
1398294570982,41840303987000,171538052000001,-7.682,0.048,-32.905,0
1398294570984,41840308961000,171538052000001,-7.682,0.048,-32.905,0
1398294570998,41840321137000,171538052000001,-8.053,0.048,-32.905,0
1398294571001,41840330903000,171538052000001,-8.053,0.048,-32.905,0
1398294571021,41840339784000,171538052000001,-8.053,0.048,-32.905,0
1398294571023,41840349061000,171538052000001,-8.053,0.048,-32.905,0
1398294571032,41840359040000,171538052000001,-8.053,-0.256,-32.905,0
1398294571039,41840369050000,171538052000001,-8.369,-0.256,-32.905,0
1398294571053,41840380433000,171538052000001,-8.369,-0.256,-32.905,0
1398294571060,41840389070000,171538052000001,-8.369,-0.256,-32.905,0
1398294571072,41840401002000,171538052000001,-8.369,-0.256,-32.905,0
1398294571084,41840409425000,171538052000001,-8.369,-0.256,-32.905,0
1398294571091,41840421388000,171538052000001,-8.369,-0.256,-32.905,0
1398294571109,41840429109000,171538052000001,-8.369,-0.256,-32.905,0
1398294571111,41840439118000,171538052000001,-8.369,-0.256,-32.905,0
1398294571119,41840449098000,171538052000001,-8.369,-0.256,-32.905,0
1398294571129,41840459107000,171538052000001,-8.688,-0.256,-32.905,0
1398294571139,41840469148000,171538052000001,-8.688,-0.256,-32.905,0
1398294571149,41840479127000,171538052000001,-8.688,-0.256,-32.905,0
1398294571162,41840489137000,171538052000001,-8.688,-0.256,-32.905,0
1398294571169,41840499177000,171538052000001,-8.688,-0.256,-32.905,0
1398294571181,41840510713000,171538052000001,-8.688,-0.256,-32.905,0
1398294571189,41840519197000,171538052000001,-8.688,-0.256,-32.905,0
1398294571200,41840529176000,171538052000001,-8.378,-0.256,-32.905,0
1398294571209,41840539186000,171538052000001,-8.378,-0.256,-32.905,0
1398294571219,41840549195000,171538052000001,-8.378,-0.256,-32.905,0
1398294571229,41840559205000,171538052000001,-8.378,-0.256,-32.905,0
1398294571239,41840569215000,171538052000001,-8.378,-0.256,-32.905,0
1398294571249,41840579225000,171538052000001,-8.076,-0.256,-32.905,0
1398294571260,41840589234000,171538052000001,-8.076,-0.256,-32.905,0
1398294571269,41840599275000,171538052000001,-8.076,-0.256,-32.905,0
1398294571279,41840609254000,171538052000001,-8.076,-0.256,-32.905,0
1398294571289,41840619294000,171538052000001,-8.076,-0.256,-32.905,0
1398294571299,41840629273000,171538052000001,-8.076,-0.256,-32.905,0
1398294571309,41840639314000,171538052000001,-8.076,-0.256,-32.905,0
1398294571319,41840649324000,171538052000001,-8.076,-0.256,-32.905,0
1398294571329,41840659333000,171538052000001,-8.076,-0.256,-32.905,0
1398294571339,41840669343000,171538052000001,-8.076,-0.256,-32.905,0
1398294571349,41840679353000,171538052000001,-8.076,-0.256,-32.905,0
1398294571361,41840690919000,171538052000001,-8.076,-0.256,-32.905,0
1398294571369,41840699403000,171538052000001,-8.076,-0.256,-32.905,0
1398294571379,41840709352000,171538052000001,-7.769,-0.256,-32.905,0
1398294571390,41840719361000,171538052000001,-7.769,-0.256,-33.227,0
1398294571399,41840729371000,171538052000001,-7.769,-0.256,-33.227,0
1398294571409,41840739381000,171538052000001,-7.769,-0.256,-33.227,0
1398294571419,41840749391000,171538052000001,-7.769,-0.256,-33.227,0
1398294571430,41840759553000,171538052000001,-7.769,-0.256,-33.227,0
1398294571439,41840769410000,171538052000001,-7.769,-0.256,-33.227,0
1398294571449,41840779420000,171538052000001,-7.769,-0.256,-33.227,0
1398294571460,41840789430000,171538052000001,-7.769,-0.256,-33.227,0
1398294571470,41840799439000,171538052000001,-7.769,-0.256,-33.227,0
1398294571480,41840809602000,171538052000001,-7.769,-0.256,-33.227,0
1398294571490,41840819490000,171538052000001,-7.452,-0.256,-33.227,0
1398294571499,41840829438000,171538052000001,-7.452,-0.256,-33.227,0
1398294571512,41840839479000,171538052000001,-7.452,-0.256,-33.227,0
1398294571545,41840852723000,171538052000001,-7.452,-0.256,-33.227,0
1398294571547,41840860139000,171538052000001,-7.452,-0.256,-33.227,0
1398294571550,41840871095000,171538052000001,-7.452,-0.256,-33.227,0
1398294571551,41840879609000,171538052000001,-7.452,-0.256,-33.227,0
1398294571572,41840889619000,171538052000001,-7.452,-0.256,-33.227,0
1398294571576,41840899720000,171538052000001,-7.452,-0.256,-33.227,0
1398294571580,41840909608000,171538052000001,-7.452,-0.256,-33.227,0
1398294571599,41840919587000,171538052000001,-7.452,-0.256,-33.227,0
1398294571604,41840929597000,171538052000001,-7.452,-0.256,-33.227,0
1398294571610,41840939607000,171538052000001,-7.452,-0.256,-33.227,0
1398294571620,41840949647000,171538052000001,-7.452,-0.256,-33.227,0
1398294571630,41840959626000,171538052000001,-7.452,-0.256,-33.227,0
1398294571645,41840969667000,171538052000001,-7.452,0.056,-33.227,0
1398294571650,41840979676000,171538052000001,-7.452,0.056,-33.227,0
1398294571662,41840989686000,171538052000001,-7.452,0.056,-33.227,0
1398294571674,41841003694000,171538052000001,-7.452,0.056,-33.227,0
1398294571679,41841009614000,171538052000001,-7.791,0.056,-33.227,0
1398294571689,41841019624000,171538052000001,-7.791,0.056,-33.227,0
1398294571699,41841029664000,171538052000001,-7.791,0.056,-33.227,0
1398294571710,41841039704000,171538052000001,-7.791,0.056,-33.227,0
1398294571721,41841051240000,171538052000001,-7.791,0.056,-33.227,0
1398294571730,41841059724000,171538052000001,-7.791,0.056,-33.227,0
1398294571740,41841069703000,171538052000001,-7.791,0.056,-33.227,0
1398294571749,41841079713000,171538052000001,-7.791,0.056,-33.227,0
1398294571763,41841089723000,171538052000001,-7.791,0.056,-33.227,0
1398294571770,41841099763000,171538052000001,-7.791,0.056,-33.227,0
1398294571786,41841109742000,171538052000001,-7.791,0.056,-33.227,0
1398294571790,41841119752000,171538052000001,-7.791,0.056,-33.227,0
1398294571800,41841129762000,171538052000001,-8.105,0.056,-33.227,0
1398294571811,41841139772000,171538052000001,-8.105,0.056,-33.227,0
1398294571820,41841149781000,171538052000001,-8.105,0.363,-33.227,0
1398294571830,41841159791000,171538052000001,-8.105,0.363,-33.227,0
1398294571841,41841169801000,171538052000001,-8.105,0.363,-33.227,0
1398294571850,41841179811000,171538052000001,-8.105,0.363,-33.227,0
1398294571861,41841190034000,171538052000001,-8.105,0.363,-33.227,0
1398294571870,41841199861000,171538052000001,-8.105,0.363,-33.227,0
1398294571880,41841209840000,171538052000001,-8.105,0.363,-33.227,0
1398294571890,41841219850000,171538052000001,-8.105,0.363,-33.227,0
1398294571901,41841231385000,171538052000001,-8.105,0.363,-33.227,0
1398294571910,41841239900000,171538052000001,-8.105,0.363,-33.227,0
1398294571922,41841249879000,171538052000001,-7.769,0.363,-33.227,0
1398294571930,41841260041000,171538052000001,-7.769,0.363,-33.227,0
1398294571940,41841269929000,171538052000001,-7.769,0.363,-33.227,0
1398294571950,41841279939000,171538052000001,-7.769,0.363,-33.227,0
1398294571961,41841289918000,171538052000001,-7.769,0.363,-33.227,0
1398294571974,41841303803000,171538052000001,-7.769,0.363,-33.227,0
1398294571980,41841309938000,171538052000001,-7.769,0.363,-33.227,0
1398294571990,41841319947000,171538052000001,-7.769,0.363,-33.227,0
1398294572000,41841329957000,171538052000001,-8.079,0.363,-33.227,0
1398294572010,41841339967000,171538052000001,-8.079,0.363,-33.227,0
1398294572020,41841349946000,171538052000001,-8.079,0.363,-33.227,0
1398294572030,41841359956000,171538052000001,-8.079,0.363,-33.227,0
1398294572040,41841369996000,171538052000001,-8.079,0.363,-33.227,0
1398294572050,41841380036000,171538052000001,-8.079,0.363,-33.227,0
1398294572060,41841390046000,171538052000001,-8.079,0.363,-33.227,0
1398294572070,41841400056000,171538052000001,-8.079,0.363,-33.227,0
1398294572081,41841411561000,171538052000001,-8.079,0.363,-33.227,0
1398294572090,41841420075000,171538052000001,-8.079,0.363,-33.227,0
1398294572100,41841430055000,171538052000001,-8.079,0.363,-32.896,0
1398294572111,41841440064000,171538052000001,-8.079,0.363,-32.896,0
1398294572120,41841450105000,171538052000001,-8.079,0.363,-32.896,0
1398294572130,41841460115000,171538052000001,-8.079,0.363,-32.896,0
1398294572140,41841470124000,171538052000001,-8.079,0.363,-32.896,0
1398294572150,41841480134000,171538052000001,-8.079,0.363,-32.896,0
1398294572160,41841490113000,171538052000001,-8.079,0.363,-32.896,0
1398294572170,41841500123000,171538052000001,-8.079,0.363,-32.896,0
1398294572180,41841510133000,171538052000001,-8.079,0.363,-32.896,0
1398294572190,41841520143000,171538052000001,-8.079,0.363,-32.896,0
1398294572200,41841530152000,171538052000001,-8.079,0.363,-32.896,0
1398294572213,41841540162000,171538052000001,-8.079,0.363,-32.896,0
1398294572221,41841550263000,171538052000001,-8.079,0.363,-32.896,0
1398294572230,41841560212000,171538052000001,-8.079,0.363,-32.896,0
1398294572240,41841570222000,171538052000001,-8.079,0.363,-32.896,0
1398294572250,41841580232000,171538052000001,-8.079,0.363,-32.896,0
1398294572264,41841591950000,171538052000001,-8.079,0.363,-32.896,0
1398294572275,41841604524000,171538052000001,-8.079,0.363,-32.896,0
1398294572286,41841610322000,171538052000001,-8.079,0.363,-32.896,0
1398294572293,41841621125000,171538052000001,-8.079,0.053,-32.896,0
1398294572302,41841631867000,171538052000001,-8.079,0.053,-32.896,0
1398294572312,41841642243000,171538052000001,-8.079,0.053,-32.896,0
1398294572322,41841652131000,171538052000001,-8.079,0.053,-32.896,0
1398294572334,41841663819000,171538052000001,-8.079,0.053,-32.896,0
1398294572343,41841673310000,171538052000001,-8.079,0.053,-32.896,0
1398294572354,41841683961000,171538052000001,-7.754,0.053,-32.896,0
1398294572366,41841693086000,171538052000001,-7.754,0.053,-32.896,0
1398294572378,41841701295000,171538052000001,-7.754,-0.267,-32.896,0
1398294572381,41841711152000,171538052000001,-7.754,-0.267,-32.896,0
1398294572397,41841721711000,171538052000001,-7.754,-0.267,-32.896,0
1398294572403,41841732331000,171538052000001,-7.754,-0.267,-33.21,0
1398294572417,41841740357000,171538052000001,-7.754,-0.267,-33.21,0
1398294572427,41841750367000,171538052000001,-7.754,-0.267,-33.21,0
1398294572430,41841760408000,171538052000001,-7.754,-0.267,-33.21,0
1398294572445,41841771974000,171538052000001,-7.754,-0.624,-33.21,0
1398294572453,41841780458000,171538052000001,-7.754,-0.624,-33.21,0
1398294572468,41841790437000,171538052000001,-7.754,-0.624,-33.21,0
1398294572472,41841800447000,171538052000001,-7.754,-0.624,-33.21,0
1398294572481,41841810456000,171538052000001,-7.754,-0.624,-33.21,0
1398294572498,41841820436000,171538052000001,-7.754,-0.624,-33.21,0
1398294572500,41841830445000,171538052000001,-7.754,-0.624,-33.21,0
1398294572510,41841840455000,171538052000001,-7.754,-0.624,-33.21,0
1398294572521,41841850465000,171538052000001,-7.754,-0.624,-33.21,0
1398294572531,41841860475000,171538052000001,-7.754,-0.624,-33.21,0
1398294572540,41841870484000,171538052000001,-7.754,-0.624,-33.21,0
1398294572550,41841880494000,171538052000001,-7.754,-0.624,-33.21,0
1398294572561,41841890565000,171538052000001,-7.754,-0.624,-33.21,0
1398294572571,41841900514000,171538052000001,-7.754,-0.624,-33.21,0
1398294572593,41841912141000,171538052000001,-7.754,-0.624,-33.21,0
1398294572595,41841921327000,171538052000001,-7.754,-0.624,-33.21,0
1398294572602,41841930543000,171538052000001,-7.754,-0.624,-33.21,0
1398294572611,41841940553000,171538052000001,-7.754,-0.624,-33.21,0
1398294572623,41841952180000,171538052000001,-7.754,-0.624,-33.21,0
1398294572631,41841961183000,171538052000001,-7.754,-0.624,-33.554,0
1398294572642,41841970582000,171538052000001,-7.444,-0.624,-33.554,0
1398294572652,41841981904000,171538052000001,-7.444,-0.624,-33.554,0
1398294572664,41841990632000,171538052000001,-7.444,-0.624,-33.554,0
1398294572675,41842002290000,171538052000001,-7.444,-0.624,-33.554,0
1398294572689,41842010652000,171538052000001,-7.141,-0.624,-33.554,0
1398294572691,41842020631000,171538052000001,-7.141,-0.624,-33.554,0
1398294572701,41842030641000,171538052000001,-7.141,-0.624,-33.554,0
1398294572711,41842040650000,171538052000001,-7.141,-0.624,-33.554,0
1398294572722,41842050660000,171538052000001,-6.809,-0.624,-33.554,0
1398294572733,41842061555000,171538052000001,-6.809,-0.624,-33.554,0
1398294572741,41842070710000,171538052000001,-6.809,-0.624,-33.891,0
1398294572750,41842080689000,171538052000001,-6.809,-0.624,-33.891,0
1398294572761,41842090730000,171538052000001,-6.449,-0.624,-33.891,0
1398294572771,41842100709000,171538052000001,-6.449,-0.624,-33.891,0
1398294572781,41842110749000,171538052000001,-6.449,-0.624,-33.891,0
1398294572791,41842120668000,171538052000001,-6.449,-0.624,-33.891,0
1398294572802,41842132234000,171538052000001,-6.449,-0.624,-33.891,0
1398294572811,41842140748000,171538052000001,-6.449,-0.624,-33.891,0
1398294572822,41842150727000,171538052000001,-6.449,-0.624,-33.891,0
1398294572831,41842160737000,171538052000001,-6.449,-0.624,-33.891,0
1398294572841,41842170747000,171538052000001,-6.773,-0.624,-33.891,0
1398294572851,41842180726000,171538052000001,-6.773,-0.624,-33.891,0
1398294572861,41842190766000,171538052000001,-6.773,-0.624,-33.891,0
1398294572871,41842200776000,171538052000001,-6.773,-0.624,-33.891,0
1398294572881,41842210786000,171538052000001,-6.773,-0.624,-33.891,0
1398294572891,41842221192000,171538052000001,-6.773,-0.624,-33.891,0
1398294572904,41842232362000,171538052000001,-6.773,-0.624,-33.891,0
1398294572913,41842240815000,171538052000001,-6.773,-0.624,-33.891,0
1398294572929,41842250825000,171538052000001,-7.073,-0.624,-33.587,0
1398294572931,41842260804000,171538052000001,-7.073,-0.624,-33.587,0
1398294572944,41842270845000,171538052000001,-7.073,-0.624,-33.587,0
1398294572951,41842280854000,171538052000001,-7.073,-0.624,-33.587,0
1398294572964,41842290864000,171538052000001,-7.073,-0.624,-33.587,0
1398294572976,41842300874000,171538052000001,-7.073,-0.624,-33.587,0
1398294572983,41842312470000,171538052000001,-7.073,-0.624,-33.587,0
1398294572991,41842320985000,171538052000001,-7.377,-0.624,-33.587,0
1398294573001,41842330903000,171538052000001,-7.377,-0.624,-33.587,0
1398294573011,41842340943000,171538052000001,-7.377,-0.624,-33.587,0
1398294573036,41842350953000,171538052000001,-7.377,-0.624,-33.587,0
1398294573038,41842360932000,171538052000001,-7.377,-0.624,-33.587,0
1398294573041,41842371064000,171538052000001,-7.377,-0.624,-33.587,0
1398294573051,41842380952000,171538052000001,-7.377,-0.624,-33.587,0
1398294573061,41842390962000,171538052000001,-7.377,-0.624,-33.587,0
1398294573071,41842401002000,171538052000001,-7.377,-0.624,-33.587,0
1398294573081,41842411042000,171538052000001,-7.377,-0.624,-33.587,0
1398294573092,41842421022000,171538052000001,-7.377,-0.624,-33.587,0
1398294573101,41842431031000,171538052000001,-7.377,-0.624,-33.587,0
1398294573111,41842441072000,171538052000001,-7.377,-0.624,-33.587,0
1398294573121,41842451051000,171538052000001,-7.377,-0.624,-33.587,0
1398294573131,41842461061000,171538052000001,-7.377,-0.624,-33.587,0
1398294573141,41842471070000,171538052000001,-7.377,-0.624,-33.587,0
1398294573151,41842481050000,171538052000001,-7.377,-0.624,-33.587,0
1398294573163,41842492799000,171538052000001,-7.377,-0.624,-33.587,0
1398294573172,41842501130000,171538052000001,-7.377,-0.624,-33.587,0
1398294573181,41842511140000,171538052000001,-7.377,-0.624,-33.587,0
1398294573191,41842521119000,171538052000001,-7.377,-0.624,-33.587,0
1398294573203,41842532563000,171538052000001,-7.377,-0.624,-33.587,0
1398294573211,41842541078000,171538052000001,-7.377,-0.624,-33.587,0
1398294573221,41842551118000,171538052000001,-7.377,-0.624,-33.587,0
1398294573231,41842561128000,171538052000001,-7.377,-0.624,-33.587,0
1398294573241,41842571137000,171538052000001,-7.377,-0.624,-33.267,0
1398294573251,41842581147000,171538052000001,-7.377,-0.624,-33.267,0
1398294573261,41842591157000,171538052000001,-7.377,-0.624,-33.267,0
1398294573271,41842601167000,171538052000001,-7.377,-0.624,-33.267,0
1398294573281,41842611177000,171538052000001,-7.377,-0.624,-33.267,0
1398294573291,41842621186000,171538052000001,-7.377,-0.624,-33.267,0
1398294573301,41842631196000,171538052000001,-7.377,-0.624,-33.267,0
1398294573311,41842641206000,171538052000001,-7.377,-0.624,-33.267,0
1398294573321,41842651216000,171538052000001,-7.377,-0.624,-33.267,0
1398294573331,41842661225000,171538052000001,-7.377,-0.624,-33.267,0
1398294573343,41842672761000,171538052000001,-7.377,-0.624,-33.267,0
1398294573351,41842681275000,171538052000001,-7.377,-0.624,-33.267,0
1398294573361,41842691255000,171538052000001,-7.377,-0.624,-33.267,0
1398294573371,41842701264000,171538052000001,-7.377,-0.624,-33.267,0
1398294573381,41842711274000,171538052000001,-7.377,-0.624,-33.267,0
1398294573391,41842721284000,171538052000001,-7.377,-0.624,-33.267,0
1398294573401,41842731294000,171538052000001,-7.377,-0.624,-33.267,0
1398294573411,41842741303000,171538052000001,-7.377,-0.624,-33.267,0
1398294573421,41842751313000,171538052000001,-7.377,-0.624,-33.267,0
1398294573434,41842762116000,171538052000001,-7.377,-0.624,-33.267,0
1398294573445,41842774934000,171538052000001,-7.377,-0.624,-33.267,0
1398294573454,41842783998000,171538052000001,-7.377,-0.624,-33.267,0
1398294573465,41842794892000,171538052000001,-7.377,-0.624,-33.267,0
1398294573472,41842801881000,171538052000001,-7.377,-0.624,-33.267,0
1398294573484,41842813844000,171538052000001,-7.377,-0.624,-33.267,0
1398294573499,41842822846000,171538052000001,-7.377,-0.291,-33.267,0
1398294573504,41842833558000,171538052000001,-7.708,-0.291,-33.267,0
1398294573515,41842843019000,171538052000001,-7.708,-0.291,-33.267,0
1398294573536,41842852998000,171538052000001,-7.708,-0.291,-33.267,0
1398294573550,41842862062000,171538052000001,-7.708,-0.291,-33.267,0
1398294573563,41842871491000,171538052000001,-7.708,-0.291,-33.267,0
1398294573572,41842881593000,171538052000001,-7.708,-0.291,-33.267,0
1398294573582,41842891511000,171538052000001,-8.026,-0.291,-33.267,0
1398294573589,41842901490000,171538052000001,-8.026,-0.291,-33.267,0
1398294573591,41842911592000,171538052000001,-8.026,-0.291,-33.267,0
1398294573594,41842921693000,171538052000001,-8.026,-0.291,-33.267,0
1398294573602,41842931581000,171538052000001,-8.026,-0.291,-33.267,0
1398294573611,41842941560000,171538052000001,-8.026,-0.291,-33.267,0
1398294573622,41842951539000,171538052000001,-8.026,-0.291,-33.267,0
1398294573632,41842961579000,171538052000001,-8.026,-0.291,-33.267,0
1398294573641,41842971559000,171538052000001,-8.026,-0.291,-33.267,0
1398294573651,41842981538000,171538052000001,-8.026,-0.291,-33.267,0
1398294573661,41842991548000,171538052000001,-8.026,-0.291,-33.267,0
1398294573672,41843001588000,171538052000001,-8.026,-0.291,-33.267,0
1398294573681,41843011567000,171538052000001,-8.026,-0.291,-33.267,0
1398294573692,41843021607000,171538052000001,-8.026,-0.291,-33.267,0
1398294573707,41843033143000,171538052000001,-8.026,-0.291,-33.267,0
1398294573712,41843041627000,171538052000001,-8.026,-0.291,-33.267,0
1398294573722,41843051606000,171538052000001,-8.026,-0.291,-33.267,0
1398294573731,41843061616000,171538052000001,-8.026,-0.291,-33.267,0
1398294573742,41843071626000,171538052000001,-8.026,-0.291,-33.267,0
1398294573752,41843081605000,171538052000001,-8.026,-0.291,-33.267,0
1398294573761,41843091615000,171538052000001,-8.026,-0.291,-33.267,0
1398294573772,41843101655000,171538052000001,-8.026,-0.291,-33.267,0
1398294573781,41843111634000,171538052000001,-8.026,-0.291,-33.267,0
1398294573792,41843121644000,171538052000001,-8.026,-0.291,-33.267,0
1398294573806,41843131959000,171538052000001,-8.026,-0.291,-33.267,0
1398294573812,41843141908000,171538052000001,-8.026,-0.291,-33.267,0
1398294573822,41843151673000,171538052000001,-8.026,-0.291,-33.267,0
1398294573832,41843161683000,171538052000001,-8.026,-0.291,-33.267,0
1398294573841,41843171693000,171538052000001,-8.026,-0.291,-33.267,0
1398294573860,41843181733000,171538052000001,-8.026,-0.291,-33.267,0
1398294573862,41843191773000,171538052000001,-8.026,-0.291,-33.267,0
1398294573872,41843201722000,171538052000001,-8.026,-0.291,-32.913,0
1398294573886,41843214356000,171538052000001,-8.026,-0.291,-32.913,0
1398294573892,41843221772000,171538052000001,-8.393,-0.291,-32.913,0
1398294573902,41843231782000,171538052000001,-8.393,-0.291,-32.913,0
1398294573911,41843241761000,171538052000001,-8.393,-0.291,-32.913,0
1398294573922,41843251771000,171538052000001,-8.393,-0.291,-32.913,0
1398294573932,41843261781000,171538052000001,-8.393,-0.291,-32.913,0
1398294573942,41843271791000,171538052000001,-8.393,-0.291,-32.913,0
1398294573952,41843282044000,171538052000001,-8.393,-0.291,-32.913,0
1398294573962,41843291810000,171538052000001,-8.393,-0.291,-32.913,0
1398294573972,41843301820000,171538052000001,-8.393,-0.291,-32.913,0
1398294573982,41843311830000,171538052000001,-8.393,-0.291,-32.913,0
1398294573992,41843321839000,171538052000001,-8.393,-0.291,-32.913,0
1398294574001,41843331849000,171538052000001,-8.393,-0.291,-32.913,0
1398294574012,41843341859000,171538052000001,-8.393,-0.291,-32.913,0
1398294574022,41843351869000,171538052000001,-8.393,-0.291,-32.913,0
1398294574033,41843361909000,171538052000001,-8.393,-0.291,-32.913,0
1398294574043,41843372071000,171538052000001,-8.393,-0.291,-32.913,0
1398294574052,41843381928000,171538052000001,-8.393,-0.291,-32.913,0
1398294574064,41843393464000,171538052000001,-8.021,-0.291,-32.913,0
1398294574072,41843401948000,171538052000001,-8.021,-0.291,-32.913,0
1398294574082,41843411927000,171538052000001,-8.021,-0.291,-32.913,0
1398294574092,41843421937000,171538052000001,-8.021,-0.291,-32.913,0
1398294574102,41843431947000,171538052000001,-7.687,-0.291,-32.913,0
1398294574112,41843441957000,171538052000001,-7.687,-0.291,-32.913,0
1398294574126,41843456117000,171538052000001,-7.687,-0.291,-32.913,0
1398294574132,41843461976000,171538052000001,-7.687,-0.291,-32.913,0
1398294574142,41843472444000,171538052000001,-7.687,-0.291,-32.913,0
1398294574152,41843481996000,171538052000001,-7.687,-0.291,-32.913,0
1398294574162,41843492005000,171538052000001,-7.687,-0.291,-32.913,0
1398294574172,41843502015000,171538052000001,-7.687,-0.291,-33.215,0
1398294574182,41843512025000,171538052000001,-7.687,-0.291,-33.215,0
1398294574192,41843522035000,171538052000001,-7.687,-0.291,-33.215,0
1398294574202,41843532044000,171538052000001,-7.687,-0.291,-33.215,0
1398294574212,41843542054000,171538052000001,-7.687,-0.291,-33.215,0
1398294574222,41843552064000,171538052000001,-7.687,-0.291,-33.215,0
1398294574232,41843562074000,171538052000001,-7.687,-0.291,-33.215,0
1398294574243,41843573640000,171538052000001,-7.687,-0.291,-33.215,0
1398294574252,41843582154000,171538052000001,-7.687,-0.291,-33.215,0
1398294574262,41843592103000,171538052000001,-7.687,-0.291,-33.215,0
1398294574272,41843602113000,171538052000001,-7.687,-0.291,-33.215,0
1398294574282,41843612123000,171538052000001,-7.687,-0.291,-33.215,0
1398294574292,41843622132000,171538052000001,-7.687,-0.291,-33.215,0
1398294574302,41843632142000,171538052000001,-7.687,-0.291,-33.215,0
1398294574312,41843642152000,171538052000001,-7.687,-0.291,-33.215,0
1398294574322,41843652162000,171538052000001,-7.687,-0.291,-33.215,0
1398294574332,41843662171000,171538052000001,-7.687,-0.291,-33.215,0
1398294574342,41843672181000,171538052000001,-7.687,-0.291,-33.215,0
1398294574352,41843682191000,171538052000001,-7.687,-0.291,-33.215,0
1398294574362,41843692201000,171538052000001,-7.687,-0.291,-33.215,0
1398294574372,41843702210000,171538052000001,-7.687,-0.291,-33.215,0
1398294574382,41843712220000,171538052000001,-7.687,-0.291,-33.215,0
1398294574398,41843722230000,171538052000001,-7.687,-0.291,-33.215,0
1398294574402,41843732270000,171538052000001,-7.687,-0.291,-33.215,0
1398294574412,41843742250000,171538052000001,-7.687,-0.291,-33.215,0
1398294574425,41843753846000,171538052000001,-7.687,-0.291,-33.215,0
1398294574432,41843762330000,171538052000001,-7.687,-0.291,-33.215,0
1398294574442,41843772279000,171538052000001,-7.687,-0.291,-33.215,0
1398294574452,41843782289000,171538052000001,-7.687,-0.291,-33.215,0
1398294574462,41843792481000,171538052000001,-7.687,-0.291,-33.215,0
1398294574472,41843802308000,171538052000001,-7.687,-0.291,-33.215,0
1398294574482,41843812318000,171538052000001,-7.687,-0.291,-33.215,0
1398294574492,41843822328000,171538052000001,-7.687,-0.291,-33.215,0
1398294574502,41843832337000,171538052000001,-7.687,-0.291,-33.215,0
1398294574512,41843842347000,171538052000001,-7.687,-0.291,-33.215,0
1398294574522,41843852357000,171538052000001,-7.687,-0.291,-33.215,0
1398294574532,41843862367000,171538052000001,-7.687,-0.599,-33.215,0
1398294574542,41843872376000,171538052000001,-7.687,-0.599,-33.215,0
1398294574556,41843883363000,171538052000001,-7.687,-0.599,-33.215,0
1398294574563,41843892457000,171538052000001,-7.687,-0.599,-33.215,0
1398294574573,41843902436000,171538052000001,-7.687,-0.599,-33.215,0
1398294574589,41843912446000,171538052000001,-7.687,-0.599,-33.215,0
1398294574592,41843922486000,171538052000001,-7.687,-0.599,-33.215,0
1398294574605,41843934022000,171538052000001,-7.687,-0.599,-33.215,0
1398294574612,41843942506000,171538052000001,-7.687,-0.912,-33.215,0
1398294574624,41843952485000,171538052000001,-7.687,-0.912,-33.215,0
1398294574636,41843962495000,171538052000001,-7.687,-0.912,-33.215,0
1398294574643,41843972535000,171538052000001,-7.687,-0.912,-33.215,0
1398294574654,41843982514000,171538052000001,-7.687,-0.912,-33.215,0
1398294574665,41843994386000,171538052000001,-7.687,-0.912,-33.215,0
1398294574674,41844004029000,171538052000001,-7.687,-0.912,-33.215,0
1398294574684,41844013215000,171538052000001,-7.687,-1.234,-33.215,0
1398294574695,41844024140000,171538052000001,-7.687,-1.234,-33.215,0
1398294574705,41844032624000,171538052000001,-7.687,-1.234,-33.215,0
1398294574714,41844044251000,171538052000001,-7.687,-1.234,-33.215,0
1398294574728,41844052613000,171538052000001,-7.687,-1.234,-33.215,0
1398294574736,41844062623000,171538052000001,-7.687,-1.234,-33.215,0
1398294574747,41844076478000,171538052000001,-7.38,-1.234,-33.215,0
1398294574753,41844082612000,171538052000001,-7.38,-1.234,-33.215,0
1398294574763,41844092622000,171538052000001,-7.38,-1.234,-33.215,0
1398294574773,41844102601000,171538052000001,-7.38,-1.234,-33.215,0
1398294574784,41844114198000,171538052000001,-7.38,-1.234,-33.215,0
1398294574793,41844122682000,171538052000001,-7.38,-1.234,-33.215,0
1398294574803,41844132691000,171538052000001,-7.38,-1.234,-33.215,0
1398294574813,41844142701000,171538052000001,-7.054,-1.234,-33.528,0
1398294574823,41844152864000,171538052000001,-7.054,-1.234,-33.528,0
1398294574836,41844163148000,171538052000001,-7.054,-1.234,-33.528,0
1398294574844,41844173707000,171538052000001,-7.054,-1.234,-33.528,0
1398294574854,41844183625000,171538052000001,-7.054,-1.234,-33.528,0
1398294574863,41844192750000,171538052000001,-7.054,-1.234,-33.528,0
1398294574873,41844202729000,171538052000001,-6.723,-1.234,-33.528,0
1398294574884,41844212800000,171538052000001,-6.723,-1.234,-33.528,0
1398294574893,41844222779000,171538052000001,-6.723,-1.234,-33.528,0
1398294574904,41844233094000,171538052000001,-6.723,-1.234,-33.528,0
1398294574913,41844242799000,171538052000001,-6.723,-1.234,-33.528,0
1398294574923,41844252809000,171538052000001,-6.723,-1.234,-33.528,0
1398294574933,41844262818000,171538052000001,-6.723,-1.234,-33.528,0
1398294574943,41844272798000,171538052000001,-6.723,-1.234,-33.528,0
1398294574953,41844282807000,171538052000001,-6.723,-1.234,-33.528,0
1398294574967,41844294374000,171538052000001,-6.723,-1.234,-33.528,0
1398294574973,41844302918000,171538052000001,-6.723,-1.234,-33.528,0
1398294574983,41844312867000,171538052000001,-6.723,-1.234,-33.528,0
1398294574993,41844322877000,171538052000001,-6.723,-1.234,-33.528,0
1398294575003,41844332978000,171538052000001,-6.723,-1.234,-33.528,0
1398294575013,41844342897000,171538052000001,-6.723,-1.234,-33.528,0
1398294575023,41844352906000,171538052000001,-6.723,-0.914,-33.528,0
1398294575033,41844363252000,171538052000001,-6.723,-0.914,-33.528,0
1398294575043,41844373200000,171538052000001,-6.723,-0.914,-33.528,0
1398294575053,41844382966000,171538052000001,-6.723,-0.914,-33.528,0
1398294575063,41844392915000,171538052000001,-6.723,-0.914,-33.528,0
1398294575073,41844402925000,171538052000001,-7.078,-0.914,-33.528,0
1398294575083,41844412934000,171538052000001,-7.078,-0.914,-33.528,0
1398294575093,41844422944000,171538052000001,-7.078,-0.914,-33.528,0
1398294575103,41844432954000,171538052000001,-7.078,-0.914,-33.528,0
1398294575113,41844442964000,171538052000001,-7.078,-0.914,-33.528,0
1398294575123,41844452973000,171538052000001,-7.078,-0.914,-33.528,0
1398294575133,41844462983000,171538052000001,-7.078,-0.914,-33.528,0
1398294575145,41844474519000,171538052000001,-7.078,-0.914,-33.528,0
1398294575153,41844483033000,171538052000001,-7.383,-0.914,-33.528,0
1398294575163,41844493012000,171538052000001,-7.383,-0.914,-33.528,0
1398294575173,41844503022000,171538052000001,-7.383,-0.914,-33.528,0
1398294575183,41844513032000,171538052000001,-7.383,-0.914,-33.528,0
1398294575193,41844523042000,171538052000001,-7.383,-0.914,-33.528,0
1398294575209,41844533753000,171538052000001,-7.383,-0.914,-33.528,0
1398294575216,41844543122000,171538052000001,-7.383,-0.914,-33.528,0
1398294575225,41844554322000,171538052000001,-7.383,-0.914,-33.528,0
1398294575241,41844563081000,171538052000001,-7.383,-0.914,-33.528,0
1398294575244,41844573121000,171538052000001,-7.383,-0.914,-33.528,0
1398294575258,41844583161000,171538052000001,-7.383,-0.914,-33.528,0
1398294575267,41844593141000,171538052000001,-7.383,-0.914,-33.528,0
1398294575275,41844603150000,171538052000001,-7.383,-0.914,-33.528,0
1398294575286,41844613130000,171538052000001,-7.383,-0.914,-33.528,0
1398294575293,41844623170000,171538052000001,-7.383,-0.914,-33.528,0
1398294575304,41844633332000,171538052000001,-7.383,-0.914,-33.528,0
1398294575313,41844643159000,171538052000001,-7.383,-0.914,-33.528,0
1398294575325,41844654725000,171538052000001,-7.383,-0.914,-33.528,0
1398294575333,41844663392000,171538052000001,-7.383,-0.914,-33.528,0
1398294575343,41844673219000,171538052000001,-7.383,-0.914,-33.528,0
1398294575358,41844688264000,171538052000001,-7.728,-0.914,-33.18,0
1398294575363,41844693147000,171538052000001,-7.728,-0.914,-33.18,0
1398294575373,41844703157000,171538052000001,-7.728,-0.914,-33.18,0
1398294575383,41844713166000,171538052000001,-7.728,-0.914,-33.18,0
1398294575393,41844723176000,171538052000001,-7.728,-0.914,-33.18,0
1398294575405,41844733247000,171538052000001,-7.728,-0.914,-33.18,0
1398294575414,41844743226000,171538052000001,-7.728,-0.914,-33.18,0
1398294575423,41844753236000,171538052000001,-8.033,-0.914,-32.833,0
1398294575433,41844763246000,171538052000001,-8.033,-0.914,-32.833,0
1398294575443,41844773255000,171538052000001,-8.033,-0.914,-32.833,0
1398294575453,41844783265000,171538052000001,-8.033,-0.584,-32.833,0
1398294575464,41844793244000,171538052000001,-8.033,-0.584,-32.833,0
1398294575473,41844803285000,171538052000001,-8.033,-0.584,-32.833,0
1398294575483,41844813294000,171538052000001,-8.033,-0.584,-32.833,0
1398294575493,41844823274000,171538052000001,-8.033,-0.584,-32.833,0
1398294575505,41844834840000,171538052000001,-8.033,-0.584,-32.833,0
1398294575513,41844843354000,171538052000001,-8.37,-0.584,-32.833,0
1398294575523,41844853303000,171538052000001,-8.37,-0.584,-32.833,0
1398294575533,41844863313000,171538052000001,-8.37,-0.584,-32.833,0
1398294575543,41844873323000,171538052000001,-8.37,-0.584,-32.833,0
1398294575553,41844883332000,171538052000001,-8.37,-0.584,-32.833,0
1398294575564,41844893342000,171538052000001,-8.37,-0.584,-32.833,0
1398294575573,41844903352000,171538052000001,-8.37,-0.584,-32.833,0
1398294575583,41844913392000,171538052000001,-8.37,-0.584,-32.833,0
1398294575593,41844923371000,171538052000001,-8.37,-0.584,-32.833,0
1398294575603,41844933381000,171538052000001,-8.37,-0.584,-32.833,0
1398294575613,41844943421000,171538052000001,-8.37,-0.584,-32.833,0
1398294575623,41844953431000,171538052000001,-8.37,-0.584,-32.833,0
1398294575633,41844963441000,171538052000001,-8.37,-0.584,-32.833,0
1398294575643,41844973451000,171538052000001,-8.37,-0.584,-32.833,0
1398294575653,41844983460000,171538052000001,-8.37,-0.584,-32.833,0
1398294575667,41844997193000,171538052000001,-8.37,-0.584,-32.833,0
1398294575673,41845003480000,171538052000001,-8.37,-0.584,-32.833,0
1398294575685,41845015016000,171538052000001,-8.37,-0.584,-32.833,0
1398294575694,41845023530000,171538052000001,-8.37,-0.584,-32.833,0
1398294575703,41845033509000,171538052000001,-8.37,-0.584,-32.833,0
1398294575713,41845043489000,171538052000001,-8.37,-0.584,-32.833,0
1398294575723,41845053498000,171538052000001,-8.029,-0.584,-32.833,0
1398294575733,41845063539000,171538052000001,-8.029,-0.584,-32.833,0
1398294575743,41845073548000,171538052000001,-8.029,-0.904,-32.833,0
1398294575755,41845084626000,171538052000001,-8.029,-0.904,-32.833,0
1398294575766,41845095918000,171538052000001,-8.029,-0.904,-32.833,0
1398294575777,41845107179000,171538052000001,-8.029,-0.904,-32.833,0
1398294575787,41845117311000,171538052000001,-7.655,-0.904,-32.833,0
1398294575797,41845127320000,171538052000001,-7.655,-0.904,-32.833,0
1398294575807,41845137269000,171538052000001,-7.655,-0.904,-32.833,0
1398294575818,41845147767000,171538052000001,-7.655,-0.904,-32.833,0
1398294575828,41845158052000,171538052000001,-7.284,-0.904,-33.18,0
1398294575839,41845169313000,171538052000001,-7.284,-0.904,-33.18,0
1398294575846,41845176026000,171538052000001,-7.284,-0.904,-33.18,0
1398294575857,41845187409000,171538052000001,-7.284,-0.904,-33.18,0
1398294575867,41845197206000,171538052000001,-7.284,-0.904,-33.18,0
1398294575878,41845207826000,171538052000001,-7.284,-0.904,-33.18,0
1398294575888,41845218171000,171538052000001,-6.983,-0.904,-33.18,0
1398294575898,41845228242000,171538052000001,-6.983,-0.904,-33.18,0
1398294575908,41845237458000,171538052000001,-6.983,-0.904,-33.5,0
1398294575916,41845244233000,171538052000001,-6.983,-0.904,-33.5,0
1398294575924,41845253785000,171538052000001,-6.983,-0.904,-33.5,0
1398294575934,41845263795000,171538052000001,-6.681,-0.904,-33.5,0
1398294575944,41845273805000,171538052000001,-6.681,-0.904,-33.5,0
1398294575954,41845283814000,171538052000001,-6.681,-0.904,-33.5,0
1398294575966,41845295686000,171538052000001,-6.681,-0.904,-33.5,0
1398294575974,41845303895000,171538052000001,-6.681,-0.904,-33.5,0
1398294575985,41845313813000,171538052000001,-6.681,-0.904,-33.5,0
1398294575994,41845323823000,171538052000001,-6.681,-0.904,-33.5,0
1398294576004,41845333833000,171538052000001,-6.681,-0.904,-33.5,0
1398294576016,41845346223000,171538052000001,-6.681,-0.904,-33.5,0
1398294576028,41845357850000,171538052000001,-6.681,-0.904,-33.5,0
1398294576038,41845368135000,171538052000001,-6.681,-0.904,-33.5,0
1398294576051,41845380525000,171538052000001,-6.681,-0.904,-33.5,0
1398294576055,41845385255000,171538052000001,-6.681,-0.904,-33.5,0
1398294576068,41845397584000,171538052000001,-6.681,-0.904,-33.5,0
1398294576080,41845409791000,171538052000001,-6.681,-0.904,-33.5,0
1398294576087,41845416749000,171538052000001,-6.681,-0.904,-33.5,0
1398294576098,41845428071000,171538052000001,-6.681,-0.904,-33.5,0
1398294576109,41845439271000,171538052000001,-6.681,-0.904,-33.5,0
1398294576118,41845447877000,171538052000001,-6.681,-0.904,-33.5,0
1398294576129,41845459046000,171538052000001,-6.681,-0.904,-33.5,0
1398294576137,41845467408000,171538052000001,-6.681,-0.904,-33.5,0
1398294576151,41845477174000,171538052000001,-6.681,-0.904,-33.5,0
1398294576156,41845485566000,171538052000001,-6.681,-0.904,-33.5,0
1398294576170,41845494599000,171538052000001,-6.681,-0.904,-33.5,0
1398294576176,41845505250000,171538052000001,-6.681,-0.904,-33.5,0
1398294576185,41845514527000,171538052000001,-6.681,-0.904,-33.5,0
1398294576205,41845525727000,171538052000001,-6.681,-0.904,-33.5,0
1398294576208,41845534211000,171538052000001,-6.681,-0.904,-33.5,0
1398294576218,41845544038000,171538052000001,-6.681,-0.904,-33.5,0
1398294576230,41845556092000,171538052000001,-7.006,-0.904,-33.5,0
1398294576234,41845564118000,171538052000001,-7.006,-0.904,-33.5,0
1398294576245,41845574800000,171538052000001,-7.006,-0.904,-33.5,0
1398294576260,41845584077000,171538052000001,-7.006,-0.904,-33.5,0
1398294576280,41845594117000,171538052000001,-7.006,-0.59,-33.5,0
1398294576282,41845607881000,171538052000001,-7.35,-0.59,-33.5,0
1398294576284,41845614106000,171538052000001,-7.35,-0.59,-33.5,0
1398294576298,41845624116000,171538052000001,-7.35,-0.59,-33.5,0
1398294576304,41845634156000,171538052000001,-7.35,-0.59,-33.5,0
1398294576315,41845644166000,171538052000001,-7.35,-0.59,-33.5,0
1398294576325,41845654145000,171538052000001,-7.35,-0.59,-33.5,0
1398294576335,41845664186000,171538052000001,-7.35,-0.59,-33.5,0
1398294576348,41845674165000,171538052000001,-7.35,-0.59,-33.5,0
1398294576354,41845684144000,171538052000001,-7.35,-0.59,-33.5,0
1398294576364,41845694154000,171538052000001,-7.35,-0.59,-33.5,0
1398294576374,41845704164000,171538052000001,-7.35,-0.59,-33.5,0
1398294576387,41845716371000,171538052000001,-7.35,-0.59,-33.5,0
1398294576399,41845724244000,171538052000001,-7.35,-0.59,-33.5,0
1398294576410,41845739717000,171538052000001,-7.35,-0.59,-33.5,0
1398294576417,41845744233000,171538052000001,-6.99,-0.59,-33.5,0
1398294576428,41845754273000,171538052000001,-6.99,-0.59,-33.5,0
1398294576435,41845764283000,171538052000001,-6.99,-0.59,-33.5,0
1398294576445,41845774262000,171538052000001,-6.99,-0.59,-33.5,0
1398294576454,41845784272000,171538052000001,-6.623,-0.59,-33.5,0
1398294576464,41845794282000,171538052000001,-6.623,-0.909,-33.5,0
1398294576474,41845804292000,171538052000001,-6.623,-0.909,-33.5,0
1398294576484,41845814332000,171538052000001,-6.623,-0.909,-33.5,0
1398294576496,41845824311000,171538052000001,-6.623,-0.909,-33.5,0
1398294576504,41845834321000,171538052000001,-6.623,-0.909,-33.5,0
1398294576518,41845848054000,171538052000001,-6.623,-0.909,-33.5,0
1398294576530,41845858705000,171538052000001,-6.623,-0.909,-33.5,0
1398294576535,41845865144000,171538052000001,-6.623,-0.909,-33.5,0
1398294576546,41845875672000,171538052000001,-6.623,-0.909,-33.5,0
1398294576557,41845886476000,171538052000001,-6.623,-0.909,-33.5,0
1398294576568,41845894380000,171538052000001,-6.623,-0.909,-33.5,0
1398294576578,41845905854000,171538052000001,-6.623,-0.909,-33.5,0
1398294576586,41845915925000,171538052000001,-6.623,-0.909,-33.5,0
1398294576595,41845924501000,171538052000001,-6.623,-0.909,-33.5,0
1398294576606,41845935578000,171538052000001,-6.938,-0.909,-33.5,0
1398294576616,41845945100000,171538052000001,-6.938,-0.909,-33.5,0
1398294576627,41845956330000,171538052000001,-6.938,-0.909,-33.5,0
1398294576639,41845964479000,171538052000001,-6.938,-0.909,-33.5,0
1398294576648,41845974916000,171538052000001,-6.938,-0.909,-33.5,0
1398294576658,41845984468000,171538052000001,-6.938,-0.909,-33.5,0
1398294576665,41845994477000,171538052000001,-7.249,-0.909,-33.5,0
1398294576675,41846004518000,171538052000001,-7.249,-0.909,-33.5,0
1398294576685,41846014497000,171538052000001,-7.249,-0.909,-33.5,0
1398294576695,41846024507000,171538052000001,-7.249,-0.909,-33.5,0
1398294576704,41846034516000,171538052000001,-7.249,-0.909,-33.5,0
1398294576715,41846044526000,171538052000001,-7.249,-1.248,-33.5,0
1398294576724,41846054505000,171538052000001,-7.249,-1.248,-33.5,0
1398294576735,41846064515000,171538052000001,-7.249,-1.248,-33.5,0
1398294576744,41846074525000,171538052000001,-7.249,-1.248,-33.5,0
1398294576757,41846086946000,171538052000001,-7.249,-1.248,-33.5,0
1398294576772,41846101533000,171538052000001,-6.909,-1.574,-33.5,0
1398294576776,41846106385000,171538052000001,-6.909,-1.574,-33.5,0
1398294576790,41846120301000,171538052000001,-6.909,-1.574,-33.5,0
1398294576797,41846126832000,171538052000001,-6.489,-1.574,-33.5,0
1398294576811,41846140748000,171538052000001,-6.489,-1.933,-33.5,0
1398294576817,41846147309000,171538052000001,-6.489,-1.933,-33.5,0
1398294576831,41846160646000,171538052000001,-6.051,-1.933,-33.5,0
1398294576835,41846165223000,171538052000001,-6.051,-2.314,-33.5,0
1398294576855,41846180574000,171538052000001,-5.694,-2.314,-33.5,0
1398294576856,41846184541000,171538052000001,-5.694,-2.615,-33.5,0
1398294576867,41846194673000,171538052000001,-5.343,-2.615,-33.5,0
1398294576875,41846204743000,171538052000001,-5.343,-2.615,-33.5,0
1398294576901,41846220613000,171538052000001,-5.343,-2.993,-33.5,0
1398294576908,41846226136000,171538052000001,-4.986,-2.993,-33.5,0
1398294576915,41846234742000,171538052000001,-4.986,-2.993,-33.5,0
1398294576917,41846245179000,171538052000001,-4.986,-2.993,-33.5,0
1398294576930,41846255708000,171538052000001,-4.986,-3.35,-33.5,0
1398294576935,41846265046000,171538052000001,-4.652,-3.35,-33.5,0
1398294576947,41846276307000,171538052000001,-4.652,-3.35,-33.5,0
1398294576961,41846289582000,171538052000001,-4.652,-3.35,-33.5,0
1398294576965,41846294709000,171538052000001,-4.652,-3.35,-33.5,0
1398294576975,41846304780000,171538052000001,-4.652,-3.35,-33.5,0
1398294576985,41846314790000,171538052000001,-4.652,-3.35,-33.5,0
1398294576995,41846324800000,171538052000001,-4.652,-3.35,-33.5,0
1398294577005,41846334779000,171538052000001,-4.652,-3.35,-33.5,0
1398294577015,41846344789000,171538052000001,-4.652,-3.35,-33.5,0
1398294577026,41846354798000,171538052000001,-4.652,-3.35,-33.5,0
1398294577035,41846364808000,171538052000001,-4.652,-3.35,-33.5,0
1398294577046,41846374818000,171538052000001,-4.652,-3.35,-33.5,0
1398294577055,41846384858000,171538052000001,-4.652,-3.35,-33.5,0
1398294577065,41846394868000,171538052000001,-5.024,-3.35,-33.5,0
1398294577076,41846405030000,171538052000001,-5.024,-3.35,-33.5,0
1398294577085,41846414857000,171538052000001,-5.024,-3.35,-33.5,0
1398294577095,41846424867000,171538052000001,-5.024,-3.35,-33.5,0
1398294577105,41846434876000,171538052000001,-5.397,-3.35,-33.5,0
1398294577116,41846444917000,171538052000001,-5.397,-3.35,-33.5,0
1398294577127,41846456452000,171538052000001,-5.397,-3.35,-33.5,0
1398294577140,41846464997000,171538052000001,-5.397,-3.35,-33.5,0
1398294577145,41846474946000,171538052000001,-5.78,-3.35,-33.5,0
1398294577155,41846484956000,171538052000001,-5.78,-3.35,-33.5,0
1398294577165,41846494966000,171538052000001,-5.78,-3.35,-33.5,0
1398294577175,41846505128000,171538052000001,-5.78,-3.048,-33.5,0
1398294577185,41846514985000,171538052000001,-6.153,-3.048,-33.5,0
1398294577196,41846525331000,171538052000001,-6.153,-3.048,-33.5,0
1398294577205,41846534974000,171538052000001,-6.153,-3.048,-33.5,0
1398294577223,41846545045000,171538052000001,-6.478,-3.048,-33.5,0
1398294577225,41846554994000,171538052000001,-6.478,-3.048,-33.5,0
1398294577235,41846565064000,171538052000001,-6.478,-3.048,-33.5,0
1398294577245,41846575013000,171538052000001,-6.881,-3.048,-33.5,0
1398294577255,41846585084000,171538052000001,-6.881,-3.048,-33.5,0
1398294577266,41846595033000,171538052000001,-6.881,-2.737,-33.5,0
1398294577275,41846605043000,171538052000001,-7.22,-2.737,-33.5,0
1398294577285,41846615052000,171538052000001,-7.22,-2.737,-33.5,0
1398294577295,41846625062000,171538052000001,-7.22,-2.737,-33.193,0
1398294577307,41846636598000,171538052000001,-7.22,-2.737,-33.193,0
1398294577315,41846645112000,171538052000001,-7.22,-2.737,-33.193,0
1398294577325,41846655091000,171538052000001,-7.22,-2.737,-33.193,0
1398294577335,41846665101000,171538052000001,-7.22,-2.737,-33.193,0
1398294577345,41846675111000,171538052000001,-7.22,-2.737,-33.193,0
1398294577355,41846685121000,171538052000001,-7.22,-2.737,-33.193,0
1398294577366,41846695130000,171538052000001,-7.22,-2.737,-33.193,0
1398294577377,41846705140000,171538052000001,-7.22,-2.737,-33.193,0
1398294577385,41846715150000,171538052000001,-7.524,-2.737,-33.193,0
1398294577395,41846725190000,171538052000001,-7.524,-2.737,-33.193,0
1398294577408,41846735200000,171538052000001,-7.524,-2.737,-33.193,0
1398294577416,41846745179000,171538052000001,-7.524,-2.737,-33.193,0
1398294577425,41846755189000,171538052000001,-7.524,-2.737,-33.193,0
1398294577439,41846768800000,171538052000001,-7.524,-2.737,-33.193,0
1398294577450,41846775178000,171538052000001,-7.524,-2.737,-33.193,0
1398294577455,41846785188000,171538052000001,-7.524,-2.737,-33.193,0
1398294577465,41846795198000,171538052000001,-7.524,-2.426,-32.858,0
1398294577475,41846805177000,171538052000001,-7.524,-2.426,-32.858,0
1398294577487,41846816773000,171538052000001,-7.524,-2.426,-32.858,0
1398294577495,41846825257000,171538052000001,-7.524,-2.426,-32.858,0
1398294577505,41846835237000,171538052000001,-7.524,-2.426,-32.858,0
1398294577515,41846845429000,171538052000001,-7.833,-2.104,-32.858,0
1398294577526,41846855256000,171538052000001,-7.833,-2.104,-32.858,0
1398294577535,41846865266000,171538052000001,-7.833,-2.104,-32.858,0
1398294577545,41846875245000,171538052000001,-7.833,-2.104,-32.858,0
1398294577555,41846885285000,171538052000001,-8.2,-1.757,-32.858,0
1398294577565,41846895295000,171538052000001,-8.2,-1.757,-32.858,0
1398294577575,41846905274000,171538052000001,-8.2,-1.757,-32.502,0
1398294577585,41846915284000,171538052000001,-8.54,-1.757,-32.502,0
1398294577595,41846925324000,171538052000001,-8.54,-1.446,-32.502,0
1398294577605,41846935304000,171538052000001,-8.54,-1.446,-32.502,0
1398294577616,41846945344000,171538052000001,-8.54,-1.446,-32.502,0
1398294577626,41846955323000,171538052000001,-8.54,-1.446,-32.502,0
1398294577635,41846965333000,171538052000001,-8.872,-1.446,-32.502,0
1398294577645,41846975343000,171538052000001,-8.872,-1.446,-32.502,0
1398294577655,41846985353000,171538052000001,-8.872,-1.446,-32.502,0
1398294577667,41846996919000,171538052000001,-8.872,-1.446,-32.502,0
1398294577678,41847005494000,171538052000001,-8.872,-1.446,-32.502,0
1398294577686,41847015443000,171538052000001,-8.872,-1.446,-32.502,0
1398294577695,41847025422000,171538052000001,-8.872,-1.446,-32.502,0
1398294577705,41847035401000,171538052000001,-8.872,-1.446,-32.502,0
1398294577715,41847045411000,171538052000001,-8.872,-1.446,-32.2,0
1398294577725,41847055421000,171538052000001,-8.872,-1.446,-32.2,0
1398294577735,41847065431000,171538052000001,-8.872,-1.446,-32.2,0
1398294577745,41847075471000,171538052000001,-8.872,-1.446,-32.2,0
1398294577755,41847085450000,171538052000001,-8.525,-1.446,-32.2,0
1398294577765,41847095460000,171538052000001,-8.525,-1.446,-32.2,0
1398294577775,41847105531000,171538052000001,-8.525,-1.446,-32.2,0
1398294577785,41847115510000,171538052000001,-8.195,-1.446,-32.2,0
1398294577795,41847125520000,171538052000001,-8.195,-1.446,-32.2,0
1398294577807,41847135560000,171538052000001,-8.195,-1.446,-32.2,0
1398294577817,41847147615000,171538052000001,-8.195,-1.446,-32.504,0
1398294577825,41847155549000,171538052000001,-7.843,-1.446,-32.504,0
1398294577835,41847165589000,171538052000001,-7.843,-1.446,-32.504,0
1398294577847,41847177095000,171538052000001,-7.843,-1.446,-32.504,0
1398294577856,41847185609000,171538052000001,-7.843,-1.446,-32.504,0
1398294577869,41847195588000,171538052000001,-7.843,-1.446,-32.504,0
1398294577878,41847205598000,171538052000001,-7.843,-1.446,-32.504,0
1398294577886,41847215577000,171538052000001,-7.843,-1.446,-32.504,0
1398294577896,41847225617000,171538052000001,-7.843,-1.446,-32.504,0
1398294577906,41847235627000,171538052000001,-7.843,-1.446,-32.504,0
1398294577916,41847245637000,171538052000001,-7.843,-1.446,-32.504,0
1398294577934,41847255677000,171538052000001,-7.843,-1.446,-32.504,0
1398294577935,41847265626000,171538052000001,-7.843,-1.446,-32.504,0
1398294577946,41847275666000,171538052000001,-7.843,-1.446,-32.504,0
1398294577956,41847285676000,171538052000001,-7.843,-1.446,-32.504,0
1398294577966,41847295716000,171538052000001,-7.843,-1.446,-32.504,0
1398294577976,41847305696000,171538052000001,-7.843,-1.446,-32.836,0
1398294577986,41847315705000,171538052000001,-7.843,-1.446,-32.836,0
1398294577996,41847325715000,171538052000001,-7.843,-1.446,-32.836,0
1398294578006,41847335755000,171538052000001,-7.843,-1.446,-32.836,0
1398294578016,41847345765000,171538052000001,-7.843,-1.446,-32.836,0
1398294578052,41847357331000,171538052000001,-7.843,-1.446,-32.836,0
1398294578054,41847365815000,171538052000001,-7.843,-1.446,-32.836,0
1398294578056,41847375794000,171538052000001,-7.508,-1.446,-32.836,0
1398294578057,41847385774000,171538052000001,-7.508,-1.446,-32.836,0
1398294578066,41847395814000,171538052000001,-7.508,-1.446,-32.836,0
1398294578076,41847405854000,171538052000001,-7.508,-1.446,-33.148,0
1398294578086,41847415864000,171538052000001,-7.508,-1.446,-33.148,0
1398294578096,41847425843000,171538052000001,-7.2,-1.446,-33.148,0
1398294578107,41847435853000,171538052000001,-7.2,-1.446,-33.148,0
1398294578120,41847449983000,171538052000001,-7.2,-1.446,-33.148,0
1398294578126,41847455842000,171538052000001,-7.2,-1.446,-33.148,0
1398294578136,41847465852000,171538052000001,-7.2,-1.446,-33.148,0
1398294578146,41847475862000,171538052000001,-7.2,-1.446,-33.148,0
1398294578156,41847485871000,171538052000001,-7.2,-1.446,-33.148,0
1398294578166,41847495881000,171538052000001,-7.2,-1.446,-33.148,0
1398294578176,41847505891000,171538052000001,-7.2,-1.446,-33.148,0
1398294578186,41847515901000,171538052000001,-6.867,-1.446,-33.148,0
1398294578196,41847525910000,171538052000001,-6.867,-1.446,-33.148,0
1398294578207,41847537446000,171538052000001,-6.867,-1.446,-33.148,0
1398294578216,41847545960000,171538052000001,-6.867,-1.446,-33.148,0
1398294578226,41847555940000,171538052000001,-6.867,-1.446,-33.148,0
1398294578236,41847565949000,171538052000001,-6.867,-1.446,-33.148,0
1398294578246,41847575959000,171538052000001,-6.867,-1.446,-33.148,0
1398294578256,41847585969000,171538052000001,-6.867,-1.446,-33.148,0
1398294578266,41847595979000,171538052000001,-6.867,-1.145,-33.148,0
1398294578276,41847605989000,171538052000001,-6.867,-1.145,-33.148,0
1398294578286,41847615998000,171538052000001,-6.867,-1.145,-33.148,0
1398294578296,41847626008000,171538052000001,-6.867,-1.145,-33.148,0
1398294578306,41847636018000,171538052000001,-6.867,-1.145,-33.148,0
1398294578319,41847648683000,171538052000001,-6.867,-1.145,-33.148,0
1398294578332,41847662293000,171538052000001,-6.867,-1.145,-33.148,0
1398294578338,41847668275000,171538052000001,-6.867,-1.145,-33.148,0
1398294578349,41847678926000,171538052000001,-6.867,-1.145,-33.148,0
1398294578361,41847690553000,171538052000001,-6.867,-1.145,-33.46,0
1398294578368,41847698426000,171538052000001,-6.867,-1.145,-33.46,0
1398294578377,41847706300000,171538052000001,-6.867,-1.145,-33.46,0
1398294578389,41847717835000,171538052000001,-6.867,-1.145,-33.46,0
1398294578396,41847726197000,171538052000001,-6.867,-1.145,-33.46,0
1398294578406,41847736146000,171538052000001,-6.867,-1.145,-33.46,0
1398294578416,41847746156000,171538052000001,-6.867,-1.145,-33.46,0
1398294578428,41847758271000,171538052000001,-6.867,-1.145,-33.46,0
1398294578436,41847766175000,171538052000001,-6.867,-0.836,-33.46,0
1398294578446,41847776155000,171538052000001,-6.867,-0.836,-33.46,0
1398294578456,41847786195000,171538052000001,-6.867,-0.836,-33.46,0
1398294578466,41847796357000,171538052000001,-6.867,-0.836,-33.46,0
1398294578479,41847808747000,171538052000001,-6.867,-0.836,-33.46,0
1398294578493,41847822755000,171538052000001,-6.867,-0.836,-33.46,0
1398294578498,41847827577000,171538052000001,-6.867,-0.836,-33.46,0
1398294578511,41847841126000,171538052000001,-6.867,-0.836,-33.46,0
1398294578519,41847848847000,171538052000001,-6.867,-0.836,-33.46,0
1398294578533,41847862428000,171538052000001,-6.867,-0.836,-33.46,0
1398294578539,41847868501000,171538052000001,-6.867,-0.836,-33.46,0
1398294578553,41847882508000,171538052000001,-7.188,-0.836,-33.46,0
1398294578558,41847888490000,171538052000001,-7.188,-0.836,-33.46,0
1398294578570,41847899659000,171538052000001,-7.188,-0.836,-33.46,0
1398294578579,41847908967000,171538052000001,-7.188,-0.836,-33.46,0
1398294578593,41847923066000,171538052000001,-7.188,-0.836,-33.46,0
1398294578598,41847927888000,171538052000001,-7.188,-0.836,-33.46,0
1398294578613,41847942658000,171538052000001,-7.188,-0.836,-33.46,0
1398294578618,41847947877000,171538052000001,-7.188,-0.836,-33.46,0
1398294578633,41847962678000,171538052000001,-7.188,-0.836,-33.46,0
1398294578639,41847968598000,171538052000001,-7.188,-0.836,-33.46,0
1398294578653,41847982911000,171538052000001,-7.188,-0.836,-33.46,0
1398294578658,41847987733000,171538052000001,-7.188,-0.836,-33.46,0
1398294578673,41848002748000,171538052000001,-7.188,-0.836,-33.46,0
1398294578678,41848007875000,171538052000001,-7.188,-0.836,-33.46,0
1398294578693,41848022737000,171538052000001,-7.188,-0.836,-33.46,0
1398294578699,41848028688000,171538052000001,-7.188,-0.836,-33.46,0
1398294578713,41848042756000,171538052000001,-7.188,-0.836,-33.46,0
1398294578719,41848048768000,171538052000001,-7.188,-0.836,-33.46,0
1398294578735,41848065003000,171538052000001,-7.188,-0.836,-33.46,0
1398294578740,41848069093000,171538052000001,-7.188,-0.836,-33.46,0
1398294578753,41848083833000,171538052000001,-7.188,-0.836,-33.46,0
1398294578758,41848088258000,171538052000001,-7.188,-0.836,-33.46,0
1398294578773,41848102784000,171538052000001,-7.188,-0.836,-33.46,0
1398294578778,41848107972000,171538052000001,-7.188,-0.836,-33.46,0
1398294578789,41848118897000,171538052000001,-7.188,-0.836,-33.46,0
1398294578798,41848128236000,171538052000001,-7.188,-0.836,-33.46,0
1398294578814,41848143434000,171538052000001,-7.188,-0.836,-33.46,0
1398294578817,41848146882000,171538052000001,-7.188,-0.836,-33.46,0
1398294578832,41848161714000,171538052000001,-7.188,-0.836,-33.46,0
1398294578838,41848166505000,171538052000001,-7.188,-0.836,-33.46,0
1398294578849,41848178193000,171538052000001,-7.188,-0.836,-33.46,0
1398294578862,41848186555000,171538052000001,-7.188,-0.476,-33.46,0
1398294578869,41848196595000,171538052000001,-7.188,-0.476,-33.46,0
1398294578878,41848206605000,171538052000001,-7.188,-0.476,-33.46,0
1398294578900,41848216584000,171538052000001,-7.188,-0.476,-33.46,0
1398294578910,41848226625000,171538052000001,-7.188,-0.476,-33.46,0
1398294578915,41848236634000,171538052000001,-7.188,-0.476,-33.46,0
1398294578917,41848246614000,171538052000001,-7.188,-0.476,-33.46,0
1398294578929,41848258210000,171538052000001,-7.188,-0.476,-33.158,0
1398294578938,41848266664000,171538052000001,-7.188,-0.476,-33.158,0
1398294578947,41848276643000,171538052000001,-7.188,-0.476,-33.158,0
1398294578957,41848286653000,171538052000001,-7.49,-0.476,-33.158,0
1398294578967,41848296662000,171538052000001,-7.49,-0.476,-33.158,0
1398294578978,41848307374000,171538052000001,-7.49,-0.476,-33.158,0
1398294578991,41848316743000,171538052000001,-7.49,-0.476,-33.158,0
1398294578998,41848326722000,171538052000001,-7.49,-0.476,-33.158,0
1398294579013,41848336732000,171538052000001,-7.49,-0.476,-33.158,0
1398294579017,41848346742000,171538052000001,-7.49,-0.476,-33.158,0
1398294579029,41848356751000,171538052000001,-7.49,-0.476,-33.158,0
1398294579045,41848372743000,171538052000001,-7.49,-0.476,-33.158,0
1398294579048,41848376863000,171538052000001,-7.49,-0.476,-33.158,0
1398294579057,41848386781000,171538052000001,-7.49,-0.476,-33.158,0
1398294579067,41848396791000,171538052000001,-7.49,-0.476,-33.158,0
1398294579077,41848406800000,171538052000001,-7.49,-0.476,-33.158,0
1398294579090,41848416810000,171538052000001,-7.49,-0.476,-33.158,0
1398294579097,41848426789000,171538052000001,-7.49,-0.476,-33.158,0
1398294579109,41848438386000,171538052000001,-7.49,-0.476,-33.158,0
1398294579117,41848446839000,171538052000001,-7.49,-0.476,-33.158,0
1398294579127,41848456819000,171538052000001,-7.49,-0.476,-33.158,0
1398294579137,41848466828000,171538052000001,-7.49,-0.476,-33.158,0
1398294579147,41848476838000,171538052000001,-7.49,-0.476,-33.158,0
1398294579157,41848486878000,171538052000001,-7.49,-0.476,-33.158,0
1398294579167,41848496858000,171538052000001,-7.49,-0.476,-33.158,0
1398294579177,41848506898000,171538052000001,-7.49,-0.476,-33.158,0
1398294579187,41848516908000,171538052000001,-7.49,-0.476,-33.158,0
1398294579197,41848526887000,171538052000001,-7.49,-0.476,-33.158,0
1398294579207,41848536897000,171538052000001,-7.49,-0.476,-33.158,0
1398294579217,41848546907000,171538052000001,-7.49,-0.476,-33.158,0
1398294579227,41848556916000,171538052000001,-7.49,-0.476,-33.158,0
1398294579237,41848566926000,171538052000001,-7.49,-0.476,-33.158,0
1398294579247,41848576936000,171538052000001,-7.49,-0.476,-33.158,0
1398294579257,41848587129000,171538052000001,-7.49,-0.476,-33.158,0
1398294579267,41848596955000,171538052000001,-7.49,-0.476,-33.158,0
1398294579277,41848606965000,171538052000001,-7.49,-0.476,-33.158,0
1398294579288,41848618531000,171538052000001,-7.49,-0.476,-33.158,0
1398294579297,41848627015000,171538052000001,-7.49,-0.476,-33.158,0
1398294579310,41848639344000,171538052000001,-7.49,-0.476,-33.158,0
1398294579323,41848652864000,171538052000001,-7.49,-0.476,-33.158,0
1398294579328,41848658509000,171538052000001,-7.49,-0.476,-33.158,0
1398294579349,41848678956000,171538052000001,-7.49,-0.476,-33.158,0
1398294579351,41848680757000,171538052000001,-7.49,-0.476,-33.158,0
1398294579359,41848688203000,171538052000001,-7.49,-0.476,-33.158,0
1398294579372,41848702119000,171538052000001,-7.49,-0.476,-33.158,0
1398294579379,41848708711000,171538052000001,-7.49,-0.476,-33.158,0
1398294579393,41848723268000,171538052000001,-7.49,-0.476,-33.158,0
1398294579398,41848728181000,171538052000001,-7.49,-0.476,-33.158,0
1398294579409,41848738801000,171538052000001,-7.49,-0.476,-33.158,0
1398294579420,41848749970000,171538052000001,-7.49,-0.476,-33.158,0
1398294579434,41848763459000,171538052000001,-7.49,-0.476,-33.158,0
1398294579439,41848768830000,171538052000001,-7.49,-0.476,-33.158,0
1398294579448,41848777619000,171538052000001,-7.49,-0.476,-33.158,0
1398294579463,41848787141000,171538052000001,-7.49,-0.476,-33.158,0
1398294579474,41848800813000,171538052000001,-7.49,-0.476,-33.158,0
1398294579481,41848807191000,171538052000001,-7.49,-0.476,-33.158,0
1398294579493,41848818269000,171538052000001,-7.49,-0.476,-33.158,0
1398294579511,41848827180000,171538052000001,-7.49,-0.476,-33.158,0
1398294579512,41848837220000,171538052000001,-7.49,-0.476,-33.158,0
1398294579518,41848847199000,171538052000001,-7.49,-0.476,-33.158,0
1398294579528,41848857240000,171538052000001,-7.49,-0.476,-33.158,0
1398294579541,41848867280000,171538052000001,-7.49,-0.476,-33.158,0
1398294579547,41848877259000,171538052000001,-7.49,-0.476,-33.158,0
1398294579558,41848887239000,171538052000001,-7.49,-0.476,-33.158,0
1398294579570,41848897279000,171538052000001,-7.49,-0.476,-33.158,0
1398294579577,41848907258000,171538052000001,-7.852,-0.476,-33.158,0
1398294579587,41848917268000,171538052000001,-7.852,-0.476,-33.158,0
1398294579597,41848927278000,171538052000001,-7.852,-0.476,-33.158,0
1398294579607,41848937287000,171538052000001,-7.852,-0.476,-33.158,0
1398294579617,41848947297000,171538052000001,-7.852,-0.476,-33.158,0
1398294579627,41848957307000,171538052000001,-7.852,-0.476,-33.158,0
1398294579638,41848967317000,171538052000001,-7.852,-0.476,-33.158,0
1398294579653,41848982850000,171538052000001,-7.852,-0.476,-33.158,0
1398294579657,41848987245000,171538052000001,-7.852,-0.476,-33.158,0
1398294579674,41849003114000,171538052000001,-7.852,-0.476,-33.158,0
1398294579679,41849009095000,171538052000001,-7.852,-0.476,-33.158,0
1398294579692,41849021821000,171538052000001,-7.852,-0.476,-33.158,0
1398294579700,41849030091000,171538052000001,-7.852,-0.476,-33.158,0
1398294579713,41849042848000,171538052000001,-7.852,-0.476,-33.158,0
1398294579720,41849049928000,171538052000001,-7.852,-0.476,-33.158,0
1398294579728,41849057405000,171538052000001,-7.499,-0.476,-33.483,0
1398294579741,41849067414000,171538052000001,-7.499,-0.476,-33.483,0
1398294579750,41849079652000,171538052000001,-7.499,-0.476,-33.483,0
1398294579761,41849087434000,171538052000001,-7.499,-0.476,-33.483,0
1398294579771,41849098298000,171538052000001,-7.499,-0.782,-33.483,0
1398294579778,41849107484000,171538052000001,-7.135,-0.782,-33.483,0
1398294579790,41849117494000,171538052000001,-7.135,-0.782,-33.483,0
1398294579799,41849129090000,171538052000001,-7.135,-0.782,-33.483,0
1398294579808,41849138276000,171538052000001,-7.135,-0.782,-33.483,0
1398294579821,41849150697000,171538052000001,-7.135,-0.782,-33.483,0
1398294579831,41849159059000,171538052000001,-7.135,-0.782,-33.483,0
1398294579840,41849167573000,171538052000001,-7.135,-0.782,-33.483,0
1398294579848,41849177522000,171538052000001,-7.135,-0.782,-33.483,0
1398294579858,41849187532000,171538052000001,-7.135,-0.782,-33.483,0
1398294579869,41849197572000,171538052000001,-7.135,-0.782,-33.483,0
1398294579878,41849207551000,171538052000001,-7.135,-0.782,-33.483,0
1398294579887,41849217530000,171538052000001,-7.135,-0.782,-33.483,0
1398294579898,41849227571000,171538052000001,-7.135,-0.782,-33.483,0
1398294579908,41849237580000,171538052000001,-7.135,-0.782,-33.483,0
1398294579920,41849247590000,171538052000001,-7.135,-0.782,-33.483,0
1398294579928,41849257630000,171538052000001,-7.135,-0.782,-33.483,0
1398294579938,41849267610000,171538052000001,-7.135,-0.782,-33.483,0
1398294579948,41849277619000,171538052000001,-7.135,-0.782,-33.483,0
1398294579958,41849287629000,171538052000001,-7.135,-0.782,-33.483,0
1398294579974,41849303773000,171538052000001,-7.135,-0.782,-33.483,0
1398294579979,41849308869000,171538052000001,-7.135,-0.782,-33.483,0
1398294579994,41849324098000,171538052000001,-7.135,-0.782,-33.483,0
1398294580000,41849329011000,171538052000001,-7.135,-0.782,-33.483,0
1398294580012,41849339234000,171538052000001,-7.458,-0.782,-33.483,0
1398294580026,41849348298000,171538052000001,-7.458,-0.782,-33.483,0
1398294580028,41849357698000,171538052000001,-7.458,-0.782,-33.483,0
1398294580042,41849367707000,171538052000001,-7.458,-0.782,-33.483,0
1398294580048,41849377717000,171538052000001,-7.458,-0.782,-33.483,0
1398294580073,41849387727000,171538052000001,-7.458,-0.782,-33.483,0
1398294580077,41849397737000,171538052000001,-7.458,-0.782,-33.483,0
1398294580080,41849407746000,171538052000001,-7.458,-0.782,-33.483,0
1398294580088,41849417756000,171538052000001,-7.458,-0.782,-33.483,0
1398294580098,41849427766000,171538052000001,-7.458,-0.782,-33.164,0
1398294580108,41849437776000,171538052000001,-7.458,-0.782,-33.164,0
1398294580119,41849447755000,171538052000001,-7.833,-0.782,-33.164,0
1398294580129,41849457795000,171538052000001,-7.833,-0.782,-33.164,0
1398294580138,41849467805000,171538052000001,-7.833,-0.782,-33.164,0
1398294580153,41849482759000,171538052000001,-7.833,-0.782,-33.164,0
1398294580160,41849490083000,171538052000001,-8.151,-0.782,-33.164,0
1398294580170,41849500245000,171538052000001,-8.151,-0.782,-33.164,0
1398294580180,41849509950000,171538052000001,-8.151,-0.782,-33.164,0
1398294580192,41849522462000,171538052000001,-8.151,-0.782,-33.164,0
1398294580200,41849530061000,171538052000001,-8.151,-0.782,-33.164,0
1398294580212,41849542207000,171538052000001,-8.151,-0.782,-33.164,0
1398294580222,41849549226000,171538052000001,-8.151,-0.782,-33.164,0
1398294580230,41849559999000,171538052000001,-8.151,-0.782,-33.164,0
1398294580239,41849568971000,171538052000001,-8.151,-0.782,-33.164,0
1398294580253,41849582307000,171538052000001,-8.151,-0.782,-33.164,0
1398294580261,41849591523000,171538052000001,-8.151,-1.089,-33.164,0
1398294580271,41849600465000,171538052000001,-8.151,-1.089,-33.164,0
1398294580280,41849610353000,171538052000001,-8.151,-1.089,-33.164,0
1398294580293,41849623292000,171538052000001,-8.151,-1.089,-33.164,0
1398294580300,41849630220000,171538052000001,-7.844,-1.089,-33.164,0
1398294580310,41849639436000,171538052000001,-7.844,-1.089,-33.164,0
1398294580323,41849652986000,171538052000001,-7.844,-1.089,-33.164,0
1398294580331,41849660676000,171538052000001,-7.844,-1.089,-33.164,0
1398294580346,41849675294000,171538052000001,-7.844,-1.089,-33.164,0
1398294580348,41849677949000,171538052000001,-7.844,-1.396,-33.164,0
1398294580362,41849688661000,171538052000001,-7.844,-1.396,-33.164,0
1398294580376,41849699739000,171538052000001,-7.844,-1.396,-33.164,0
1398294580379,41849708528000,171538052000001,-7.844,-1.396,-33.164,0
1398294580391,41849718049000,171538052000001,-7.844,-1.396,-32.83,0
1398294580409,41849729219000,171538052000001,-7.844,-1.396,-32.83,0
1398294580415,41849738099000,171538052000001,-8.215,-1.396,-32.83,0
1398294580421,41849748170000,171538052000001,-8.215,-1.396,-32.83,0
1398294580429,41849758119000,171538052000001,-8.215,-1.396,-32.83,0
1398294580439,41849768159000,171538052000001,-8.578,-1.396,-32.83,0
1398294580455,41849780122000,171538052000001,-8.578,-1.396,-32.83,0
1398294580458,41849788117000,171538052000001,-8.578,-1.396,-32.513,0
1398294580473,41849800141000,171538052000001,-8.578,-1.396,-32.513,0
1398294580478,41849808168000,171538052000001,-8.578,-1.704,-32.513,0
1398294580492,41849818177000,171538052000001,-8.578,-1.704,-32.513,0
1398294580499,41849828187000,171538052000001,-8.578,-1.704,-32.513,0
1398294580508,41849838197000,171538052000001,-8.578,-1.704,-32.513,0
1398294580518,41849848207000,171538052000001,-8.879,-1.704,-32.513,0
1398294580528,41849858216000,171538052000001,-8.879,-1.704,-32.513,0
1398294580538,41849868226000,171538052000001,-8.879,-1.704,-32.18,0
1398294580550,41849879762000,171538052000001,-8.879,-1.704,-32.18,0
1398294580558,41849888307000,171538052000001,-8.879,-1.704,-32.18,0
1398294580570,41849898439000,171538052000001,-8.879,-1.704,-32.18,0
1398294580578,41849908296000,171538052000001,-8.879,-1.704,-32.18,0
1398294580588,41849918275000,171538052000001,-8.482,-1.704,-32.18,0
1398294580598,41849928285000,171538052000001,-8.482,-1.704,-32.18,0
1398294580608,41849938294000,171538052000001,-8.482,-1.704,-32.18,0
1398294580618,41849948304000,171538052000001,-8.482,-1.704,-32.18,0
1398294580628,41849958314000,171538052000001,-8.149,-2.012,-32.18,0
1398294580638,41849968324000,171538052000001,-8.149,-2.012,-32.18,0
1398294580648,41849978395000,171538052000001,-8.149,-2.012,-32.18,0
1398294580658,41849988343000,171538052000001,-8.149,-2.012,-32.18,0
1398294580668,41849998414000,171538052000001,-8.149,-2.012,-32.18,0
1398294580679,41850008332000,171538052000001,-8.149,-2.012,-32.18,0
1398294580688,41850018312000,171538052000001,-8.149,-2.012,-32.18,0
1398294580698,41850028321000,171538052000001,-8.149,-2.012,-32.18,0
1398294580708,41850038331000,171538052000001,-8.149,-2.012,-32.18,0
1398294580718,41850048341000,171538052000001,-8.149,-2.012,-32.18,0
1398294580730,41850059907000,171538052000001,-8.149,-2.012,-32.18,0
1398294580738,41850068421000,171538052000001,-8.149,-2.012,-32.485,0
1398294580748,41850078401000,171538052000001,-8.149,-2.012,-32.485,0
1398294580758,41850088410000,171538052000001,-8.149,-2.012,-32.485,0
1398294580768,41850098420000,171538052000001,-8.149,-2.012,-32.485,0
1398294580778,41850108399000,171538052000001,-8.149,-2.012,-32.485,0
1398294580788,41850118440000,171538052000001,-8.149,-2.012,-32.485,0
1398294580798,41850128419000,171538052000001,-8.149,-2.012,-32.485,0
1398294580808,41850138429000,171538052000001,-8.149,-1.707,-32.485,0
1398294580818,41850148439000,171538052000001,-8.149,-1.707,-32.485,0
1398294580831,41850160554000,171538052000001,-8.149,-1.707,-32.485,0
1398294580841,41850170594000,171538052000001,-8.149,-1.707,-32.485,0
1398294580859,41850183534000,171538052000001,-8.149,-1.707,-32.485,0
1398294580861,41850188508000,171538052000001,-8.149,-1.707,-32.485,0
1398294580873,41850198518000,171538052000001,-8.149,-1.707,-32.485,0
1398294580890,41850210603000,171538052000001,-8.149,-1.707,-32.485,0
1398294580893,41850218537000,171538052000001,-8.149,-1.707,-32.485,0
1398294580908,41850229981000,171538052000001,-8.149,-1.707,-32.485,0
1398294580913,41850240144000,171538052000001,-8.149,-1.707,-32.485,0
1398294580922,41850248597000,171538052000001,-8.149,-1.707,-32.485,0
1398294580930,41850259736000,171538052000001,-8.149,-1.707,-32.485,0
1398294580939,41850269044000,171538052000001,-8.149,-1.707,-32.485,0
1398294580950,41850279145000,171538052000001,-8.149,-1.707,-32.485,0
1398294580962,41850290956000,171538052000001,-8.149,-1.707,-32.485,0
1398294580975,41850298646000,171538052000001,-8.149,-1.707,-32.485,0
1398294580987,41850308656000,171538052000001,-8.149,-1.707,-32.485,0
1398294580989,41850318666000,171538052000001,-8.149,-1.707,-32.485,0
1398294581002,41850328675000,171538052000001,-8.149,-1.707,-32.485,0
1398294581009,41850338685000,171538052000001,-8.149,-1.707,-32.485,0
1398294581019,41850348664000,171538052000001,-8.149,-1.707,-32.485,0
1398294581029,41850358705000,171538052000001,-8.149,-1.707,-32.485,0
1398294581039,41850368714000,171538052000001,-8.149,-1.707,-32.485,0
1398294581052,41850378694000,171538052000001,-8.149,-1.707,-32.485,0
1398294581059,41850388734000,171538052000001,-8.149,-1.707,-32.485,0
1398294581069,41850398713000,171538052000001,-8.149,-1.707,-32.485,0
1398294581079,41850408753000,171538052000001,-8.149,-1.707,-32.485,0
1398294581092,41850420533000,171538052000001,-8.149,-1.707,-32.485,0
1398294581105,41850434999000,171538052000001,-8.149,-1.707,-32.485,0
1398294581110,41850440278000,171538052000001,-8.149,-1.707,-32.485,0
1398294581125,41850455079000,171538052000001,-8.149,-1.707,-32.485,0
1398294581131,41850461061000,171538052000001,-8.149,-1.707,-32.485,0
1398294581145,41850474946000,171538052000001,-8.149,-1.707,-32.485,0
1398294581151,41850480958000,171538052000001,-8.149,-1.707,-32.814,0
1398294581161,41850490541000,171538052000001,-8.149,-1.707,-32.814,0
1398294581175,41850505097000,171538052000001,-8.149,-1.707,-32.814,0
1398294581181,41850511079000,171538052000001,-8.149,-1.707,-32.814,0
1398294581191,41850520509000,171538052000001,-8.149,-1.707,-32.814,0
1398294581206,41850535859000,171538052000001,-7.795,-1.707,-32.814,0
1398294581209,41850539125000,171538052000001,-7.795,-1.707,-32.814,0
1398294581223,41850548951000,171538052000001,-7.795,-1.707,-32.814,0
1398294581229,41850558961000,171538052000001,-7.795,-1.707,-32.814,0
1398294581240,41850568971000,171538052000001,-7.795,-1.707,-32.814,0
1398294581251,41850580934000,171538052000001,-7.795,-1.707,-32.814,0
1398294581261,41850591310000,171538052000001,-7.795,-1.707,-32.814,0
1398294581273,41850602571000,171538052000001,-7.795,-1.707,-32.814,0
1398294581281,41850610932000,171538052000001,-7.795,-1.707,-32.814,0
1398294581292,41850621217000,171538052000001,-7.795,-1.707,-32.814,0
1398294581302,41850628968000,171538052000001,-7.795,-1.707,-32.814,0
1398294581310,41850639955000,171538052000001,-7.795,-1.707,-32.814,0
1398294581323,41850648927000,171538052000001,-7.795,-1.707,-32.814,0
1398294581333,41850661164000,171538052000001,-7.795,-1.707,-32.814,0
1398294581339,41850668977000,171538052000001,-7.795,-1.707,-32.814,0
1398294581352,41850678987000,171538052000001,-8.096,-1.707,-32.814,0
1398294581361,41850689912000,171538052000001,-8.096,-1.707,-32.814,0
1398294581370,41850699464000,171538052000001,-8.096,-1.707,-32.814,0
1398294581384,41850713227000,171538052000001,-8.096,-1.707,-32.814,0
1398294581392,41850721498000,171538052000001,-8.096,-1.707,-32.814,0
1398294581401,41850730378000,171538052000001,-8.096,-1.707,-32.814,0
1398294581415,41850743775000,171538052000001,-8.096,-1.707,-32.814,0
1398294581419,41850748994000,171538052000001,-8.096,-1.707,-32.814,0
1398294581430,41850759065000,171538052000001,-8.096,-1.707,-32.814,0
1398294581443,41850769258000,171538052000001,-8.096,-1.707,-32.814,0
1398294581452,41850780976000,171538052000001,-8.096,-1.707,-32.814,0
1398294581459,41850789125000,171538052000001,-8.096,-1.707,-32.814,0
1398294581470,41850799073000,171538052000001,-8.096,-1.707,-32.814,0
1398294581479,41850809083000,171538052000001,-8.096,-1.707,-32.814,0
1398294581489,41850819245000,171538052000001,-8.096,-1.707,-32.814,0
1398294581501,41850829133000,171538052000001,-8.096,-1.707,-32.814,0
1398294581509,41850839112000,171538052000001,-8.096,-1.707,-32.814,0
1398294581519,41850849122000,171538052000001,-8.096,-1.707,-32.814,0
1398294581543,41850859986000,171538052000001,-8.096,-1.707,-32.814,0
1398294581545,41850869172000,171538052000001,-8.096,-1.707,-32.814,0
1398294581551,41850879151000,171538052000001,-8.096,-1.707,-32.814,0
1398294581560,41850889680000,171538052000001,-8.096,-1.707,-32.814,0
1398294581572,41850899171000,171538052000001,-8.096,-1.707,-32.814,0
1398294581579,41850909211000,171538052000001,-8.096,-1.707,-32.814,0
1398294581589,41850919190000,171538052000001,-8.096,-1.707,-32.814,0
1398294581599,41850929200000,171538052000001,-8.096,-1.707,-32.814,0
1398294581609,41850939210000,171538052000001,-8.096,-1.707,-32.814,0
1398294581619,41850949189000,171538052000001,-8.096,-1.707,-32.814,0
1398294581631,41850960755000,171538052000001,-8.096,-1.707,-32.814,0
1398294581639,41850969270000,171538052000001,-8.096,-1.707,-32.814,0
1398294581657,41850979280000,171538052000001,-8.096,-1.707,-32.814,0
1398294581659,41850989259000,171538052000001,-8.096,-1.707,-32.814,0
1398294581669,41850999269000,171538052000001,-8.096,-1.707,-32.814,0
1398294581679,41851009278000,171538052000001,-8.096,-1.707,-32.814,0
1398294581689,41851019288000,171538052000001,-8.096,-1.707,-32.814,0
1398294581699,41851029328000,171538052000001,-8.096,-1.707,-32.814,0
1398294581709,41851039308000,171538052000001,-8.096,-1.707,-32.814,0
1398294581720,41851049348000,171538052000001,-8.096,-1.707,-32.814,0
1398294581730,41851059327000,171538052000001,-8.096,-1.707,-32.814,0
1398294581739,41851069367000,171538052000001,-8.096,-1.707,-32.814,0
1398294581749,41851079347000,171538052000001,-8.096,-1.707,-32.814,0
1398294581759,41851089356000,171538052000001,-8.096,-1.707,-32.814,0
1398294581769,41851099366000,171538052000001,-8.096,-1.707,-32.814,0
1398294581779,41851109376000,171538052000001,-8.096,-1.707,-32.814,0
1398294581790,41851119355000,171538052000001,-8.096,-1.707,-32.814,0
1398294581800,41851129365000,171538052000001,-8.096,-1.707,-32.814,0
1398294581811,41851141084000,171538052000001,-8.096,-1.707,-32.814,0
1398294581820,41851149415000,171538052000001,-8.096,-1.707,-32.814,0
1398294581833,41851159364000,171538052000001,-8.096,-1.707,-32.814,0
1398294581840,41851169404000,171538052000001,-8.096,-1.707,-32.814,0
1398294581850,41851179414000,171538052000001,-8.096,-1.707,-32.814,0
1398294581859,41851189424000,171538052000001,-8.096,-1.707,-32.814,0
1398294581870,41851199616000,171538052000001,-8.096,-1.707,-32.814,0
1398294581880,41851209443000,171538052000001,-8.096,-1.707,-32.814,0
1398294581889,41851219453000,171538052000001,-8.096,-1.707,-32.814,0
1398294581900,41851229463000,171538052000001,-8.096,-2.046,-32.814,0
1398294581910,41851239472000,171538052000001,-8.096,-2.046,-32.814,0
1398294581920,41851249482000,171538052000001,-8.096,-2.046,-32.814,0
1398294581930,41851259492000,171538052000001,-8.096,-2.046,-32.814,0
1398294581939,41851269502000,171538052000001,-8.096,-2.046,-32.814,0
1398294581949,41851279481000,171538052000001,-8.096,-2.348,-32.814,0
1398294581959,41851289491000,171538052000001,-8.096,-2.348,-32.814,0
1398294581969,41851299501000,171538052000001,-8.096,-2.348,-32.814,0
1398294581979,41851309541000,171538052000001,-7.678,-2.348,-32.814,0
1398294581991,41851321076000,171538052000001,-7.678,-2.348,-32.814,0
1398294582000,41851329621000,171538052000001,-7.678,-2.348,-32.814,0
1398294582010,41851339570000,171538052000001,-7.267,-2.348,-32.814,0
1398294582020,41851349580000,171538052000001,-7.267,-2.676,-32.814,0
1398294582030,41851359590000,171538052000001,-7.267,-2.676,-32.814,0
1398294582040,41851369599000,171538052000001,-6.852,-2.676,-32.814,0
1398294582050,41851379640000,171538052000001,-6.852,-2.676,-32.814,0
1398294582059,41851389619000,171538052000001,-6.547,-2.676,-33.123,0
1398294582070,41851399629000,171538052000001,-6.547,-2.676,-33.123,0
1398294582079,41851409638000,171538052000001,-6.547,-2.676,-33.123,0
1398294582089,41851419648000,171538052000001,-6.164,-2.676,-33.123,0
1398294582100,41851429658000,171538052000001,-6.164,-2.676,-33.123,0
1398294582114,41851443666000,171538052000001,-6.164,-2.676,-33.123,0
1398294582121,41851449800000,171538052000001,-6.164,-2.676,-33.123,0
1398294582130,41851459687000,171538052000001,-6.164,-2.676,-33.123,0
1398294582140,41851469697000,171538052000001,-6.164,-2.676,-33.123,0
1398294582150,41851479707000,171538052000001,-6.164,-2.676,-33.123,0
1398294582159,41851489686000,171538052000001,-6.164,-2.676,-33.123,0
1398294582172,41851501252000,171538052000001,-6.164,-2.676,-33.123,0
1398294582180,41851509767000,171538052000001,-6.164,-2.676,-33.123,0
1398294582190,41851519746000,171538052000001,-6.164,-2.676,-33.123,0
1398294582200,41851529756000,171538052000001,-6.164,-2.676,-33.123,0
1398294582210,41851539735000,171538052000001,-6.475,-2.676,-33.123,0
1398294582220,41851549745000,171538052000001,-6.475,-2.676,-33.123,0
1398294582230,41851559785000,171538052000001,-6.475,-2.676,-33.123,0
1398294582240,41851569795000,171538052000001,-6.845,-2.676,-33.123,0
1398294582250,41851579774000,171538052000001,-6.845,-2.676,-33.123,0
1398294582260,41851589845000,171538052000001,-6.845,-2.676,-33.123,0
1398294582270,41851599885000,171538052000001,-7.22,-2.676,-33.123,0
1398294582280,41851609925000,171538052000001,-7.22,-2.676,-32.762,0
1398294582290,41851619935000,171538052000001,-7.53,-2.676,-32.762,0
1398294582301,41851629914000,171538052000001,-7.53,-2.676,-32.762,0
1398294582310,41851639894000,171538052000001,-7.53,-2.676,-32.762,0
1398294582321,41851649903000,171538052000001,-7.884,-2.676,-32.762,0
1398294582330,41851659913000,171538052000001,-7.884,-2.676,-32.762,0
1398294582340,41851669923000,171538052000001,-7.884,-2.676,-32.456,0
1398294582351,41851681489000,171538052000001,-7.884,-2.676,-32.456,0
1398294582360,41851689973000,171538052000001,-7.884,-2.676,-32.456,0
1398294582374,41851699952000,171538052000001,-7.884,-2.676,-32.456,0
1398294582383,41851709992000,171538052000001,-7.884,-2.676,-32.456,0
1398294582390,41851719972000,171538052000001,-7.884,-2.676,-32.456,0
1398294582400,41851729981000,171538052000001,-7.884,-2.676,-32.456,0
1398294582410,41851739991000,171538052000001,-7.884,-2.676,-32.456,0
1398294582421,41851750886000,171538052000001,-7.884,-2.676,-32.456,0
1398294582430,41851759950000,171538052000001,-7.884,-2.676,-32.456,0
1398294582440,41851769960000,171538052000001,-7.884,-2.676,-32.456,0
1398294582450,41851780030000,171538052000001,-7.884,-2.676,-32.456,0
1398294582460,41851790101000,171538052000001,-8.207,-2.676,-32.456,0
1398294582470,41851800050000,171538052000001,-8.207,-2.676,-32.456,0
1398294582480,41851810029000,171538052000001,-8.207,-2.337,-32.456,0
1398294582490,41851820039000,171538052000001,-8.207,-2.337,-32.456,0
1398294582500,41851830049000,171538052000001,-8.207,-2.337,-32.456,0
1398294582510,41851840058000,171538052000001,-8.207,-2.337,-32.456,0
1398294582520,41851850068000,171538052000001,-8.207,-2.337,-32.456,0
1398294582532,41851861634000,171538052000001,-8.207,-2.337,-32.456,0
1398294582540,41851870118000,171538052000001,-8.207,-2.018,-32.789,0
1398294582550,41851880097000,171538052000001,-8.207,-2.018,-32.789,0
1398294582560,41851890107000,171538052000001,-8.207,-2.018,-32.789,0
1398294582572,41851900147000,171538052000001,-7.862,-2.018,-32.789,0
1398294582581,41851910127000,171538052000001,-7.862,-2.018,-32.789,0
1398294582590,41851920137000,171538052000001,-7.862,-2.018,-32.789,0
1398294582600,41851930146000,171538052000001,-7.862,-2.018,-32.789,0
1398294582611,41851940126000,171538052000001,-7.862,-1.704,-32.789,0
1398294582620,41851950166000,171538052000001,-7.862,-1.704,-32.789,0
1398294582630,41851960176000,171538052000001,-7.862,-1.704,-33.145,0
1398294582640,41851970155000,171538052000001,-7.862,-1.704,-33.145,0
1398294582650,41851980195000,171538052000001,-7.54,-1.704,-33.145,0
1398294582660,41851990174000,171538052000001,-7.54,-1.704,-33.145,0
1398294582672,41852000215000,171538052000001,-7.54,-1.704,-33.145,0
1398294582685,41852010255000,171538052000001,-7.54,-1.704,-33.145,0
1398294582695,41852020234000,171538052000001,-7.54,-1.704,-33.145,0
1398294582702,41852030244000,171538052000001,-7.54,-1.704,-33.145,0
1398294582712,41852041780000,171538052000001,-7.54,-1.704,-33.145,0
1398294582720,41852050294000,171538052000001,-7.54,-1.368,-33.145,0
1398294582731,41852060243000,171538052000001,-7.54,-1.368,-33.145,0
1398294582740,41852070252000,171538052000001,-7.54,-1.368,-33.145,0
1398294582750,41852080262000,171538052000001,-7.54,-1.368,-33.145,0
1398294582761,41852090303000,171538052000001,-7.54,-1.368,-33.145,0
1398294582770,41852100312000,171538052000001,-7.884,-1.368,-33.145,0
1398294582785,41852110322000,171538052000001,-7.884,-1.368,-33.145,0
1398294582790,41852120332000,171538052000001,-7.884,-1.368,-33.145,0
1398294582802,41852130494000,171538052000001,-7.884,-1.368,-33.145,0
1398294582812,41852140321000,171538052000001,-7.884,-1.368,-33.145,0
1398294582820,41852150331000,171538052000001,-7.884,-1.368,-33.145,0
1398294582830,41852160340000,171538052000001,-7.884,-1.368,-33.145,0
1398294582840,41852170350000,171538052000001,-7.884,-1.368,-33.145,0
1398294582850,41852180360000,171538052000001,-7.884,-1.368,-33.145,0
1398294582861,41852190400000,171538052000001,-7.884,-1.368,-33.145,0
1398294582871,41852200440000,171538052000001,-7.884,-1.368,-33.145,0
1398294582880,41852210389000,171538052000001,-7.505,-1.368,-33.145,0
1398294582892,41852221955000,171538052000001,-7.505,-1.368,-33.145,0
1398294582905,41852230470000,171538052000001,-7.505,-1.368,-33.145,0
1398294582911,41852240418000,171538052000001,-7.11,-1.368,-33.145,0
1398294582926,41852250428000,171538052000001,-7.11,-1.368,-33.457,0
1398294582930,41852260469000,171538052000001,-7.11,-1.368,-33.457,0
1398294582940,41852270448000,171538052000001,-7.11,-1.681,-33.457,0
1398294582950,41852280458000,171538052000001,-6.788,-1.681,-33.457,0
1398294582960,41852290467000,171538052000001,-6.788,-1.681,-33.457,0
1398294582971,41852300660000,171538052000001,-6.788,-1.681,-33.457,0
1398294582980,41852310487000,171538052000001,-6.468,-1.681,-33.457,0
1398294582990,41852320497000,171538052000001,-6.468,-2.003,-33.457,0
1398294583000,41852330537000,171538052000001,-6.468,-2.003,-33.457,0
1398294583012,41852340516000,171538052000001,-6.468,-2.003,-33.457,0
1398294583021,41852350556000,171538052000001,-6.468,-2.003,-33.457,0
1398294583057,41852365266000,171538052000001,-6.468,-2.003,-33.457,0
1398294583058,41852370545000,171538052000001,-6.468,-2.003,-33.457,0
1398294583062,41852380586000,171538052000001,-6.468,-2.003,-33.457,0
1398294583064,41852390565000,171538052000001,-6.468,-2.003,-33.457,0
1398294583073,41852402131000,171538052000001,-6.468,-2.003,-33.457,0
1398294583081,41852410646000,171538052000001,-6.468,-2.003,-33.457,0
1398294583091,41852420625000,171538052000001,-6.468,-2.003,-33.457,0
1398294583101,41852430604000,171538052000001,-6.468,-2.003,-33.457,0
1398294583111,41852440644000,171538052000001,-6.468,-2.003,-33.457,0
1398294583121,41852450654000,171538052000001,-6.468,-2.003,-33.457,0
1398294583131,41852460633000,171538052000001,-6.468,-2.003,-33.457,0
1398294583141,41852470643000,171538052000001,-6.468,-2.003,-33.457,0
1398294583151,41852480653000,171538052000001,-6.468,-2.003,-33.457,0
1398294583162,41852490693000,171538052000001,-6.468,-2.003,-33.457,0
1398294583171,41852500856000,171538052000001,-6.468,-2.003,-33.457,0
1398294583181,41852510682000,171538052000001,-6.468,-2.003,-33.457,0
1398294583190,41852520692000,171538052000001,-6.468,-2.003,-33.457,0
1398294583201,41852530763000,171538052000001,-6.468,-2.003,-33.457,0
1398294583210,41852540711000,171538052000001,-6.835,-1.647,-33.457,0
1398294583221,41852550721000,171538052000001,-6.835,-1.647,-33.457,0
1398294583231,41852560731000,171538052000001,-6.835,-1.647,-33.457,0
1398294583240,41852570741000,171538052000001,-6.835,-1.647,-33.457,0
1398294583252,41852582307000,171538052000001,-6.835,-1.647,-33.457,0
1398294583261,41852590821000,171538052000001,-6.835,-1.647,-33.457,0
1398294583271,41852600770000,171538052000001,-6.835,-1.647,-33.457,0
1398294583281,41852610780000,171538052000001,-6.835,-1.647,-33.457,0
1398294583291,41852620790000,171538052000001,-6.835,-1.338,-33.457,0
1398294583301,41852630799000,171538052000001,-6.835,-1.338,-33.457,0
1398294583311,41852640809000,171538052000001,-6.835,-1.338,-33.457,0
1398294583321,41852650849000,171538052000001,-6.835,-1.338,-33.457,0
1398294583331,41852660829000,171538052000001,-6.835,-1.338,-33.457,0
1398294583341,41852670838000,171538052000001,-7.167,-1.338,-33.457,0
1398294583351,41852680848000,171538052000001,-7.167,-1.338,-33.457,0
1398294583361,41852690858000,171538052000001,-7.167,-1.338,-33.457,0
1398294583378,41852702027000,171538052000001,-7.167,-1.338,-33.457,0
1398294583382,41852711549000,171538052000001,-7.167,-1.338,-33.457,0
1398294583399,41852721345000,171538052000001,-7.167,-1.338,-33.457,0
1398294583402,41852730958000,171538052000001,-7.167,-1.338,-33.457,0
1398294583419,41852740968000,171538052000001,-7.167,-1.338,-33.457,0
1398294583422,41852752442000,171538052000001,-7.167,-1.338,-33.457,0
1398294583436,41852763001000,171538052000001,-7.167,-1.338,-33.457,0
1398294583446,41852771974000,171538052000001,-6.829,-1.338,-33.457,0
1398294583452,41852781739000,171538052000001,-6.829,-1.338,-33.457,0
1398294583464,41852791291000,171538052000001,-6.829,-1.338,-33.457,0
1398294583478,41852803010000,171538052000001,-6.829,-1.338,-33.457,0
1398294583487,41852811036000,171538052000001,-6.829,-1.338,-33.457,0
1398294583500,41852821046000,171538052000001,-6.829,-1.338,-33.457,0
1398294583501,41852831056000,171538052000001,-6.829,-1.338,-33.457,0
1398294583511,41852841065000,171538052000001,-6.829,-1.338,-33.457,0
1398294583521,41852851045000,171538052000001,-6.829,-1.338,-33.457,0
1398294583531,41852861054000,171538052000001,-6.527,-1.338,-33.779,0
1398294583549,41852871064000,171538052000001,-6.527,-1.657,-33.779,0
1398294583551,41852881105000,171538052000001,-6.527,-1.657,-33.779,0
1398294583561,41852891114000,171538052000001,-6.527,-1.657,-33.779,0
1398294583571,41852901124000,171538052000001,-6.527,-1.657,-33.779,0
1398294583581,41852911103000,171538052000001,-6.527,-1.657,-33.779,0
1398294583591,41852921113000,171538052000001,-6.527,-1.657,-33.779,0
1398294583602,41852931153000,171538052000001,-6.527,-1.657,-33.779,0
1398294583618,41852943086000,171538052000001,-6.527,-1.657,-33.779,0
1398294583628,41852951203000,171538052000001,-6.527,-1.657,-33.779,0
1398294583648,41852961183000,171538052000001,-6.527,-1.657,-33.779,0
1398294583650,41852975984000,171538052000001,-6.834,-1.657,-33.779,0
1398294583655,41852981141000,171538052000001,-6.834,-1.657,-33.779,0
1398294583678,41852991212000,171538052000001,-6.834,-1.657,-33.779,0
1398294583684,41853001222000,171538052000001,-6.834,-1.657,-33.779,0
1398294583687,41853011201000,171538052000001,-6.834,-1.657,-33.779,0
1398294583695,41853021211000,171538052000001,-6.834,-1.657,-33.779,0
1398294583701,41853031251000,171538052000001,-6.834,-1.657,-33.779,0
1398294583711,41853041230000,171538052000001,-7.157,-1.657,-33.779,0
1398294583723,41853051881000,171538052000001,-7.157,-1.657,-33.779,0
1398294583731,41853061250000,171538052000001,-7.157,-1.657,-33.779,0
1398294583741,41853071229000,171538052000001,-7.157,-1.657,-33.779,0
1398294583751,41853081269000,171538052000001,-7.157,-1.657,-33.779,0
1398294583761,41853091279000,171538052000001,-7.157,-1.657,-33.779,0
1398294583771,41853101380000,171538052000001,-7.157,-1.657,-33.779,0
1398294583781,41853111268000,171538052000001,-7.157,-1.657,-33.779,0
1398294583793,41853122834000,171538052000001,-7.157,-1.657,-33.779,0
1398294583801,41853131318000,171538052000001,-7.157,-1.657,-33.779,0
1398294583811,41853141297000,171538052000001,-7.157,-1.657,-33.779,0
1398294583821,41853151307000,171538052000001,-7.157,-1.657,-33.779,0
1398294583831,41853161347000,171538052000001,-7.157,-1.657,-33.779,0
1398294583842,41853171327000,171538052000001,-7.157,-1.657,-33.779,0
1398294583851,41853181336000,171538052000001,-7.157,-1.657,-33.779,0
1398294583861,41853191438000,171538052000001,-6.829,-1.657,-33.779,0
1398294583871,41853201356000,171538052000001,-6.829,-1.657,-33.779,0
1398294583882,41853211366000,171538052000001,-6.829,-1.657,-33.779,0
1398294583891,41853221376000,171538052000001,-6.829,-1.657,-33.779,0
1398294583902,41853231416000,171538052000001,-6.829,-1.657,-33.779,0
1398294583912,41853241426000,171538052000001,-6.829,-1.657,-33.779,0
1398294583921,41853251405000,171538052000001,-6.829,-1.657,-33.779,0
1398294583931,41853261445000,171538052000001,-6.491,-1.657,-33.779,0
1398294583950,41853271455000,171538052000001,-6.491,-1.657,-33.779,0
1398294583952,41853281892000,171538052000001,-6.491,-1.657,-33.779,0
1398294583963,41853291474000,171538052000001,-6.491,-1.657,-33.779,0
1398294583974,41853303010000,171538052000001,-6.491,-1.657,-33.779,0
1398294583981,41853311555000,171538052000001,-6.491,-1.657,-33.779,0
1398294583991,41853321473000,171538052000001,-6.491,-1.657,-33.779,0
1398294584001,41853331483000,171538052000001,-6.491,-1.657,-33.779,0
1398294584011,41853341493000,171538052000001,-6.491,-1.657,-33.779,0
1398294584021,41853351502000,171538052000001,-6.491,-1.657,-33.779,0
1398294584032,41853361543000,171538052000001,-6.491,-1.657,-33.779,0
1398294584042,41853371705000,171538052000001,-6.491,-1.657,-33.779,0
1398294584051,41853381532000,171538052000001,-6.491,-1.657,-33.779,0
1398294584061,41853391542000,171538052000001,-6.491,-1.657,-33.779,0
1398294584071,41853401551000,171538052000001,-6.491,-1.657,-33.779,0
1398294584081,41853411561000,171538052000001,-6.491,-1.657,-33.779,0
1398294584091,41853421571000,171538052000001,-6.491,-1.657,-33.477,0
1398294584101,41853431581000,171538052000001,-6.491,-1.657,-33.477,0
1398294584111,41853441590000,171538052000001,-6.491,-1.657,-33.477,0
1398294584122,41853451600000,171538052000001,-6.491,-1.657,-33.477,0
1398294584131,41853461610000,171538052000001,-6.491,-1.657,-33.477,0
1398294584141,41853471620000,171538052000001,-6.491,-1.657,-33.477,0
1398294584153,41853483186000,171538052000001,-6.491,-1.957,-33.477,0
1398294584162,41853491670000,171538052000001,-6.491,-1.957,-33.477,0
1398294584174,41853501618000,171538052000001,-6.166,-1.957,-33.477,0
1398294584182,41853511750000,171538052000001,-6.166,-1.957,-33.477,0
1398294584192,41853521699000,171538052000001,-6.166,-1.957,-33.477,0
1398294584202,41853531739000,171538052000001,-6.166,-1.957,-33.477,0
1398294584212,41853541749000,171538052000001,-5.801,-2.287,-33.477,0
1398294584222,41853551728000,171538052000001,-5.801,-2.287,-33.477,0
1398294584232,41853561769000,171538052000001,-5.801,-2.287,-33.477,0
1398294584242,41853571748000,171538052000001,-5.801,-2.287,-33.477,0
1398294584252,41853581758000,171538052000001,-5.801,-2.287,-33.477,0
1398294584264,41853594117000,171538052000001,-5.419,-2.287,-33.477,0
1398294584274,41853601808000,171538052000001,-5.419,-2.287,-33.477,0
1398294584286,41853611756000,171538052000001,-5.419,-2.287,-33.477,0
1398294584292,41853621766000,171538052000001,-5.419,-2.287,-33.477,0
1398294584302,41853631806000,171538052000001,-5.419,-2.287,-33.477,0
1398294584312,41853641816000,171538052000001,-5.419,-2.287,-33.477,0
1398294584322,41853651826000,171538052000001,-5.419,-2.287,-33.477,0
1398294584333,41853663423000,171538052000001,-5.419,-2.287,-33.477,0
1398294584342,41853671907000,171538052000001,-5.419,-2.287,-33.477,0
1398294584352,41853681916000,171538052000001,-5.419,-2.287,-33.477,0
1398294584362,41853691896000,171538052000001,-5.749,-2.287,-33.477,0
1398294584372,41853701905000,171538052000001,-5.749,-2.287,-33.477,0
1398294584382,41853712068000,171538052000001,-5.749,-2.287,-33.477,0
1398294584392,41853721894000,171538052000001,-5.749,-2.287,-33.477,0
1398294584402,41853731904000,171538052000001,-5.749,-2.287,-33.477,0
1398294584412,41853741914000,171538052000001,-6.101,-2.287,-33.477,0
1398294584422,41853751924000,171538052000001,-6.101,-1.982,-33.477,0
1398294584435,41853761933000,171538052000001,-6.101,-1.982,-33.477,0
1398294584443,41853771943000,171538052000001,-6.101,-1.982,-33.477,0
1398294584453,41853782014000,171538052000001,-6.416,-1.982,-33.477,0
1398294584462,41853791963000,171538052000001,-6.416,-1.982,-33.477,0
1398294584474,41853802125000,171538052000001,-6.416,-1.982,-33.477,0
1398294584482,41853812013000,171538052000001,-6.747,-1.982,-33.477,0
1398294584493,41853822053000,171538052000001,-6.747,-1.982,-33.477,0
1398294584502,41853832002000,171538052000001,-6.747,-1.982,-33.477,0
1398294584514,41853843568000,171538052000001,-6.747,-1.982,-33.477,0
1398294584522,41853852052000,171538052000001,-6.747,-1.982,-33.477,0
1398294584532,41853862001000,171538052000001,-7.063,-1.982,-33.477,0
1398294584542,41853872041000,171538052000001,-7.063,-1.982,-33.477,0
1398294584552,41853882478000,171538052000001,-7.063,-1.982,-33.477,0
1398294584566,41853896272000,171538052000001,-7.063,-1.651,-33.477,0
1398294584572,41853902040000,171538052000001,-7.063,-1.651,-33.477,0
1398294584582,41853912049000,171538052000001,-7.446,-1.651,-33.477,0
1398294584592,41853922059000,171538052000001,-7.446,-1.651,-33.477,0
1398294584602,41853932038000,171538052000001,-7.446,-1.651,-33.477,0
1398294584612,41853942048000,171538052000001,-7.446,-1.651,-33.477,0
1398294584622,41853952088000,171538052000001,-7.746,-1.339,-33.477,0
1398294584632,41853962098000,171538052000001,-7.746,-1.339,-33.477,0
1398294584642,41853972108000,171538052000001,-7.746,-1.339,-33.477,0
1398294584652,41853982118000,171538052000001,-7.746,-1.339,-33.477,0
1398294584662,41853992127000,171538052000001,-7.746,-1.339,-33.477,0
1398294584673,41854002137000,171538052000001,-7.746,-1.339,-33.477,0
1398294584682,41854012147000,171538052000001,-7.746,-1.339,-33.477,0
1398294584694,41854023683000,171538052000001,-7.746,-1.339,-33.477,0
1398294584702,41854032197000,171538052000001,-7.746,-1.339,-33.477,0
1398294584712,41854042176000,171538052000001,-7.746,-1.014,-33.477,0
1398294584722,41854052186000,171538052000001,-7.746,-1.014,-33.477,0
1398294584732,41854062196000,171538052000001,-7.746,-1.014,-33.477,0
1398294584742,41854072206000,171538052000001,-7.746,-1.014,-33.477,0
1398294584752,41854082215000,171538052000001,-7.746,-1.014,-33.155,0
1398294584762,41854092225000,171538052000001,-7.746,-1.014,-33.155,0
1398294584773,41854102204000,171538052000001,-7.746,-1.014,-33.155,0
1398294584783,41854112245000,171538052000001,-7.746,-1.014,-33.155,0
1398294584793,41854122254000,171538052000001,-7.746,-1.014,-33.155,0
1398294584802,41854132295000,171538052000001,-7.746,-1.014,-33.155,0
1398294584812,41854142274000,171538052000001,-7.746,-1.014,-33.155,0
1398294584822,41854152284000,171538052000001,-7.746,-1.014,-33.155,0
1398294584832,41854162263000,171538052000001,-7.412,-1.014,-33.155,0
1398294584842,41854172273000,171538052000001,-7.412,-1.014,-33.155,0
1398294584852,41854182283000,171538052000001,-7.412,-1.014,-33.155,0
1398294584862,41854192323000,171538052000001,-7.412,-1.014,-33.155,0
1398294584882,41854208802000,171538052000001,-7.412,-1.014,-33.155,0
1398294584883,41854212464000,171538052000001,-7.07,-1.014,-33.155,0
1398294584894,41854222535000,171538052000001,-7.07,-1.014,-33.155,0
1398294584902,41854232362000,171538052000001,-7.07,-1.014,-33.155,0
1398294584912,41854242341000,171538052000001,-7.07,-1.014,-33.155,0
1398294584922,41854252351000,171538052000001,-7.07,-1.014,-33.155,0
1398294584932,41854262361000,171538052000001,-6.726,-1.014,-33.155,0
1398294584942,41854272370000,171538052000001,-6.726,-1.014,-33.46,0
1398294584952,41854282411000,171538052000001,-6.726,-1.014,-33.46,0
1398294584962,41854292390000,171538052000001,-6.726,-1.014,-33.46,0
1398294584972,41854302430000,171538052000001,-6.726,-1.014,-33.46,0
1398294584982,41854312440000,171538052000001,-6.726,-1.014,-33.46,0
1398294584993,41854322816000,171538052000001,-6.726,-1.014,-33.46,0
1398294585002,41854332460000,171538052000001,-6.726,-1.014,-33.46,0
1398294585012,41854342469000,171538052000001,-6.726,-1.014,-33.46,0
1398294585023,41854352479000,171538052000001,-6.726,-1.014,-33.46,0
1398294585033,41854362489000,171538052000001,-6.726,-1.014,-33.46,0
1398294585043,41854372499000,171538052000001,-6.726,-1.014,-33.46,0
1398294585056,41854384034000,171538052000001,-6.726,-1.014,-33.46,0
1398294585062,41854392549000,171538052000001,-6.726,-1.014,-33.46,0
1398294585073,41854402497000,171538052000001,-6.726,-1.014,-33.46,0
1398294585083,41854412507000,171538052000001,-6.726,-1.014,-33.46,0
1398294585093,41854422517000,171538052000001,-6.726,-1.014,-33.46,0
1398294585102,41854432527000,171538052000001,-6.726,-1.014,-33.46,0
1398294585115,41854442567000,171538052000001,-6.726,-1.014,-33.46,0
1398294585130,41854452577000,171538052000001,-6.726,-1.014,-33.46,0
1398294585132,41854462586000,171538052000001,-6.726,-1.014,-33.46,0
1398294585143,41854472596000,171538052000001,-6.726,-1.014,-33.46,0
1398294585152,41854482575000,171538052000001,-6.726,-1.014,-33.46,0
1398294585162,41854492585000,171538052000001,-6.726,-1.014,-33.46,0
1398294585172,41854502595000,171538052000001,-6.726,-1.014,-33.46,0
1398294585182,41854512605000,171538052000001,-6.726,-1.014,-33.46,0
1398294585193,41854522615000,171538052000001,-6.726,-1.014,-33.46,0
1398294585202,41854532624000,171538052000001,-6.726,-1.014,-33.46,0
1398294585213,41854542665000,171538052000001,-6.726,-1.014,-33.46,0
1398294585223,41854553010000,171538052000001,-6.726,-1.014,-33.46,0
1398294585234,41854564210000,171538052000001,-6.726,-1.014,-33.46,0
1398294585243,41854572724000,171538052000001,-6.726,-1.014,-33.46,0
1398294585253,41854582704000,171538052000001,-6.726,-1.014,-33.46,0
1398294585263,41854592713000,171538052000001,-7.029,-1.014,-33.46,0
1398294585273,41854602723000,171538052000001,-7.029,-0.7,-33.46,0
1398294585283,41854612733000,171538052000001,-7.029,-0.7,-33.46,0
1398294585293,41854622743000,171538052000001,-7.029,-0.7,-33.46,0
1398294585303,41854632752000,171538052000001,-7.029,-0.7,-33.46,0
1398294585313,41854642762000,171538052000001,-7.029,-0.7,-33.46,0
1398294585323,41854652772000,171538052000001,-7.029,-0.7,-33.46,0
1398294585333,41854662782000,171538052000001,-7.029,-0.7,-33.46,0
1398294585343,41854672944000,171538052000001,-7.029,-0.7,-33.46,0
1398294585353,41854682801000,171538052000001,-7.029,-0.7,-33.46,0
1398294585363,41854692781000,171538052000001,-7.029,-0.7,-33.46,0
1398294585373,41854702821000,171538052000001,-7.376,-0.7,-33.46,0
1398294585383,41854712800000,171538052000001,-7.376,-0.7,-33.46,0
1398294585393,41854722810000,171538052000001,-7.376,-0.7,-33.46,0
1398294585403,41854732820000,171538052000001,-7.376,-0.7,-33.46,0
1398294585420,41854744508000,171538052000001,-7.376,-0.7,-33.46,0
1398294585430,41854752931000,171538052000001,-7.376,-0.7,-33.46,0
1398294585443,41854762910000,171538052000001,-7.376,-0.7,-33.46,0
1398294585445,41854772920000,171538052000001,-7.376,-0.7,-33.46,0
1398294585466,41854782929000,171538052000001,-7.376,-0.7,-33.46,0
1398294585468,41854793366000,171538052000001,-7.376,-0.7,-33.46,0
1398294585475,41854802980000,171538052000001,-7.376,-0.7,-33.46,0
1398294585483,41854812959000,171538052000001,-7.376,-0.7,-33.46,0
1398294585496,41854822938000,171538052000001,-7.376,-0.7,-33.46,0
1398294585503,41854832917000,171538052000001,-7.376,-0.7,-33.46,0
1398294585513,41854842927000,171538052000001,-7.376,-0.7,-33.46,0
1398294585523,41854852937000,171538052000001,-7.376,-0.7,-33.46,0
1398294585533,41854862947000,171538052000001,-7.376,-0.7,-33.46,0
1398294585543,41854872956000,171538052000001,-7.376,-0.7,-33.46,0
1398294585553,41854882936000,171538052000001,-7.376,-0.7,-33.46,0
1398294585563,41854892976000,171538052000001,-7.376,-0.7,-33.46,0
1398294585573,41854902986000,171538052000001,-7.376,-0.7,-33.46,0
1398294585583,41854912995000,171538052000001,-7.376,-0.7,-33.46,0
1398294585595,41854924562000,171538052000001,-7.376,-0.7,-33.46,0
1398294585603,41854933229000,171538052000001,-7.376,-0.7,-33.46,0
1398294585613,41854943025000,171538052000001,-7.376,-0.7,-33.46,0
1398294585623,41854953034000,171538052000001,-7.376,-0.7,-33.46,0
1398294585633,41854963044000,171538052000001,-7.376,-0.7,-33.46,0
1398294585643,41854973054000,171538052000001,-7.376,-0.7,-33.46,0
1398294585653,41854983064000,171538052000001,-7.376,-0.7,-33.46,0
1398294585663,41854993074000,171538052000001,-7.376,-0.7,-33.46,0
1398294585673,41855003083000,171538052000001,-7.376,-0.7,-33.46,0
1398294585683,41855013093000,171538052000001,-7.376,-0.7,-33.46,0
1398294585693,41855023103000,171538052000001,-7.376,-1.062,-33.46,0
1398294585704,41855033113000,171538052000001,-7.376,-1.062,-33.46,0
1398294585713,41855043153000,171538052000001,-7.376,-1.062,-33.46,0
1398294585723,41855053132000,171538052000001,-7.376,-1.4,-33.132,0
1398294585733,41855063142000,171538052000001,-7.376,-1.4,-33.132,0
1398294585743,41855073152000,171538052000001,-7.376,-1.4,-33.132,0
1398294585753,41855083161000,171538052000001,-7.376,-1.791,-33.132,0
1398294585765,41855094453000,171538052000001,-7.376,-1.791,-33.132,0
1398294585779,41855109101000,171538052000001,-7.376,-1.791,-33.132,0
1398294585785,41855115388000,171538052000001,-7.376,-1.791,-33.132,0
1398294585804,41855131776000,171538052000001,-7.376,-2.169,-33.132,0
1398294585809,41855135682000,171538052000001,-7.376,-2.169,-33.132,0
1398294585820,41855147798000,171538052000001,-7.376,-2.169,-33.132,0
1398294585826,41855153291000,171538052000001,-7.376,-2.169,-33.132,0
1398294585837,41855165162000,171538052000001,-7.376,-2.169,-33.132,0
1398294585844,41855173799000,171538052000001,-7.376,-2.169,-33.132,0
1398294585857,41855183595000,171538052000001,-7.376,-2.169,-33.132,0
1398294585864,41855193330000,171538052000001,-7.376,-2.169,-33.132,0
1398294585877,41855203340000,171538052000001,-7.682,-2.169,-33.132,0
1398294585887,41855215760000,171538052000001,-7.682,-2.169,-33.132,0
1398294585894,41855223359000,171538052000001,-7.682,-2.169,-33.132,0
1398294585910,41855233399000,171538052000001,-7.682,-2.169,-33.132,0
1398294585913,41855243379000,171538052000001,-7.682,-2.169,-33.132,0
1398294585924,41855253388000,171538052000001,-7.682,-2.169,-33.132,0
1398294585933,41855263368000,171538052000001,-7.682,-2.169,-33.132,0
1398294585944,41855273408000,171538052000001,-7.682,-2.169,-33.132,0
1398294585957,41855284944000,171538052000001,-7.682,-1.829,-33.132,0
1398294585964,41855293489000,171538052000001,-7.682,-1.829,-33.132,0
1398294585973,41855303407000,171538052000001,-7.682,-1.829,-33.132,0
1398294585983,41855313417000,171538052000001,-7.682,-1.829,-33.132,0
1398294585993,41855323426000,171538052000001,-7.682,-1.829,-33.132,0
1398294586003,41855333436000,171538052000001,-7.682,-1.47,-33.132,0
1398294586013,41855343446000,171538052000001,-7.682,-1.47,-33.132,0
1398294586024,41855353456000,171538052000001,-7.682,-1.47,-33.132,0
1398294586033,41855363465000,171538052000001,-7.682,-1.47,-33.132,0
1398294586043,41855373475000,171538052000001,-7.682,-1.47,-33.132,0
1398294586053,41855383485000,171538052000001,-7.682,-1.47,-33.132,0
1398294586069,41855393495000,171538052000001,-7.682,-1.145,-33.132,0
1398294586074,41855403535000,171538052000001,-7.682,-1.145,-33.132,0
1398294586083,41855413514000,171538052000001,-7.682,-1.145,-33.132,0
1398294586093,41855423554000,171538052000001,-7.682,-1.145,-33.132,0
1398294586104,41855433930000,171538052000001,-7.682,-1.145,-33.132,0
1398294586115,41855445130000,171538052000001,-7.682,-1.145,-33.132,0
1398294586125,41855453553000,171538052000001,-7.682,-1.145,-33.132,0
1398294586136,41855465089000,171538052000001,-7.682,-1.145,-33.442,0
1398294586144,41855473573000,171538052000001,-7.682,-1.145,-33.442,0
1398294586154,41855483552000,171538052000001,-7.339,-1.145,-33.442,0
1398294586163,41855493562000,171538052000001,-7.339,-1.145,-33.442,0
1398294586174,41855503572000,171538052000001,-7.339,-1.145,-33.442,0
1398294586189,41855513581000,171538052000001,-7.339,-1.145,-33.442,0
1398294586197,41855523591000,171538052000001,-7.339,-1.145,-33.442,0
1398294586209,41855533601000,171538052000001,-7.339,-1.145,-33.442,0
1398294586214,41855543794000,171538052000001,-7.339,-1.145,-33.442,0
1398294586223,41855553620000,171538052000001,-7.339,-1.145,-33.442,0
1398294586233,41855563630000,171538052000001,-7.339,-1.145,-33.746,0
1398294586243,41855573640000,171538052000001,-7.339,-1.145,-33.746,0
1398294586254,41855583650000,171538052000001,-6.993,-0.831,-33.746,0
1398294586263,41855593659000,171538052000001,-6.993,-0.831,-33.746,0
1398294586274,41855603669000,171538052000001,-6.993,-0.831,-33.746,0
1398294586284,41855613679000,171538052000001,-6.993,-0.831,-33.746,0
1398294586293,41855623689000,171538052000001,-6.993,-0.831,-33.746,0
1398294586303,41855633699000,171538052000001,-6.672,-0.526,-33.746,0
1398294586315,41855645265000,171538052000001,-6.672,-0.526,-33.746,0
1398294586324,41855653749000,171538052000001,-6.672,-0.526,-33.746,0
1398294586333,41855663728000,171538052000001,-6.672,-0.526,-33.746,0
1398294586344,41855673738000,171538052000001,-6.672,-0.526,-33.746,0
1398294586354,41855683747000,171538052000001,-6.672,-0.141,-33.746,0
1398294586364,41855693757000,171538052000001,-6.329,-0.141,-33.746,0
1398294586374,41855703767000,171538052000001,-6.329,-0.141,-33.746,0
1398294586384,41855713777000,171538052000001,-6.329,-0.141,-33.746,0
1398294586394,41855723786000,171538052000001,-6.329,-0.141,-33.746,0
1398294586408,41855737733000,171538052000001,-6.329,0.183,-33.746,0
1398294586414,41855743806000,171538052000001,-6.329,0.183,-33.746,0
1398294586425,41855753816000,171538052000001,-6.329,0.183,-33.746,0
1398294586435,41855763825000,171538052000001,-6.329,0.183,-33.746,0
1398294586444,41855773835000,171538052000001,-6.329,0.183,-33.746,0
1398294586454,41855783845000,171538052000001,-6.329,0.183,-33.746,0
1398294586464,41855793855000,171538052000001,-6.329,0.183,-33.746,0
1398294586479,41855803865000,171538052000001,-6.329,0.183,-33.746,0
1398294586491,41855813874000,171538052000001,-6.329,0.183,-33.746,0
1398294586495,41855825440000,171538052000001,-6.329,0.183,-33.746,0
1398294586504,41855833924000,171538052000001,-6.329,0.183,-33.746,0
1398294586514,41855843904000,171538052000001,-6.329,0.183,-33.746,0
1398294586524,41855853913000,171538052000001,-6.329,0.183,-33.746,0
1398294586534,41855863923000,171538052000001,-6.329,0.183,-33.746,0
1398294586544,41855873933000,171538052000001,-6.329,0.183,-33.746,0
1398294586554,41855883973000,171538052000001,-6.329,0.183,-33.746,0
1398294586564,41855893952000,171538052000001,-6.329,0.183,-33.746,0
1398294586574,41855903962000,171538052000001,-6.329,0.183,-33.746,0
1398294586584,41855913972000,171538052000001,-6.329,0.183,-33.746,0
1398294586594,41855923982000,171538052000001,-6.329,0.183,-33.746,0
1398294586604,41855933961000,171538052000001,-6.329,0.183,-33.746,0
1398294586615,41855944001000,171538052000001,-6.329,0.183,-33.746,0
1398294586624,41855954072000,171538052000001,-6.329,0.183,-33.746,0
1398294586636,41855964051000,171538052000001,-6.329,0.183,-33.746,0
1398294586644,41855974153000,171538052000001,-6.329,0.183,-33.746,0
1398294586654,41855984284000,171538052000001,-6.329,0.183,-33.746,0
1398294586664,41855994111000,171538052000001,-6.329,0.183,-33.746,0
1398294586676,41856005647000,171538052000001,-6.329,0.183,-33.746,0
1398294586684,41856014131000,171538052000001,-6.329,0.183,-33.746,0
1398294586694,41856024110000,171538052000001,-6.329,0.183,-33.746,0
1398294586704,41856034120000,171538052000001,-6.329,0.183,-33.746,0
1398294586714,41856044129000,171538052000001,-6.329,0.183,-33.746,0
1398294586724,41856054109000,171538052000001,-6.329,0.183,-33.746,0
1398294586740,41856064179000,171538052000001,-6.329,0.183,-33.746,0
1398294586748,41856074189000,171538052000001,-6.329,0.183,-33.746,0
1398294586755,41856084199000,171538052000001,-6.329,0.183,-33.746,0
1398294586764,41856094178000,171538052000001,-6.329,0.183,-33.746,0
1398294586774,41856104188000,171538052000001,-6.329,0.183,-33.746,0
1398294586784,41856114198000,171538052000001,-6.329,0.183,-33.746,0
1398294586794,41856124238000,171538052000001,-6.329,0.183,-33.746,0
1398294586804,41856134187000,171538052000001,-6.329,0.183,-33.746,0
1398294586814,41856144227000,171538052000001,-6.329,0.183,-33.746,0
1398294586824,41856154237000,171538052000001,-6.329,0.183,-33.746,0
1398294586834,41856164247000,171538052000001,-6.329,0.183,-33.746,0
1398294586844,41856174256000,171538052000001,-6.329,0.183,-33.746,0
1398294586856,41856185792000,171538052000001,-6.329,0.183,-33.746,0
1398294586864,41856194306000,171538052000001,-6.028,0.183,-33.746,0
1398294586874,41856204286000,171538052000001,-6.028,0.183,-33.746,0
1398294586884,41856214295000,171538052000001,-6.028,0.183,-33.746,0
1398294586894,41856224275000,171538052000001,-6.028,0.183,-33.746,0
1398294586914,41856234315000,171538052000001,-6.028,0.183,-33.746,0
1398294586916,41856244355000,171538052000001,-6.028,0.183,-33.746,0
1398294586928,41856254365000,171538052000001,-6.028,0.183,-33.746,0
1398294586934,41856264375000,171538052000001,-6.028,0.183,-33.746,0
1398294586944,41856274354000,171538052000001,-6.028,0.183,-33.746,0
1398294586954,41856284364000,171538052000001,-6.028,0.183,-33.746,0
1398294586964,41856294374000,171538052000001,-6.028,0.183,-33.746,0
1398294586974,41856304383000,171538052000001,-6.028,0.183,-33.746,0
1398294586984,41856314393000,171538052000001,-6.028,0.183,-33.746,0
1398294586994,41856324403000,171538052000001,-6.028,0.183,-33.746,0
1398294587004,41856334413000,171538052000001,-6.028,0.183,-33.746,0
1398294587014,41856344422000,171538052000001,-6.028,0.183,-33.746,0
1398294587029,41856358949000,171538052000001,-6.028,0.183,-33.746,0
1398294587036,41856365937000,171538052000001,-5.699,0.183,-33.746,0
1398294587044,41856374452000,171538052000001,-5.699,0.183,-33.746,0
1398294587054,41856384431000,171538052000001,-5.699,0.183,-33.746,0
1398294587064,41856394441000,171538052000001,-5.699,0.183,-33.746,0
1398294587074,41856404450000,171538052000001,-5.699,0.183,-33.746,0
1398294587085,41856414643000,171538052000001,-5.699,0.183,-33.746,0
1398294587095,41856424501000,171538052000001,-5.699,-0.138,-33.746,0
1398294587105,41856434510000,171538052000001,-5.386,-0.138,-33.746,0
1398294587117,41856444520000,171538052000001,-5.386,-0.138,-33.746,0
1398294587125,41856454560000,171538052000001,-5.386,-0.138,-33.746,0
1398294587135,41856464540000,171538052000001,-5.386,-0.454,-33.746,0
1398294587145,41856474549000,171538052000001,-5.386,-0.454,-33.746,0
1398294587155,41856484559000,171538052000001,-5.386,-0.454,-33.746,0
1398294587165,41856494569000,171538052000001,-5.021,-0.454,-33.746,0
1398294587174,41856504579000,171538052000001,-5.021,-0.788,-33.746,0
1398294587184,41856514558000,171538052000001,-5.021,-0.788,-33.746,0
1398294587194,41856524568000,171538052000001,-5.021,-0.788,-33.746,0
1398294587205,41856534608000,171538052000001,-5.021,-0.788,-33.746,0
1398294587220,41856546205000,171538052000001,-4.719,-0.788,-33.746,0
1398294587225,41856554658000,171538052000001,-4.719,-0.788,-33.746,0
1398294587234,41856564637000,171538052000001,-4.719,-0.788,-33.746,0
1398294587245,41856574647000,171538052000001,-4.719,-0.788,-33.746,0
1398294587255,41856584657000,171538052000001,-4.719,-0.788,-33.746,0
1398294587264,41856594667000,171538052000001,-4.719,-0.788,-33.746,0
1398294587275,41856604676000,171538052000001,-4.719,-0.788,-33.746,0
1398294587285,41856614717000,171538052000001,-4.719,-0.788,-33.746,0
1398294587294,41856624696000,171538052000001,-5.039,-0.788,-33.746,0
1398294587305,41856634706000,171538052000001,-5.039,-0.788,-33.746,0
1398294587318,41856644746000,171538052000001,-5.039,-0.788,-33.746,0
1398294587325,41856654725000,171538052000001,-5.039,-0.788,-33.746,0
1398294587341,41856666261000,171538052000001,-5.039,-0.788,-33.746,0
1398294587344,41856674745000,171538052000001,-5.38,-0.788,-34.051,0
1398294587355,41856684754000,171538052000001,-5.38,-0.46,-34.051,0
1398294587366,41856694795000,171538052000001,-5.38,-0.46,-34.051,0
1398294587375,41856704774000,171538052000001,-5.38,-0.46,-34.051,0
1398294587385,41856714784000,171538052000001,-5.714,-0.46,-34.051,0
1398294587396,41856726411000,171538052000001,-5.714,-0.46,-34.051,0
1398294587405,41856734803000,171538052000001,-5.714,-0.46,-34.051,0
1398294587415,41856744813000,171538052000001,-5.714,-0.46,-34.051,0
1398294587425,41856754823000,171538052000001,-5.714,-0.129,-34.051,0
1398294587435,41856764833000,171538052000001,-5.714,-0.129,-34.051,0
1398294587445,41856774842000,171538052000001,-6.034,-0.129,-34.051,0
1398294587455,41856784852000,171538052000001,-6.034,-0.129,-34.051,0
1398294587465,41856794831000,171538052000001,-6.034,-0.129,-34.051,0
1398294587475,41856804841000,171538052000001,-6.034,-0.129,-34.051,0
1398294587485,41856814851000,171538052000001,-6.034,-0.129,-34.051,0
1398294587495,41856824861000,171538052000001,-6.034,-0.129,-34.051,0
1398294587505,41856834870000,171538052000001,-6.034,-0.129,-34.051,0
1398294587516,41856844880000,171538052000001,-6.034,-0.129,-34.051,0
1398294587525,41856854920000,171538052000001,-6.034,-0.129,-34.051,0
1398294587535,41856864930000,171538052000001,-6.034,-0.129,-34.051,0
1398294587545,41856874909000,171538052000001,-6.034,-0.129,-34.051,0
1398294587555,41856884919000,171538052000001,-6.034,-0.129,-34.051,0
1398294587565,41856894929000,171538052000001,-6.034,-0.129,-34.051,0
1398294587577,41856906526000,171538052000001,-6.034,-0.129,-34.051,0
1398294587585,41856915010000,171538052000001,-6.034,-0.129,-34.051,0
1398294587595,41856924989000,171538052000001,-6.034,-0.129,-34.051,0
1398294587605,41856934999000,171538052000001,-6.034,-0.129,-34.051,0
1398294587615,41856945008000,171538052000001,-6.034,-0.453,-34.051,0
1398294587625,41856954988000,171538052000001,-6.034,-0.453,-34.051,0
1398294587635,41856964997000,171538052000001,-6.034,-0.453,-34.051,0
1398294587645,41856975007000,171538052000001,-6.034,-0.453,-34.051,0
1398294587655,41856985047000,171538052000001,-6.034,-0.453,-34.051,0
1398294587665,41856994996000,171538052000001,-6.034,-0.453,-34.051,0
1398294587676,41857005036000,171538052000001,-6.034,-0.453,-34.051,0
1398294587685,41857015046000,171538052000001,-6.034,-0.453,-34.051,0
1398294587695,41857025025000,171538052000001,-6.034,-0.453,-34.051,0
1398294587705,41857035066000,171538052000001,-6.034,-0.453,-34.051,0
1398294587715,41857045045000,171538052000001,-6.034,-0.756,-34.051,0
1398294587725,41857055055000,171538052000001,-6.034,-0.756,-34.051,0
1398294587735,41857065064000,171538052000001,-6.034,-0.756,-34.051,0
1398294587748,41857075105000,171538052000001,-6.034,-0.756,-34.051,0
1398294587757,41857086671000,171538052000001,-6.034,-0.756,-34.051,0
1398294587765,41857095155000,171538052000001,-6.034,-0.756,-34.051,0
1398294587775,41857105104000,171538052000001,-6.034,-0.756,-34.051,0
1398294587785,41857115144000,171538052000001,-6.034,-0.756,-34.051,0
1398294587795,41857125123000,171538052000001,-6.034,-0.756,-34.051,0
1398294587805,41857135133000,171538052000001,-6.034,-0.756,-34.051,0
1398294587815,41857145143000,171538052000001,-6.034,-0.756,-34.051,0
1398294587825,41857155152000,171538052000001,-6.034,-0.756,-34.051,0
1398294587835,41857165162000,171538052000001,-6.034,-0.756,-34.051,0
1398294587845,41857175172000,171538052000001,-6.034,-0.756,-34.051,0
1398294587855,41857185182000,171538052000001,-6.034,-0.756,-34.051,0
1398294587865,41857195191000,171538052000001,-6.034,-0.756,-34.051,0
1398294587876,41857205232000,171538052000001,-6.034,-0.756,-34.051,0
1398294587887,41857215730000,171538052000001,-6.034,-0.756,-34.051,0
1398294587895,41857225221000,171538052000001,-6.034,-0.756,-34.051,0
1398294587905,41857235261000,171538052000001,-6.034,-0.756,-34.051,0
1398294587916,41857245240000,171538052000001,-6.034,-0.756,-34.051,0
1398294587952,41857255250000,171538052000001,-6.034,-0.756,-34.051,0
1398294587954,41857266786000,171538052000001,-6.034,-0.756,-33.728,0
1398294587956,41857280244000,171538052000001,-6.034,-0.433,-33.728,0
1398294587957,41857285432000,171538052000001,-6.034,-0.433,-33.728,0
1398294587965,41857295320000,171538052000001,-6.034,-0.433,-33.728,0
1398294587975,41857305299000,171538052000001,-6.034,-0.433,-33.728,0
1398294587985,41857315309000,171538052000001,-6.034,-0.433,-33.728,0
1398294587995,41857325318000,171538052000001,-6.034,-0.433,-33.728,0
1398294588005,41857335328000,171538052000001,-6.034,-0.433,-33.728,0
1398294588015,41857345368000,171538052000001,-6.034,-0.433,-33.728,0
1398294588025,41857355378000,171538052000001,-6.034,-0.433,-33.728,0
1398294588044,41857365388000,171538052000001,-6.034,-0.433,-33.728,0
1398294588047,41857375367000,171538052000001,-6.034,-0.433,-33.728,0
1398294588055,41857385408000,171538052000001,-6.034,-0.433,-33.728,0
1398294588065,41857395417000,171538052000001,-6.034,-0.433,-33.728,0
1398294588075,41857405427000,171538052000001,-6.034,-0.433,-33.728,0
1398294588085,41857415406000,171538052000001,-6.034,-0.433,-33.728,0
1398294588095,41857425416000,171538052000001,-6.034,-0.433,-33.728,0
1398294588105,41857435426000,171538052000001,-6.034,-0.433,-33.728,0
1398294588117,41857446992000,171538052000001,-6.034,-0.433,-33.728,0
1398294588125,41857455506000,171538052000001,-6.034,-0.433,-33.728,0
1398294588135,41857465455000,171538052000001,-6.034,-0.433,-33.728,0
1398294588145,41857475465000,171538052000001,-6.034,-0.128,-33.728,0
1398294588155,41857485505000,171538052000001,-6.034,-0.128,-33.728,0
1398294588167,41857495484000,171538052000001,-6.034,-0.128,-33.728,0
1398294588175,41857505525000,171538052000001,-6.034,-0.128,-33.728,0
1398294588185,41857515504000,171538052000001,-6.034,-0.128,-33.728,0
1398294588196,41857525514000,171538052000001,-6.034,-0.128,-33.728,0
1398294588205,41857535523000,171538052000001,-6.034,-0.128,-33.728,0
1398294588216,41857545564000,171538052000001,-6.034,-0.128,-33.728,0
1398294588225,41857555543000,171538052000001,-6.034,-0.128,-33.728,0
1398294588235,41857565553000,171538052000001,-6.034,-0.128,-33.728,0
1398294588246,41857575563000,171538052000001,-6.034,0.193,-33.728,0
1398294588258,41857587709000,171538052000001,-6.034,0.193,-33.728,0
1398294588266,41857595582000,171538052000001,-6.034,0.193,-33.728,0
1398294588277,41857605622000,171538052000001,-6.034,0.193,-33.728,0
1398294588292,41857615602000,171538052000001,-6.379,0.193,-33.728,0
1398294588297,41857627168000,171538052000001,-6.379,0.193,-33.728,0
1398294588306,41857635652000,171538052000001,-6.379,0.193,-33.728,0
1398294588316,41857645631000,171538052000001,-6.379,0.193,-33.728,0
1398294588326,41857655641000,171538052000001,-6.379,0.193,-33.728,0
1398294588335,41857665650000,171538052000001,-6.379,0.193,-33.728,0
1398294588348,41857675660000,171538052000001,-6.379,0.193,-33.728,0
1398294588356,41857685670000,171538052000001,-6.379,0.193,-33.728,0
1398294588366,41857695680000,171538052000001,-6.379,0.193,-33.728,0
1398294588376,41857705689000,171538052000001,-6.379,0.193,-33.728,0
1398294588386,41857715882000,171538052000001,-6.379,0.193,-33.728,0
1398294588398,41857725709000,171538052000001,-6.379,0.193,-33.728,0
1398294588407,41857735810000,171538052000001,-6.379,0.193,-33.728,0
1398294588416,41857745759000,171538052000001,-6.379,0.193,-33.728,0
1398294588426,41857755769000,171538052000001,-6.379,0.193,-33.728,0
1398294588436,41857765779000,171538052000001,-6.379,0.193,-33.728,0
1398294588446,41857775788000,171538052000001,-6.379,0.193,-33.728,0
1398294588456,41857785798000,171538052000001,-6.379,0.193,-33.728,0
1398294588466,41857795808000,171538052000001,-6.379,0.193,-33.728,0
1398294588477,41857807374000,171538052000001,-6.379,0.193,-33.728,0
1398294588491,41857815888000,171538052000001,-6.379,0.193,-33.728,0
1398294588506,41857825868000,171538052000001,-6.379,0.193,-33.728,0
1398294588508,41857836274000,171538052000001,-6.379,0.193,-33.728,0
1398294588516,41857845887000,171538052000001,-6.379,0.193,-33.728,0
1398294588526,41857855897000,171538052000001,-6.379,0.193,-33.728,0
1398294588536,41857865907000,171538052000001,-6.379,0.193,-33.728,0
1398294588546,41857875917000,171538052000001,-6.379,0.193,-33.728,0
1398294588556,41857885926000,171538052000001,-6.692,0.193,-33.728,0
1398294588566,41857895906000,171538052000001,-6.692,0.193,-33.728,0
1398294588576,41857905885000,171538052000001,-6.692,0.193,-33.728,0
1398294588586,41857915956000,171538052000001,-6.692,0.193,-33.728,0
1398294588596,41857925904000,171538052000001,-6.692,0.193,-33.728,0
1398294588606,41857935914000,171538052000001,-6.692,0.193,-33.728,0
1398294588616,41857945924000,171538052000001,-6.692,0.193,-33.728,0
1398294588626,41857955934000,171538052000001,-6.692,0.193,-33.728,0
1398294588636,41857965943000,171538052000001,-6.692,0.193,-33.728,0
1398294588646,41857975953000,171538052000001,-6.692,0.193,-33.728,0
1398294588658,41857987519000,171538052000001,-6.692,0.193,-33.728,0
1398294588666,41857996034000,171538052000001,-6.692,0.193,-33.728,0
1398294588676,41858005982000,171538052000001,-6.692,0.193,-33.728,0
1398294588686,41858015992000,171538052000001,-6.692,0.193,-33.728,0
1398294588696,41858026002000,171538052000001,-6.361,0.193,-33.728,0
1398294588706,41858036012000,171538052000001,-6.361,0.193,-33.728,0
1398294588716,41858046022000,171538052000001,-6.361,0.193,-33.728,0
1398294588729,41858056062000,171538052000001,-6.361,0.193,-33.728,0
1398294588737,41858066590000,171538052000001,-6.361,0.193,-33.728,0
1398294588746,41858076051000,171538052000001,-6.361,0.193,-33.728,0
1398294588756,41858086061000,171538052000001,-6.361,0.193,-33.728,0
1398294588766,41858096101000,171538052000001,-6.361,0.193,-33.728,0
1398294588776,41858106080000,171538052000001,-6.361,0.515,-33.728,0
1398294588786,41858116090000,171538052000001,-6.361,0.515,-33.728,0
1398294588796,41858126069000,171538052000001,-6.663,0.515,-33.728,0
1398294588806,41858136109000,171538052000001,-6.663,0.515,-33.728,0
1398294588816,41858146302000,171538052000001,-6.663,0.515,-33.728,0
1398294588826,41858156159000,171538052000001,-6.663,0.515,-33.728,0
1398294588838,41858167726000,171538052000001,-6.663,0.515,-33.728,0
1398294588846,41858176179000,171538052000001,-6.994,0.515,-33.728,0
1398294588856,41858186128000,171538052000001,-6.994,0.515,-33.728,0
1398294588870,41858200410000,171538052000001,-6.994,0.515,-33.728,0
1398294588878,41858206239000,171538052000001,-6.994,0.515,-33.728,0
1398294588886,41858216218000,171538052000001,-6.994,0.515,-33.728,0
1398294588896,41858226197000,171538052000001,-6.994,0.515,-33.728,0
1398294588906,41858236207000,171538052000001,-6.994,0.515,-33.728,0
1398294588916,41858246186000,171538052000001,-6.994,0.515,-33.728,0
1398294588926,41858256227000,171538052000001,-6.994,0.515,-33.728,0
1398294588936,41858266236000,171538052000001,-6.994,0.515,-33.728,0
1398294588946,41858276246000,171538052000001,-6.517,0.515,-33.728,0
1398294588956,41858286256000,171538052000001,-6.517,0.515,-33.728,0
1398294588966,41858296235000,171538052000001,-6.517,0.515,-33.728,0
1398294588978,41858306275000,171538052000001,-6.175,0.166,-33.728,0
1398294588987,41858316285000,171538052000001,-6.175,0.166,-33.728,0
1398294588997,41858326295000,171538052000001,-6.175,0.166,-33.728,0
1398294589007,41858336335000,171538052000001,-6.175,0.166,-33.728,0
1398294589018,41858347871000,171538052000001,-5.824,-0.219,-33.728,0
1398294589027,41858356355000,171538052000001,-5.824,-0.219,-33.728,0
1398294589036,41858366334000,171538052000001,-5.824,-0.219,-33.728,0
1398294589046,41858376344000,171538052000001,-5.824,-0.219,-33.728,0
1398294589056,41858386323000,171538052000001,-5.513,-0.526,-33.728,0
1398294589066,41858396394000,171538052000001,-5.513,-0.526,-33.728,0
1398294589077,41858406404000,171538052000001,-5.513,-0.526,-33.728,0
1398294589086,41858416413000,171538052000001,-5.513,-0.526,-33.728,0
1398294589096,41858426393000,171538052000001,-5.513,-0.526,-33.728,0
1398294589106,41858436402000,171538052000001,-5.194,-0.891,-33.728,0
1398294589116,41858446412000,171538052000001,-5.194,-0.891,-33.728,0
1398294589126,41858456391000,171538052000001,-5.194,-0.891,-33.728,0
1398294589136,41858466432000,171538052000001,-5.194,-0.891,-33.728,0
1398294589147,41858476441000,171538052000001,-5.194,-0.891,-33.728,0
1398294589157,41858486512000,171538052000001,-5.194,-0.891,-33.728,0
1398294589167,41858496461000,171538052000001,-5.194,-0.891,-33.728,0
1398294589182,41858509370000,171538052000001,-5.194,-0.891,-33.728,0
1398294589186,41858516542000,171538052000001,-5.194,-0.891,-33.728,0
1398294589198,41858528108000,171538052000001,-5.194,-0.891,-33.728,0
1398294589207,41858536592000,171538052000001,-5.194,-1.202,-33.728,0
1398294589216,41858546540000,171538052000001,-4.835,-1.202,-34.051,0
1398294589227,41858556550000,171538052000001,-4.835,-1.202,-34.051,0
1398294589236,41858566560000,171538052000001,-4.835,-1.202,-34.051,0
1398294589246,41858576570000,171538052000001,-4.835,-1.202,-34.051,0
1398294589257,41858586579000,171538052000001,-4.835,-1.202,-34.051,0
1398294589269,41858596620000,171538052000001,-4.835,-1.202,-34.051,0
1398294589284,41858606629000,171538052000001,-4.835,-1.202,-34.051,0
1398294589287,41858616609000,171538052000001,-4.835,-1.202,-34.051,0
1398294589297,41858626618000,171538052000001,-4.835,-1.202,-34.051,0
1398294589306,41858636628000,171538052000001,-4.835,-1.202,-34.051,0
1398294589316,41858646638000,171538052000001,-4.835,-1.202,-34.051,0
1398294589326,41858656648000,171538052000001,-4.835,-1.202,-34.051,0
1398294589336,41858666658000,171538052000001,-4.835,-1.202,-34.051,0
1398294589347,41858676667000,171538052000001,-4.835,-1.202,-34.051,0
1398294589357,41858686708000,171538052000001,-4.835,-1.202,-34.051,0
1398294589367,41858696687000,171538052000001,-4.498,-1.202,-34.051,0
1398294589378,41858708253000,171538052000001,-4.498,-1.202,-34.051,0
1398294589387,41858716737000,171538052000001,-4.498,-1.202,-34.051,0
1398294589397,41858726716000,171538052000001,-4.498,-1.202,-34.051,0
1398294589407,41858736726000,171538052000001,-4.176,-1.202,-34.051,0
1398294589417,41858746736000,171538052000001,-4.176,-1.202,-34.051,0
1398294589427,41858756745000,171538052000001,-4.176,-1.528,-34.051,0
1398294589437,41858766786000,171538052000001,-4.176,-1.528,-34.051,0
1398294589447,41858776765000,171538052000001,-4.176,-1.528,-34.051,0
1398294589457,41858786775000,171538052000001,-3.865,-1.528,-34.051,0
1398294589467,41858796815000,171538052000001,-3.865,-1.528,-34.051,0
1398294589477,41858806794000,171538052000001,-3.865,-1.866,-34.051,0
1398294589487,41858816773000,171538052000001,-3.865,-1.866,-34.051,0
1398294589497,41858826814000,171538052000001,-3.865,-1.866,-34.051,0
1398294589507,41858836762000,171538052000001,-3.865,-1.866,-34.051,0
1398294589517,41858846772000,171538052000001,-3.865,-1.866,-34.051,0
1398294589527,41858856782000,171538052000001,-3.865,-1.866,-34.051,0
1398294589537,41858866792000,171538052000001,-3.865,-1.866,-34.051,0
1398294589547,41858876832000,171538052000001,-3.865,-1.866,-34.051,0
1398294589559,41858888459000,171538052000001,-3.865,-1.866,-34.051,0
1398294589567,41858896882000,171538052000001,-3.865,-1.866,-34.051,0
1398294589577,41858906892000,171538052000001,-3.865,-1.866,-34.051,0
1398294589587,41858916871000,171538052000001,-3.865,-1.866,-34.051,0
1398294589597,41858926881000,171538052000001,-3.865,-1.866,-34.051,0
1398294589607,41858936860000,171538052000001,-3.865,-1.866,-34.051,0
1398294589617,41858946870000,171538052000001,-3.865,-1.866,-34.051,0
1398294589627,41858956910000,171538052000001,-4.182,-1.866,-34.051,0
1398294589637,41858966920000,171538052000001,-4.182,-1.866,-34.051,0
1398294589647,41858976930000,171538052000001,-4.182,-1.866,-34.051,0
1398294589657,41858986909000,171538052000001,-4.182,-1.866,-34.051,0
1398294589667,41858996949000,171538052000001,-4.182,-1.866,-34.051,0
1398294589677,41859006959000,171538052000001,-4.182,-1.56,-34.051,0
1398294589687,41859017121000,171538052000001,-4.182,-1.56,-34.051,0
1398294589697,41859026948000,171538052000001,-4.182,-1.56,-34.051,0
1398294589707,41859036958000,171538052000001,-4.182,-1.56,-34.051,0
1398294589717,41859046998000,171538052000001,-4.495,-1.56,-34.051,0
1398294589728,41859057038000,171538052000001,-4.495,-1.56,-34.051,0
1398294589739,41859068605000,171538052000001,-4.495,-1.56,-34.051,0
1398294589747,41859077088000,171538052000001,-4.495,-1.56,-34.051,0
1398294589758,41859087098000,171538052000001,-4.495,-1.56,-34.051,0
1398294589771,41859097108000,171538052000001,-4.495,-1.56,-34.051,0
1398294589777,41859107087000,171538052000001,-4.495,-1.56,-34.051,0
1398294589796,41859122041000,171538052000001,-4.495,-1.2,-34.051,0
1398294589798,41859127046000,171538052000001,-4.803,-1.2,-34.051,0
1398294589807,41859137086000,171538052000001,-4.803,-1.2,-34.051,0
1398294589817,41859147065000,171538052000001,-4.803,-1.2,-34.051,0
1398294589828,41859157075000,171538052000001,-4.803,-1.2,-34.051,0
1398294589837,41859167146000,171538052000001,-4.803,-1.2,-34.051,0
1398294589847,41859177095000,171538052000001,-5.122,-1.2,-34.051,0
1398294589858,41859187104000,171538052000001,-5.122,-1.2,-34.051,0
1398294589867,41859197114000,171538052000001,-5.122,-1.2,-34.051,0
1398294589878,41859207154000,171538052000001,-5.122,-1.2,-34.051,0
1398294589888,41859217225000,171538052000001,-5.122,-1.2,-34.051,0
1398294589898,41859227235000,171538052000001,-5.458,-1.2,-34.051,0
1398294589909,41859237184000,171538052000001,-5.458,-1.2,-34.051,0
1398294589919,41859248719000,171538052000001,-5.458,-1.2,-34.051,0
1398294589927,41859257203000,171538052000001,-5.458,-1.2,-34.051,0
1398294589941,41859267213000,171538052000001,-5.458,-1.2,-34.051,0
1398294589953,41859277192000,171538052000001,-5.458,-1.2,-34.051,0
1398294589960,41859287232000,171538052000001,-5.458,-1.2,-34.051,0
1398294589967,41859297242000,171538052000001,-5.793,-1.2,-33.715,0
1398294589977,41859307252000,171538052000001,-5.793,-1.2,-33.715,0
1398294589987,41859317231000,171538052000001,-5.793,-1.2,-33.715,0
1398294589997,41859327241000,171538052000001,-5.793,-1.2,-33.715,0
1398294590007,41859337281000,171538052000001,-5.793,-1.2,-33.715,0
1398294590017,41859347261000,171538052000001,-5.793,-1.512,-33.715,0
1398294590028,41859357301000,171538052000001,-5.793,-1.512,-33.715,0
1398294590037,41859367311000,171538052000001,-5.793,-1.512,-33.715,0
1398294590049,41859377320000,171538052000001,-5.793,-1.512,-33.715,0
1398294590060,41859387300000,171538052000001,-5.793,-1.512,-33.715,0
1398294590067,41859397340000,171538052000001,-5.793,-1.512,-33.715,0
1398294590077,41859407350000,171538052000001,-5.793,-1.512,-33.715,0
1398294590087,41859417329000,171538052000001,-5.793,-1.512,-33.715,0
1398294590100,41859428895000,171538052000001,-5.793,-1.512,-33.715,0
1398294590107,41859437379000,171538052000001,-5.793,-1.512,-33.715,0
1398294590117,41859447358000,171538052000001,-5.793,-1.512,-33.715,0
1398294590133,41859457368000,171538052000001,-5.793,-1.512,-33.715,0
1398294590137,41859467439000,171538052000001,-5.793,-1.512,-33.715,0
1398294590147,41859477387000,171538052000001,-5.793,-1.512,-33.715,0
1398294590158,41859487397000,171538052000001,-5.793,-1.512,-33.715,0
1398294590168,41859497438000,171538052000001,-5.793,-1.512,-33.715,0
1398294590177,41859507417000,171538052000001,-5.793,-1.512,-33.715,0
1398294590188,41859517427000,171538052000001,-6.114,-1.512,-33.415,0
1398294590198,41859527436000,171538052000001,-6.114,-1.512,-33.415,0
1398294590208,41859537446000,171538052000001,-6.114,-1.512,-33.415,0
1398294590217,41859547486000,171538052000001,-6.114,-1.512,-33.415,0
1398294590227,41859557466000,171538052000001,-6.114,-1.512,-33.415,0
1398294590237,41859567475000,171538052000001,-6.503,-1.512,-33.415,0
1398294590247,41859577485000,171538052000001,-6.503,-1.512,-33.415,0
1398294590258,41859587495000,171538052000001,-6.503,-1.512,-33.415,0
1398294590267,41859597505000,171538052000001,-6.503,-1.512,-33.415,0
1398294590279,41859609101000,171538052000001,-6.843,-1.512,-33.415,0
1398294590287,41859617555000,171538052000001,-6.843,-1.512,-33.415,0
1398294590297,41859627534000,171538052000001,-6.843,-1.512,-33.415,0
1398294590308,41859637513000,171538052000001,-6.843,-1.512,-33.415,0
1398294590318,41859647553000,171538052000001,-6.843,-1.512,-33.415,0
1398294590328,41859657563000,171538052000001,-7.218,-1.512,-33.415,0
1398294590338,41859667573000,171538052000001,-7.218,-1.512,-33.415,0
1398294590348,41859677583000,171538052000001,-7.218,-1.512,-33.415,0
1398294590360,41859687623000,171538052000001,-7.218,-1.512,-33.415,0
1398294590368,41859697633000,171538052000001,-7.218,-1.512,-33.415,0
1398294590378,41859707643000,171538052000001,-7.543,-1.512,-33.415,0
1398294590388,41859717622000,171538052000001,-7.543,-1.182,-33.415,0
1398294590398,41859727632000,171538052000001,-7.543,-1.182,-33.415,0
1398294590408,41859738130000,171538052000001,-7.543,-1.182,-33.415,0
1398294590418,41859747651000,171538052000001,-7.543,-1.182,-33.415,0
1398294590428,41859757661000,171538052000001,-7.543,-1.182,-33.415,0
1398294590438,41859767701000,171538052000001,-7.543,-0.825,-33.415,0
1398294590448,41859777741000,171538052000001,-7.543,-0.825,-33.415,0
1398294590459,41859789247000,171538052000001,-7.543,-0.825,-33.415,0
1398294590468,41859797792000,171538052000001,-7.543,-0.825,-33.415,0
1398294590478,41859807771000,171538052000001,-7.543,-0.424,-33.415,0
1398294590488,41859817781000,171538052000001,-7.543,-0.424,-33.415,0
1398294590498,41859827790000,171538052000001,-7.543,-0.424,-33.728,0
1398294590508,41859837800000,171538052000001,-7.543,-0.097,-33.728,0
1398294590518,41859847810000,171538052000001,-7.212,-0.097,-33.728,0
1398294590528,41859857820000,171538052000001,-7.212,-0.097,-33.728,0
1398294590538,41859867829000,171538052000001,-7.212,0.236,-33.728,0
1398294590548,41859877992000,171538052000001,-7.212,0.236,-33.728,0
1398294590558,41859887788000,171538052000001,-7.212,0.236,-33.728,0
1398294590568,41859897798000,171538052000001,-7.212,0.236,-33.728,0
1398294590578,41859907807000,171538052000001,-6.811,0.236,-33.728,0
1398294590588,41859917817000,171538052000001,-6.811,0.59,-33.728,0
1398294590598,41859927827000,171538052000001,-6.811,0.59,-33.728,0
1398294590608,41859937837000,171538052000001,-6.811,0.59,-33.728,0
1398294590618,41859947846000,171538052000001,-6.811,0.59,-33.728,0
1398294590628,41859957856000,171538052000001,-6.811,0.59,-33.728,0
1398294590639,41859969422000,171538052000001,-6.811,0.59,-33.728,0
1398294590648,41859977906000,171538052000001,-6.509,0.59,-33.728,0
1398294590658,41859987886000,171538052000001,-6.509,0.917,-33.728,0
1398294590668,41859997895000,171538052000001,-6.509,0.917,-33.728,0
1398294590678,41860007905000,171538052000001,-6.509,0.917,-33.728,0
1398294590688,41860017915000,171538052000001,-6.509,0.917,-33.728,0
1398294590698,41860027925000,171538052000001,-6.509,0.917,-33.728,0
1398294590713,41860037934000,171538052000001,-6.509,0.917,-33.728,0
1398294590718,41860047944000,171538052000001,-6.842,0.917,-33.728,0
1398294590728,41860057954000,171538052000001,-6.842,0.917,-33.728,0
1398294590738,41860067964000,171538052000001,-6.842,0.917,-33.728,0
1398294590748,41860077973000,171538052000001,-6.842,1.239,-33.728,0
1398294590758,41860087983000,171538052000001,-6.842,1.239,-33.728,0
1398294590768,41860097993000,171538052000001,-7.148,1.239,-33.728,0
1398294590778,41860108003000,171538052000001,-7.148,1.239,-33.728,0
1398294590788,41860118012000,171538052000001,-7.148,1.239,-33.728,0
1398294590798,41860128022000,171538052000001,-7.148,1.239,-33.728,0
1398294590808,41860138032000,171538052000001,-7.148,1.239,-33.728,0
1398294590823,41860151795000,171538052000001,-7.148,1.239,-33.728,0
1398294590831,41860160585000,171538052000001,-7.148,1.239,-33.728,0
1398294590845,41860174653000,171538052000001,-7.148,1.239,-33.728,0
1398294590849,41860178559000,171538052000001,-7.148,1.239,-33.728,0
1398294590864,41860193727000,171538052000001,-7.148,1.239,-33.728,0
1398294590870,41860199433000,171538052000001,-7.148,1.239,-33.728,0
1398294590878,41860208161000,171538052000001,-7.148,1.239,-33.728,0
1398294590890,41860218141000,171538052000001,-7.148,1.239,-33.728,0
1398294590898,41860228181000,171538052000001,-7.148,1.239,-33.728,0
1398294590908,41860238160000,171538052000001,-7.148,1.239,-33.728,0
1398294590918,41860248200000,171538052000001,-7.148,1.239,-33.728,0
1398294590928,41860258180000,171538052000001,-7.148,1.239,-33.728,0
1398294590938,41860268189000,171538052000001,-7.148,1.239,-33.728,0
1398294590948,41860278199000,171538052000001,-7.148,1.239,-33.728,0
1398294590958,41860288209000,171538052000001,-7.148,1.239,-33.728,0
1398294590968,41860298219000,171538052000001,-7.148,1.239,-33.728,0
1398294590984,41860313752000,171538052000001,-7.148,1.239,-33.728,0
1398294590991,41860320558000,171538052000001,-7.148,1.239,-33.728,0
1398294591005,41860334931000,171538052000001,-7.148,1.239,-33.728,0
1398294591010,41860339967000,171538052000001,-7.148,1.239,-33.728,0
1398294591030,41860359223000,171538052000001,-7.148,1.239,-33.728,0
1398294591033,41860362824000,171538052000001,-7.148,1.239,-33.728,0
1398294591041,41860370576000,171538052000001,-7.148,1.239,-33.728,0
1398294591054,41860384095000,171538052000001,-7.148,1.239,-33.728,0
1398294591060,41860389741000,171538052000001,-7.148,1.239,-33.728,0
1398294591075,41860404756000,171538052000001,-7.148,1.239,-33.728,0
1398294591079,41860408814000,171538052000001,-7.148,1.239,-33.728,0
1398294591095,41860424623000,171538052000001,-7.148,1.239,-33.728,0
1398294591100,41860429536000,171538052000001,-7.148,1.239,-33.728,0
1398294591116,41860445619000,171538052000001,-7.148,1.239,-33.728,0
1398294591119,41860448762000,171538052000001,-7.148,1.239,-33.728,0
1398294591135,41860465150000,171538052000001,-7.148,1.239,-33.728,0
1398294591139,41860468843000,171538052000001,-7.148,1.239,-33.728,0
1398294591155,41860485261000,171538052000001,-7.148,1.239,-33.728,0
1398294591159,41860488954000,171538052000001,-7.148,1.239,-33.728,0
1398294591175,41860505128000,171538052000001,-7.148,1.239,-33.728,0
1398294591181,41860510896000,171538052000001,-7.148,1.239,-33.728,0
1398294591195,41860525086000,171538052000001,-7.148,1.239,-33.728,0
1398294591200,41860529908000,171538052000001,-7.148,1.239,-33.728,0
1398294591215,41860544740000,171538052000001,-7.148,1.239,-33.728,0
1398294591221,41860550691000,171538052000001,-7.148,1.239,-33.728,0
1398294591235,41860564912000,171538052000001,-7.148,1.239,-33.728,0
1398294591240,41860570039000,171538052000001,-7.148,1.239,-33.728,0
1398294591255,41860584718000,171538052000001,-7.148,1.239,-33.728,0
1398294591259,41860589387000,171538052000001,-7.148,1.239,-33.728,0
1398294591275,41860604829000,171538052000001,-7.148,1.239,-33.728,0
1398294591281,41860610749000,171538052000001,-7.148,1.239,-33.728,0
1398294591295,41860625062000,171538052000001,-7.148,1.239,-33.728,0
1398294591300,41860630128000,171538052000001,-7.148,1.239,-33.728,0
1398294591315,41860644837000,171538052000001,-7.148,1.239,-33.728,0
1398294591321,41860650880000,171538052000001,-7.148,1.239,-33.728,0
1398294591333,41860662599000,171538052000001,-7.148,1.239,-33.728,0
1398294591341,41860670564000,171538052000001,-7.148,1.239,-33.728,0
1398294591350,41860679780000,171538052000001,-6.848,1.239,-33.728,0
1398294591365,41860694459000,171538052000001,-6.848,1.239,-33.728,0
1398294591369,41860699098000,171538052000001,-6.848,1.239,-33.728,0
1398294591379,41860708650000,171538052000001,-6.848,1.239,-33.728,0
1398294591389,41860718659000,171538052000001,-6.848,1.239,-33.728,0
1398294591400,41860729737000,171538052000001,-6.848,1.239,-33.728,0
1398294591409,41860738832000,171538052000001,-6.848,1.239,-33.728,0
1398294591419,41860748658000,171538052000001,-6.848,1.239,-33.728,0
1398294591429,41860758668000,171538052000001,-6.848,0.926,-33.728,0
1398294591439,41860768678000,171538052000001,-6.848,0.926,-33.728,0
1398294591449,41860778688000,171538052000001,-6.848,0.926,-33.728,0
1398294591459,41860788697000,171538052000001,-6.848,0.926,-33.728,0
1398294591469,41860798707000,171538052000001,-6.848,0.926,-33.728,0
1398294591485,41860815003000,171538052000001,-6.848,0.926,-33.728,0
1398294591490,41860820314000,171538052000001,-6.848,0.926,-33.728,0
1398294591505,41860835206000,171538052000001,-6.848,0.926,-33.728,0
1398294591511,41860840760000,171538052000001,-6.848,0.926,-33.728,0
1398294591525,41860855073000,171538052000001,-6.848,0.926,-33.728,0
1398294591531,41860861054000,171538052000001,-6.848,0.926,-33.728,0
1398294591570,41860876618000,171538052000001,-6.848,0.926,-33.728,0
1398294591571,41860879731000,171538052000001,-6.848,0.926,-33.728,0
1398294591573,41860891023000,171538052000001,-6.848,0.926,-33.728,0
1398294591574,41860899293000,171538052000001,-6.848,0.926,-33.728,0
1398294591581,41860910554000,171538052000001,-6.848,0.926,-33.728,0
1398294591591,41860920899000,171538052000001,-6.848,0.926,-33.728,0
1398294591606,41860935426000,171538052000001,-6.848,0.926,-33.728,0
1398294591609,41860939302000,171538052000001,-6.848,0.926,-33.728,0
1398294591632,41860961488000,171538052000001,-6.848,0.926,-33.728,0
1398294591634,41860963258000,171538052000001,-6.848,0.926,-33.728,0
1398294591641,41860969209000,171538052000001,-6.848,0.926,-33.728,0
1398294591661,41860983247000,171538052000001,-6.848,0.926,-33.728,0
1398294591663,41860988954000,171538052000001,-6.848,0.926,-33.728,0
1398294591677,41861000337000,171538052000001,-6.848,0.926,-33.728,0
1398294591680,41861008943000,171538052000001,-6.848,0.926,-33.728,0
1398294591696,41861018922000,171538052000001,-6.848,0.926,-33.728,0
1398294591708,41861028932000,171538052000001,-6.848,0.926,-33.728,0
1398294591712,41861039674000,171538052000001,-6.848,0.926,-33.728,0
1398294591723,41861051454000,171538052000001,-6.848,0.926,-33.728,0
1398294591730,41861059480000,171538052000001,-6.848,0.926,-33.728,0
1398294591744,41861069001000,171538052000001,-6.848,0.926,-34.045,0
1398294591754,41861079011000,171538052000001,-6.848,0.926,-34.045,0
1398294591762,41861089021000,171538052000001,-6.848,0.926,-34.045,0
1398294591771,41861099000000,171538052000001,-6.848,0.926,-34.045,0
1398294591779,41861109010000,171538052000001,-6.848,0.926,-34.045,0
1398294591789,41861118989000,171538052000001,-6.848,0.926,-34.045,0
1398294591799,41861128999000,171538052000001,-6.848,0.926,-34.045,0
1398294591809,41861139039000,171538052000001,-6.848,0.926,-34.045,0
1398294591823,41861149018000,171538052000001,-6.848,0.926,-34.045,0
1398294591829,41861159059000,171538052000001,-6.848,0.926,-34.045,0
1398294591839,41861169068000,171538052000001,-6.848,0.926,-34.045,0
1398294591849,41861179078000,171538052000001,-6.848,0.926,-34.045,0
1398294591859,41861189057000,171538052000001,-6.848,0.926,-34.045,0
1398294591869,41861199067000,171538052000001,-6.848,0.926,-34.045,0
1398294591879,41861209077000,171538052000001,-6.848,0.926,-34.045,0
1398294591889,41861219117000,171538052000001,-6.848,0.926,-34.045,0
1398294591900,41861230653000,171538052000001,-6.848,0.926,-34.045,0
1398294591909,41861239167000,171538052000001,-6.848,0.926,-34.045,0
1398294591919,41861249116000,171538052000001,-6.848,0.926,-34.045,0
1398294591929,41861259156000,171538052000001,-6.848,0.926,-34.045,0
1398294591939,41861269105000,171538052000001,-6.848,0.926,-34.045,0
1398294591949,41861279115000,171538052000001,-6.848,0.926,-34.045,0
1398294591959,41861289155000,171538052000001,-6.848,0.926,-34.045,0
1398294591969,41861299165000,171538052000001,-6.848,0.926,-34.045,0
1398294591979,41861309144000,171538052000001,-6.848,0.926,-34.045,0
1398294591989,41861319154000,171538052000001,-6.848,0.926,-34.045,0
1398294591999,41861329194000,171538052000001,-6.848,0.926,-34.045,0
1398294592009,41861339204000,171538052000001,-6.848,0.926,-34.045,0
1398294592019,41861349183000,171538052000001,-6.848,0.926,-34.045,0
1398294592029,41861359193000,171538052000001,-6.848,0.926,-34.045,0
1398294592039,41861369233000,171538052000001,-6.848,0.926,-34.045,0
1398294592049,41861379212000,171538052000001,-6.848,0.926,-34.045,0
1398294592059,41861389253000,171538052000001,-6.848,0.926,-34.045,0
1398294592069,41861399262000,171538052000001,-6.848,0.926,-34.045,0
1398294592081,41861410829000,171538052000001,-6.848,0.926,-34.045,0
1398294592089,41861419313000,171538052000001,-6.848,0.926,-34.045,0
1398294592099,41861429292000,171538052000001,-6.848,0.926,-34.045,0
1398294592109,41861439302000,171538052000001,-6.848,0.926,-34.045,0
1398294592119,41861449311000,171538052000001,-6.848,0.926,-34.045,0
1398294592129,41861459321000,171538052000001,-6.848,0.926,-33.7,0
1398294592139,41861469331000,171538052000001,-6.848,0.926,-33.7,0
1398294592149,41861479341000,171538052000001,-6.848,0.926,-33.7,0
1398294592159,41861489350000,171538052000001,-6.848,0.926,-33.7,0
1398294592169,41861499360000,171538052000001,-6.848,0.926,-33.7,0
1398294592179,41861509370000,171538052000001,-6.848,0.926,-33.7,0
1398294592189,41861519380000,171538052000001,-6.848,0.926,-33.7,0
1398294592199,41861529420000,171538052000001,-6.848,0.926,-33.7,0
1398294592210,41861539399000,171538052000001,-6.848,0.926,-33.7,0
1398294592220,41861549409000,171538052000001,-6.848,0.926,-33.7,0
1398294592229,41861559419000,171538052000001,-6.848,0.926,-33.7,0
1398294592239,41861569428000,171538052000001,-6.848,0.926,-33.7,0
1398294592253,41861581391000,171538052000001,-6.848,0.926,-33.7,0
1398294592261,41861590974000,171538052000001,-6.848,0.926,-33.7,0
1398294592272,41861599488000,171538052000001,-6.848,0.926,-33.7,0
1398294592280,41861609620000,171538052000001,-6.848,0.926,-33.7,0
1398294592290,41861619508000,171538052000001,-6.848,0.926,-33.7,0
1398294592300,41861629518000,171538052000001,-6.848,0.926,-33.7,0
1398294592313,41861639619000,171538052000001,-6.848,0.926,-33.7,0
1398294592321,41861649507000,171538052000001,-6.848,0.926,-33.7,0
1398294592329,41861659516000,171538052000001,-6.848,0.926,-33.7,0
1398294592339,41861669526000,171538052000001,-6.848,0.926,-33.7,0
1398294592349,41861679505000,171538052000001,-6.848,0.926,-33.7,0
1398294592360,41861689515000,171538052000001,-6.848,0.926,-33.7,0
1398294592369,41861699525000,171538052000001,-6.848,0.926,-33.7,0
1398294592379,41861709535000,171538052000001,-6.848,0.926,-33.7,0
1398294592390,41861719575000,171538052000001,-6.848,0.926,-33.7,0
1398294592399,41861729554000,171538052000001,-6.848,0.926,-33.7,0
1398294592410,41861739564000,171538052000001,-6.848,0.926,-33.7,0
1398294592421,41861749574000,171538052000001,-6.848,0.926,-33.7,0
1398294592430,41861759614000,171538052000001,-6.848,0.926,-33.7,0
1398294592441,41861771150000,171538052000001,-6.848,0.926,-33.7,0
1398294592450,41861779664000,171538052000001,-6.848,0.619,-33.7,0
1398294592460,41861789643000,171538052000001,-6.848,0.619,-33.7,0
1398294592470,41861799653000,171538052000001,-6.848,0.619,-33.7,0
1398294592479,41861809663000,171538052000001,-6.529,0.619,-33.7,0
1398294592490,41861819673000,171538052000001,-6.529,0.619,-33.7,0
1398294592500,41861829682000,171538052000001,-6.529,0.619,-33.7,0
1398294592510,41861839692000,171538052000001,-6.529,0.619,-33.7,0
1398294592520,41861849702000,171538052000001,-6.529,0.619,-33.7,0
1398294592530,41861859712000,171538052000001,-6.529,0.619,-33.7,0
1398294592540,41861869721000,171538052000001,-6.529,0.619,-33.7,0
1398294592550,41861879731000,171538052000001,-6.529,0.619,-33.7,0
1398294592560,41861889710000,171538052000001,-6.529,0.619,-33.7,0
1398294592570,41861899751000,171538052000001,-6.529,0.619,-33.7,0
1398294592580,41861909761000,171538052000001,-6.529,0.619,-33.7,0
1398294592590,41861919740000,171538052000001,-6.529,0.317,-33.7,0
1398294592600,41861929750000,171538052000001,-6.529,0.317,-33.7,0
1398294592610,41861939790000,171538052000001,-6.529,0.317,-33.7,0
1398294592621,41861951356000,171538052000001,-6.529,0.317,-33.7,0
1398294592630,41861959840000,171538052000001,-6.529,0.317,-33.7,0
1398294592640,41861969819000,171538052000001,-6.529,0.317,-33.7,0
1398294592650,41861979890000,171538052000001,-6.529,0.317,-33.7,0
1398294592668,41861989900000,171538052000001,-6.529,0.317,-33.7,0
1398294592670,41861999848000,171538052000001,-6.529,0.317,-33.7,0
1398294592680,41862009858000,171538052000001,-6.529,0.317,-33.7,0
1398294592690,41862019837000,171538052000001,-6.529,0.317,-33.7,0
1398294592701,41862029908000,171538052000001,-6.529,0.317,-33.7,0
1398294592710,41862040101000,171538052000001,-6.529,0.317,-33.7,0
1398294592720,41862049928000,171538052000001,-6.529,0.317,-33.7,0
1398294592730,41862059907000,171538052000001,-6.529,0.317,-33.7,0
1398294592740,41862069978000,171538052000001,-6.529,0.317,-33.7,0
1398294592754,41862079957000,171538052000001,-6.832,0.317,-33.7,0
1398294592760,41862089967000,171538052000001,-6.832,0.317,-33.7,0
1398294592770,41862099977000,171538052000001,-6.832,0.317,-33.7,0
1398294592780,41862109956000,171538052000001,-6.832,0.317,-33.7,0
1398294592790,41862119966000,171538052000001,-6.832,0.317,-33.7,0
1398294592801,41862131532000,171538052000001,-6.832,0.317,-33.7,0
1398294592810,41862140046000,171538052000001,-6.832,0.317,-33.7,0
1398294592821,41862150086000,171538052000001,-6.832,0.317,-33.7,0
1398294592830,41862160066000,171538052000001,-6.832,0.016,-33.7,0
1398294592840,41862170045000,171538052000001,-6.832,0.016,-33.7,0
1398294592850,41862180055000,171538052000001,-6.832,0.016,-33.7,0
1398294592861,41862190797000,171538052000001,-6.832,0.016,-33.396,0
1398294592870,41862200013000,171538052000001,-6.832,0.016,-33.396,0
1398294592880,41862210053000,171538052000001,-6.832,0.016,-33.396,0
1398294592890,41862220033000,171538052000001,-6.832,0.016,-33.396,0
1398294592901,41862230073000,171538052000001,-7.145,0.016,-33.396,0
1398294592911,41862240083000,171538052000001,-7.145,0.016,-33.396,0
1398294592963,41862250062000,171538052000001,-7.145,0.016,-33.396,0
1398294592964,41862260072000,171538052000001,-7.145,0.016,-33.396,0
1398294592966,41862270082000,171538052000001,-7.145,-0.292,-33.396,0
1398294592967,41862280091000,171538052000001,-7.145,-0.292,-33.396,0
1398294592969,41862290101000,171538052000001,-7.145,-0.292,-33.396,0
1398294592971,41862300141000,171538052000001,-6.788,-0.292,-33.396,0
1398294592981,41862311677000,171538052000001,-6.788,-0.292,-33.396,0
1398294592990,41862320191000,171538052000001,-6.788,-0.292,-33.396,0
1398294593000,41862330140000,171538052000001,-6.788,-0.66,-33.396,0
1398294593010,41862340150000,171538052000001,-6.788,-0.66,-33.396,0
1398294593020,41862350190000,171538052000001,-6.439,-0.66,-33.396,0
1398294593030,41862360169000,171538052000001,-6.439,-0.66,-33.396,0
1398294593064,41862370179000,171538052000001,-6.439,-0.66,-33.396,0
1398294593122,41862380189000,171538052000001,-6.439,-1.007,-33.396,0
1398294593124,41862390199000,171538052000001,-6.112,-1.007,-33.396,0
1398294593125,41862400209000,171538052000001,-6.112,-1.007,-33.396,0
1398294593127,41862410249000,171538052000001,-6.112,-1.007,-33.396,0
1398294593130,41862420228000,171538052000001,-6.112,-1.354,-33.396,0
1398294593131,41862430207000,171538052000001,-6.112,-1.354,-33.396,0
1398294593133,41862440248000,171538052000001,-5.778,-1.354,-33.396,0
1398294593134,41862450257000,171538052000001,-5.778,-1.354,-33.396,0
1398294593135,41862460267000,171538052000001,-5.778,-1.679,-33.396,0
1398294593143,41862470460000,171538052000001,-5.778,-1.679,-33.396,0
1398294593152,41862480287000,171538052000001,-5.778,-1.679,-33.396,0
1398294593162,41862491883000,171538052000001,-5.778,-1.679,-33.396,0
1398294593175,41862504182000,171538052000001,-5.778,-1.679,-33.396,0
1398294593180,41862510316000,171538052000001,-5.778,-1.679,-33.396,0
1398294593192,41862520356000,171538052000001,-5.778,-1.989,-33.396,0
1398294593204,41862530366000,171538052000001,-5.778,-1.989,-33.396,0
1398294593210,41862540376000,171538052000001,-5.778,-1.989,-33.396,0
1398294593220,41862550386000,171538052000001,-5.778,-1.989,-33.396,0
1398294593230,41862560395000,171538052000001,-5.778,-1.989,-33.396,0
1398294593240,41862570405000,171538052000001,-5.441,-1.989,-33.396,0
1398294593250,41862580415000,171538052000001,-5.441,-1.989,-33.396,0
1398294593260,41862590425000,171538052000001,-5.441,-1.989,-33.396,0
1398294593271,41862600465000,171538052000001,-5.441,-1.989,-33.396,0
1398294593280,41862610475000,171538052000001,-5.441,-1.989,-33.396,0
1398294593290,41862620484000,171538052000001,-5.441,-1.989,-33.396,0
1398294593301,41862630525000,171538052000001,-5.078,-1.989,-33.396,0
1398294593312,41862640504000,171538052000001,-5.078,-1.989,-33.396,0
1398294593322,41862650514000,171538052000001,-5.078,-1.989,-33.396,0
1398294593330,41862660493000,171538052000001,-5.078,-1.989,-33.396,0
1398294593342,41862672059000,171538052000001,-5.078,-1.989,-33.396,0
1398294593351,41862680574000,171538052000001,-5.078,-1.989,-33.396,0
1398294593361,41862690553000,171538052000001,-5.078,-1.989,-33.396,0
1398294593371,41862700563000,171538052000001,-4.757,-1.989,-33.396,0
1398294593381,41862710542000,171538052000001,-4.757,-1.989,-33.396,0
1398294593391,41862720552000,171538052000001,-4.757,-1.989,-33.396,0
1398294593401,41862730561000,171538052000001,-4.757,-1.989,-33.396,0
1398294593410,41862740602000,171538052000001,-4.757,-1.989,-33.396,0
1398294593426,41862750611000,171538052000001,-4.757,-1.989,-33.396,0
1398294593430,41862760621000,171538052000001,-4.757,-1.989,-33.396,0
1398294593441,41862770631000,171538052000001,-4.757,-1.989,-33.396,0
1398294593451,41862780610000,171538052000001,-4.757,-1.989,-33.396,0
1398294593461,41862790620000,171538052000001,-4.757,-1.989,-33.396,0
1398294593470,41862800630000,171538052000001,-4.757,-1.989,-33.396,0
1398294593485,41862814820000,171538052000001,-4.757,-1.989,-33.396,0
1398294593490,41862820619000,171538052000001,-4.757,-1.989,-33.396,0
1398294593501,41862830628000,171538052000001,-4.757,-1.989,-33.396,0
1398294593511,41862840669000,171538052000001,-5.081,-1.989,-33.396,0
1398294593522,41862852204000,171538052000001,-5.081,-1.644,-33.396,0
1398294593531,41862860688000,171538052000001,-5.081,-1.644,-33.396,0
1398294593541,41862870790000,171538052000001,-5.081,-1.644,-33.396,0
1398294593551,41862880677000,171538052000001,-5.081,-1.644,-33.396,0
1398294593561,41862890687000,171538052000001,-5.081,-1.644,-33.396,0
1398294593571,41862900880000,171538052000001,-5.409,-1.324,-33.396,0
1398294593581,41862910707000,171538052000001,-5.409,-1.324,-33.396,0
1398294593591,41862920716000,171538052000001,-5.409,-1.324,-33.396,0
1398294593601,41862930726000,171538052000001,-5.409,-1.324,-33.396,0
1398294593611,41862940736000,171538052000001,-5.409,-1.324,-33.396,0
1398294593621,41862950746000,171538052000001,-5.409,-1.324,-33.396,0
1398294593631,41862960755000,171538052000001,-5.409,-1.324,-33.396,0
1398294593641,41862970765000,171538052000001,-5.409,-1.324,-33.396,0
1398294593651,41862980775000,171538052000001,-5.409,-1.324,-33.396,0
1398294593661,41862990785000,171538052000001,-5.409,-1.324,-33.396,0
1398294593671,41863000825000,171538052000001,-5.409,-1.324,-33.396,0
1398294593681,41863010804000,171538052000001,-5.409,-1.324,-33.396,0
1398294593691,41863020814000,171538052000001,-5.409,-1.324,-33.396,0
1398294593703,41863032380000,171538052000001,-5.409,-1.324,-33.396,0
1398294593711,41863040864000,171538052000001,-5.409,-1.324,-33.396,0
1398294593722,41863050843000,171538052000001,-5.409,-1.324,-33.396,0
1398294593733,41863060853000,171538052000001,-5.409,-1.324,-33.396,0
1398294593741,41863070924000,171538052000001,-5.409,-1.324,-33.396,0
1398294593751,41863080934000,171538052000001,-5.409,-1.324,-33.396,0
1398294593762,41863090943000,171538052000001,-5.409,-1.324,-33.396,0
1398294593772,41863100953000,171538052000001,-5.409,-1.324,-33.396,0
1398294593792,41863115663000,171538052000001,-5.409,-1.324,-33.709,0
1398294593794,41863121003000,171538052000001,-5.409,-1.324,-33.709,0
1398294593801,41863130921000,171538052000001,-5.409,-1.324,-33.709,0
1398294593811,41863140931000,171538052000001,-5.409,-1.324,-33.709,0
1398294593821,41863150941000,171538052000001,-5.732,-1.324,-33.709,0
1398294593831,41863160951000,171538052000001,-5.732,-1.324,-33.709,0
1398294593841,41863170960000,171538052000001,-5.732,-1.324,-33.709,0
1398294593851,41863180970000,171538052000001,-5.732,-1.324,-33.709,0
1398294593861,41863190980000,171538052000001,-5.732,-1.324,-33.709,0
1398294593871,41863200990000,171538052000001,-5.732,-1.324,-33.709,0
1398294593883,41863212556000,171538052000001,-5.732,-1.324,-33.709,0
1398294593891,41863221040000,171538052000001,-5.732,-1.324,-33.709,0
1398294593901,41863231019000,171538052000001,-5.732,-1.324,-33.709,0
1398294593911,41863241029000,171538052000001,-5.732,-1.324,-33.709,0
1398294593921,41863251039000,171538052000001,-5.732,-1.324,-33.709,0
1398294593931,41863261048000,171538052000001,-5.732,-1.324,-33.709,0
1398294593941,41863271058000,171538052000001,-5.732,-1.324,-33.709,0
1398294593951,41863281068000,171538052000001,-5.732,-1.324,-33.709,0
1398294593961,41863291078000,171538052000001,-5.732,-1.324,-33.709,0
1398294593971,41863301087000,171538052000001,-5.732,-1.324,-33.709,0
1398294593983,41863311097000,171538052000001,-6.079,-1.324,-33.709,0
1398294593991,41863321107000,171538052000001,-6.079,-1.324,-33.709,0
1398294594003,41863331300000,171538052000001,-6.079,-1.324,-33.709,0
1398294594011,41863341126000,171538052000001,-6.079,-0.984,-33.709,0
1398294594021,41863351136000,171538052000001,-6.079,-0.984,-33.709,0
1398294594033,41863361146000,171538052000001,-6.079,-0.984,-33.709,0
1398294594043,41863371186000,171538052000001,-6.079,-0.984,-33.709,0
1398294594051,41863381166000,171538052000001,-6.079,-0.984,-33.709,0
1398294594064,41863392732000,171538052000001,-6.079,-0.984,-33.378,0
1398294594071,41863401246000,171538052000001,-6.401,-0.984,-33.378,0
1398294594081,41863411195000,171538052000001,-6.401,-0.984,-33.378,0
1398294594094,41863424317000,171538052000001,-6.401,-0.984,-33.378,0
1398294594101,41863431214000,171538052000001,-6.401,-0.984,-33.378,0
1398294594111,41863441224000,171538052000001,-6.401,-0.984,-33.378,0
1398294594121,41863451234000,171538052000001,-6.401,-0.984,-33.378,0
1398294594131,41863461244000,171538052000001,-6.401,-0.984,-33.378,0
1398294594141,41863471253000,171538052000001,-6.401,-0.984,-33.378,0
1398294594152,41863481263000,171538052000001,-6.401,-0.984,-33.378,0
1398294594161,41863491242000,171538052000001,-6.401,-0.984,-33.378,0
1398294594171,41863501283000,171538052000001,-6.401,-0.984,-33.378,0
1398294594182,41863511262000,171538052000001,-6.401,-0.984,-33.378,0
1398294594192,41863521272000,171538052000001,-6.401,-0.984,-33.378,0
1398294594202,41863531282000,171538052000001,-6.401,-0.984,-33.378,0
1398294594212,41863541322000,171538052000001,-6.401,-0.984,-33.378,0
1398294594222,41863551332000,171538052000001,-6.401,-0.984,-33.378,0
1398294594233,41863561372000,171538052000001,-6.401,-0.984,-33.378,0
1398294594243,41863572908000,171538052000001,-6.401,-0.984,-33.378,0
1398294594253,41863581422000,171538052000001,-6.401,-0.984,-33.378,0
1398294594262,41863591371000,171538052000001,-6.401,-0.984,-33.378,0
1398294594272,41863601411000,171538052000001,-6.401,-0.984,-33.378,0
1398294594282,41863611390000,171538052000001,-6.401,-0.984,-33.378,0
1398294594292,41863621400000,171538052000001,-6.401,-0.984,-33.378,0
1398294594301,41863631410000,171538052000001,-6.401,-0.984,-33.378,0
1398294594311,41863641419000,171538052000001,-6.401,-0.984,-33.378,0
1398294594322,41863651429000,171538052000001,-6.401,-0.984,-33.378,0
1398294594331,41863661439000,171538052000001,-6.401,-0.984,-33.378,0
1398294594344,41863671418000,171538052000001,-6.401,-0.984,-33.378,0
1398294594357,41863681672000,171538052000001,-6.401,-0.984,-33.378,0
1398294594362,41863691529000,171538052000001,-6.735,-0.984,-33.378,0
1398294594373,41863701478000,171538052000001,-6.735,-0.984,-33.378,0
1398294594382,41863711488000,171538052000001,-6.735,-0.984,-33.378,0
1398294594392,41863721528000,171538052000001,-6.735,-0.984,-33.378,0
1398294594402,41863731538000,171538052000001,-6.735,-0.984,-33.378,0
1398294594411,41863741517000,171538052000001,-6.735,-0.984,-33.378,0
1398294594423,41863753053000,171538052000001,-6.735,-1.298,-33.378,0
1398294594431,41863761537000,171538052000001,-6.735,-1.298,-33.378,0
1398294594441,41863771516000,171538052000001,-6.735,-1.298,-33.378,0
1398294594452,41863781556000,171538052000001,-6.735,-1.298,-33.378,0
1398294594461,41863791566000,171538052000001,-6.735,-1.298,-33.378,0
1398294594471,41863801576000,171538052000001,-6.735,-1.298,-33.378,0
1398294594481,41863811555000,171538052000001,-6.735,-1.298,-33.378,0
1398294594492,41863821595000,171538052000001,-6.735,-1.298,-33.378,0
1398294594502,41863831605000,171538052000001,-6.355,-1.298,-33.378,0
1398294594513,41863841615000,171538052000001,-6.355,-1.298,-33.378,0
1398294594522,41863851625000,171538052000001,-6.355,-1.298,-33.378,0
1398294594532,41863861634000,171538052000001,-6.355,-1.298,-33.378,0
1398294594541,41863871614000,171538052000001,-6.355,-1.298,-33.378,0
1398294594551,41863881623000,171538052000001,-6.355,-1.298,-33.378,0
1398294594563,41863891633000,171538052000001,-6.355,-1.298,-33.378,0
1398294594572,41863901673000,171538052000001,-6.034,-1.298,-33.378,0
1398294594582,41863911683000,171538052000001,-6.034,-1.298,-33.378,0
1398294594592,41863921693000,171538052000001,-6.034,-1.298,-33.378,0
1398294594604,41863933473000,171538052000001,-6.034,-1.298,-33.378,0
1398294594613,41863941712000,171538052000001,-6.034,-1.298,-33.378,0
1398294594622,41863951722000,171538052000001,-6.034,-1.298,-33.378,0
1398294594632,41863961701000,171538052000001,-6.034,-1.298,-33.378,0
1398294594642,41863971711000,171538052000001,-6.034,-1.298,-33.378,0
1398294594652,41863981721000,171538052000001,-6.034,-1.298,-33.378,0
1398294594663,41863991731000,171538052000001,-6.034,-1.298,-33.378,0
1398294594672,41864001832000,171538052000001,-6.034,-1.298,-33.378,0
1398294594682,41864011811000,171538052000001,-6.034,-1.298,-33.378,0
1398294594692,41864021852000,171538052000001,-6.034,-1.298,-33.378,0
1398294594707,41864037019000,171538052000001,-6.034,-1.298,-33.378,0
1398294594714,41864041810000,171538052000001,-6.034,-1.298,-33.378,0
1398294594722,41864051820000,171538052000001,-6.034,-1.298,-33.378,0
1398294594732,41864061830000,171538052000001,-6.034,-1.298,-33.378,0
1398294594742,41864071870000,171538052000001,-6.034,-1.298,-33.378,0
1398294594752,41864081880000,171538052000001,-6.034,-1.298,-33.378,0
1398294594763,41864091889000,171538052000001,-6.034,-1.298,-33.378,0
1398294594773,41864101869000,171538052000001,-6.034,-1.298,-33.378,0
1398294594784,41864113435000,171538052000001,-6.034,-1.298,-33.378,0
1398294594792,41864121919000,171538052000001,-6.034,-1.298,-33.378,0
1398294594802,41864131898000,171538052000001,-6.034,-1.298,-33.378,0
1398294594813,41864141908000,171538052000001,-6.034,-1.298,-33.378,0
1398294594822,41864151918000,171538052000001,-6.034,-1.298,-33.378,0
1398294594832,41864161927000,171538052000001,-6.034,-1.298,-33.378,0
1398294594842,41864171907000,171538052000001,-6.034,-1.298,-33.378,0
1398294594852,41864181947000,171538052000001,-6.034,-1.298,-33.378,0
1398294594863,41864191957000,171538052000001,-6.034,-1.298,-33.378,0
1398294594872,41864201966000,171538052000001,-6.034,-1.298,-33.378,0
1398294594882,41864211976000,171538052000001,-6.034,-1.612,-33.378,0
1398294594892,41864221986000,171538052000001,-6.034,-1.612,-33.378,0
1398294594902,41864231996000,171538052000001,-5.726,-1.612,-33.378,0
1398294594912,41864242005000,171538052000001,-5.726,-1.612,-33.378,0
1398294594922,41864252015000,171538052000001,-5.726,-1.612,-33.378,0
1398294594932,41864262025000,171538052000001,-5.726,-1.612,-33.378,0
1398294594942,41864272035000,171538052000001,-5.726,-1.612,-33.378,0
1398294594952,41864282075000,171538052000001,-5.726,-1.612,-33.378,0
1398294594967,41864294251000,171538052000001,-5.726,-1.612,-33.378,0
1398294594975,41864304841000,171538052000001,-5.726,-1.612,-33.378,0
1398294594984,41864314515000,171538052000001,-5.726,-1.612,-33.378,0
1398294594994,41864323213000,171538052000001,-5.726,-1.612,-33.378,0
1398294595006,41864335664000,171538052000001,-5.726,-1.612,-33.378,0
1398294595014,41864343537000,171538052000001,-5.726,-1.925,-33.378,0
1398294595023,41864353272000,171538052000001,-5.726,-1.925,-33.378,0
1398294595033,41864363130000,171538052000001,-5.726,-1.925,-33.378,0
1398294595045,41864375398000,171538052000001,-5.726,-1.925,-33.378,0
1398294595054,41864384461000,171538052000001,-5.364,-1.925,-33.378,0
1398294595067,41864393281000,171538052000001,-5.364,-1.925,-33.378,0
1398294595074,41864403230000,171538052000001,-5.364,-1.925,-33.378,0
1398294595085,41864412202000,171538052000001,-5.364,-1.925,-33.378,0
1398294595102,41864423127000,171538052000001,-5.364,-1.925,-33.378,0
1398294595104,41864432283000,171538052000001,-5.017,-1.925,-33.378,0
1398294595122,41864442323000,171538052000001,-5.017,-1.925,-33.378,0
1398294595124,41864452272000,171538052000001,-5.017,-1.925,-33.732,0
1398294595132,41864462281000,171538052000001,-5.017,-1.925,-33.732,0
1398294595148,41864473817000,171538052000001,-4.652,-1.925,-33.732,0
1398294595152,41864482331000,171538052000001,-4.652,-1.925,-33.732,0
1398294595163,41864492311000,171538052000001,-4.652,-2.23,-33.732,0
1398294595173,41864502320000,171538052000001,-4.348,-2.23,-33.732,0
1398294595183,41864512330000,171538052000001,-4.348,-2.23,-33.732,0
1398294595194,41864522340000,171538052000001,-4.348,-2.23,-33.732,0
1398294595202,41864532319000,171538052000001,-4.348,-2.23,-33.732,0
1398294595212,41864542359000,171538052000001,-4.348,-2.23,-33.732,0
1398294595222,41864552339000,171538052000001,-4.348,-2.23,-33.732,0
1398294595232,41864562379000,171538052000001,-4.348,-2.23,-33.732,0
1398294595243,41864572389000,171538052000001,-4.348,-2.23,-33.732,0
1398294595253,41864582398000,171538052000001,-4.348,-2.23,-33.732,0
1398294595263,41864592408000,171538052000001,-4.348,-2.23,-33.732,0
1398294595272,41864602418000,171538052000001,-4.348,-2.23,-33.732,0
1398294595284,41864612428000,171538052000001,-4.348,-1.905,-33.732,0
1398294595294,41864623262000,171538052000001,-4.705,-1.905,-33.732,0
1398294595313,41864632569000,171538052000001,-4.705,-1.905,-33.732,0
1398294595315,41864643586000,171538052000001,-4.705,-1.905,-33.732,0
1398294595335,41864655519000,171538052000001,-4.705,-1.905,-33.732,0
1398294595337,41864662599000,171538052000001,-5.101,-1.905,-33.732,0
1398294595351,41864672486000,171538052000001,-5.101,-1.905,-33.732,0
1398294595353,41864682496000,171538052000001,-5.101,-1.597,-33.732,0
1398294595382,41864692506000,171538052000001,-5.471,-1.597,-33.732,0
1398294595389,41864702516000,171538052000001,-5.471,-1.597,-33.732,0
1398294595391,41864712525000,171538052000001,-5.471,-1.597,-33.732,0
1398294595397,41864722535000,171538052000001,-5.793,-1.597,-33.732,0
1398294595403,41864732545000,171538052000001,-5.793,-1.597,-33.732,0
1398294595413,41864743257000,171538052000001,-5.793,-1.269,-33.732,0
1398294595423,41864752534000,171538052000001,-5.793,-1.269,-33.732,0
1398294595433,41864762544000,171538052000001,-5.793,-1.269,-33.732,0
1398294595443,41864772553000,171538052000001,-6.097,-1.269,-33.732,0
1398294595453,41864782838000,171538052000001,-6.097,-1.269,-33.732,0
1398294595463,41864792573000,171538052000001,-6.097,-1.269,-33.732,0
1398294595473,41864802613000,171538052000001,-6.097,-1.269,-33.732,0
1398294595483,41864812623000,171538052000001,-6.097,-1.269,-33.732,0
1398294595496,41864822633000,171538052000001,-6.097,-1.269,-33.732,0
1398294595505,41864834199000,171538052000001,-6.097,-1.269,-33.732,0
1398294595513,41864842713000,171538052000001,-6.097,-0.964,-33.732,0
1398294595523,41864852662000,171538052000001,-6.097,-0.964,-33.732,0
1398294595533,41864862641000,171538052000001,-6.097,-0.964,-33.732,0
1398294595543,41864872651000,171538052000001,-6.097,-0.964,-33.732,0
1398294595560,41864882722000,171538052000001,-6.097,-0.964,-33.732,0
1398294595563,41864892732000,171538052000001,-6.097,-0.964,-33.732,0
1398294595573,41864902741000,171538052000001,-6.097,-0.964,-33.732,0
1398294595583,41864912751000,171538052000001,-6.097,-0.964,-33.732,0
1398294595593,41864922731000,171538052000001,-6.097,-0.964,-33.732,0
1398294595603,41864932710000,171538052000001,-6.097,-0.964,-33.732,0
1398294595613,41864942750000,171538052000001,-6.097,-0.964,-33.732,0
1398294595629,41864952760000,171538052000001,-6.407,-0.639,-33.732,0
1398294595633,41864962709000,171538052000001,-6.407,-0.639,-33.732,0
1398294595643,41864972718000,171538052000001,-6.407,-0.639,-33.732,0
1398294595653,41864982728000,171538052000001,-6.407,-0.639,-33.732,0
1398294595663,41864992768000,171538052000001,-6.407,-0.639,-33.732,0
1398294595673,41865002748000,171538052000001,-6.407,-0.639,-33.732,0
1398294595685,41865014314000,171538052000001,-6.732,-0.639,-33.732,0
1398294595693,41865022798000,171538052000001,-6.732,-0.639,-33.732,0
1398294595703,41865032777000,171538052000001,-6.732,-0.639,-33.732,0
1398294595713,41865042787000,171538052000001,-6.732,-0.32,-33.732,0
1398294595723,41865052949000,171538052000001,-6.732,-0.32,-33.732,0
1398294595733,41865062806000,171538052000001,-6.732,-0.32,-33.732,0
1398294595743,41865072816000,171538052000001,-6.732,-0.32,-33.732,0
1398294595753,41865082856000,171538052000001,-6.732,-0.32,-33.732,0
1398294595782,41865092866000,171538052000001,-6.732,-0.32,-33.732,0
1398294595784,41865102845000,171538052000001,-6.732,-0.32,-33.732,0
1398294595785,41865112824000,171538052000001,-6.732,-0.32,-33.732,0
1398294595810,41865122865000,171538052000001,-6.732,-0.32,-33.732,0
1398294595813,41865132905000,171538052000001,-6.732,-0.32,-33.732,0
1398294595815,41865142915000,171538052000001,-6.732,-0.32,-33.732,0
1398294595825,41865152925000,171538052000001,-6.732,-0.32,-33.732,0
1398294595833,41865162934000,171538052000001,-6.732,-0.32,-33.732,0
1398294595843,41865172914000,171538052000001,-6.732,-0.007,-33.732,0
1398294595853,41865182923000,171538052000001,-6.732,-0.007,-33.732,0
1398294595865,41865194490000,171538052000001,-6.732,-0.007,-33.732,0
1398294595873,41865202973000,171538052000001,-6.732,-0.007,-33.732,0
1398294595883,41865212953000,171538052000001,-6.732,-0.007,-33.732,0
1398294595893,41865222962000,171538052000001,-6.732,-0.007,-33.732,0
1398294595903,41865232972000,171538052000001,-6.732,-0.007,-33.732,0
1398294595913,41865242982000,171538052000001,-6.732,-0.007,-33.732,0
1398294595923,41865253297000,171538052000001,-6.732,-0.007,-33.732,0
1398294595938,41865267457000,171538052000001,-6.732,-0.007,-33.732,0
1398294595948,41865273072000,171538052000001,-6.732,-0.007,-33.732,0
1398294595953,41865283052000,171538052000001,-6.732,-0.007,-33.732,0
1398294595963,41865293031000,171538052000001,-6.732,-0.007,-33.732,0
1398294595973,41865303041000,171538052000001,-6.732,-0.007,-33.732,0
1398294595983,41865313050000,171538052000001,-6.732,-0.007,-33.732,0
1398294595993,41865323060000,171538052000001,-6.732,-0.007,-33.732,0
1398294596003,41865333070000,171538052000001,-6.732,-0.007,-33.732,0
1398294596013,41865343110000,171538052000001,-6.732,-0.007,-33.732,0
1398294596023,41865353089000,171538052000001,-6.732,-0.007,-33.732,0
1398294596033,41865363099000,171538052000001,-6.732,-0.007,-33.732,0
1398294596045,41865374665000,171538052000001,-6.732,-0.007,-33.732,0
1398294596053,41865383149000,171538052000001,-6.732,-0.007,-33.732,0
1398294596063,41865393128000,171538052000001,-6.732,-0.007,-33.732,0
1398294596073,41865403138000,171538052000001,-6.732,-0.007,-33.732,0
1398294596083,41865413148000,171538052000001,-6.732,-0.007,-33.732,0
1398294596093,41865423127000,171538052000001,-6.732,-0.007,-33.732,0
1398294596103,41865433168000,171538052000001,-6.732,-0.007,-33.732,0
1398294596113,41865443177000,171538052000001,-6.732,-0.007,-33.732,0
1398294596125,41865453187000,171538052000001,-6.732,-0.007,-33.732,0
1398294596134,41865463471000,171538052000001,-6.732,-0.007,-33.732,0
1398294596143,41865473207000,171538052000001,-6.732,-0.007,-33.732,0
1398294596153,41865483216000,171538052000001,-6.732,-0.007,-33.732,0
1398294596163,41865493257000,171538052000001,-6.732,-0.007,-33.732,0
1398294596173,41865503236000,171538052000001,-6.732,-0.007,-33.732,0
1398294596183,41865513246000,171538052000001,-6.732,-0.007,-33.732,0
1398294596193,41865523255000,171538052000001,-6.732,-0.007,-33.732,0
1398294596203,41865533235000,171538052000001,-6.732,-0.007,-33.732,0
1398294596213,41865543275000,171538052000001,-6.732,-0.007,-33.732,0
1398294596225,41865554811000,171538052000001,-6.413,-0.007,-33.732,0
1398294596234,41865563722000,171538052000001,-6.413,-0.007,-33.732,0
1398294596246,41865576112000,171538052000001,-6.413,-0.007,-33.732,0
1398294596253,41865583283000,171538052000001,-6.413,-0.007,-33.732,0
1398294596263,41865593293000,171538052000001,-6.413,-0.007,-33.732,0
1398294596273,41865603334000,171538052000001,-6.413,-0.007,-33.732,0
1398294596283,41865613343000,171538052000001,-6.413,-0.007,-33.732,0
1398294596293,41865623353000,171538052000001,-6.413,-0.007,-33.732,0
1398294596303,41865633363000,171538052000001,-6.413,-0.007,-33.732,0
1398294596313,41865643373000,171538052000001,-6.413,-0.007,-33.732,0
1398294596323,41865653382000,171538052000001,-6.413,-0.007,-33.732,0
1398294596333,41865663392000,171538052000001,-6.413,-0.007,-33.732,0
1398294596344,41865673432000,171538052000001,-6.413,-0.007,-33.732,0
1398294596353,41865683412000,171538052000001,-6.094,-0.007,-33.732,0
1398294596363,41865693421000,171538052000001,-6.094,-0.007,-33.732,0
1398294596376,41865703431000,171538052000001,-6.094,-0.007,-33.732,0
1398294596383,41865713441000,171538052000001,-6.094,-0.007,-33.732,0
1398294596394,41865723420000,171538052000001,-6.094,-0.007,-33.732,0
1398294596405,41865735017000,171538052000001,-6.094,-0.007,-33.732,0
1398294596413,41865743501000,171538052000001,-6.094,-0.007,-33.732,0
1398294596425,41865753449000,171538052000001,-6.094,-0.007,-33.732,0
1398294596436,41865763490000,171538052000001,-6.094,-0.007,-33.732,0
1398294596453,41865773530000,171538052000001,-6.094,-0.007,-33.732,0
1398294596455,41865783540000,171538052000001,-6.094,-0.007,-33.732,0
1398294596464,41865793519000,171538052000001,-6.094,-0.007,-33.732,0
1398294596474,41865803529000,171538052000001,-6.094,-0.007,-33.732,0
1398294596484,41865813539000,171538052000001,-6.094,-0.007,-33.732,0
1398294596494,41865823548000,171538052000001,-6.094,-0.007,-33.732,0
1398294596504,41865833558000,171538052000001,-6.094,-0.007,-33.732,0
1398294596514,41865843568000,171538052000001,-6.094,-0.007,-33.732,0
1398294596525,41865853547000,171538052000001,-6.094,-0.007,-33.732,0
1398294596534,41865863618000,171538052000001,-6.094,-0.007,-33.732,0
1398294596544,41865873811000,171538052000001,-6.094,-0.007,-33.732,0
1398294596554,41865883790000,171538052000001,-6.094,-0.007,-33.732,0
1398294596563,41865893617000,171538052000001,-6.094,-0.007,-33.732,0
1398294596574,41865903657000,171538052000001,-6.094,-0.007,-33.732,0
1398294596586,41865915162000,171538052000001,-6.094,-0.007,-33.732,0
1398294596594,41865923707000,171538052000001,-6.094,-0.007,-33.732,0
1398294596604,41865933656000,171538052000001,-6.094,-0.007,-33.732,0
1398294596614,41865943666000,171538052000001,-6.094,-0.007,-33.732,0
1398294596624,41865953675000,171538052000001,-6.094,-0.007,-33.732,0
1398294596634,41865963685000,171538052000001,-6.094,-0.007,-33.732,0
1398294596644,41865973695000,171538052000001,-6.094,-0.007,-33.732,0
1398294596654,41865983705000,171538052000001,-6.094,-0.007,-33.732,0
1398294596664,41865993714000,171538052000001,-6.094,-0.007,-33.732,0
1398294596674,41866003724000,171538052000001,-6.094,-0.007,-33.732,0
1398294596684,41866013734000,171538052000001,-6.094,-0.007,-33.732,0
1398294596694,41866023744000,171538052000001,-6.094,-0.007,-33.732,0
1398294596704,41866033753000,171538052000001,-6.094,-0.007,-33.732,0
1398294596714,41866043763000,171538052000001,-6.434,-0.007,-33.732,0
1398294596724,41866053773000,171538052000001,-6.434,-0.007,-33.732,0
1398294596734,41866063783000,171538052000001,-6.434,-0.007,-33.732,0
1398294596744,41866073793000,171538052000001,-6.434,-0.007,-33.732,0
1398294596754,41866083802000,171538052000001,-6.758,-0.007,-33.732,0
1398294596766,41866095704000,171538052000001,-6.758,-0.007,-33.428,0
1398294596778,41866108033000,171538052000001,-6.758,-0.007,-33.428,0
1398294596787,41866116487000,171538052000001,-6.758,-0.007,-33.428,0
1398294596798,41866127839000,171538052000001,-7.064,-0.007,-33.428,0
1398294596808,41866138154000,171538052000001,-7.064,-0.007,-33.428,0
1398294596818,41866148225000,171538052000001,-7.064,-0.007,-33.428,0
1398294596828,41866158174000,171538052000001,-7.064,-0.007,-33.428,0
1398294596835,41866164613000,171538052000001,-7.064,-0.007,-33.428,0
1398294596866,41866181428000,171538052000001,-7.064,-0.007,-33.428,0
1398294596868,41866190980000,171538052000001,-7.064,-0.007,-33.428,0
1398294596869,41866194978000,171538052000001,-7.064,-0.007,-33.428,0
1398294596877,41866203919000,171538052000001,-7.064,-0.007,-33.428,0
1398294596884,41866213929000,171538052000001,-7.064,-0.007,-33.428,0
1398294596903,41866223939000,171538052000001,-7.064,-0.007,-33.428,0
1398294596908,41866233949000,171538052000001,-7.064,-0.007,-33.428,0
1398294596914,41866243989000,171538052000001,-7.064,-0.007,-33.428,0
1398294596926,41866253968000,171538052000001,-7.064,-0.007,-33.428,0
1398294596938,41866264009000,171538052000001,-7.064,-0.007,-33.428,0
1398294596946,41866275544000,171538052000001,-7.064,-0.007,-33.428,0
1398294596954,41866284059000,171538052000001,-7.064,-0.007,-33.428,0
1398294596965,41866294007000,171538052000001,-7.064,-0.007,-33.428,0
1398294596975,41866304017000,171538052000001,-7.064,-0.007,-33.428,0
1398294596984,41866314057000,171538052000001,-7.064,0.297,-33.428,0
1398294596994,41866324037000,171538052000001,-7.369,0.297,-33.428,0
1398294597004,41866334016000,171538052000001,-7.369,0.297,-33.428,0
1398294597014,41866344026000,171538052000001,-7.369,0.297,-33.428,0
1398294597024,41866354249000,171538052000001,-7.369,0.297,-33.428,0
1398294597034,41866364076000,171538052000001,-7.369,0.297,-33.428,0
1398294597050,41866374085000,171538052000001,-7.685,0.297,-33.428,0
1398294597054,41866384065000,171538052000001,-7.685,0.297,-33.428,0
1398294597064,41866394105000,171538052000001,-7.685,0.297,-33.428,0
1398294597074,41866404115000,171538052000001,-7.685,0.297,-33.428,0
1398294597084,41866414125000,171538052000001,-7.685,0.297,-33.428,0
1398294597094,41866424104000,171538052000001,-7.685,0.297,-33.428,0
1398294597104,41866434114000,171538052000001,-7.685,0.297,-33.428,0
1398294597114,41866444123000,171538052000001,-7.685,0.297,-33.428,0
1398294597126,41866455781000,171538052000001,-7.685,0.297,-33.428,0
1398294597134,41866464234000,171538052000001,-7.685,0.297,-33.428,0
1398294597144,41866474183000,171538052000001,-7.685,0.297,-33.428,0
1398294597154,41866484193000,171538052000001,-7.685,0.297,-33.428,0
1398294597166,41866496430000,171538052000001,-7.685,0.297,-33.428,0
1398294597174,41866504151000,171538052000001,-7.685,0.297,-33.428,0
1398294597184,41866514161000,171538052000001,-7.685,0.297,-33.428,0
1398294597195,41866524232000,171538052000001,-7.685,0.297,-33.428,0
1398294597204,41866534181000,171538052000001,-7.685,0.297,-33.428,0
1398294597214,41866544190000,171538052000001,-7.685,0.297,-33.428,0
1398294597230,41866554200000,171538052000001,-7.685,0.297,-33.428,0
1398294597235,41866564271000,171538052000001,-7.316,0.297,-33.428,0
1398294597244,41866574250000,171538052000001,-7.316,0.297,-33.428,0
1398294597254,41866584230000,171538052000001,-7.316,0.297,-33.428,0
1398294597264,41866594239000,171538052000001,-7.316,0.297,-33.428,0
1398294597274,41866604249000,171538052000001,-7.316,0.297,-33.428,0
1398294597284,41866614289000,171538052000001,-7.316,0.297,-33.428,0
1398294597294,41866624299000,171538052000001,-7.316,0.297,-33.428,0
1398294597306,41866635835000,171538052000001,-7.316,0.297,-33.428,0
1398294597315,41866644410000,171538052000001,-7.316,0.297,-33.428,0
1398294597324,41866654298000,171538052000001,-7.316,0.297,-33.428,0
1398294597334,41866664308000,171538052000001,-7.316,0.297,-33.428,0
1398294597346,41866674348000,171538052000001,-7.316,0.297,-33.428,0
1398294597354,41866684327000,171538052000001,-7.316,-0.019,-33.428,0
1398294597365,41866694367000,171538052000001,-7.316,-0.019,-33.428,0
1398294597374,41866704377000,171538052000001,-7.316,-0.019,-33.428,0
1398294597384,41866714356000,171538052000001,-7.316,-0.019,-33.428,0
1398294597394,41866724366000,171538052000001,-7.316,-0.019,-33.428,0
1398294597404,41866734376000,171538052000001,-7.316,-0.019,-33.428,0
1398294597414,41866744386000,171538052000001,-7.316,-0.019,-33.428,0
1398294597425,41866754396000,171538052000001,-7.316,-0.019,-33.428,0
1398294597434,41866764436000,171538052000001,-7.316,-0.019,-33.428,0
1398294597444,41866774415000,171538052000001,-7.316,-0.019,-33.428,0
1398294597455,41866784608000,171538052000001,-7.316,-0.019,-33.428,0
1398294597464,41866794435000,171538052000001,-7.316,-0.019,-33.428,0
1398294597474,41866804414000,171538052000001,-6.983,-0.019,-33.428,0
1398294597486,41866816011000,171538052000001,-6.983,-0.019,-33.428,0
1398294597494,41866824525000,171538052000001,-6.983,-0.019,-33.428,0
1398294597505,41866834474000,171538052000001,-6.983,-0.019,-33.428,0
1398294597515,41866844514000,171538052000001,-6.983,-0.019,-33.428,0
1398294597525,41866854493000,171538052000001,-6.983,-0.019,-33.428,0
1398294597535,41866864503000,171538052000001,-6.983,-0.019,-33.428,0
1398294597545,41866874513000,171538052000001,-6.983,-0.019,-33.428,0
1398294597555,41866884522000,171538052000001,-6.983,-0.019,-33.428,0
1398294597565,41866894532000,171538052000001,-6.983,-0.019,-33.428,0
1398294597575,41866904573000,171538052000001,-6.983,-0.019,-33.428,0
1398294597585,41866914552000,171538052000001,-6.983,-0.019,-33.428,0
1398294597595,41866924562000,171538052000001,-6.983,-0.019,-33.428,0
1398294597605,41866934571000,171538052000001,-6.983,-0.019,-33.428,0
1398294597615,41866944581000,171538052000001,-6.983,-0.019,-33.428,0
1398294597625,41866954621000,171538052000001,-6.661,-0.019,-33.428,0
1398294597635,41866964631000,171538052000001,-6.661,-0.019,-33.428,0
1398294597645,41866974641000,171538052000001,-6.661,-0.019,-33.428,0
1398294597655,41866984651000,171538052000001,-6.661,-0.019,-33.428,0
1398294597669,41866998017000,171538052000001,-6.661,-0.019,-33.428,0
1398294597679,41867009156000,171538052000001,-6.661,-0.019,-33.428,0
1398294597685,41867015382000,171538052000001,-6.661,-0.019,-33.428,0
1398294597699,41867028626000,171538052000001,-6.661,-0.019,-33.428,0
1398294597709,41867038850000,171538052000001,-6.661,-0.321,-33.428,0
1398294597719,41867049287000,171538052000001,-6.661,-0.321,-33.428,0
1398294597729,41867058778000,171538052000001,-6.661,-0.321,-33.428,0
1398294597740,41867070436000,171538052000001,-6.661,-0.321,-33.428,0
1398294597747,41867077149000,171538052000001,-6.661,-0.321,-33.428,0
1398294597761,41867089997000,171538052000001,-6.661,-0.321,-33.428,0
1398294597766,41867095491000,171538052000001,-6.661,-0.321,-33.428,0
1398294597780,41867109742000,171538052000001,-6.661,-0.321,-33.428,0
1398294597790,41867119599000,171538052000001,-6.661,-0.639,-33.428,0
1398294597798,41867127870000,171538052000001,-6.661,-0.639,-33.428,0
1398294597811,41867140351000,171538052000001,-6.295,-0.639,-33.428,0
1398294597818,41867146363000,171538052000001,-6.295,-0.639,-33.428,0
1398294597831,41867155397000,171538052000001,-6.295,-0.639,-33.428,0
1398294597836,41867166108000,171538052000001,-6.295,-0.639,-33.428,0
1398294597848,41867176423000,171538052000001,-6.295,-0.639,-33.428,0
1398294597873,41867189973000,171538052000001,-6.295,-0.639,-33.428,0
1398294597876,41867194886000,171538052000001,-6.295,-0.639,-33.428,0
1398294597879,41867204927000,171538052000001,-6.295,-0.639,-33.428,0
1398294597898,41867214967000,171538052000001,-5.963,-0.639,-33.428,0
1398294597902,41867224946000,171538052000001,-5.963,-0.949,-33.734,0
1398294597906,41867234956000,171538052000001,-5.963,-0.949,-33.734,0
1398294597978,41867244966000,171538052000001,-5.963,-0.949,-33.734,0
1398294597983,41867254945000,171538052000001,-5.963,-0.949,-33.734,0
1398294597985,41867264955000,171538052000001,-5.963,-0.949,-33.734,0
1398294597986,41867274964000,171538052000001,-5.963,-0.949,-33.734,0
1398294597988,41867284974000,171538052000001,-5.963,-0.949,-33.734,0
1398294597990,41867294984000,171538052000001,-5.618,-0.949,-33.734,0
1398294597991,41867304994000,171538052000001,-5.618,-0.949,-33.734,0
1398294597993,41867315034000,171538052000001,-5.618,-0.949,-33.734,0
1398294598001,41867325013000,171538052000001,-5.618,-0.949,-33.734,0
1398294598009,41867335023000,171538052000001,-5.618,-0.949,-33.734,0
1398294598015,41867345063000,171538052000001,-5.618,-0.645,-33.734,0
1398294598027,41867356629000,171538052000001,-5.618,-0.645,-33.734,0
1398294598036,41867365083000,171538052000001,-5.618,-0.645,-33.734,0
1398294598102,41867375062000,171538052000001,-5.618,-0.645,-33.734,0
1398294598145,41867385072000,171538052000001,-5.618,-0.645,-33.734,0
1398294598149,41867395082000,171538052000001,-5.618,-0.328,-33.734,0
1398294598150,41867405122000,171538052000001,-5.618,-0.328,-33.734,0
1398294598153,41867416078000,171538052000001,-5.618,-0.328,-33.734,0
1398294598155,41867425080000,171538052000001,-5.618,-0.328,-33.734,0
1398294598157,41867435090000,171538052000001,-5.618,-0.328,-33.734,0
1398294598158,41867445100000,171538052000001,-5.938,-0.328,-33.734,0
1398294598160,41867455140000,171538052000001,-5.938,-0.328,-33.734,0
1398294598162,41867465150000,171538052000001,-5.938,-0.328,-33.734,0
1398294598163,41867475160000,171538052000001,-5.938,-0.019,-33.734,0
1398294598165,41867485200000,171538052000001,-5.938,-0.019,-33.734,0
1398294598166,41867495210000,171538052000001,-5.938,-0.019,-33.734,0
1398294598175,41867505189000,171538052000001,-5.938,-0.019,-33.734,0
1398294598186,41867515199000,171538052000001,-5.938,-0.019,-33.734,0
1398294598199,41867525209000,171538052000001,-5.938,-0.019,-33.734,0
1398294598209,41867536775000,171538052000001,-5.938,-0.019,-33.734,0
1398294598215,41867545259000,171538052000001,-5.938,-0.019,-33.734,0
1398294598225,41867555238000,171538052000001,-5.938,-0.019,-33.734,0
1398294598235,41867565248000,171538052000001,-5.938,-0.019,-33.734,0
1398294598245,41867575257000,171538052000001,-6.239,-0.019,-33.734,0
1398294598255,41867585267000,171538052000001,-6.239,-0.019,-33.734,0
1398294598265,41867595277000,171538052000001,-6.239,-0.019,-33.734,0
1398294598275,41867605317000,171538052000001,-6.239,-0.019,-33.734,0
1398294598285,41867615327000,171538052000001,-6.239,-0.019,-33.734,0
1398294598295,41867625337000,171538052000001,-6.239,-0.019,-33.734,0
1398294598305,41867635316000,171538052000001,-6.239,-0.019,-33.734,0
1398294598315,41867645509000,171538052000001,-6.239,-0.019,-33.734,0
1398294598325,41867655335000,171538052000001,-6.239,-0.019,-33.734,0
1398294598335,41867665345000,171538052000001,-6.239,-0.019,-33.734,0
1398294598345,41867675386000,171538052000001,-6.239,-0.334,-33.734,0
1398294598358,41867685395000,171538052000001,-6.239,-0.334,-33.734,0
1398294598365,41867695375000,171538052000001,-6.239,-0.334,-33.734,0
1398294598375,41867705415000,171538052000001,-6.591,-0.334,-33.432,0
1398294598394,41867717774000,171538052000001,-6.591,-0.334,-33.432,0
1398294598396,41867726014000,171538052000001,-6.591,-0.334,-33.432,0
1398294598405,41867735383000,171538052000001,-6.591,-0.334,-33.432,0
1398294598415,41867745362000,171538052000001,-6.591,-0.672,-33.432,0
1398294598426,41867755433000,171538052000001,-6.935,-0.672,-33.432,0
1398294598435,41867765443000,171538052000001,-6.935,-0.672,-33.432,0
1398294598445,41867775422000,171538052000001,-6.935,-0.672,-33.432,0
1398294598458,41867785462000,171538052000001,-6.935,-0.672,-33.432,0
1398294598466,41867795442000,171538052000001,-6.935,-0.672,-33.432,0
1398294598479,41867805451000,171538052000001,-6.935,-0.672,-33.432,0
1398294598486,41867815461000,171538052000001,-7.278,-0.672,-33.432,0
1398294598495,41867825471000,171538052000001,-7.278,-0.985,-33.432,0
1398294598505,41867835450000,171538052000001,-7.278,-0.985,-33.432,0
1398294598515,41867845491000,171538052000001,-7.278,-0.985,-33.432,0
1398294598525,41867855500000,171538052000001,-7.278,-0.985,-33.432,0
1398294598536,41867865510000,171538052000001,-7.278,-0.985,-33.432,0
1398294598546,41867875550000,171538052000001,-7.278,-0.985,-33.432,0
1398294598556,41867885560000,171538052000001,-7.278,-0.985,-33.432,0
1398294598567,41867897096000,171538052000001,-7.278,-0.985,-33.432,0
1398294598576,41867905610000,171538052000001,-7.278,-0.985,-33.432,0
1398294598586,41867915559000,171538052000001,-6.941,-0.985,-33.432,0
1398294598596,41867925569000,171538052000001,-6.941,-0.985,-33.432,0
1398294598606,41867935578000,171538052000001,-6.941,-1.321,-33.432,0
1398294598616,41867945588000,171538052000001,-6.941,-1.321,-33.432,0
1398294598626,41867955598000,171538052000001,-6.941,-1.321,-33.432,0
1398294598636,41867965608000,171538052000001,-6.6,-1.321,-33.432,0
1398294598646,41867975617000,171538052000001,-6.6,-1.321,-33.432,0
1398294598656,41867985627000,171538052000001,-6.6,-1.321,-33.432,0
1398294598666,41867995637000,171538052000001,-6.6,-1.655,-33.432,0
1398294598677,41868007203000,171538052000001,-6.6,-1.655,-33.432,0
1398294598694,41868022218000,171538052000001,-6.6,-1.655,-33.432,0
1398294598696,41868025666000,171538052000001,-6.6,-1.655,-33.432,0
1398294598706,41868035646000,171538052000001,-6.295,-1.655,-33.432,0
1398294598716,41868045686000,171538052000001,-6.295,-1.655,-33.432,0
1398294598726,41868055696000,171538052000001,-6.295,-1.655,-33.432,0
1398294598736,41868065705000,171538052000001,-6.295,-1.655,-33.432,0
1398294598747,41868077241000,171538052000001,-6.295,-1.655,-33.432,0
1398294598756,41868085755000,171538052000001,-6.295,-1.655,-33.432,0
1398294598769,41868095735000,171538052000001,-6.295,-1.655,-33.432,0
1398294598780,41868105836000,171538052000001,-6.636,-1.655,-33.432,0
1398294598786,41868115754000,171538052000001,-6.636,-1.655,-33.432,0
1398294598796,41868125764000,171538052000001,-6.636,-1.655,-33.432,0
1398294598806,41868135774000,171538052000001,-6.636,-1.655,-33.432,0
1398294598816,41868145753000,171538052000001,-6.636,-1.655,-33.432,0
1398294598826,41868155793000,171538052000001,-6.636,-1.655,-33.432,0
1398294598836,41868165803000,171538052000001,-6.974,-1.655,-33.432,0
1398294598846,41868175813000,171538052000001,-6.974,-1.655,-33.432,0
1398294598856,41868185823000,171538052000001,-6.974,-1.329,-33.432,0
1398294598866,41868195802000,171538052000001,-6.974,-1.329,-33.432,0
1398294598876,41868205842000,171538052000001,-6.974,-1.329,-33.432,0
1398294598886,41868215852000,171538052000001,-6.974,-1.329,-33.432,0
1398294598896,41868225862000,171538052000001,-6.974,-1.011,-33.432,0
1398294598906,41868235871000,171538052000001,-6.974,-1.011,-33.432,0
1398294598916,41868245881000,171538052000001,-6.974,-1.011,-33.432,0
1398294598928,41868257447000,171538052000001,-6.974,-1.011,-33.432,0
1398294598936,41868265931000,171538052000001,-6.974,-1.011,-33.432,0
1398294598946,41868275910000,171538052000001,-6.974,-1.011,-33.432,0
1398294598956,41868285920000,171538052000001,-6.974,-1.011,-33.432,0
1398294598968,41868295930000,171538052000001,-6.974,-1.011,-33.432,0
1398294598976,41868305940000,171538052000001,-6.974,-0.706,-33.432,0
1398294598986,41868315949000,171538052000001,-6.974,-0.706,-33.432,0
1398294598996,41868325959000,171538052000001,-6.974,-0.706,-33.432,0
1398294599010,41868339418000,171538052000001,-6.974,-0.706,-33.432,0
1398294599016,41868345948000,171538052000001,-6.974,-0.706,-33.432,0
1398294599027,41868356019000,171538052000001,-6.974,-0.706,-33.432,0
1398294599039,41868365998000,171538052000001,-6.974,-0.706,-33.432,0
1398294599046,41868376008000,171538052000001,-6.974,-0.706,-33.432,0
1398294599056,41868386018000,171538052000001,-6.974,-0.706,-33.432,0
1398294599066,41868396028000,171538052000001,-6.974,-0.706,-33.432,0
1398294599076,41868406037000,171538052000001,-6.974,-0.706,-33.432,0
1398294599086,41868416047000,171538052000001,-6.974,-0.706,-33.432,0
1398294599096,41868426057000,171538052000001,-6.974,-0.706,-33.432,0
1398294599108,41868437593000,171538052000001,-6.974,-0.706,-33.432,0
1398294599117,41868446107000,171538052000001,-6.974,-0.706,-33.432,0
1398294599126,41868456086000,171538052000001,-6.974,-0.706,-33.432,0
1398294599136,41868466096000,171538052000001,-6.974,-0.706,-33.432,0
1398294599146,41868476106000,171538052000001,-6.974,-0.706,-33.432,0
1398294599156,41868486085000,171538052000001,-6.974,-0.706,-33.432,0
1398294599166,41868496095000,171538052000001,-6.974,-0.706,-33.432,0
1398294599176,41868506105000,171538052000001,-6.974,-0.706,-33.432,0
1398294599186,41868516114000,171538052000001,-6.974,-0.706,-33.432,0
1398294599196,41868526124000,171538052000001,-6.974,-0.706,-33.432,0
1398294599206,41868536164000,171538052000001,-6.974,-0.706,-33.432,0
1398294599221,41868546174000,171538052000001,-6.974,-0.706,-33.432,0
1398294599234,41868556214000,171538052000001,-6.671,-0.706,-33.432,0
1398294599236,41868566194000,171538052000001,-6.671,-0.706,-33.432,0
1398294599246,41868576173000,171538052000001,-6.671,-0.706,-33.432,0
1398294599257,41868586213000,171538052000001,-6.671,-0.706,-33.432,0
1398294599268,41868596223000,171538052000001,-6.671,-0.706,-33.432,0
1398294599276,41868606202000,171538052000001,-6.671,-0.706,-33.432,0
1398294599288,41868617768000,171538052000001,-6.347,-0.706,-33.432,0
1398294599296,41868626283000,171538052000001,-6.347,-0.706,-33.432,0
1398294599307,41868636537000,171538052000001,-6.347,-0.706,-33.432,0
1398294599317,41868646730000,171538052000001,-6.347,-0.706,-33.432,0
1398294599327,41868656251000,171538052000001,-6.347,-0.706,-33.432,0
1398294599336,41868666291000,171538052000001,-6.347,-0.706,-33.432,0
1398294599346,41868676271000,171538052000001,-6.347,-0.706,-33.432,0
1398294599356,41868686280000,171538052000001,-6.347,-0.706,-33.432,0
1398294599366,41868696290000,171538052000001,-6.347,-0.706,-33.432,0
1398294599376,41868706300000,171538052000001,-6.045,-0.706,-33.432,0
1398294599386,41868716310000,171538052000001,-6.045,-0.706,-33.746,0
1398294599396,41868726350000,171538052000001,-6.045,-0.706,-33.746,0
1398294599406,41868736360000,171538052000001,-6.045,-0.706,-33.746,0
1398294599418,41868746369000,171538052000001,-6.045,-0.706,-33.746,0
1398294599426,41868756379000,171538052000001,-6.045,-0.706,-33.746,0
1398294599436,41868766389000,171538052000001,-6.045,-0.706,-33.746,0
1398294599446,41868776368000,171538052000001,-6.045,-0.706,-33.746,0
1398294599456,41868786378000,171538052000001,-6.045,-0.706,-33.746,0
1398294599468,41868797944000,171538052000001,-6.045,-0.706,-33.746,0
1398294599476,41868806428000,171538052000001,-6.045,-0.706,-33.746,0
1398294599486,41868816407000,171538052000001,-6.045,-0.389,-33.746,0
1398294599496,41868826417000,171538052000001,-6.045,-0.389,-33.746,0
1398294599506,41868836457000,171538052000001,-6.045,-0.389,-33.746,0
1398294599521,41868846467000,171538052000001,-6.045,-0.389,-33.746,0
1398294599526,41868856477000,171538052000001,-6.045,-0.389,-33.746,0
1398294599538,41868866517000,171538052000001,-6.045,-0.389,-33.746,0
1398294599546,41868876496000,171538052000001,-6.045,-0.389,-33.746,0
1398294599556,41868886476000,171538052000001,-6.045,-0.389,-33.746,0
1398294599566,41868896485000,171538052000001,-6.045,-0.389,-33.746,0
1398294599576,41868906495000,171538052000001,-6.045,-0.389,-33.746,0
1398294599586,41868916535000,171538052000001,-6.045,-0.389,-33.746,0
1398294599596,41868926545000,171538052000001,-6.045,-0.389,-33.746,0
1398294599607,41868936555000,171538052000001,-6.045,-0.389,-33.746,0
1398294599623,41868946565000,171538052000001,-6.045,-0.389,-33.746,0
1398294599627,41868956574000,171538052000001,-6.045,-0.389,-33.746,0
1398294599637,41868966584000,171538052000001,-6.045,-0.389,-33.746,0
1398294599649,41868978120000,171538052000001,-6.045,-0.389,-33.746,0
1398294599656,41868986634000,171538052000001,-6.045,-0.389,-33.746,0
1398294599667,41868996614000,171538052000001,-6.349,-0.389,-33.746,0
1398294599676,41869006623000,171538052000001,-6.349,-0.389,-33.746,0
1398294599687,41869016633000,171538052000001,-6.349,-0.389,-33.746,0
1398294599697,41869026643000,171538052000001,-6.349,-0.389,-33.746,0
1398294599707,41869036653000,171538052000001,-6.349,-0.389,-33.746,0
1398294599717,41869046662000,171538052000001,-6.349,-0.389,-33.746,0
1398294599727,41869056672000,171538052000001,-6.349,-0.389,-33.746,0
1398294599737,41869066682000,171538052000001,-6.349,-0.389,-33.746,0
1398294599747,41869076661000,171538052000001,-6.349,-0.389,-33.746,0
1398294599757,41869086701000,171538052000001,-6.349,-0.706,-33.746,0
1398294599770,41869096681000,171538052000001,-6.349,-0.706,-33.746,0
1398294599777,41869106721000,171538052000001,-6.349,-0.706,-33.428,0
1398294599787,41869116731000,171538052000001,-6.349,-0.706,-33.428,0
1398294599797,41869126710000,171538052000001,-6.349,-0.706,-33.428,0
1398294599807,41869136781000,171538052000001,-6.349,-0.706,-33.428,0
1398294599817,41869146760000,171538052000001,-6.349,-0.706,-33.428,0
1398294599828,41869158296000,171538052000001,-6.349,-0.706,-33.428,0
1398294599837,41869166810000,171538052000001,-6.349,-0.706,-33.428,0
1398294599846,41869176759000,171538052000001,-6.349,-0.706,-33.428,0
1398294599863,41869186799000,171538052000001,-6.349,-0.706,-33.428,0
1398294599873,41869196809000,171538052000001,-6.349,-0.706,-33.428,0
1398294599877,41869206819000,171538052000001,-6.349,-0.706,-33.428,0
1398294599887,41869216828000,171538052000001,-6.349,-0.706,-33.428,0
1398294599898,41869226838000,171538052000001,-6.349,-0.706,-33.428,0
1398294599907,41869236817000,171538052000001,-6.349,-0.706,-33.428,0
1398294599917,41869246858000,171538052000001,-6.349,-0.706,-33.428,0
1398294599928,41869257325000,171538052000001,-6.349,-0.706,-33.428,0
1398294599937,41869266847000,171538052000001,-6.651,-0.706,-33.428,0
1398294599947,41869276856000,171538052000001,-6.651,-0.706,-33.428,0
1398294599957,41869286866000,171538052000001,-6.651,-0.706,-33.428,0
1398294599967,41869296876000,171538052000001,-6.651,-0.372,-33.428,0
1398294599977,41869306886000,171538052000001,-6.651,-0.372,-33.428,0
1398294599987,41869316896000,171538052000001,-6.651,-0.372,-33.428,0
1398294599997,41869326905000,171538052000001,-6.651,-0.372,-33.428,0
1398294600009,41869338502000,171538052000001,-6.651,-0.372,-33.428,0
1398294600017,41869346986000,171538052000001,-6.651,-0.372,-33.428,0
1398294600028,41869356965000,171538052000001,-6.651,-0.372,-33.428,0
1398294600037,41869366944000,171538052000001,-6.651,-0.372,-33.428,0
1398294600048,41869376954000,171538052000001,-6.953,-0.372,-33.428,0
1398294600057,41869386964000,171538052000001,-6.953,-0.372,-33.428,0
1398294600067,41869396974000,171538052000001,-6.953,-0.372,-33.428,0
1398294600077,41869406983000,171538052000001,-6.953,-0.372,-33.428,0
1398294600087,41869416993000,171538052000001,-6.953,-0.372,-33.428,0
1398294600097,41869427003000,171538052000001,-6.953,-0.372,-33.428,0
1398294600107,41869437013000,171538052000001,-6.953,-0.372,-33.428,0
1398294600117,41869447022000,171538052000001,-6.953,-0.372,-33.428,0
1398294600127,41869457032000,171538052000001,-6.953,-0.372,-33.428,0
1398294600137,41869467042000,171538052000001,-6.953,-0.372,-33.428,0
1398294600147,41869477052000,171538052000001,-6.953,-0.372,-33.428,0
1398294600162,41869487092000,171538052000001,-6.953,-0.372,-33.428,0
1398294600172,41869497102000,171538052000001,-6.953,-0.372,-33.428,0
1398294600177,41869507112000,171538052000001,-6.953,-0.372,-33.428,0
1398294600189,41869518647000,171538052000001,-6.953,-0.372,-33.428,0
1398294600198,41869527131000,171538052000001,-6.953,-0.372,-33.428,0
1398294600208,41869537141000,171538052000001,-6.953,-0.372,-33.428,0
1398294600217,41869547181000,171538052000001,-6.953,-0.372,-33.428,0
1398294600227,41869557130000,171538052000001,-6.953,-0.372,-33.428,0
1398294600247,41869567872000,171538052000001,-6.953,-0.372,-33.428,0
1398294600250,41869577149000,171538052000001,-6.953,-0.372,-33.428,0
1398294600257,41869587190000,171538052000001,-6.953,-0.372,-33.428,0
1398294600268,41869597199000,171538052000001,-6.953,-0.372,-33.428,0
1398294600277,41869607179000,171538052000001,-6.953,-0.372,-33.428,0
1398294600287,41869617189000,171538052000001,-6.953,-0.372,-33.428,0
1398294600297,41869627198000,171538052000001,-7.258,-0.372,-33.428,0
1398294600307,41869637208000,171538052000001,-7.258,-0.372,-33.428,0
1398294600317,41869647218000,171538052000001,-7.258,-0.372,-33.428,0
1398294600327,41869657228000,171538052000001,-7.258,-0.372,-33.428,0
1398294600337,41869667237000,171538052000001,-7.258,-0.372,-33.428,0
1398294600347,41869677247000,171538052000001,-7.258,-0.372,-33.428,0
1398294600357,41869687257000,171538052000001,-7.258,-0.372,-33.428,0
1398294600369,41869698823000,171538052000001,-7.258,-0.372,-33.428,0
1398294600377,41869707337000,171538052000001,-7.258,-0.372,-33.428,0
1398294600387,41869717286000,171538052000001,-7.258,-0.372,-33.428,0
1398294600397,41869727296000,171538052000001,-7.258,-0.372,-33.428,0
1398294600407,41869737306000,171538052000001,-7.258,-0.372,-33.428,0
1398294600417,41869747315000,171538052000001,-7.258,-0.372,-33.428,0
1398294600427,41869757325000,171538052000001,-7.258,-0.372,-33.428,0
1398294600437,41869767335000,171538052000001,-7.258,-0.372,-33.428,0
1398294600447,41869777345000,171538052000001,-7.258,-0.372,-33.428,0
1398294600457,41869787355000,171538052000001,-7.258,-0.372,-33.428,0
1398294600467,41869797547000,171538052000001,-7.258,-0.372,-33.428,0
1398294600477,41869807374000,171538052000001,-7.258,-0.372,-33.428,0
1398294600487,41869817384000,171538052000001,-7.258,-0.372,-33.428,0
1398294600497,41869827394000,171538052000001,-7.258,-0.372,-33.428,0
1398294600507,41869837403000,171538052000001,-7.258,-0.372,-33.428,0
1398294600517,41869847444000,171538052000001,-7.258,-0.372,-33.428,0
1398294600527,41869857453000,171538052000001,-7.258,-0.372,-33.428,0
1398294600538,41869867494000,171538052000001,-7.258,-0.372,-33.428,0
1398294600550,41869878999000,171538052000001,-6.933,-0.372,-33.428,0
1398294600557,41869887483000,171538052000001,-6.933,-0.372,-33.428,0
1398294600567,41869897462000,171538052000001,-6.933,-0.372,-33.428,0
1398294600577,41869907472000,171538052000001,-6.933,-0.372,-33.428,0
1398294600587,41869917481000,171538052000001,-6.933,-0.372,-33.428,0
1398294600597,41869927491000,171538052000001,-6.933,-0.372,-33.428,0
1398294600607,41869937501000,171538052000001,-6.933,-0.372,-33.428,0
1398294600617,41869947511000,171538052000001,-6.933,-0.372,-33.428,0
1398294600627,41869957521000,171538052000001,-6.933,-0.372,-33.428,0
1398294600637,41869967530000,171538052000001,-6.933,-0.372,-33.126,0
1398294600647,41869977540000,171538052000001,-6.933,-0.372,-33.126,0
1398294600657,41869987550000,171538052000001,-6.933,-0.372,-33.126,0
1398294600668,41869997590000,171538052000001,-6.933,-0.372,-33.126,0
1398294600677,41870007569000,171538052000001,-6.933,-0.372,-33.126,0
1398294600688,41870017579000,171538052000001,-6.933,-0.372,-33.126,0
1398294600698,41870027589000,171538052000001,-6.933,-0.372,-33.126,0
1398294600707,41870037599000,171538052000001,-6.933,-0.372,-33.126,0
1398294600717,41870047608000,171538052000001,-6.933,-0.372,-33.126,0
1398294600729,41870059175000,171538052000001,-6.933,-0.68,-33.126,0
1398294600738,41870067689000,171538052000001,-6.933,-0.68,-33.126,0
1398294600748,41870077638000,171538052000001,-6.933,-0.68,-33.126,0
1398294600757,41870087647000,171538052000001,-6.933,-0.68,-33.126,0
1398294600768,41870097657000,171538052000001,-6.933,-0.68,-33.126,0
1398294600777,41870107667000,171538052000001,-6.933,-0.68,-33.126,0
1398294600788,41870117677000,171538052000001,-6.933,-0.68,-33.126,0
1398294600798,41870127687000,171538052000001,-6.933,-0.68,-33.126,0
1398294600807,41870137696000,171538052000001,-6.933,-0.68,-33.126,0
1398294600818,41870147737000,171538052000001,-6.933,-0.99,-33.126,0
1398294600828,41870157746000,171538052000001,-6.573,-0.99,-33.126,0
1398294600842,41870170045000,171538052000001,-6.573,-0.99,-33.126,0
1398294600853,41870182527000,171538052000001,-6.573,-0.99,-33.126,0
1398294600860,41870190187000,171538052000001,-6.573,-0.99,-33.126,0
1398294600870,41870199098000,171538052000001,-6.236,-1.341,-33.126,0
1398294600882,41870211885000,171538052000001,-6.236,-1.341,-33.126,0
1398294600890,41870219911000,171538052000001,-6.236,-1.341,-33.126,0
1398294600899,41870229432000,171538052000001,-6.236,-1.341,-33.126,0
1398294600915,41870244721000,171538052000001,-5.871,-1.644,-33.126,0
1398294600918,41870248292000,171538052000001,-5.871,-1.644,-33.126,0
1398294600934,41870263673000,171538052000001,-5.871,-1.644,-33.126,0
1398294600939,41870269380000,171538052000001,-5.871,-1.644,-33.126,0
1398294600954,41870284242000,171538052000001,-5.871,-1.644,-33.126,0
1398294600959,41870289155000,171538052000001,-5.465,-1.96,-33.126,0
1398294600974,41870304292000,171538052000001,-5.465,-1.96,-33.126,0
1398294600979,41870309175000,171538052000001,-5.465,-1.96,-33.126,0
1398294600994,41870324281000,171538052000001,-5.465,-1.96,-33.126,0
1398294600998,41870328340000,171538052000001,-5.139,-1.96,-33.126,0
1398294601014,41870344209000,171538052000001,-5.139,-2.288,-33.126,0
1398294601020,41870350190000,171538052000001,-5.139,-2.288,-33.126,0
1398294601034,41870364137000,171538052000001,-5.139,-2.288,-33.126,0
1398294601040,41870370149000,171538052000001,-5.139,-2.288,-33.126,0
1398294601054,41870384339000,171538052000001,-5.139,-2.288,-33.126,0
1398294601060,41870389894000,171538052000001,-4.788,-2.288,-33.126,0
1398294601083,41870403077000,171538052000001,-4.788,-2.288,-33.126,0
1398294601084,41870407991000,171538052000001,-4.788,-2.6,-33.126,0
1398294601090,41870420106000,171538052000001,-4.788,-2.6,-33.126,0
1398294601101,41870428071000,171538052000001,-4.788,-2.6,-33.126,0
1398294601118,41870440095000,171538052000001,-4.788,-2.6,-33.126,0
1398294601120,41870447999000,171538052000001,-4.788,-2.6,-33.126,0
1398294601130,41870458039000,171538052000001,-4.788,-2.6,-33.126,0
1398294601138,41870468049000,171538052000001,-4.788,-2.6,-33.126,0
1398294601149,41870478059000,171538052000001,-4.788,-2.944,-33.126,0
1398294601170,41870494599000,171538052000001,-4.788,-2.944,-33.126,0
1398294601172,41870498048000,171538052000001,-4.788,-2.944,-33.126,0
1398294601181,41870508760000,171538052000001,-4.788,-2.944,-33.126,0
1398294601188,41870518067000,171538052000001,-4.788,-2.944,-33.126,0
1398294601200,41870528108000,171538052000001,-4.788,-2.944,-33.126,0
1398294601208,41870538087000,171538052000001,-5.099,-2.944,-33.126,0
1398294601218,41870548097000,171538052000001,-5.099,-2.944,-33.126,0
1398294601228,41870558106000,171538052000001,-5.099,-2.944,-33.126,0
1398294601238,41870568116000,171538052000001,-5.099,-2.944,-33.126,0
1398294601248,41870578126000,171538052000001,-5.099,-3.271,-33.126,0
1398294601258,41870588105000,171538052000001,-5.416,-3.271,-33.126,0
1398294601270,41870599671000,171538052000001,-5.416,-3.271,-33.126,0
1398294601278,41870608186000,171538052000001,-5.416,-3.271,-33.126,0
1398294601288,41870618165000,171538052000001,-5.416,-3.271,-33.126,0
1398294601298,41870628175000,171538052000001,-5.416,-3.271,-33.126,0
1398294601308,41870638154000,171538052000001,-5.416,-3.271,-33.126,0
1398294601318,41870648164000,171538052000001,-5.416,-3.271,-33.126,0
1398294601328,41870658357000,171538052000001,-5.416,-3.271,-33.126,0
1398294601338,41870668183000,171538052000001,-5.416,-3.271,-32.809,0
1398294601348,41870678193000,171538052000001,-5.416,-3.271,-32.809,0
1398294601358,41870688203000,171538052000001,-5.416,-3.271,-32.809,0
1398294601368,41870698243000,171538052000001,-5.416,-3.576,-32.809,0
1398294601378,41870708253000,171538052000001,-5.416,-3.576,-32.809,0
1398294601388,41870718263000,171538052000001,-5.416,-3.576,-32.809,0
1398294601398,41870728272000,171538052000001,-5.416,-3.576,-32.809,0
1398294601408,41870738282000,171538052000001,-5.416,-3.576,-32.809,0
1398294601418,41870748292000,171538052000001,-5.416,-3.576,-32.809,0
1398294601428,41870758302000,171538052000001,-5.416,-3.576,-32.809,0
1398294601438,41870768312000,171538052000001,-5.416,-3.576,-32.809,0
1398294601450,41870779878000,171538052000001,-5.416,-3.576,-32.809,0
1398294601458,41870788392000,171538052000001,-5.416,-3.89,-32.809,0
1398294601472,41870802400000,171538052000001,-5.416,-3.89,-32.809,0
1398294601478,41870808320000,171538052000001,-5.416,-3.89,-32.809,0
1398294601495,41870818330000,171538052000001,-5.416,-3.89,-32.809,0
1398294601505,41870828309000,171538052000001,-5.416,-3.89,-32.809,0
1398294601508,41870838502000,171538052000001,-5.416,-4.237,-32.809,0
1398294601519,41870848390000,171538052000001,-5.416,-4.237,-32.809,0
1398294601529,41870858369000,171538052000001,-5.416,-4.237,-32.809,0
1398294601539,41870868379000,171538052000001,-5.416,-4.237,-32.809,0
1398294601563,41870879273000,171538052000001,-5.416,-4.237,-32.809,0
1398294601564,41870888398000,171538052000001,-5.416,-4.559,-32.496,0
1398294601568,41870898408000,171538052000001,-5.416,-4.559,-32.496,0
1398294601578,41870908387000,171538052000001,-5.416,-4.559,-32.496,0
1398294601588,41870918397000,171538052000001,-5.416,-4.866,-32.496,0
1398294601598,41870928407000,171538052000001,-5.416,-4.866,-32.496,0
1398294601608,41870938417000,171538052000001,-5.416,-4.866,-32.496,0
1398294601618,41870948426000,171538052000001,-5.416,-4.866,-32.496,0
1398294601630,41870960023000,171538052000001,-5.416,-4.866,-32.496,0
1398294601638,41870968507000,171538052000001,-5.416,-5.187,-32.496,0
1398294601648,41870978456000,171538052000001,-5.416,-5.187,-32.496,0
1398294601658,41870988465000,171538052000001,-5.416,-5.187,-32.496,0
1398294601668,41870998475000,171538052000001,-5.416,-5.187,-32.496,0
1398294601678,41871008515000,171538052000001,-5.416,-5.187,-32.496,0
1398294601688,41871018495000,171538052000001,-5.416,-5.187,-32.496,0
1398294601699,41871028535000,171538052000001,-5.416,-5.187,-32.496,0
1398294601708,41871038514000,171538052000001,-5.416,-5.187,-32.496,0
1398294601718,41871048554000,171538052000001,-5.416,-5.187,-32.496,0
1398294601733,41871062287000,171538052000001,-5.416,-5.187,-32.496,0
1398294601739,41871068574000,171538052000001,-5.416,-5.187,-32.496,0
1398294601749,41871078584000,171538052000001,-5.416,-5.187,-32.496,0
1398294601759,41871088594000,171538052000001,-5.416,-5.187,-32.496,0
1398294601769,41871098603000,171538052000001,-5.416,-5.187,-32.496,0
1398294601779,41871108613000,171538052000001,-5.416,-5.187,-32.496,0
1398294601789,41871118623000,171538052000001,-5.416,-5.187,-32.496,0
1398294601799,41871128633000,171538052000001,-5.416,-4.869,-32.496,0
1398294601810,41871140168000,171538052000001,-5.416,-4.869,-32.496,0
1398294601819,41871148683000,171538052000001,-5.416,-4.869,-32.496,0
1398294601829,41871158662000,171538052000001,-5.416,-4.869,-32.496,0
1398294601839,41871168672000,171538052000001,-5.416,-4.869,-32.496,0
1398294601849,41871178681000,171538052000001,-5.416,-4.869,-32.496,0
1398294601859,41871188691000,171538052000001,-5.416,-4.512,-32.496,0
1398294601869,41871198701000,171538052000001,-5.416,-4.512,-32.496,0
1398294601879,41871208711000,171538052000001,-5.416,-4.512,-32.496,0
1398294601889,41871218720000,171538052000001,-5.416,-4.162,-32.496,0
1398294601899,41871228730000,171538052000001,-5.416,-4.162,-32.496,0
1398294601909,41871238740000,171538052000001,-5.416,-3.833,-32.812,0
1398294601919,41871248750000,171538052000001,-5.416,-3.833,-32.812,0
1398294601929,41871258760000,171538052000001,-5.416,-3.254,-32.812,0
1398294601939,41871268769000,171538052000001,-5.416,-2.713,-32.812,0
1398294601949,41871278810000,171538052000001,-5.416,-2.369,-32.812,0
1398294601959,41871288789000,171538052000001,-5.416,-2.369,-32.812,0
1398294601969,41871298799000,171538052000001,-5.416,-2.369,-32.812,0
1398294601979,41871308778000,171538052000001,-5.087,-2.369,-32.812,0
1398294601991,41871320344000,171538052000001,-5.087,-2.369,-32.812,0
1398294601999,41871328858000,171538052000001,-5.087,-2.369,-33.142,0
1398294602015,41871338807000,171538052000001,-5.087,-2.369,-33.142,0
1398294602019,41871348908000,171538052000001,-5.087,-1.969,-33.142,0
1398294602029,41871358888000,171538052000001,-5.087,-1.969,-33.142,0
1398294602039,41871368897000,171538052000001,-5.087,-1.969,-33.142,0
1398294602049,41871378907000,171538052000001,-5.087,-1.64,-33.142,0
1398294602059,41871388917000,171538052000001,-5.087,-1.64,-33.142,0
1398294602069,41871398927000,171538052000001,-5.087,-1.64,-33.142,0
1398294602085,41871408967000,171538052000001,-5.087,-1.64,-33.142,0
1398294602089,41871418946000,171538052000001,-5.087,-1.64,-33.142,0
1398294602100,41871429994000,171538052000001,-5.087,-1.64,-33.142,0
1398294602110,41871438966000,171538052000001,-5.087,-1.64,-33.142,0
1398294602121,41871450959000,171538052000001,-5.087,-1.64,-33.142,0
1398294602130,41871460176000,171538052000001,-5.087,-1.64,-33.142,0
1398294602145,41871475160000,171538052000001,-5.087,-1.64,-33.142,0
1398294602150,41871479737000,171538052000001,-5.422,-1.64,-33.142,0
1398294602166,41871495881000,171538052000001,-5.422,-1.64,-33.142,0
1398294602172,41871501710000,171538052000001,-5.422,-1.64,-33.142,0
1398294602182,41871512330000,171538052000001,-5.422,-1.64,-33.142,0
1398294602191,41871520875000,171538052000001,-5.778,-1.943,-33.142,0
1398294602205,41871535279000,171538052000001,-5.778,-1.943,-33.142,0
1398294602210,41871539949000,171538052000001,-5.778,-1.943,-33.142,0
1398294602225,41871555360000,171538052000001,-5.778,-1.943,-33.142,0
1398294602230,41871559968000,171538052000001,-6.094,-1.943,-33.142,0
1398294602245,41871575379000,171538052000001,-6.094,-1.943,-33.142,0
1398294602251,41871581361000,171538052000001,-6.094,-1.943,-33.142,0
1398294602266,41871595674000,171538052000001,-6.094,-1.943,-33.142,0
1398294602271,41871600556000,171538052000001,-6.42,-1.943,-33.142,0
1398294602285,41871615418000,171538052000001,-6.42,-1.943,-33.142,0
1398294602291,41871621339000,171538052000001,-6.42,-1.943,-33.142,0
1398294602306,41871635591000,171538052000001,-6.42,-1.943,-33.142,0
1398294602311,41871641084000,171538052000001,-6.42,-1.943,-33.142,0
1398294602326,41871655488000,171538052000001,-6.42,-1.943,-33.142,0
1398294602331,41871661439000,171538052000001,-6.42,-1.943,-33.142,0
1398294602346,41871675691000,171538052000001,-6.42,-1.943,-33.142,0
1398294602352,41871681886000,171538052000001,-6.42,-1.943,-33.142,0
1398294602366,41871695985000,171538052000001,-6.085,-1.943,-33.142,0
1398294602371,41871700807000,171538052000001,-6.085,-1.943,-33.142,0
1398294602391,41871720643000,171538052000001,-6.085,-1.943,-33.142,0
1398294602394,41871724092000,171538052000001,-6.085,-1.943,-33.142,0
1398294602401,41871731294000,171538052000001,-5.722,-1.943,-33.142,0
1398294602412,41871742341000,171538052000001,-5.722,-1.943,-33.142,0
1398294602422,41871752320000,171538052000001,-5.722,-1.943,-33.142,0
1398294602432,41871762330000,171538052000001,-5.722,-1.943,-33.142,0
1398294602442,41871772340000,171538052000001,-5.41,-1.943,-33.142,0
1398294602453,41871782533000,171538052000001,-5.41,-1.943,-33.142,0
1398294602462,41871792329000,171538052000001,-5.41,-1.943,-33.142,0
1398294602472,41871802308000,171538052000001,-5.41,-1.943,-33.142,0
1398294602482,41871812470000,171538052000001,-5.41,-1.943,-33.456,0
1398294602495,41871825227000,171538052000001,-5.101,-1.943,-33.456,0
1398294602501,41871830964000,171538052000001,-5.101,-1.943,-33.456,0
1398294602513,41871840547000,171538052000001,-5.101,-1.943,-33.456,0
1398294602520,41871849366000,171538052000001,-5.101,-1.943,-33.456,0
1398294602531,41871860932000,171538052000001,-5.101,-1.943,-33.456,0
1398294602540,41871869416000,171538052000001,-5.101,-1.943,-33.456,0
1398294602549,41871879396000,171538052000001,-5.101,-1.943,-33.456,0
1398294602560,41871889405000,171538052000001,-5.101,-2.297,-33.456,0
1398294602569,41871899415000,171538052000001,-5.101,-2.297,-33.456,0
1398294602579,41871909394000,171538052000001,-5.101,-2.297,-33.456,0
1398294602589,41871919435000,171538052000001,-5.101,-2.297,-33.456,0
1398294602600,41871929444000,171538052000001,-5.101,-2.297,-33.456,0
1398294602611,41871939424000,171538052000001,-5.101,-2.297,-33.456,0
1398294602626,41871955445000,171538052000001,-5.101,-2.297,-33.148,0
1398294602631,41871960572000,171538052000001,-5.401,-2.621,-33.148,0
1398294602645,41871975343000,171538052000001,-5.401,-2.621,-33.148,0
1398294602652,41871982057000,171538052000001,-5.401,-2.621,-33.148,0
1398294602666,41871996095000,171538052000001,-5.401,-2.621,-33.148,0
1398294602670,41871999970000,171538052000001,-5.401,-2.621,-33.148,0
1398294602685,41872013154000,171538052000001,-5.746,-2.621,-33.148,0
1398294602696,41872025758000,171538052000001,-5.746,-2.621,-33.148,0
1398294602701,41872031220000,171538052000001,-5.746,-2.621,-32.82,0
1398294602714,41872043305000,171538052000001,-5.746,-2.621,-32.82,0
1398294602723,41872053010000,171538052000001,-5.746,-2.621,-32.82,0
1398294602733,41872063203000,171538052000001,-5.746,-2.621,-32.82,0
1398294602743,41872072755000,171538052000001,-5.746,-2.621,-32.82,0
1398294602753,41872083131000,171538052000001,-5.746,-2.621,-32.82,0
1398294602761,41872090943000,171538052000001,-5.746,-2.621,-32.82,0
1398294602775,41872104463000,171538052000001,-6.059,-2.621,-32.82,0
1398294602783,41872112794000,171538052000001,-6.059,-2.621,-32.82,0
1398294602793,41872123017000,171538052000001,-6.059,-2.621,-32.82,0
1398294602802,41872131745000,171538052000001,-6.059,-2.621,-32.82,0
1398294602813,41872142762000,171538052000001,-6.059,-2.621,-32.82,0
1398294602823,41872152986000,171538052000001,-6.059,-2.621,-32.82,0
1398294602833,41872162782000,171538052000001,-6.059,-2.621,-32.82,0
1398294602843,41872172883000,171538052000001,-5.69,-2.957,-32.82,0
1398294602856,41872186158000,171538052000001,-5.69,-2.957,-32.82,0
1398294602861,41872191285000,171538052000001,-5.69,-2.957,-32.82,0
1398294602876,41872205995000,171538052000001,-5.69,-2.957,-32.82,0
1398294602882,41872211946000,171538052000001,-5.69,-2.957,-32.82,0
1398294602897,41872226411000,171538052000001,-5.384,-2.957,-32.82,0
1398294602901,41872231355000,171538052000001,-5.384,-2.957,-32.82,0
1398294602915,41872244569000,171538052000001,-5.384,-2.957,-32.82,0
1398294602931,41872249726000,171538052000001,-5.384,-2.957,-32.82,0
1398294602932,41872259736000,171538052000001,-5.384,-2.957,-32.82,0
1398294602944,41872273500000,171538052000001,-5.384,-2.957,-32.82,0
1398294602956,41872285707000,171538052000001,-5.384,-2.957,-32.82,0
1398294602962,41872292451000,171538052000001,-5.384,-2.957,-32.82,0
1398294602977,41872306459000,171538052000001,-5.384,-2.957,-32.82,0
1398294602981,41872311311000,171538052000001,-5.384,-2.957,-32.82,0
1398294603003,41872326387000,171538052000001,-5.384,-2.957,-32.82,0
1398294603007,41872334657000,171538052000001,-5.384,-2.957,-32.82,0
1398294603012,41872339814000,171538052000001,-5.384,-2.957,-32.82,0
1398294603020,41872349855000,171538052000001,-5.384,-2.957,-32.82,0
1398294603030,41872359864000,171538052000001,-5.384,-2.957,-32.82,0
1398294603040,41872369874000,171538052000001,-5.384,-2.957,-32.82,0
1398294603050,41872379853000,171538052000001,-5.384,-2.957,-32.82,0
1398294603060,41872389863000,171538052000001,-5.384,-2.957,-32.82,0
1398294603072,41872401612000,171538052000001,-5.384,-2.957,-32.82,0
1398294603080,41872410249000,171538052000001,-5.715,-3.285,-32.82,0
1398294603118,41872419892000,171538052000001,-5.715,-3.285,-32.82,0
1398294603120,41872429902000,171538052000001,-5.715,-3.285,-32.82,0
1398294603121,41872439912000,171538052000001,-5.715,-3.285,-32.82,0
1398294603123,41872449922000,171538052000001,-5.715,-3.285,-32.82,0
1398294603133,41872462800000,171538052000001,-5.715,-3.285,-32.82,0
1398294603143,41872472840000,171538052000001,-5.715,-3.285,-32.82,0
1398294603156,41872486238000,171538052000001,-5.715,-3.607,-32.82,0
1398294603162,41872492219000,171538052000001,-5.715,-3.607,-32.82,0
1398294603177,41872506501000,171538052000001,-5.715,-3.607,-32.82,0
1398294603181,41872511476000,171538052000001,-5.715,-3.607,-32.82,0
1398294603196,41872526307000,171538052000001,-5.715,-3.607,-32.82,0
1398294603202,41872532289000,171538052000001,-5.715,-3.607,-32.82,0
1398294603216,41872546266000,171538052000001,-5.715,-3.607,-32.82,0
1398294603222,41872552217000,171538052000001,-5.715,-3.607,-32.82,0
1398294603237,41872566468000,171538052000001,-5.715,-3.607,-32.82,0
1398294603242,41872571626000,171538052000001,-5.715,-3.607,-32.82,0
1398294603262,41872587037000,171538052000001,-5.715,-3.607,-32.82,0
1398294603263,41872590150000,171538052000001,-5.715,-3.607,-32.82,0
1398294603279,41872601930000,171538052000001,-5.715,-3.607,-32.82,0
1398294603282,41872610139000,171538052000001,-5.715,-3.607,-32.82,0
1398294603296,41872621430000,171538052000001,-5.715,-3.607,-32.82,0
1398294603301,41872630952000,171538052000001,-5.715,-3.607,-32.82,0
1398294603325,41872641847000,171538052000001,-5.715,-3.607,-32.82,0
1398294603331,41872650178000,171538052000001,-5.715,-3.607,-32.82,0
1398294603334,41872660188000,171538052000001,-5.715,-3.607,-32.82,0
1398294603343,41872670228000,171538052000001,-5.715,-3.607,-32.82,0
1398294603351,41872680909000,171538052000001,-5.715,-3.607,-32.82,0
1398294603361,41872690156000,171538052000001,-5.715,-3.607,-32.82,0
1398294603371,41872701203000,171538052000001,-5.715,-3.607,-32.82,0
1398294603384,41872710237000,171538052000001,-5.715,-3.607,-32.82,0
1398294603394,41872720613000,171538052000001,-5.715,-3.607,-32.82,0
1398294603404,41872730226000,171538052000001,-5.715,-3.607,-32.82,0
1398294603413,41872740235000,171538052000001,-5.715,-3.607,-32.82,0
1398294603420,41872750276000,171538052000001,-5.715,-3.607,-32.82,0
1398294603432,41872761811000,171538052000001,-5.715,-3.607,-32.82,0
1398294603440,41872770295000,171538052000001,-5.715,-3.607,-32.82,0
1398294603450,41872780274000,171538052000001,-5.715,-3.607,-32.82,0
1398294603460,41872790315000,171538052000001,-6.089,-3.607,-32.82,0
1398294603470,41872800294000,171538052000001,-6.089,-3.607,-32.82,0
1398294603480,41872810304000,171538052000001,-6.089,-3.607,-32.82,0
1398294603491,41872820497000,171538052000001,-6.089,-3.607,-32.82,0
1398294603500,41872830476000,171538052000001,-6.089,-3.607,-32.82,0
1398294603510,41872840333000,171538052000001,-6.089,-3.607,-32.82,0
1398294603520,41872850343000,171538052000001,-6.089,-3.607,-32.518,0
1398294603530,41872860353000,171538052000001,-6.089,-3.607,-32.518,0
1398294603540,41872870393000,171538052000001,-6.089,-3.607,-32.518,0
1398294603550,41872880372000,171538052000001,-6.089,-3.607,-32.518,0
1398294603561,41872890504000,171538052000001,-6.089,-3.607,-32.518,0
1398294603572,41872900392000,171538052000001,-6.089,-3.607,-32.518,0
1398294603581,41872910432000,171538052000001,-6.089,-3.607,-32.518,0
1398294603597,41872920442000,171538052000001,-6.089,-3.607,-32.518,0
1398294603612,41872930451000,171538052000001,-6.089,-3.607,-32.518,0
1398294603614,41872943543000,171538052000001,-6.089,-3.607,-32.518,0
1398294603624,41872950440000,171538052000001,-6.089,-3.607,-32.518,0
1398294603630,41872960420000,171538052000001,-6.089,-3.607,-32.518,0
1398294603640,41872970429000,171538052000001,-6.089,-3.607,-32.518,0
1398294603650,41872980439000,171538052000001,-5.781,-3.607,-32.518,0
1398294603660,41872990449000,171538052000001,-5.781,-3.916,-32.518,0
1398294603670,41873000459000,171538052000001,-5.781,-3.916,-32.518,0
1398294603680,41873010469000,171538052000001,-5.471,-3.916,-32.518,0
1398294603690,41873020478000,171538052000001,-5.471,-3.916,-32.518,0
1398294603700,41873030488000,171538052000001,-5.471,-3.916,-32.518,0
1398294603710,41873040498000,171538052000001,-5.471,-3.916,-32.518,0
1398294603721,41873050691000,171538052000001,-5.471,-3.916,-32.518,0
1398294603730,41873060517000,171538052000001,-5.471,-3.916,-32.518,0
1398294603740,41873070527000,171538052000001,-5.471,-3.916,-32.518,0
1398294603750,41873080537000,171538052000001,-5.471,-3.916,-32.518,0
1398294603760,41873090547000,171538052000001,-5.471,-3.916,-32.518,0
1398294603770,41873100556000,171538052000001,-5.471,-3.916,-32.518,0
1398294603780,41873110566000,171538052000001,-5.471,-3.916,-32.518,0
1398294603792,41873122102000,171538052000001,-5.471,-3.916,-32.518,0
1398294603800,41873130616000,171538052000001,-5.471,-3.916,-32.518,0
1398294603810,41873140595000,171538052000001,-5.471,-3.916,-32.518,0
1398294603820,41873150605000,171538052000001,-5.471,-3.916,-32.518,0
1398294603830,41873160615000,171538052000001,-5.471,-3.916,-32.518,0
1398294603841,41873170625000,171538052000001,-5.471,-3.916,-32.518,0
1398294603850,41873180635000,171538052000001,-5.471,-3.916,-32.518,0
1398294603860,41873190644000,171538052000001,-5.471,-3.593,-32.518,0
1398294603871,41873200654000,171538052000001,-5.471,-3.593,-32.518,0
1398294603881,41873210664000,171538052000001,-5.786,-3.593,-32.518,0
1398294603891,41873220674000,171538052000001,-5.786,-3.593,-32.518,0
1398294603901,41873230683000,171538052000001,-5.786,-3.593,-32.518,0
1398294603914,41873241670000,171538052000001,-5.786,-3.593,-32.518,0
1398294603923,41873252931000,171538052000001,-6.161,-3.292,-32.518,0
1398294603934,41873264436000,171538052000001,-6.161,-3.292,-32.518,0
1398294603945,41873274598000,171538052000001,-6.161,-3.292,-32.518,0
1398294603954,41873284272000,171538052000001,-6.161,-3.292,-32.518,0
1398294603963,41873293366000,171538052000001,-6.161,-3.292,-32.518,0
1398294603975,41873304689000,171538052000001,-6.504,-3.292,-32.518,0
1398294603983,41873313142000,171538052000001,-6.504,-3.292,-32.518,0
1398294603994,41873324311000,171538052000001,-6.504,-3.292,-32.518,0
1398294604005,41873334291000,171538052000001,-6.504,-3.292,-32.518,0
1398294604013,41873342622000,171538052000001,-6.504,-2.967,-32.518,0
1398294604024,41873354341000,171538052000001,-6.504,-2.967,-32.518,0
1398294604033,41873362763000,171538052000001,-6.504,-2.967,-32.518,0
1398294604044,41873374330000,171538052000001,-6.504,-2.967,-32.518,0
1398294604054,41873384248000,171538052000001,-6.504,-2.967,-32.518,0
1398294604065,41873394593000,171538052000001,-6.504,-2.967,-32.518,0
1398294604074,41873404359000,171538052000001,-6.504,-2.967,-32.518,0
1398294604084,41873414369000,171538052000001,-6.504,-2.967,-32.518,0
1398294604108,41873424348000,171538052000001,-6.504,-2.967,-32.518,0
1398294604122,41873431062000,171538052000001,-6.504,-2.967,-32.518,0
1398294604124,41873440949000,171538052000001,-6.504,-2.967,-32.518,0
1398294604125,41873450929000,171538052000001,-6.504,-2.967,-32.826,0
1398294604131,41873460939000,171538052000001,-6.155,-2.967,-32.826,0
1398294604149,41873470979000,171538052000001,-6.155,-2.967,-32.826,0
1398294604163,41873482514000,171538052000001,-6.155,-2.967,-32.826,0
1398294604171,41873490998000,171538052000001,-6.155,-2.967,-32.826,0
1398294604173,41873501008000,171538052000001,-6.155,-2.967,-32.826,0
1398294604181,41873510987000,171538052000001,-6.155,-2.967,-32.826,0
1398294604192,41873520997000,171538052000001,-6.155,-2.967,-32.826,0
1398294604206,41873531007000,171538052000001,-6.155,-2.967,-32.826,0
1398294604211,41873541047000,171538052000001,-6.155,-2.967,-32.826,0
1398294604222,41873551057000,171538052000001,-6.155,-2.967,-32.826,0
1398294604233,41873563508000,171538052000001,-6.155,-2.967,-32.826,0
1398294604241,41873571046000,171538052000001,-6.155,-2.967,-32.826,0
1398294604252,41873581544000,171538052000001,-6.155,-2.967,-32.826,0
1398294604263,41873591584000,171538052000001,-6.155,-2.967,-32.826,0
1398294604271,41873601014000,171538052000001,-6.155,-2.967,-32.826,0
1398294604281,41873611024000,171538052000001,-6.155,-2.967,-32.826,0
1398294604291,41873621064000,171538052000001,-6.155,-2.967,-32.826,0
1398294604301,41873631074000,171538052000001,-6.155,-2.967,-32.826,0
1398294604313,41873641267000,171538052000001,-6.155,-2.967,-32.826,0
1398294604322,41873651094000,171538052000001,-6.155,-2.967,-32.826,0
1398294604333,41873662629000,171538052000001,-6.155,-2.967,-32.826,0
1398294604342,41873671174000,171538052000001,-6.155,-2.967,-32.826,0
1398294604351,41873681092000,171538052000001,-6.155,-2.967,-32.826,0
1398294604361,41873691285000,171538052000001,-6.155,-2.967,-32.826,0
1398294604371,41873701112000,171538052000001,-6.155,-2.967,-32.826,0
1398294604381,41873711122000,171538052000001,-6.155,-3.291,-32.826,0
1398294604391,41873721162000,171538052000001,-6.155,-3.291,-32.826,0
1398294604401,41873731172000,171538052000001,-6.155,-3.291,-32.826,0
1398294604411,41873741212000,171538052000001,-6.155,-3.291,-32.826,0
1398294604421,41873751191000,171538052000001,-6.155,-3.291,-32.826,0
1398294604431,41873761170000,171538052000001,-6.155,-3.291,-32.826,0
1398294604441,41873771180000,171538052000001,-6.155,-3.291,-32.826,0
1398294604451,41873781190000,171538052000001,-6.155,-3.291,-32.826,0
1398294604461,41873791200000,171538052000001,-6.155,-3.291,-32.826,0
1398294604471,41873801210000,171538052000001,-6.155,-3.291,-32.826,0
1398294604481,41873811219000,171538052000001,-6.155,-3.291,-32.826,0
1398294604491,41873821260000,171538052000001,-6.155,-3.291,-32.826,0
1398294604501,41873831239000,171538052000001,-6.155,-3.291,-32.826,0
1398294604513,41873842835000,171538052000001,-6.155,-3.291,-32.826,0
1398294604521,41873851319000,171538052000001,-6.155,-3.291,-32.826,0
1398294604534,41873864595000,171538052000001,-6.155,-3.291,-32.826,0
1398294604541,41873871278000,171538052000001,-6.155,-3.291,-32.826,0
1398294604551,41873881288000,171538052000001,-6.155,-3.291,-32.826,0
1398294604561,41873891297000,171538052000001,-6.155,-3.291,-32.826,0
1398294604571,41873901307000,171538052000001,-6.155,-3.291,-32.826,0
1398294604581,41873911317000,171538052000001,-6.155,-3.291,-32.826,0
1398294604591,41873921327000,171538052000001,-6.155,-3.291,-32.826,0
1398294604601,41873931336000,171538052000001,-6.155,-3.291,-32.826,0
1398294604611,41873941346000,171538052000001,-6.155,-3.291,-32.826,0
1398294604621,41873951356000,171538052000001,-6.155,-3.291,-32.826,0
1398294604631,41873961366000,171538052000001,-6.155,-3.291,-32.826,0
1398294604641,41873971376000,171538052000001,-6.155,-3.291,-32.826,0
1398294604651,41873981385000,171538052000001,-6.155,-3.291,-32.826,0
1398294604664,41873991792000,171538052000001,-6.155,-3.291,-32.826,0
1398294604675,41874005128000,171538052000001,-6.155,-3.291,-32.826,0
1398294604684,41874014100000,171538052000001,-6.155,-3.657,-32.826,0
1398294604695,41874024781000,171538052000001,-6.155,-3.657,-32.826,0
1398294604707,41874031526000,171538052000001,-6.155,-3.657,-32.826,0
1398294604713,41874042939000,171538052000001,-6.155,-3.657,-32.826,0
1398294604724,41874051484000,171538052000001,-6.155,-3.974,-32.826,0
1398294604748,41874063386000,171538052000001,-6.155,-3.974,-32.826,0
1398294604764,41874076448000,171538052000001,-6.155,-3.974,-32.826,0
1398294604766,41874085359000,171538052000001,-6.155,-3.974,-32.826,0
1398294604775,41874094483000,171538052000001,-6.155,-4.379,-32.826,0
1398294604781,41874101747000,171538052000001,-6.155,-4.379,-32.51,0
1398294604783,41874111573000,171538052000001,-6.155,-4.379,-32.51,0
1398294604792,41874121705000,171538052000001,-6.155,-4.721,-32.51,0
1398294604805,41874131562000,171538052000001,-6.155,-4.721,-32.51,0
1398294604812,41874141603000,171538052000001,-6.155,-4.721,-32.51,0
1398294604827,41874151612000,171538052000001,-6.155,-5.038,-32.51,0
1398294604834,41874161592000,171538052000001,-6.155,-5.038,-32.51,0
1398294604844,41874171601000,171538052000001,-6.155,-5.038,-32.51,0
1398294604854,41874181611000,171538052000001,-6.155,-5.038,-32.51,0
1398294604863,41874191651000,171538052000001,-6.155,-5.038,-32.51,0
1398294604873,41874203187000,171538052000001,-6.155,-5.368,-32.51,0
1398294604881,41874211640000,171538052000001,-6.155,-5.368,-32.51,0
1398294604892,41874221650000,171538052000001,-6.155,-5.368,-32.51,0
1398294604902,41874231660000,171538052000001,-6.155,-5.368,-32.51,0
1398294604912,41874241639000,171538052000001,-6.155,-5.368,-32.51,0
1398294604922,41874251649000,171538052000001,-6.155,-5.368,-32.51,0
1398294604931,41874261659000,171538052000001,-6.155,-5.368,-32.51,0
1398294604942,41874271974000,171538052000001,-6.155,-5.368,-32.51,0
1398294604952,41874281678000,171538052000001,-6.155,-5.368,-32.51,0
1398294604962,41874291688000,171538052000001,-6.155,-5.368,-32.205,0
1398294604972,41874301728000,171538052000001,-6.155,-5.368,-32.205,0
1398294604982,41874311677000,171538052000001,-6.155,-5.368,-32.205,0
1398294604993,41874321717000,171538052000001,-6.155,-5.368,-32.205,0
1398294605005,41874331727000,171538052000001,-6.155,-5.368,-32.205,0
1398294605012,41874341737000,171538052000001,-6.155,-5.368,-32.205,0
1398294605022,41874351716000,171538052000001,-6.155,-5.368,-32.205,0
1398294605032,41874361756000,171538052000001,-6.155,-5.368,-32.205,0
1398294605042,41874371736000,171538052000001,-6.155,-4.995,-32.205,0
1398294605053,41874383271000,171538052000001,-5.848,-4.995,-32.205,0
1398294605062,41874391847000,171538052000001,-5.848,-4.995,-32.205,0
1398294605071,41874401734000,171538052000001,-5.848,-4.995,-32.205,0
1398294605082,41874411866000,171538052000001,-5.848,-4.995,-32.205,0
1398294605092,41874421784000,171538052000001,-5.848,-4.995,-32.205,0
1398294605102,41874432038000,171538052000001,-5.848,-4.679,-32.205,0
1398294605112,41874441804000,171538052000001,-5.848,-4.679,-32.205,0
1398294605121,41874451783000,171538052000001,-5.848,-4.679,-32.205,0
1398294605132,41874461793000,171538052000001,-5.848,-4.679,-32.205,0
1398294605142,41874471833000,171538052000001,-5.848,-4.679,-32.205,0
1398294605154,41874483949000,171538052000001,-5.848,-4.679,-32.205,0
1398294605162,41874491853000,171538052000001,-5.848,-4.324,-32.205,0
1398294605175,41874501893000,171538052000001,-5.848,-4.324,-32.205,0
1398294605185,41874511872000,171538052000001,-6.222,-4.324,-32.205,0
1398294605192,41874521882000,171538052000001,-6.222,-4.324,-32.205,0
1398294605202,41874531892000,171538052000001,-6.222,-4.324,-32.205,0
1398294605212,41874541902000,171538052000001,-6.222,-4.324,-32.205,0
1398294605222,41874551911000,171538052000001,-6.222,-4.324,-32.205,0
1398294605234,41874563447000,171538052000001,-6.222,-4.324,-32.205,0
1398294605242,41874571961000,171538052000001,-6.222,-4.324,-32.205,0
1398294605252,41874581910000,171538052000001,-6.568,-4.324,-32.205,0
1398294605262,41874591950000,171538052000001,-6.568,-4.324,-32.205,0
1398294605272,41874601930000,171538052000001,-6.568,-4.324,-32.205,0
1398294605282,41874611939000,171538052000001,-6.568,-4.324,-32.205,0
1398294605292,41874622071000,171538052000001,-6.568,-4.324,-32.205,0
1398294605302,41874631990000,171538052000001,-6.568,-4.008,-32.205,0
1398294605315,41874642030000,171538052000001,-6.568,-4.008,-32.205,0
1398294605325,41874652528000,171538052000001,-6.884,-4.008,-32.205,0
1398294605332,41874662019000,171538052000001,-6.884,-4.008,-32.205,0
1398294605342,41874672029000,171538052000001,-6.884,-4.008,-32.205,0
1398294605352,41874682038000,171538052000001,-6.884,-4.008,-32.205,0
1398294605362,41874692048000,171538052000001,-6.884,-4.008,-32.205,0
1398294605372,41874702058000,171538052000001,-6.884,-4.008,-32.205,0
1398294605382,41874712068000,171538052000001,-6.884,-4.008,-32.205,0
1398294605392,41874722077000,171538052000001,-6.884,-4.318,-32.205,0
1398294605402,41874732087000,171538052000001,-6.884,-4.318,-32.205,0
1398294605414,41874743623000,171538052000001,-6.884,-4.318,-32.205,0
1398294605422,41874752503000,171538052000001,-6.884,-4.318,-32.205,0
1398294605432,41874762116000,171538052000001,-6.884,-4.318,-32.205,0
1398294605442,41874772157000,171538052000001,-6.884,-4.621,-32.205,0
1398294605456,41874786073000,171538052000001,-6.884,-4.621,-32.205,0
1398294605462,41874792146000,171538052000001,-6.559,-4.621,-32.205,0
1398294605472,41874802156000,171538052000001,-6.559,-4.621,-32.205,0
1398294605482,41874812165000,171538052000001,-6.559,-4.621,-32.205,0
1398294605493,41874822175000,171538052000001,-6.559,-4.621,-32.205,0
1398294605502,41874832185000,171538052000001,-6.559,-4.621,-32.205,0
1398294605512,41874842195000,171538052000001,-6.559,-4.953,-32.205,0
1398294605523,41874852204000,171538052000001,-6.559,-4.953,-32.205,0
1398294605536,41874862214000,171538052000001,-6.228,-4.953,-32.205,0
1398294605542,41874872224000,171538052000001,-6.228,-4.953,-32.205,0
1398294605552,41874882203000,171538052000001,-6.228,-4.953,-32.205,0
1398294605562,41874892243000,171538052000001,-6.228,-4.953,-32.205,0
1398294605574,41874902314000,171538052000001,-6.228,-4.953,-32.205,0
1398294605582,41874912263000,171538052000001,-6.228,-4.953,-32.205,0
1398294605594,41874923829000,171538052000001,-6.228,-4.953,-32.205,0
1398294605602,41874932313000,171538052000001,-6.228,-4.953,-32.205,0
1398294605612,41874942292000,171538052000001,-6.228,-4.953,-32.205,0
1398294605622,41874952302000,171538052000001,-6.228,-4.953,-32.205,0
1398294605632,41874962312000,171538052000001,-6.228,-4.953,-32.205,0
1398294605642,41874972291000,171538052000001,-6.228,-4.953,-32.205,0
1398294605652,41874982362000,171538052000001,-6.228,-4.953,-32.205,0
1398294605662,41874992341000,171538052000001,-6.228,-4.953,-32.205,0
1398294605672,41875002351000,171538052000001,-6.228,-4.953,-32.205,0
1398294605682,41875012361000,171538052000001,-6.228,-4.953,-32.205,0
1398294605693,41875022798000,171538052000001,-6.228,-4.953,-32.205,0
1398294605702,41875032380000,171538052000001,-6.228,-4.953,-32.205,0
1398294605712,41875042390000,171538052000001,-6.228,-4.953,-32.205,0
1398294605722,41875052400000,171538052000001,-6.228,-4.953,-32.205,0
1398294605732,41875062409000,171538052000001,-6.228,-4.953,-32.205,0
1398294605742,41875072450000,171538052000001,-6.228,-4.953,-32.205,0
1398294605753,41875082460000,171538052000001,-6.228,-4.953,-32.205,0
1398294605767,41875096620000,171538052000001,-6.228,-4.953,-32.205,0
1398294605775,41875104005000,171538052000001,-6.228,-4.953,-32.205,0
1398294605784,41875112519000,171538052000001,-6.228,-4.953,-32.205,0
1398294605793,41875122499000,171538052000001,-6.228,-4.953,-32.205,0
1398294605802,41875132508000,171538052000001,-6.228,-4.953,-32.205,0
1398294605812,41875142518000,171538052000001,-6.228,-4.953,-32.205,0
1398294605822,41875152528000,171538052000001,-6.228,-4.953,-32.205,0
1398294605832,41875162538000,171538052000001,-6.228,-4.953,-32.205,0
1398294605843,41875172547000,171538052000001,-6.228,-4.953,-32.205,0
1398294605858,41875182588000,171538052000001,-6.228,-4.953,-32.205,0
1398294605862,41875192597000,171538052000001,-6.228,-4.953,-32.205,0
1398294605873,41875202577000,171538052000001,-6.228,-4.953,-32.205,0
1398294605883,41875212586000,171538052000001,-6.228,-4.953,-32.205,0
1398294605893,41875222596000,171538052000001,-6.228,-4.953,-32.205,0
1398294605903,41875232606000,171538052000001,-6.228,-4.953,-32.205,0
1398294605913,41875242616000,171538052000001,-6.228,-4.606,-32.205,0
1398294605923,41875252626000,171538052000001,-6.228,-4.606,-32.205,0
1398294605933,41875262635000,171538052000001,-6.228,-4.606,-32.205,0
1398294605942,41875272645000,171538052000001,-6.228,-4.606,-32.205,0
1398294605954,41875284181000,171538052000001,-6.228,-4.606,-32.205,0
1398294605963,41875292695000,171538052000001,-6.228,-4.606,-32.205,0
1398294605973,41875302857000,171538052000001,-6.228,-4.606,-32.205,0
1398294605982,41875312684000,171538052000001,-6.228,-4.606,-32.205,0
1398294605992,41875322694000,171538052000001,-6.228,-4.606,-32.205,0
1398294606002,41875332704000,171538052000001,-6.228,-4.606,-32.205,0
1398294606013,41875342713000,171538052000001,-6.228,-4.606,-32.513,0
1398294606023,41875352723000,171538052000001,-6.228,-4.606,-32.513,0
1398294606032,41875362733000,171538052000001,-6.228,-4.298,-32.513,0
1398294606043,41875372743000,171538052000001,-6.228,-4.298,-32.513,0
1398294606053,41875382752000,171538052000001,-6.228,-4.298,-32.513,0
1398294606063,41875392762000,171538052000001,-6.228,-4.298,-32.513,0
1398294606076,41875405549000,171538052000001,-6.228,-4.298,-32.513,0
1398294606090,41875412751000,171538052000001,-6.228,-4.298,-32.513,0
1398294606096,41875422944000,171538052000001,-6.228,-4.298,-32.513,0
1398294606103,41875432771000,171538052000001,-6.228,-4.298,-32.513,0
1398294606113,41875442781000,171538052000001,-6.228,-4.298,-32.513,0
1398294606123,41875452760000,171538052000001,-6.228,-4.298,-32.513,0
1398294606135,41875464356000,171538052000001,-6.228,-4.298,-32.513,0
1398294606143,41875472840000,171538052000001,-6.228,-4.298,-32.513,0
1398294606153,41875482820000,171538052000001,-6.228,-4.298,-32.513,0
1398294606163,41875492829000,171538052000001,-6.228,-4.298,-32.513,0
1398294606173,41875502870000,171538052000001,-6.228,-4.298,-32.513,0
1398294606183,41875512849000,171538052000001,-6.228,-4.298,-32.513,0
1398294606193,41875522859000,171538052000001,-6.228,-4.298,-32.513,0
1398294606203,41875532838000,171538052000001,-6.228,-3.988,-32.513,0
1398294606213,41875542848000,171538052000001,-6.228,-3.988,-32.513,0
1398294606223,41875552857000,171538052000001,-5.871,-3.988,-32.513,0
1398294606233,41875562867000,171538052000001,-5.871,-3.988,-32.513,0
1398294606243,41875572877000,171538052000001,-5.871,-3.988,-32.513,0
1398294606253,41875582917000,171538052000001,-5.871,-3.988,-32.513,0
1398294606263,41875592927000,171538052000001,-5.563,-3.988,-32.513,0
1398294606273,41875602937000,171538052000001,-5.563,-3.988,-32.513,0
1398294606283,41875612947000,171538052000001,-5.563,-3.988,-32.513,0
1398294606293,41875622956000,171538052000001,-5.197,-3.988,-32.513,0
1398294606303,41875632966000,171538052000001,-5.197,-3.988,-32.847,0
1398294606314,41875644532000,171538052000001,-5.197,-3.988,-32.847,0
1398294606324,41875653047000,171538052000001,-4.875,-3.988,-32.847,0
1398294606333,41875663026000,171538052000001,-4.875,-4.31,-32.847,0
1398294606343,41875673036000,171538052000001,-4.875,-4.31,-32.847,0
1398294606353,41875683076000,171538052000001,-4.875,-4.31,-32.847,0
1398294606364,41875693025000,171538052000001,-4.521,-4.31,-32.847,0
1398294606373,41875703095000,171538052000001,-4.521,-4.31,-32.847,0
1398294606385,41875713014000,171538052000001,-4.521,-4.31,-32.847,0
1398294606393,41875723054000,171538052000001,-4.521,-4.31,-32.847,0
1398294606403,41875733064000,171538052000001,-4.521,-4.31,-32.847,0
1398294606413,41875743043000,171538052000001,-4.171,-4.31,-32.847,0
1398294606423,41875753053000,171538052000001,-4.171,-4.31,-32.847,0
1398294606433,41875763093000,171538052000001,-4.171,-4.31,-32.847,0
1398294606443,41875773133000,171538052000001,-4.171,-4.31,-32.847,0
1398294606453,41875783143000,171538052000001,-4.171,-4.31,-33.174,0
1398294606464,41875793092000,171538052000001,-4.171,-4.31,-33.174,0
1398294606473,41875803132000,171538052000001,-4.171,-4.31,-33.174,0
1398294606483,41875813111000,171538052000001,-4.171,-4.31,-33.174,0
1398294606495,41875824678000,171538052000001,-4.171,-4.31,-33.174,0
1398294606503,41875833161000,171538052000001,-4.171,-4.31,-33.174,0
1398294606514,41875843171000,171538052000001,-4.171,-4.31,-33.174,0
1398294606523,41875853395000,171538052000001,-4.171,-4.31,-33.174,0
1398294606533,41875863191000,171538052000001,-4.171,-4.31,-33.174,0
1398294606543,41875873200000,171538052000001,-4.171,-3.939,-33.174,0
1398294606553,41875883210000,171538052000001,-4.171,-3.939,-33.174,0
1398294606563,41875893220000,171538052000001,-4.171,-3.939,-33.174,0
1398294606573,41875903230000,171538052000001,-4.171,-3.939,-33.174,0
1398294606583,41875913240000,171538052000001,-4.171,-3.939,-33.174,0
1398294606593,41875923249000,171538052000001,-4.171,-3.939,-33.174,0
1398294606603,41875933259000,171538052000001,-4.171,-3.939,-33.174,0
1398294606613,41875943269000,171538052000001,-4.171,-3.59,-33.174,0
1398294606624,41875953309000,171538052000001,-4.171,-3.59,-33.174,0
1398294606633,41875963319000,171538052000001,-4.171,-3.59,-33.174,0
1398294606643,41875973329000,171538052000001,-4.171,-3.59,-33.174,0
1398294606653,41875983338000,171538052000001,-4.171,-3.59,-33.174,0
1398294606664,41875993318000,171538052000001,-4.171,-3.59,-33.174,0
1398294606675,41876004914000,171538052000001,-4.171,-3.59,-33.174,0
1398294606688,41876018251000,171538052000001,-4.171,-3.59,-33.174,0
1398294606693,41876023316000,171538052000001,-4.171,-3.59,-33.174,0
1398294606703,41876033326000,171538052000001,-4.171,-3.59,-33.174,0
1398294606713,41876043336000,171538052000001,-4.171,-3.59,-33.174,0
1398294606723,41876053346000,171538052000001,-4.171,-3.59,-33.174,0
1398294606733,41876063386000,171538052000001,-4.171,-3.59,-33.174,0
1398294606743,41876073426000,171538052000001,-4.171,-3.59,-33.174,0
1398294606753,41876083406000,171538052000001,-4.171,-3.59,-33.174,0
1398294606764,41876093415000,171538052000001,-4.171,-3.59,-33.174,0
1398294606773,41876103425000,171538052000001,-4.171,-3.59,-33.174,0
1398294606784,41876113404000,171538052000001,-4.171,-3.59,-33.174,0
1398294606796,41876123445000,171538052000001,-4.51,-3.59,-33.174,0
1398294606804,41876133485000,171538052000001,-4.51,-3.59,-33.174,0
1398294606815,41876143464000,171538052000001,-4.51,-3.59,-33.174,0
1398294606824,41876153443000,171538052000001,-4.832,-3.59,-33.174,0
1398294606834,41876163484000,171538052000001,-4.832,-3.59,-33.174,0
1398294606843,41876173463000,171538052000001,-4.832,-3.59,-33.174,0
1398294606855,41876185029000,171538052000001,-4.832,-3.59,-32.87,0
1398294606863,41876193513000,171538052000001,-4.832,-3.59,-32.87,0
1398294606873,41876203462000,171538052000001,-5.137,-3.59,-32.87,0
1398294606883,41876213502000,171538052000001,-5.137,-3.59,-32.87,0
1398294606893,41876223512000,171538052000001,-5.137,-3.59,-32.87,0
1398294606903,41876233522000,171538052000001,-5.137,-3.59,-32.87,0
1398294606914,41876243562000,171538052000001,-5.137,-3.59,-32.87,0
1398294606923,41876253572000,171538052000001,-5.137,-3.59,-32.87,0
1398294606933,41876263551000,171538052000001,-5.137,-3.59,-32.87,0
1398294606943,41876273561000,171538052000001,-5.137,-3.59,-32.87,0
1398294606953,41876283570000,171538052000001,-5.137,-3.913,-32.87,0
1398294606964,41876293794000,171538052000001,-5.137,-3.913,-32.87,0
1398294606973,41876303590000,171538052000001,-5.137,-3.913,-32.87,0
1398294606984,41876313661000,171538052000001,-5.137,-3.913,-32.87,0
1398294606997,41876327210000,171538052000001,-5.137,-3.913,-32.87,0
1398294607003,41876333619000,171538052000001,-5.137,-3.913,-32.87,0
1398294607014,41876343629000,171538052000001,-5.137,-3.913,-32.87,0
1398294607024,41876353669000,171538052000001,-5.137,-4.226,-32.87,0
1398294607035,41876365205000,171538052000001,-5.137,-4.226,-32.87,0
1398294607044,41876373719000,171538052000001,-4.817,-4.226,-32.87,0
1398294607054,41876383699000,171538052000001,-4.817,-4.226,-32.87,0
1398294607064,41876393708000,171538052000001,-4.817,-4.226,-32.87,0
1398294607074,41876403688000,171538052000001,-4.817,-4.226,-32.87,0
1398294607084,41876413728000,171538052000001,-4.817,-4.226,-32.87,0
1398294607094,41876423738000,171538052000001,-4.817,-4.226,-32.87,0
1398294607104,41876433747000,171538052000001,-4.817,-4.226,-32.87,0
1398294607114,41876443757000,171538052000001,-4.817,-4.226,-32.87,0
1398294607124,41876453767000,171538052000001,-4.817,-4.226,-32.87,0
1398294607135,41876463746000,171538052000001,-4.817,-4.226,-32.87,0
1398294607144,41876473756000,171538052000001,-4.817,-4.226,-32.87,0
1398294607154,41876483796000,171538052000001,-4.817,-4.556,-32.87,0
1398294607169,41876493775000,171538052000001,-4.817,-4.556,-32.87,0
1398294607174,41876503816000,171538052000001,-4.817,-4.556,-32.87,0
1398294607184,41876513825000,171538052000001,-4.817,-4.556,-32.87,0
1398294607194,41876523805000,171538052000001,-4.817,-4.556,-32.87,0
1398294607204,41876533814000,171538052000001,-4.817,-4.556,-32.87,0
1398294607215,41876545350000,171538052000001,-4.817,-4.556,-32.87,0
1398294607225,41876553865000,171538052000001,-4.817,-4.556,-32.87,0
1398294607236,41876563874000,171538052000001,-4.817,-4.556,-32.87,0
1398294607244,41876573884000,171538052000001,-4.817,-4.556,-32.87,0
1398294607254,41876583894000,171538052000001,-4.817,-4.556,-32.87,0
1398294607264,41876593873000,171538052000001,-4.817,-4.556,-32.87,0
1398294607274,41876603883000,171538052000001,-4.817,-4.556,-32.87,0
1398294607284,41876613893000,171538052000001,-4.817,-4.556,-32.87,0
1398294607294,41876623902000,171538052000001,-4.817,-4.556,-32.87,0
1398294607304,41876634431000,171538052000001,-4.817,-4.556,-32.87,0
1398294607315,41876643952000,171538052000001,-4.817,-4.556,-32.87,0
1398294607324,41876653932000,171538052000001,-4.817,-4.556,-32.87,0
1398294607334,41876663941000,171538052000001,-4.817,-4.556,-32.87,0
1398294607345,41876673951000,171538052000001,-4.817,-4.896,-32.87,0
1398294607354,41876684022000,171538052000001,-4.817,-4.896,-32.87,0
1398294607365,41876694062000,171538052000001,-5.128,-4.896,-32.87,0
1398294607375,41876704011000,171538052000001,-5.128,-4.896,-32.87,0
1398294607384,41876713990000,171538052000001,-5.128,-4.896,-32.87,0
1398294607396,41876725740000,171538052000001,-5.128,-4.896,-32.87,0
1398294607404,41876734040000,171538052000001,-5.128,-4.896,-32.87,0
1398294607417,41876744050000,171538052000001,-5.128,-5.233,-32.87,0
1398294607426,41876754060000,171538052000001,-5.128,-5.233,-32.87,0
1398294607435,41876764527000,171538052000001,-5.128,-5.233,-32.87,0
1398294607449,41876774049000,171538052000001,-5.128,-5.233,-32.87,0
1398294607454,41876784059000,171538052000001,-5.128,-5.233,-32.87,0
1398294607464,41876794068000,171538052000001,-5.128,-5.564,-32.87,0
1398294607474,41876804078000,171538052000001,-4.826,-5.564,-32.568,0
1398294607484,41876814088000,171538052000001,-4.826,-5.564,-32.568,0
1398294607502,41876824098000,171538052000001,-4.826,-5.564,-32.568,0
1398294607512,41876834199000,171538052000001,-4.826,-5.941,-32.568,0
1398294607516,41876844178000,171538052000001,-4.513,-5.941,-32.568,0
1398294607525,41876854219000,171538052000001,-4.513,-5.941,-32.568,0
1398294607535,41876864198000,171538052000001,-4.513,-5.941,-32.568,0
1398294607545,41876874238000,171538052000001,-4.513,-5.941,-32.568,0
1398294607554,41876884248000,171538052000001,-4.513,-5.941,-32.568,0
1398294607564,41876894227000,171538052000001,-4.132,-5.941,-32.568,0
1398294607576,41876905824000,171538052000001,-4.132,-6.25,-32.568,0
1398294607584,41876914308000,171538052000001,-4.132,-6.25,-32.568,0
1398294607600,41876924287000,171538052000001,-4.132,-6.25,-32.568,0
1398294607611,41876934297000,171538052000001,-4.132,-6.25,-32.568,0
1398294607620,41876944276000,171538052000001,-4.132,-6.25,-32.568,0
1398294607627,41876954286000,171538052000001,-4.132,-6.25,-32.568,0
1398294607634,41876964479000,171538052000001,-4.132,-6.25,-32.568,0
1398294607644,41876974244000,171538052000001,-4.132,-6.25,-32.568,0
1398294607654,41876984254000,171538052000001,-4.132,-6.25,-32.568,0
1398294607664,41876994264000,171538052000001,-4.132,-5.905,-32.568,0
1398294607674,41877004273000,171538052000001,-4.132,-5.905,-32.568,0
1398294607684,41877014283000,171538052000001,-4.132,-5.905,-32.568,0
1398294607694,41877024293000,171538052000001,-4.132,-5.905,-32.568,0
1398294607704,41877034303000,171538052000001,-4.434,-5.509,-32.568,0
1398294607714,41877044313000,171538052000001,-4.434,-5.509,-32.568,0
1398294607724,41877054322000,171538052000001,-4.434,-5.509,-32.568,0
1398294607734,41877064332000,171538052000001,-4.434,-5.509,-32.568,0
1398294607744,41877074342000,171538052000001,-4.434,-5.174,-32.568,0
1398294607756,41877085908000,171538052000001,-4.434,-5.174,-32.568,0
1398294607764,41877094392000,171538052000001,-4.434,-5.174,-32.568,0
1398294607782,41877104371000,171538052000001,-4.434,-5.174,-32.568,0
1398294607784,41877114381000,171538052000001,-4.434,-5.174,-32.568,0
1398294607801,41877128449000,171538052000001,-4.434,-5.174,-32.568,0
1398294607808,41877134522000,171538052000001,-4.779,-5.174,-32.568,0
1398294607815,41877144471000,171538052000001,-4.779,-5.174,-32.568,0
1398294607824,41877154450000,171538052000001,-4.779,-5.174,-32.568,0
1398294607835,41877164674000,171538052000001,-4.779,-5.174,-32.568,0
1398294607845,41877174501000,171538052000001,-4.779,-5.174,-32.568,0
1398294607855,41877184510000,171538052000001,-4.779,-5.174,-32.568,0
1398294607864,41877194490000,171538052000001,-4.779,-5.174,-32.568,0
1398294607874,41877204499000,171538052000001,-4.779,-5.174,-32.568,0
1398294607884,41877214509000,171538052000001,-4.779,-5.174,-32.568,0
1398294607895,41877224519000,171538052000001,-4.779,-4.864,-32.568,0
1398294607905,41877234559000,171538052000001,-4.779,-4.864,-32.568,0
1398294607934,41877244721000,171538052000001,-4.779,-4.864,-32.568,0
1398294607942,41877254548000,171538052000001,-4.779,-4.864,-32.568,0
1398294607944,41877266084000,171538052000001,-4.779,-4.864,-32.568,0
1398294607945,41877274598000,171538052000001,-5.113,-4.864,-32.568,0
1398294607954,41877284547000,171538052000001,-5.113,-4.864,-32.568,0
1398294607964,41877294557000,171538052000001,-5.113,-4.864,-32.568,0
1398294607975,41877304566000,171538052000001,-5.113,-4.864,-32.568,0
1398294607985,41877314607000,171538052000001,-5.113,-4.864,-32.568,0
1398294607995,41877324616000,171538052000001,-5.113,-4.539,-32.568,0
1398294608004,41877334596000,171538052000001,-5.113,-4.539,-32.568,0
1398294608014,41877344606000,171538052000001,-5.113,-4.539,-32.568,0
1398294608025,41877354615000,171538052000001,-5.445,-4.229,-32.568,0
1398294608034,41877364625000,171538052000001,-5.445,-4.229,-32.568,0
1398294608044,41877374635000,171538052000001,-5.445,-4.229,-32.568,0
1398294608054,41877384645000,171538052000001,-5.445,-4.229,-32.568,0
1398294608064,41877394654000,171538052000001,-5.445,-3.897,-32.568,0
1398294608075,41877404664000,171538052000001,-5.787,-3.897,-32.568,0
1398294608084,41877414674000,171538052000001,-5.787,-3.897,-32.568,0
1398294608109,41877424714000,171538052000001,-5.787,-3.897,-32.568,0
1398294608114,41877434724000,171538052000001,-5.787,-3.897,-32.568,0
1398294608116,41877446260000,171538052000001,-5.787,-3.569,-32.568,0
1398294608125,41877454743000,171538052000001,-5.787,-3.569,-32.568,0
1398294608134,41877464723000,171538052000001,-5.787,-3.569,-32.568,0
1398294608145,41877474732000,171538052000001,-6.135,-3.569,-32.568,0
1398294608155,41877484742000,171538052000001,-6.135,-3.569,-32.568,0
1398294608165,41877494752000,171538052000001,-6.135,-3.265,-32.568,0
1398294608175,41877504762000,171538052000001,-6.135,-3.265,-32.568,0
1398294608185,41877514772000,171538052000001,-6.472,-3.265,-32.568,0
1398294608195,41877524781000,171538052000001,-6.472,-3.265,-32.568,0
1398294608204,41877534791000,171538052000001,-6.472,-2.9,-32.568,0
1398294608222,41877551240000,171538052000001,-6.472,-2.9,-32.568,0
1398294608227,41877556886000,171538052000001,-6.472,-2.9,-32.568,0
1398294608239,41877568940000,171538052000001,-6.472,-2.9,-32.568,0
1398294608250,41877579713000,171538052000001,-6.472,-2.586,-32.568,0
1398294608258,41877588410000,171538052000001,-6.472,-2.586,-32.568,0
1398294608269,41877599031000,171538052000001,-6.472,-2.586,-32.568,0
1398294608280,41877610078000,171538052000001,-6.472,-2.586,-32.568,0
1398294608288,41877618379000,171538052000001,-6.472,-2.586,-32.568,0
1398294608299,41877628511000,171538052000001,-6.472,-2.586,-32.568,0
1398294608309,41877638642000,171538052000001,-6.472,-2.275,-32.568,0
1398294608317,41877644960000,171538052000001,-6.472,-2.275,-32.568,0
1398294608326,41877654969000,171538052000001,-6.472,-2.275,-32.568,0
1398294608335,41877664979000,171538052000001,-6.472,-2.275,-32.568,0
1398294608345,41877674958000,171538052000001,-6.472,-2.275,-32.568,0
1398294608355,41877684968000,171538052000001,-6.777,-2.275,-32.568,0
1398294608365,41877694978000,171538052000001,-6.777,-2.275,-32.568,0
1398294608375,41877704988000,171538052000001,-6.777,-2.275,-32.568,0
1398294608385,41877715028000,171538052000001,-6.777,-2.661,-32.568,0
1398294608395,41877725038000,171538052000001,-6.777,-2.661,-32.568,0
1398294608405,41877735017000,171538052000001,-6.777,-2.661,-32.568,0
1398294608418,41877748353000,171538052000001,-6.777,-3.002,-32.568,0
1398294608430,41877759461000,171538052000001,-6.777,-3.002,-32.568,0
1398294608438,41877768373000,171538052000001,-6.777,-3.002,-32.568,0
1398294608449,41877779176000,171538052000001,-6.777,-3.395,-32.568,0
1398294608461,41877790467000,171538052000001,-6.777,-3.395,-32.568,0
1398294608469,41877798646000,171538052000001,-6.777,-3.395,-32.568,0
1398294608481,41877811097000,171538052000001,-6.777,-3.761,-32.568,0
1398294608487,41877817323000,171538052000001,-6.777,-3.761,-32.568,0
1398294608499,41877829225000,171538052000001,-6.777,-3.761,-32.244,0
1398294608511,41877840486000,171538052000001,-6.777,-3.761,-32.244,0
1398294608519,41877848695000,171538052000001,-6.777,-4.074,-32.244,0
1398294608537,41877860017000,171538052000001,-6.777,-4.074,-32.244,0
1398294608538,41877865998000,171538052000001,-6.777,-4.074,-32.244,0
1398294608548,41877875154000,171538052000001,-6.777,-4.074,-32.244,0
1398294608559,41877885987000,171538052000001,-6.777,-4.074,-32.244,0
1398294608566,41877895234000,171538052000001,-6.777,-4.074,-32.244,0
1398294608583,41877906373000,171538052000001,-6.777,-4.074,-32.244,0
1398294608587,41877915223000,171538052000001,-6.777,-4.074,-32.244,0
1398294608598,41877925202000,171538052000001,-6.777,-4.074,-32.244,0
1398294608606,41877935731000,171538052000001,-6.777,-4.074,-32.244,0
1398294608616,41877945680000,171538052000001,-6.777,-4.074,-32.244,0
1398294608628,41877956636000,171538052000001,-6.777,-4.074,-32.244,0
1398294608643,41877965272000,171538052000001,-6.777,-4.074,-32.244,0
1398294608650,41877975251000,171538052000001,-6.777,-4.074,-32.244,0
1398294608662,41877986848000,171538052000001,-6.777,-4.074,-32.244,0
1398294608665,41877995332000,171538052000001,-6.777,-3.767,-32.244,0
1398294608683,41878005281000,171538052000001,-6.777,-3.767,-32.244,0
1398294608685,41878015290000,171538052000001,-6.777,-3.767,-32.548,0
1398294608695,41878025300000,171538052000001,-6.777,-3.767,-32.548,0
1398294608705,41878035310000,171538052000001,-6.777,-3.767,-32.548,0
1398294608715,41878045320000,171538052000001,-6.777,-3.767,-32.548,0
1398294608727,41878055390000,171538052000001,-6.777,-3.767,-32.548,0
1398294608737,41878065370000,171538052000001,-6.777,-3.767,-32.548,0
1398294608748,41878075349000,171538052000001,-6.777,-3.767,-32.548,0
1398294608758,41878085389000,171538052000001,-6.777,-3.767,-32.548,0
1398294608766,41878095399000,171538052000001,-6.777,-3.767,-32.548,0
1398294608780,41878105378000,171538052000001,-6.777,-3.767,-32.548,0
1398294608785,41878115388000,171538052000001,-6.777,-3.767,-32.548,0
1398294608797,41878125398000,171538052000001,-6.777,-3.767,-32.548,0
1398294608806,41878135438000,171538052000001,-6.777,-3.767,-32.548,0
1398294608816,41878145448000,171538052000001,-6.777,-3.767,-32.548,0
1398294608826,41878155458000,171538052000001,-6.777,-3.767,-32.548,0
1398294608843,41878172151000,171538052000001,-6.777,-3.767,-32.548,0
1398294608846,41878176179000,171538052000001,-6.777,-3.767,-32.548,0
1398294608857,41878187287000,171538052000001,-6.777,-3.767,-32.548,0
1398294608872,41878200471000,171538052000001,-6.777,-3.767,-32.548,0
1398294608877,41878206819000,171538052000001,-6.777,-3.767,-32.548,0
1398294608890,41878220185000,171538052000001,-6.777,-3.767,-32.548,0
1398294608899,41878228669000,171538052000001,-6.777,-3.767,-32.548,0
1398294608909,41878235993000,171538052000001,-6.777,-3.465,-32.548,0
1398294608933,41878245973000,171538052000001,-6.777,-3.465,-32.548,0
1398294608936,41878255555000,171538052000001,-6.777,-3.465,-32.548,0
1398294608945,41878265565000,171538052000001,-6.777,-3.465,-32.548,0
1398294608947,41878275575000,171538052000001,-6.777,-3.465,-32.548,0
1398294608960,41878285585000,171538052000001,-6.777,-3.465,-32.548,0
1398294608966,41878295594000,171538052000001,-7.078,-3.465,-32.548,0
1398294608976,41878305604000,171538052000001,-7.078,-3.465,-32.548,0
1398294608985,41878315583000,171538052000001,-7.078,-3.465,-32.548,0
1398294608996,41878325593000,171538052000001,-7.078,-3.465,-32.548,0
1398294609006,41878335603000,171538052000001,-7.078,-3.465,-32.548,0
1398294609018,41878347505000,171538052000001,-7.078,-3.465,-32.548,0
1398294609027,41878356996000,171538052000001,-7.078,-3.465,-32.548,0
1398294609040,41878370149000,171538052000001,-7.078,-3.465,-32.548,0
1398294609050,41878380067000,171538052000001,-7.078,-3.465,-32.548,0
1398294609061,41878391084000,171538052000001,-7.078,-3.465,-32.548,0
1398294609068,41878398072000,171538052000001,-7.078,-3.465,-32.548,0
1398294609080,41878405671000,171538052000001,-7.078,-3.465,-32.548,0
1398294609091,41878419465000,171538052000001,-7.078,-3.465,-32.548,0
1398294609098,41878425691000,171538052000001,-7.078,-3.465,-32.548,0
1398294609115,41878435700000,171538052000001,-7.078,-3.465,-32.548,0
1398294609117,41878445710000,171538052000001,-7.078,-3.465,-32.548,0
1398294609126,41878455720000,171538052000001,-7.078,-3.465,-32.548,0
1398294609136,41878465730000,171538052000001,-7.078,-3.465,-32.548,0
1398294609150,41878478791000,171538052000001,-7.078,-3.781,-32.548,0
1398294609156,41878485749000,171538052000001,-7.078,-3.781,-32.548,0
1398294609166,41878495759000,171538052000001,-7.078,-3.781,-32.548,0
1398294609176,41878505769000,171538052000001,-6.774,-3.781,-32.548,0
1398294609186,41878515779000,171538052000001,-6.774,-3.781,-32.548,0
1398294609198,41878527345000,171538052000001,-6.774,-3.781,-32.548,0
1398294609209,41878538667000,171538052000001,-6.774,-3.781,-32.548,0
1398294609222,41878550111000,171538052000001,-6.774,-3.781,-32.548,0
1398294609230,41878555787000,171538052000001,-6.774,-3.781,-32.548,0
1398294609239,41878568208000,171538052000001,-6.774,-3.781,-32.548,0
1398294609246,41878575868000,171538052000001,-6.774,-3.781,-32.548,0
1398294609264,41878585877000,171538052000001,-6.774,-3.781,-32.548,0
1398294609267,41878595887000,171538052000001,-6.774,-3.781,-32.548,0
1398294609276,41878605897000,171538052000001,-6.774,-3.781,-32.548,0
1398294609286,41878615876000,171538052000001,-6.774,-3.781,-32.548,0
1398294609296,41878625947000,171538052000001,-6.774,-3.781,-32.548,0
1398294609306,41878635926000,171538052000001,-6.774,-3.781,-32.548,0
1398294609316,41878645967000,171538052000001,-6.774,-3.781,-32.548,0
1398294609326,41878655946000,171538052000001,-6.774,-3.781,-32.548,0
1398294609336,41878665956000,171538052000001,-6.774,-3.781,-32.548,0
1398294609350,41878680116000,171538052000001,-6.774,-3.781,-32.241,0
1398294609360,41878689607000,171538052000001,-6.774,-4.083,-32.241,0
1398294609372,41878701600000,171538052000001,-6.774,-4.083,-32.241,0
1398294609381,41878710816000,171538052000001,-6.774,-4.083,-32.241,0
1398294609389,41878718965000,171538052000001,-6.774,-4.083,-32.241,0
1398294609400,41878729829000,171538052000001,-6.774,-4.083,-32.241,0
1398294609406,41878735963000,171538052000001,-6.774,-4.083,-32.241,0
1398294609420,41878749879000,171538052000001,-6.774,-4.083,-32.241,0
1398294609428,41878756043000,171538052000001,-6.774,-4.083,-32.241,0
1398294609454,41878766053000,171538052000001,-6.774,-4.083,-32.241,0
1398294609458,41878780854000,171538052000001,-6.774,-4.083,-32.241,0
1398294609460,41878786012000,171538052000001,-6.774,-4.083,-32.241,0
1398294609470,41878796418000,171538052000001,-6.774,-4.083,-32.241,0
1398294609477,41878806123000,171538052000001,-6.774,-4.083,-32.241,0
1398294609492,41878816102000,171538052000001,-6.774,-4.083,-32.241,0
1398294609496,41878826112000,171538052000001,-6.774,-4.083,-32.241,0
1398294609508,41878836122000,171538052000001,-6.774,-4.083,-32.241,0
1398294609516,41878846162000,171538052000001,-6.774,-4.083,-32.241,0
1398294609526,41878856111000,171538052000001,-6.774,-4.083,-32.241,0
1398294609539,41878868623000,171538052000001,-6.774,-4.083,-32.241,0
1398294609550,41878880067000,171538052000001,-6.774,-4.083,-32.241,0
1398294609558,41878887666000,171538052000001,-6.774,-4.083,-32.241,0
1398294609569,41878898744000,171538052000001,-6.774,-4.083,-32.241,0
1398294609578,41878906129000,171538052000001,-6.774,-4.083,-32.241,0
1398294609586,41878916169000,171538052000001,-6.774,-4.083,-32.241,0
1398294609597,41878926148000,171538052000001,-6.774,-4.083,-32.241,0
1398294609607,41878936189000,171538052000001,-6.774,-4.083,-32.241,0
1398294609616,41878946168000,171538052000001,-6.774,-4.083,-32.241,0
1398294609626,41878956239000,171538052000001,-6.774,-4.083,-32.241,0
1398294609636,41878966188000,171538052000001,-6.774,-4.083,-32.241,0
1398294609646,41878976197000,171538052000001,-6.774,-4.083,-32.241,0
1398294609656,41878986238000,171538052000001,-6.774,-4.083,-32.241,0
1398294609666,41878996247000,171538052000001,-6.774,-4.083,-32.241,0
1398294609676,41879006257000,171538052000001,-6.774,-4.083,-32.241,0
1398294609690,41879018189000,171538052000001,-6.774,-4.083,-32.241,0
1398294609702,41879032258000,171538052000001,-6.774,-4.083,-32.241,0
1398294609708,41879038423000,171538052000001,-6.774,-4.083,-32.241,0
1398294609721,41879050538000,171538052000001,-6.774,-4.083,-32.241,0
1398294609730,41879060273000,171538052000001,-6.774,-4.083,-32.241,0
1398294609742,41879069551000,171538052000001,-6.774,-4.083,-32.241,0
1398294609749,41879078919000,171538052000001,-6.774,-4.083,-32.241,0
1398294609764,41879093629000,171538052000001,-6.774,-4.083,-32.241,0
1398294609768,41879097627000,171538052000001,-6.774,-4.083,-32.241,0
1398294609784,41879113465000,171538052000001,-6.774,-4.083,-32.241,0
1398294609788,41879117707000,171538052000001,-6.774,-4.083,-32.241,0
1398294609803,41879132752000,171538052000001,-6.774,-4.083,-32.241,0
1398294609808,41879137727000,171538052000001,-6.774,-4.083,-32.241,0
1398294609822,41879152314000,171538052000001,-6.774,-4.083,-32.241,0
1398294609829,41879158631000,171538052000001,-6.774,-4.083,-32.241,0
1398294609841,41879171205000,171538052000001,-6.774,-4.083,-32.241,0
1398294609849,41879178773000,171538052000001,-6.774,-4.083,-32.241,0
1398294609858,41879188294000,171538052000001,-6.774,-4.083,-32.241,0
1398294609873,41879202882000,171538052000001,-6.774,-4.083,-32.241,0
1398294609878,41879207856000,171538052000001,-6.774,-4.083,-32.241,0
1398294609893,41879222749000,171538052000001,-6.774,-4.083,-32.241,0
1398294609899,41879228761000,171538052000001,-6.774,-4.083,-32.241,0
1398294609913,41879242677000,171538052000001,-6.774,-4.083,-32.241,0
1398294609920,41879249116000,171538052000001,-6.774,-4.083,-32.241,0
1398294609933,41879262757000,171538052000001,-6.774,-4.083,-32.241,0
1398294609939,41879268708000,171538052000001,-6.774,-4.083,-32.241,0
1398294609952,41879281983000,171538052000001,-6.774,-4.083,-32.241,0
1398294609960,41879290132000,171538052000001,-6.774,-4.083,-32.241,0
1398294609972,41879302247000,171538052000001,-6.774,-4.083,-32.241,0
1398294609979,41879308930000,171538052000001,-6.774,-4.083,-32.241,0
1398294609993,41879323426000,171538052000001,-6.774,-4.083,-32.241,0
1398294609998,41879327912000,171538052000001,-6.774,-4.083,-32.241,0
1398294610013,41879342897000,171538052000001,-6.774,-4.083,-32.241,0
1398294610018,41879348146000,171538052000001,-6.404,-4.083,-32.241,0
1398294610033,41879362977000,171538052000001,-6.404,-4.083,-32.241,0
1398294610038,41879368165000,171538052000001,-6.404,-4.083,-32.241,0
1398294610052,41879379121000,171538052000001,-6.404,-4.083,-32.241,0
1398294610060,41879386659000,171538052000001,-6.404,-4.083,-32.241,0
1398294610081,41879400392000,171538052000001,-6.404,-4.083,-32.241,0
1398294610082,41879406617000,171538052000001,-6.404,-4.083,-32.241,0
1398294610099,41879416658000,171538052000001,-6.404,-4.083,-32.241,0
1398294610101,41879428224000,171538052000001,-6.404,-4.083,-32.241,0
1398294610115,41879436708000,171538052000001,-6.404,-4.083,-32.241,0
1398294610117,41879446839000,171538052000001,-6.404,-4.083,-32.241,0
1398294610128,41879456697000,171538052000001,-6.404,-4.083,-32.241,0
1398294610140,41879466676000,171538052000001,-6.404,-4.083,-32.241,0
1398294610147,41879476686000,171538052000001,-6.404,-4.083,-32.241,0
1398294610163,41879486695000,171538052000001,-6.404,-4.083,-32.241,0
1398294610167,41879496705000,171538052000001,-6.404,-4.083,-32.241,0
1398294610177,41879506715000,171538052000001,-6.404,-4.083,-32.241,0
1398294610187,41879516725000,171538052000001,-6.742,-4.083,-32.241,0
1398294610197,41879526734000,171538052000001,-6.742,-4.083,-32.241,0
1398294610212,41879541688000,171538052000001,-6.742,-4.083,-32.241,0
1398294610219,41879549317000,171538052000001,-6.742,-4.083,-32.241,0
1398294610232,41879562501000,171538052000001,-6.742,-4.083,-32.241,0
1398294610241,41879567475000,171538052000001,-6.742,-4.083,-32.241,0
1398294610249,41879579469000,171538052000001,-6.742,-4.083,-32.241,0
1398294610258,41879588349000,171538052000001,-6.742,-4.083,-32.241,0
1398294610272,41879602449000,171538052000001,-6.742,-4.083,-32.241,0
1398294610282,41879611604000,171538052000001,-6.742,-4.083,-32.241,0
1398294610291,41879621034000,171538052000001,-6.428,-4.083,-32.241,0
1398294610302,41879631928000,171538052000001,-6.428,-4.083,-32.241,0
1398294610310,41879637178000,171538052000001,-6.428,-4.083,-32.241,0
1398294610327,41879649934000,171538052000001,-6.428,-4.083,-32.241,0
1398294610330,41879656861000,171538052000001,-6.001,-4.385,-32.241,0
1398294610340,41879668397000,171538052000001,-6.001,-4.385,-32.241,0
1398294610348,41879677491000,171538052000001,-6.001,-4.385,-32.241,0
1398294610362,41879686921000,171538052000001,-6.001,-4.385,-32.241,0
1398294610367,41879696931000,171538052000001,-5.68,-4.385,-32.241,0
1398294610378,41879707490000,171538052000001,-5.68,-4.385,-32.241,0
1398294610392,41879716950000,171538052000001,-5.68,-4.696,-32.241,0
1398294610398,41879726960000,171538052000001,-5.68,-4.696,-32.241,0
1398294610407,41879736970000,171538052000001,-5.68,-4.696,-32.241,0
1398294610420,41879746980000,171538052000001,-5.68,-4.696,-32.241,0
1398294610438,41879757264000,171538052000001,-5.68,-4.696,-32.241,0
1398294610440,41879767152000,171538052000001,-5.68,-4.696,-32.241,0
1398294610447,41879776979000,171538052000001,-5.68,-4.696,-32.241,0
1398294610459,41879788545000,171538052000001,-5.68,-4.696,-32.241,0
1398294610467,41879797059000,171538052000001,-5.68,-4.696,-32.241,0
1398294610477,41879807008000,171538052000001,-5.68,-4.696,-32.241,0
1398294610487,41879817018000,171538052000001,-5.68,-4.696,-32.241,0
1398294610497,41879827027000,171538052000001,-5.68,-5.029,-32.241,0
1398294610507,41879837037000,171538052000001,-5.68,-5.029,-32.241,0
1398294610517,41879847047000,171538052000001,-5.68,-5.029,-32.241,0
1398294610529,41879857057000,171538052000001,-5.68,-5.029,-32.241,0
1398294610543,41879867066000,171538052000001,-5.68,-5.029,-32.241,0
1398294610547,41879877076000,171538052000001,-5.68,-5.389,-32.241,0
1398294610557,41879887086000,171538052000001,-5.68,-5.389,-32.241,0
1398294610567,41879897096000,171538052000001,-5.68,-5.389,-31.893,0
1398294610577,41879907106000,171538052000001,-5.68,-5.389,-31.893,0
1398294610588,41879917115000,171538052000001,-5.996,-5.773,-31.893,0
1398294610598,41879927156000,171538052000001,-5.996,-5.773,-31.893,0
1398294610607,41879937104000,171538052000001,-5.996,-5.773,-31.893,0
1398294610617,41879947084000,171538052000001,-5.996,-5.773,-31.593,0
1398294610627,41879957093000,171538052000001,-5.996,-6.143,-31.593,0
1398294610639,41879968659000,171538052000001,-5.996,-6.143,-31.593,0
1398294610647,41879977204000,171538052000001,-5.996,-6.143,-31.593,0
1398294610657,41879987153000,171538052000001,-6.304,-6.143,-31.593,0
1398294610667,41879997163000,171538052000001,-6.304,-6.143,-31.593,0
1398294610682,41880011872000,171538052000001,-6.304,-6.53,-31.593,0
1398294610687,41880017182000,171538052000001,-6.304,-6.53,-31.593,0
1398294610697,41880027162000,171538052000001,-6.304,-6.53,-31.593,0
1398294610707,41880037202000,171538052000001,-6.304,-6.53,-31.593,0
1398294610717,41880047212000,171538052000001,-6.304,-6.53,-31.593,0
1398294610727,41880057252000,171538052000001,-6.304,-6.53,-31.593,0
1398294610738,41880067231000,171538052000001,-6.304,-6.848,-31.593,0
1398294610747,41880077241000,171538052000001,-6.304,-6.848,-31.593,0
1398294610757,41880087220000,171538052000001,-6.304,-6.848,-31.593,0
1398294610768,41880097261000,171538052000001,-6.304,-6.848,-31.593,0
1398294610778,41880107270000,171538052000001,-6.304,-6.848,-31.593,0
1398294610788,41880117280000,171538052000001,-6.304,-6.848,-31.593,0
1398294610798,41880127320000,171538052000001,-5.993,-6.848,-31.593,0
1398294610807,41880137330000,171538052000001,-5.993,-6.848,-31.593,0
1398294610819,41880148835000,171538052000001,-5.993,-6.848,-31.593,0
1398294610827,41880157350000,171538052000001,-5.993,-6.848,-31.593,0
1398294610837,41880167298000,171538052000001,-5.993,-6.848,-31.593,0
1398294610847,41880177308000,171538052000001,-5.679,-6.848,-31.593,0
1398294610863,41880187348000,171538052000001,-5.679,-7.182,-31.593,0
1398294610870,41880197541000,171538052000001,-5.679,-7.182,-31.593,0
1398294610878,41880207704000,171538052000001,-5.679,-7.182,-31.593,0
1398294610887,41880217378000,171538052000001,-5.679,-7.182,-31.593,0
1398294610897,41880227387000,171538052000001,-5.679,-7.182,-31.593,0
1398294610907,41880237397000,171538052000001,-5.679,-7.182,-31.593,0
1398294610917,41880247407000,171538052000001,-5.679,-7.182,-31.593,0
1398294610928,41880257417000,171538052000001,-5.679,-7.182,-31.593,0
1398294610939,41880267427000,171538052000001,-5.679,-7.182,-31.593,0
1398294610947,41880277436000,171538052000001,-5.679,-7.182,-31.593,0
1398294610958,41880287477000,171538052000001,-5.679,-7.182,-31.593,0
1398294610969,41880297425000,171538052000001,-5.679,-7.182,-31.593,0
1398294610978,41880307496000,171538052000001,-5.679,-7.182,-31.593,0
1398294610988,41880317475000,171538052000001,-5.679,-7.182,-31.593,0
1398294610999,41880329011000,171538052000001,-5.679,-7.182,-31.593,0
1398294611007,41880337525000,171538052000001,-5.679,-7.182,-31.593,0
1398294611019,41880347474000,171538052000001,-5.679,-7.182,-31.593,0
1398294611027,41880357484000,171538052000001,-5.679,-7.182,-31.593,0
1398294611038,41880367524000,171538052000001,-5.679,-7.182,-31.593,0
1398294611053,41880377564000,171538052000001,-5.679,-7.182,-31.593,0
1398294611060,41880387544000,171538052000001,-5.679,-7.182,-31.593,0
1398294611069,41880397553000,171538052000001,-5.679,-7.182,-31.593,0
1398294611078,41880407563000,171538052000001,-5.679,-7.182,-31.593,0
1398294611088,41880417573000,171538052000001,-5.679,-7.182,-31.593,0
1398294611098,41880427552000,171538052000001,-5.679,-7.525,-31.593,0
1398294611108,41880437593000,171538052000001,-5.679,-7.525,-31.593,0
1398294611118,41880447602000,171538052000001,-5.679,-7.525,-31.593,0
1398294611128,41880457612000,171538052000001,-5.679,-7.525,-31.593,0
1398294611138,41880467622000,171538052000001,-5.679,-7.525,-31.593,0
1398294611147,41880477601000,171538052000001,-5.679,-7.525,-31.593,0
1398294611158,41880487611000,171538052000001,-5.679,-7.525,-31.593,0
1398294611168,41880497621000,171538052000001,-5.679,-7.525,-31.593,0
1398294611179,41880509187000,171538052000001,-5.679,-7.525,-31.593,0
1398294611188,41880517671000,171538052000001,-5.679,-7.525,-31.593,0
1398294611198,41880527680000,171538052000001,-5.303,-7.525,-31.593,0
1398294611208,41880537660000,171538052000001,-5.303,-7.525,-31.593,0
1398294611219,41880547731000,171538052000001,-5.303,-7.525,-31.593,0
1398294611228,41880557710000,171538052000001,-5.303,-7.525,-31.593,0
1398294611238,41880567720000,171538052000001,-5.303,-7.525,-31.593,0
1398294611248,41880577729000,171538052000001,-5.303,-7.203,-31.593,0
1398294611258,41880587770000,171538052000001,-5.303,-7.203,-31.593,0
1398294611268,41880597779000,171538052000001,-4.968,-7.203,-31.593,0
1398294611278,41880607759000,171538052000001,-4.968,-7.203,-31.593,0
1398294611288,41880617738000,171538052000001,-4.968,-7.203,-31.593,0
1398294611298,41880628022000,171538052000001,-4.968,-7.203,-31.593,0
1398294611308,41880637757000,171538052000001,-4.968,-7.203,-31.593,0
1398294611318,41880647767000,171538052000001,-4.968,-6.871,-31.593,0
1398294611328,41880657807000,171538052000001,-4.968,-6.871,-31.593,0
1398294611338,41880667787000,171538052000001,-4.968,-6.871,-31.593,0
1398294611348,41880677796000,171538052000001,-4.968,-6.871,-31.593,0
1398294611360,41880689363000,171538052000001,-4.968,-6.871,-31.593,0
1398294611368,41880697877000,171538052000001,-4.968,-6.542,-31.593,0
1398294611378,41880707826000,171538052000001,-4.968,-6.542,-31.593,0
1398294611388,41880717835000,171538052000001,-4.968,-6.542,-31.593,0
1398294611398,41880727845000,171538052000001,-4.968,-6.242,-31.593,0
1398294611408,41880737855000,171538052000001,-4.968,-6.242,-31.9,0
1398294611418,41880747865000,171538052000001,-5.337,-6.242,-31.9,0
1398294611428,41880757875000,171538052000001,-5.337,-5.889,-31.9,0
1398294611438,41880767884000,171538052000001,-5.337,-5.889,-31.9,0
1398294611448,41880777894000,171538052000001,-5.337,-5.889,-31.9,0
1398294611459,41880787934000,171538052000001,-5.7,-5.889,-31.9,0
1398294611468,41880797944000,171538052000001,-5.7,-5.502,-31.9,0
1398294611478,41880807954000,171538052000001,-5.7,-5.502,-31.9,0
1398294611488,41880817964000,171538052000001,-6.062,-5.502,-31.9,0
1398294611498,41880827943000,171538052000001,-6.062,-5.502,-31.9,0
1398294611508,41880837953000,171538052000001,-6.062,-5.2,-31.9,0
1398294611519,41880848146000,171538052000001,-6.062,-5.2,-31.9,0
1398294611528,41880858064000,171538052000001,-6.382,-5.2,-31.9,0
1398294611539,41880869538000,171538052000001,-6.382,-5.2,-31.9,0
1398294611548,41880878053000,171538052000001,-6.382,-5.2,-31.9,0
1398294611570,41880888887000,171538052000001,-6.382,-5.2,-31.9,0
1398294611572,41880898042000,171538052000001,-6.382,-5.2,-31.9,0
1398294611578,41880908021000,171538052000001,-6.382,-5.2,-31.9,0
1398294611588,41880918061000,171538052000001,-6.382,-5.2,-31.9,0
1398294611601,41880930482000,171538052000001,-6.382,-5.2,-31.9,0
1398294611608,41880938050000,171538052000001,-6.382,-5.2,-31.9,0
1398294611618,41880948060000,171538052000001,-6.382,-5.2,-31.9,0
1398294611628,41880958070000,171538052000001,-6.382,-5.2,-31.9,0
1398294611638,41880968080000,171538052000001,-6.382,-5.2,-31.9,0
1398294611648,41880978089000,171538052000001,-6.382,-5.2,-31.9,0
1398294611658,41880988099000,171538052000001,-6.382,-5.2,-31.9,0
1398294611669,41880998139000,171538052000001,-6.382,-5.2,-31.9,0
1398294611678,41881008149000,171538052000001,-6.382,-5.2,-31.9,0
1398294611688,41881018159000,171538052000001,-6.382,-5.2,-31.9,0
1398294611698,41881028169000,171538052000001,-6.039,-5.2,-31.9,0
1398294611717,41881038178000,171538052000001,-6.039,-5.2,-32.218,0
1398294611720,41881049775000,171538052000001,-6.039,-5.2,-32.218,0
1398294611737,41881058290000,171538052000001,-6.039,-5.2,-32.218,0
1398294611739,41881068391000,171538052000001,-6.039,-5.2,-32.218,0
1398294611748,41881078218000,171538052000001,-6.039,-5.2,-32.218,0
1398294611758,41881088227000,171538052000001,-6.039,-5.2,-32.218,0
1398294611768,41881098237000,171538052000001,-6.039,-5.2,-32.218,0
1398294611778,41881108247000,171538052000001,-6.039,-4.891,-32.218,0
1398294611788,41881118257000,171538052000001,-6.039,-4.891,-32.218,0
1398294611798,41881128266000,171538052000001,-6.039,-4.891,-32.218,0
1398294611809,41881138276000,171538052000001,-6.039,-4.891,-32.218,0
1398294611818,41881148286000,171538052000001,-6.039,-4.891,-32.218,0
1398294611828,41881158296000,171538052000001,-6.039,-4.891,-32.218,0
1398294611838,41881168305000,171538052000001,-6.039,-4.891,-32.218,0
1398294611848,41881178315000,171538052000001,-6.039,-4.891,-32.218,0
1398294611858,41881188325000,171538052000001,-6.039,-4.891,-32.218,0
1398294611868,41881198335000,171538052000001,-6.039,-4.891,-32.218,0
1398294611878,41881208345000,171538052000001,-6.039,-4.891,-32.218,0
1398294611888,41881218354000,171538052000001,-6.039,-4.891,-32.218,0
1398294611900,41881229890000,171538052000001,-6.039,-4.891,-32.218,0
1398294611908,41881238404000,171538052000001,-6.039,-4.891,-32.218,0
1398294611918,41881248384000,171538052000001,-6.039,-4.891,-32.218,0
1398294611928,41881258393000,171538052000001,-6.039,-4.891,-32.218,0
1398294611938,41881268403000,171538052000001,-6.039,-4.891,-32.218,0
1398294611950,41881278413000,171538052000001,-6.039,-4.891,-32.218,0
1398294611959,41881288453000,171538052000001,-6.039,-4.891,-32.218,0
1398294611972,41881298432000,171538052000001,-6.039,-4.585,-32.218,0
1398294611979,41881308442000,171538052000001,-6.039,-4.585,-32.218,0
1398294611989,41881318452000,171538052000001,-6.039,-4.585,-32.218,0
1398294611999,41881328401000,171538052000001,-6.039,-4.585,-32.218,0
1398294612009,41881338441000,171538052000001,-6.039,-4.585,-32.218,0
1398294612019,41881348481000,171538052000001,-6.039,-4.585,-32.218,0
1398294612028,41881358460000,171538052000001,-6.039,-4.585,-32.218,0
1398294612039,41881368470000,171538052000001,-6.039,-4.585,-32.218,0
1398294612048,41881378480000,171538052000001,-6.34,-4.585,-32.218,0
1398294612059,41881388520000,171538052000001,-6.34,-4.585,-32.218,0
1398294612069,41881398530000,171538052000001,-6.34,-4.585,-32.218,0
1398294612080,41881410066000,171538052000001,-6.34,-4.585,-32.218,0
1398294612089,41881418550000,171538052000001,-6.34,-4.585,-32.218,0
1398294612103,41881428590000,171538052000001,-6.34,-4.585,-32.218,0
1398294612109,41881438539000,171538052000001,-6.34,-4.585,-32.218,0
1398294612119,41881448579000,171538052000001,-6.34,-4.585,-32.218,0
1398294612128,41881458558000,171538052000001,-6.34,-4.28,-32.218,0
1398294612138,41881468568000,171538052000001,-6.34,-4.28,-32.218,0
1398294612150,41881478578000,171538052000001,-6.652,-4.28,-32.218,0
1398294612158,41881488587000,171538052000001,-6.652,-4.28,-32.218,0
1398294612169,41881498780000,171538052000001,-6.652,-4.28,-32.218,0
1398294612178,41881508607000,171538052000001,-6.652,-4.28,-32.218,0
1398294612188,41881518617000,171538052000001,-6.652,-4.28,-32.218,0
1398294612200,41881528626000,171538052000001,-6.652,-4.28,-32.218,0
1398294612209,41881538667000,171538052000001,-6.652,-4.28,-32.218,0
1398294612219,41881548646000,171538052000001,-6.652,-4.28,-32.218,0
1398294612229,41881558656000,171538052000001,-6.652,-4.28,-32.218,0
1398294612238,41881568666000,171538052000001,-6.652,-4.28,-32.218,0
1398294612249,41881578675000,171538052000001,-6.652,-4.28,-32.218,0
1398294612260,41881590211000,171538052000001,-6.652,-4.28,-32.218,0
1398294612269,41881598725000,171538052000001,-6.652,-4.28,-32.218,0
1398294612278,41881608705000,171538052000001,-6.652,-4.28,-32.218,0
1398294612289,41881618714000,171538052000001,-6.652,-4.28,-32.218,0
1398294612299,41881628724000,171538052000001,-6.652,-4.28,-32.218,0
1398294612309,41881638734000,171538052000001,-6.652,-4.28,-32.218,0
1398294612319,41881648713000,171538052000001,-6.652,-4.28,-32.218,0
1398294612329,41881658753000,171538052000001,-6.652,-4.28,-32.218,0
1398294612339,41881668763000,171538052000001,-6.33,-4.28,-32.218,0
1398294612349,41881678803000,171538052000001,-6.33,-4.28,-32.218,0
1398294612359,41881688783000,171538052000001,-6.33,-4.28,-32.218,0
1398294612369,41881698793000,171538052000001,-6.33,-4.606,-32.218,0
1398294612379,41881708833000,171538052000001,-6.33,-4.606,-32.218,0
1398294612389,41881718843000,171538052000001,-5.955,-4.606,-32.218,0
1398294612399,41881728822000,171538052000001,-5.955,-4.606,-32.218,0
1398294612409,41881738862000,171538052000001,-5.955,-4.606,-32.218,0
1398294612419,41881748872000,171538052000001,-5.955,-4.953,-32.218,0
1398294612429,41881758851000,171538052000001,-5.653,-4.953,-32.218,0
1398294612441,41881770417000,171538052000001,-5.653,-4.953,-32.218,0
1398294612449,41881778932000,171538052000001,-5.653,-4.953,-32.218,0
1398294612459,41881788880000,171538052000001,-5.653,-4.953,-32.218,0
1398294612469,41881798890000,171538052000001,-5.337,-5.32,-32.218,0
1398294612479,41881808900000,171538052000001,-5.337,-5.32,-32.218,0
1398294612489,41881818940000,171538052000001,-5.337,-5.32,-32.218,0
1398294612499,41881828919000,171538052000001,-5.337,-5.32,-32.218,0
1398294612509,41881838929000,171538052000001,-4.966,-5.639,-32.218,0
1398294612524,41881848939000,171538052000001,-4.966,-5.639,-32.218,0
1398294612529,41881858949000,171538052000001,-4.966,-5.639,-32.218,0
1398294612539,41881868959000,171538052000001,-4.966,-5.639,-32.218,0
1398294612550,41881880220000,171538052000001,-4.966,-5.639,-32.218,0
1398294612565,41881895082000,171538052000001,-4.582,-5.984,-32.218,0
1398294612570,41881900270000,171538052000001,-4.582,-5.984,-32.218,0
1398294612585,41881914949000,171538052000001,-4.582,-5.984,-32.218,0
1398294612592,41881919007000,171538052000001,-4.277,-5.984,-32.218,0
1398294612604,41881929048000,171538052000001,-4.277,-6.3,-32.218,0
1398294612611,41881939118000,171538052000001,-4.277,-6.3,-32.218,0
1398294612640,41881950624000,171538052000001,-4.277,-6.3,-32.218,0
1398294612650,41881959596000,171538052000001,-3.944,-6.3,-32.218,0
1398294612651,41881969148000,171538052000001,-3.944,-6.3,-32.218,0
1398294612653,41881979158000,171538052000001,-3.944,-6.3,-32.218,0
1398294612660,41881989167000,171538052000001,-3.944,-6.62,-32.218,0
1398294612671,41881999177000,171538052000001,-3.944,-6.62,-32.218,0
1398294612680,41882009187000,171538052000001,-3.944,-6.62,-32.218,0
1398294612691,41882019166000,171538052000001,-3.616,-6.62,-32.218,0
1398294612704,41882029176000,171538052000001,-3.616,-6.62,-32.218,0
1398294612709,41882039216000,171538052000001,-3.616,-6.62,-32.218,0
1398294612719,41882049195000,171538052000001,-3.616,-6.62,-32.218,0
1398294612729,41882059175000,171538052000001,-3.616,-6.62,-32.218,0
1398294612739,41882069184000,171538052000001,-3.616,-6.62,-32.218,0
1398294612749,41882079194000,171538052000001,-3.616,-6.62,-32.218,0
1398294612759,41882089204000,171538052000001,-3.616,-6.62,-32.218,0
1398294612769,41882099183000,171538052000001,-3.616,-6.62,-32.218,0
1398294612779,41882109223000,171538052000001,-3.616,-6.62,-32.218,0
1398294612789,41882119233000,171538052000001,-3.616,-6.62,-32.218,0
1398294612801,41882130799000,171538052000001,-3.616,-6.62,-32.218,0
1398294612809,41882139283000,171538052000001,-3.97,-6.285,-32.218,0
1398294612819,41882149232000,171538052000001,-3.97,-6.285,-32.218,0
1398294612834,41882164094000,171538052000001,-3.97,-6.285,-32.218,0
1398294612839,41882169221000,171538052000001,-3.97,-6.285,-32.218,0
1398294612853,41882179261000,171538052000001,-4.368,-6.285,-32.218,0
1398294612861,41882189485000,171538052000001,-4.368,-6.285,-32.218,0
1398294612869,41882199281000,171538052000001,-4.368,-5.978,-32.218,0
1398294612881,41882209260000,171538052000001,-4.368,-5.978,-32.218,0
1398294612890,41882219331000,171538052000001,-4.737,-5.978,-32.218,0
1398294612899,41882229341000,171538052000001,-4.737,-5.978,-32.218,0
1398294612909,41882239320000,171538052000001,-4.737,-5.978,-32.218,0
1398294612920,41882249330000,171538052000001,-4.737,-5.978,-32.218,0
1398294612941,41882259339000,171538052000001,-4.737,-5.978,-32.218,0
1398294612943,41882269349000,171538052000001,-5.102,-5.978,-32.218,0
1398294612950,41882279359000,171538052000001,-5.102,-5.978,-32.218,0
1398294612959,41882289369000,171538052000001,-5.102,-5.978,-32.218,0
1398294612969,41882299378000,171538052000001,-5.102,-5.978,-32.218,0
1398294612981,41882310975000,171538052000001,-5.102,-5.978,-32.218,0
1398294612991,41882319428000,171538052000001,-5.102,-5.978,-32.218,0
1398294612999,41882329438000,171538052000001,-5.102,-5.978,-32.218,0
1398294613009,41882339418000,171538052000001,-5.102,-5.978,-32.218,0
1398294613019,41882349427000,171538052000001,-5.102,-5.978,-32.218,0
1398294613029,41882359437000,171538052000001,-5.102,-5.978,-32.218,0
1398294613040,41882369630000,171538052000001,-5.102,-5.978,-32.218,0
1398294613049,41882379457000,171538052000001,-5.102,-5.978,-32.218,0
1398294613059,41882389466000,171538052000001,-5.102,-5.978,-32.218,0
1398294613070,41882399476000,171538052000001,-5.102,-5.978,-32.218,0
1398294613080,41882409486000,171538052000001,-5.102,-5.978,-32.218,0
1398294613090,41882419496000,171538052000001,-5.102,-5.642,-32.218,0
1398294613105,41882429505000,171538052000001,-5.102,-5.642,-32.218,0
1398294613109,41882439515000,171538052000001,-5.102,-5.642,-32.218,0
1398294613120,41882449525000,171538052000001,-5.102,-5.642,-32.218,0
1398294613131,41882459535000,171538052000001,-5.102,-5.642,-32.218,0
1398294613142,41882471253000,171538052000001,-5.102,-5.642,-32.218,0
1398294613155,41882479554000,171538052000001,-5.102,-5.642,-32.218,0
1398294613163,41882491120000,171538052000001,-5.102,-5.642,-32.218,0
1398294613170,41882499635000,171538052000001,-5.102,-5.642,-32.218,0
1398294613181,41882509584000,171538052000001,-5.102,-5.29,-32.218,0
1398294613190,41882519593000,171538052000001,-5.102,-5.29,-32.218,0
1398294613200,41882529603000,171538052000001,-5.102,-5.29,-32.218,0
1398294613209,41882539613000,171538052000001,-5.102,-5.29,-32.218,0
1398294613220,41882549623000,171538052000001,-5.102,-5.29,-32.218,0
1398294613231,41882559632000,171538052000001,-5.102,-5.29,-32.218,0
1398294613240,41882569642000,171538052000001,-5.102,-5.29,-32.218,0
1398294613249,41882579652000,171538052000001,-5.102,-5.29,-32.218,0
1398294613259,41882589631000,171538052000001,-5.464,-5.29,-32.218,0
1398294613271,41882599671000,171538052000001,-5.464,-5.29,-32.218,0
1398294613280,41882609681000,171538052000001,-5.464,-5.29,-32.218,0
1398294613290,41882619691000,171538052000001,-5.464,-4.989,-32.218,0
1398294613300,41882629701000,171538052000001,-5.805,-4.989,-32.218,0
1398294613313,41882639710000,171538052000001,-5.805,-4.989,-32.218,0
1398294613320,41882649720000,171538052000001,-5.805,-4.989,-32.218,0
1398294613330,41882659730000,171538052000001,-5.805,-4.989,-32.218,0
1398294613341,41882671266000,171538052000001,-5.805,-4.989,-32.218,0
1398294613350,41882679780000,171538052000001,-5.805,-4.989,-32.218,0
1398294613360,41882689759000,171538052000001,-5.805,-4.989,-32.218,0
1398294613370,41882699739000,171538052000001,-5.805,-4.989,-32.218,0
1398294613380,41882709779000,171538052000001,-5.805,-4.989,-32.218,0
1398294613392,41882719758000,171538052000001,-5.805,-4.989,-32.218,0
1398294613400,41882729798000,171538052000001,-5.805,-4.989,-32.218,0
1398294613410,41882739778000,171538052000001,-5.805,-4.989,-32.218,0
1398294613421,41882749818000,171538052000001,-5.805,-4.989,-32.218,0
1398294613433,41882759858000,171538052000001,-5.805,-4.989,-32.218,0
1398294613440,41882769837000,171538052000001,-5.805,-4.989,-32.218,0
1398294613450,41882779847000,171538052000001,-5.805,-4.989,-32.218,0
1398294613460,41882789857000,171538052000001,-5.805,-4.989,-32.218,0
1398294613470,41882800050000,171538052000001,-5.805,-4.989,-32.218,0
1398294613480,41882809846000,171538052000001,-5.805,-4.989,-32.218,0
1398294613490,41882819886000,171538052000001,-5.805,-4.989,-32.218,0
1398294613502,41882829896000,171538052000001,-5.805,-4.989,-32.218,0
1398294613510,41882839906000,171538052000001,-5.805,-4.989,-32.218,0
1398294613521,41882851441000,171538052000001,-5.805,-4.989,-32.218,0
1398294613530,41882859956000,171538052000001,-5.805,-4.989,-32.218,0
1398294613540,41882869935000,171538052000001,-5.805,-4.989,-32.218,0
1398294613550,41882879975000,171538052000001,-5.805,-4.989,-32.218,0
1398294613560,41882889955000,171538052000001,-5.805,-4.989,-32.218,0
1398294613570,41882899964000,171538052000001,-5.805,-4.989,-32.218,0
1398294613580,41882909974000,171538052000001,-5.805,-5.332,-32.218,0
1398294613590,41882919984000,171538052000001,-5.805,-5.332,-32.218,0
1398294613600,41882929994000,171538052000001,-5.805,-5.332,-32.218,0
1398294613610,41882940034000,171538052000001,-5.805,-5.332,-32.218,0
1398294613620,41882950013000,171538052000001,-5.805,-5.332,-32.218,0
1398294613630,41882960023000,171538052000001,-5.805,-5.332,-31.9,0
1398294613640,41882970002000,171538052000001,-5.805,-5.332,-31.9,0
1398294613650,41882980043000,171538052000001,-5.805,-5.665,-31.9,0
1398294613660,41882990022000,171538052000001,-5.805,-5.665,-31.9,0
1398294613670,41883000032000,171538052000001,-5.805,-5.665,-31.9,0
1398294613680,41883010072000,171538052000001,-5.805,-5.665,-31.9,0
1398294613690,41883020051000,171538052000001,-5.805,-5.665,-31.9,0
1398294613702,41883031648000,171538052000001,-5.805,-5.665,-31.9,0
1398294613711,41883040132000,171538052000001,-5.424,-5.665,-31.9,0
1398294613720,41883050111000,171538052000001,-5.424,-5.665,-31.9,0
1398294613730,41883060121000,171538052000001,-5.424,-5.665,-31.9,0
1398294613740,41883070100000,171538052000001,-5.036,-5.976,-31.9,0
1398294613751,41883080659000,171538052000001,-5.036,-5.976,-31.9,0
1398294613760,41883090119000,171538052000001,-5.036,-5.976,-31.9,0
1398294613770,41883100160000,171538052000001,-4.609,-5.976,-31.9,0
1398294613781,41883110169000,171538052000001,-4.609,-5.976,-31.9,0
1398294613791,41883120149000,171538052000001,-4.609,-5.976,-31.9,0
1398294613800,41883130220000,171538052000001,-4.216,-5.976,-31.9,0
1398294613811,41883140199000,171538052000001,-4.216,-5.976,-31.9,0
1398294613820,41883150209000,171538052000001,-4.216,-6.292,-31.9,0
1398294613830,41883160218000,171538052000001,-4.216,-6.292,-31.9,0
1398294613841,41883170228000,171538052000001,-3.91,-6.292,-31.9,0
1398294613851,41883180207000,171538052000001,-3.91,-6.292,-31.9,0
1398294613862,41883190278000,171538052000001,-3.91,-6.292,-31.9,0
1398294613870,41883200257000,171538052000001,-3.91,-6.292,-31.9,0
1398294613882,41883211824000,171538052000001,-3.91,-6.292,-31.9,0
1398294613890,41883220307000,171538052000001,-3.91,-6.292,-31.9,0
1398294613900,41883230256000,171538052000001,-3.91,-6.292,-31.9,0
1398294613910,41883240266000,171538052000001,-3.91,-6.292,-31.9,0
1398294613920,41883250276000,171538052000001,-3.91,-6.292,-31.9,0
1398294613930,41883260316000,171538052000001,-3.91,-6.292,-31.9,0
1398294613940,41883270295000,171538052000001,-3.91,-6.292,-31.9,0
1398294613950,41883280305000,171538052000001,-3.91,-6.292,-31.9,0
1398294613960,41883290315000,171538052000001,-3.91,-6.292,-31.9,0
1398294613971,41883300508000,171538052000001,-3.91,-5.953,-31.9,0
1398294613980,41883310365000,171538052000001,-3.91,-5.953,-31.9,0
1398294613990,41883320375000,171538052000001,-4.246,-5.953,-31.9,0
1398294614000,41883330384000,171538052000001,-4.246,-5.953,-31.9,0
1398294614010,41883340394000,171538052000001,-4.246,-5.618,-31.9,0
1398294614020,41883350404000,171538052000001,-4.246,-5.618,-31.9,0
1398294614030,41883360414000,171538052000001,-4.598,-5.618,-31.9,0
1398294614040,41883370423000,171538052000001,-4.598,-5.618,-31.9,0
1398294614050,41883380433000,171538052000001,-4.598,-5.296,-31.9,0
1398294614064,41883393495000,171538052000001,-4.598,-5.296,-31.9,0
1398294614071,41883400483000,171538052000001,-4.598,-5.296,-31.9,0
1398294614080,41883410462000,171538052000001,-4.598,-5.296,-31.9,0
1398294614091,41883420472000,171538052000001,-4.598,-5.296,-31.9,0
1398294614100,41883430482000,171538052000001,-4.598,-5.296,-31.9,0
1398294614110,41883440492000,171538052000001,-4.598,-5.296,-31.9,0
1398294614121,41883450501000,171538052000001,-4.92,-5.296,-31.9,0
1398294614131,41883460511000,171538052000001,-4.92,-4.981,-31.9,0
1398294614144,41883470521000,171538052000001,-4.92,-4.981,-31.9,0
1398294614152,41883480592000,171538052000001,-4.92,-4.981,-31.9,0
1398294614163,41883492402000,171538052000001,-4.92,-4.981,-31.9,0
1398294614171,41883500581000,171538052000001,-4.92,-4.981,-31.9,0
1398294614183,41883510591000,171538052000001,-4.92,-4.981,-31.9,0
1398294614194,41883521791000,171538052000001,-4.92,-4.981,-31.9,0
1398294614201,41883530610000,171538052000001,-4.92,-4.981,-31.9,0
1398294614213,41883540803000,171538052000001,-4.92,-4.981,-31.9,0
1398294614223,41883552857000,171538052000001,-4.92,-4.981,-31.9,0
1398294614231,41883561280000,171538052000001,-4.92,-4.981,-31.9,0
1398294614243,41883572389000,171538052000001,-4.92,-4.981,-31.9,0
1398294614252,41883581574000,171538052000001,-4.92,-4.981,-32.209,0
1398294614266,41883590699000,171538052000001,-4.92,-4.981,-32.209,0
1398294614273,41883602815000,171538052000001,-4.92,-4.981,-32.209,0
1398294614282,41883610932000,171538052000001,-4.92,-4.981,-32.209,0
1398294614296,41883620698000,171538052000001,-4.92,-4.981,-32.209,0
1398294614301,41883630708000,171538052000001,-4.92,-4.981,-32.209,0
1398294614319,41883640718000,171538052000001,-4.92,-4.981,-32.209,0
1398294614321,41883650727000,171538052000001,-4.92,-4.981,-32.209,0
1398294614331,41883660768000,171538052000001,-4.92,-4.981,-32.209,0
1398294614341,41883670899000,171538052000001,-4.92,-4.981,-32.209,0
1398294614351,41883680757000,171538052000001,-4.92,-4.981,-32.209,0
1398294614368,41883690736000,171538052000001,-4.92,-4.981,-32.209,0
1398294614373,41883701142000,171538052000001,-4.92,-4.981,-32.209,0
1398294614381,41883710816000,171538052000001,-4.92,-4.981,-32.209,0
1398294614394,41883721406000,171538052000001,-4.92,-4.981,-32.209,0
1398294614402,41883730805000,171538052000001,-4.553,-4.981,-32.209,0
1398294614413,41883740846000,171538052000001,-4.553,-4.981,-32.209,0
1398294614426,41883753449000,171538052000001,-4.553,-5.311,-32.209,0
1398294614434,41883762849000,171538052000001,-4.553,-5.311,-32.209,0
1398294614443,41883772615000,171538052000001,-4.553,-5.311,-32.209,0
1398294614453,41883782960000,171538052000001,-4.553,-5.311,-32.209,0
1398294614468,41883790895000,171538052000001,-4.222,-5.311,-32.209,0
1398294614471,41883801210000,171538052000001,-4.222,-5.311,-32.209,0
1398294614489,41883811250000,171538052000001,-4.222,-5.311,-32.209,0
1398294614493,41883821595000,171538052000001,-4.222,-5.311,-32.209,0
1398294614501,41883830934000,171538052000001,-4.222,-5.627,-32.209,0
1398294614512,41883840913000,171538052000001,-4.222,-5.627,-32.209,0
1398294614521,41883850984000,171538052000001,-4.222,-5.627,-32.209,0
1398294614531,41883860932000,171538052000001,-4.222,-5.627,-32.209,0
1398294614542,41883870973000,171538052000001,-4.222,-5.627,-32.209,0
1398294614551,41883880982000,171538052000001,-4.222,-5.627,-32.209,0
1398294614561,41883890962000,171538052000001,-4.222,-5.627,-32.209,0
1398294614571,41883901002000,171538052000001,-4.574,-5.627,-32.209,0
1398294614581,41883911042000,171538052000001,-4.574,-5.627,-32.209,0
1398294614591,41883920991000,171538052000001,-4.574,-5.627,-32.209,0
1398294614603,41883932557000,171538052000001,-4.574,-5.627,-32.209,0
1398294614611,41883941072000,171538052000001,-4.574,-5.627,-32.209,0
1398294614621,41883951020000,171538052000001,-4.924,-5.627,-32.209,0
1398294614631,41883961030000,171538052000001,-4.924,-5.627,-32.209,0
1398294614648,41883971070000,171538052000001,-4.924,-5.627,-32.209,0
1398294614656,41883981111000,171538052000001,-4.924,-5.627,-32.209,0
1398294614676,41883991090000,171538052000001,-4.924,-5.627,-32.209,0
1398294614678,41884005586000,171538052000001,-5.224,-5.627,-32.209,0
1398294614681,41884011048000,171538052000001,-5.224,-5.627,-32.209,0
1398294614692,41884021058000,171538052000001,-5.224,-5.627,-32.209,0
1398294614702,41884031068000,171538052000001,-5.224,-5.627,-32.209,0
1398294614711,41884041108000,171538052000001,-5.224,-5.627,-32.209,0
1398294614721,41884051118000,171538052000001,-5.224,-5.627,-32.209,0
1398294614731,41884061128000,171538052000001,-5.224,-5.627,-32.209,0
1398294614741,41884071107000,171538052000001,-5.224,-5.627,-32.209,0
1398294614751,41884081117000,171538052000001,-5.224,-5.627,-32.209,0
1398294614761,41884091126000,171538052000001,-5.224,-5.627,-32.209,0
1398294614771,41884101289000,171538052000001,-5.224,-5.627,-32.209,0
1398294614783,41884112702000,171538052000001,-5.224,-5.627,-32.209,0
1398294614798,41884121217000,171538052000001,-5.224,-5.627,-32.209,0
1398294614801,41884131196000,171538052000001,-5.224,-5.928,-32.209,0
1398294614813,41884141206000,171538052000001,-4.901,-5.928,-32.209,0
1398294614821,41884151185000,171538052000001,-4.901,-5.928,-32.209,0
1398294614831,41884161195000,171538052000001,-4.901,-5.928,-32.209,0
1398294614841,41884171205000,171538052000001,-4.901,-5.928,-32.209,0
1398294614851,41884181214000,171538052000001,-4.901,-5.928,-32.209,0
1398294614861,41884191224000,171538052000001,-4.901,-5.928,-32.209,0
1398294614871,41884201234000,171538052000001,-4.901,-5.928,-32.209,0
1398294614881,41884211244000,171538052000001,-4.901,-5.928,-32.209,0
1398294614892,41884221253000,171538052000001,-4.901,-5.928,-32.209,0
1398294614901,41884231263000,171538052000001,-4.901,-5.928,-32.209,0
1398294614911,41884241273000,171538052000001,-4.901,-5.928,-32.209,0
1398294614928,41884251313000,171538052000001,-4.901,-5.928,-32.209,0
1398294614936,41884261323000,171538052000001,-4.901,-5.928,-32.209,0
1398294614942,41884271302000,171538052000001,-4.901,-5.928,-32.209,0
1398294614951,41884281312000,171538052000001,-4.901,-5.928,-32.209,0
1398294614963,41884292878000,171538052000001,-4.901,-5.928,-32.209,0
1398294614971,41884301362000,171538052000001,-4.901,-5.928,-32.209,0
1398294614985,41884314515000,171538052000001,-4.901,-5.928,-32.209,0
1398294614992,41884321351000,171538052000001,-4.901,-5.928,-32.209,0
1398294615001,41884331361000,171538052000001,-4.901,-5.928,-32.209,0
1398294615012,41884341371000,171538052000001,-4.901,-5.928,-32.209,0
1398294615021,41884351380000,171538052000001,-4.901,-5.928,-32.209,0
1398294615031,41884361390000,171538052000001,-4.901,-5.928,-32.209,0
1398294615041,41884371400000,171538052000001,-5.236,-5.928,-32.209,0
1398294615051,41884381410000,171538052000001,-5.236,-5.928,-32.209,0
1398294615061,41884391419000,171538052000001,-5.236,-5.928,-32.209,0
1398294615071,41884401429000,171538052000001,-5.236,-5.928,-32.209,0
1398294615081,41884411439000,171538052000001,-5.236,-5.928,-32.209,0
1398294615092,41884421449000,171538052000001,-5.236,-5.928,-31.895,0
1398294615101,41884431459000,171538052000001,-5.236,-5.928,-31.895,0
1398294615111,41884441499000,171538052000001,-5.236,-5.928,-31.895,0
1398294615121,41884451478000,171538052000001,-5.236,-5.928,-31.895,0
1398294615131,41884461488000,171538052000001,-5.236,-5.928,-31.895,0
1398294615143,41884473054000,171538052000001,-5.236,-5.928,-31.895,0
1398294615151,41884481568000,171538052000001,-5.236,-5.928,-31.895,0
1398294615161,41884491548000,171538052000001,-5.236,-5.928,-31.895,0
1398294615171,41884501527000,171538052000001,-5.236,-5.928,-31.895,0
1398294615181,41884511537000,171538052000001,-5.236,-5.928,-31.895,0
1398294615191,41884521546000,171538052000001,-5.236,-5.928,-31.895,0
1398294615201,41884531556000,171538052000001,-5.236,-5.928,-31.895,0
1398294615211,41884541566000,171538052000001,-5.236,-5.928,-31.895,0
1398294615221,41884551576000,171538052000001,-5.236,-5.928,-31.575,0
1398294615231,41884561585000,171538052000001,-5.551,-5.928,-31.575,0
1398294615244,41884571809000,171538052000001,-5.551,-5.928,-31.575,0
1398294615255,41884585176000,171538052000001,-5.551,-5.928,-31.575,0
1398294615264,41884594270000,171538052000001,-5.551,-5.928,-31.575,0
1398294615275,41884605195000,171538052000001,-5.551,-5.928,-31.575,0
1398294615291,41884614228000,171538052000001,-5.551,-5.928,-31.575,0
1398294615298,41884622804000,171538052000001,-5.551,-5.928,-31.575,0
1398294615303,41884632905000,171538052000001,-5.551,-5.928,-31.575,0
1398294615313,41884641664000,171538052000001,-5.551,-5.928,-31.575,0
1398294615330,41884654023000,171538052000001,-5.551,-5.928,-31.575,0
1398294615332,41884661836000,171538052000001,-5.551,-6.265,-31.575,0
1398294615351,41884671723000,171538052000001,-5.551,-6.265,-31.575,0
1398294615355,41884681764000,171538052000001,-5.551,-6.265,-31.575,0
1398294615364,41884691804000,171538052000001,-5.551,-6.265,-31.575,0
1398294615384,41884702272000,171538052000001,-5.551,-6.265,-31.575,0
1398294615385,41884711824000,171538052000001,-5.551,-6.265,-31.575,0
1398294615400,41884721772000,171538052000001,-5.551,-6.265,-31.575,0
1398294615402,41884731813000,171538052000001,-5.551,-6.265,-31.575,0
1398294615412,41884741792000,171538052000001,-5.551,-6.265,-31.575,0
1398294615425,41884751832000,171538052000001,-5.551,-6.265,-31.575,0
1398294615433,41884761903000,171538052000001,-5.551,-6.265,-31.575,0
1398294615443,41884771882000,171538052000001,-5.551,-6.265,-31.575,0
1398294615452,41884781892000,171538052000001,-5.551,-6.265,-31.575,0
1398294615462,41884791871000,171538052000001,-5.551,-6.265,-31.575,0
1398294615473,41884801881000,171538052000001,-5.551,-6.265,-31.575,0
1398294615482,41884811891000,171538052000001,-5.551,-6.265,-31.575,0
1398294615492,41884821870000,171538052000001,-5.551,-6.265,-31.575,0
1398294615508,41884833467000,171538052000001,-5.551,-6.265,-31.575,0
1398294615521,41884842103000,171538052000001,-5.551,-6.265,-31.575,0
1398294615522,41884851930000,171538052000001,-5.551,-6.265,-31.575,0
1398294615535,41884861939000,171538052000001,-5.551,-6.265,-31.575,0
1398294615542,41884871949000,171538052000001,-5.551,-6.265,-31.575,0
1398294615552,41884881928000,171538052000001,-5.551,-6.265,-31.575,0
1398294615562,41884891938000,171538052000001,-5.863,-6.265,-31.575,0
1398294615572,41884901948000,171538052000001,-5.863,-6.265,-31.575,0
1398294615582,41884911958000,171538052000001,-5.863,-6.265,-31.575,0
1398294615598,41884921968000,171538052000001,-5.863,-6.265,-31.575,0
1398294615602,41884931947000,171538052000001,-5.863,-6.265,-31.575,0
1398294615612,41884941957000,171538052000001,-5.863,-6.265,-31.575,0
1398294615622,41884952058000,171538052000001,-5.863,-6.265,-31.575,0
1398294615632,41884962495000,171538052000001,-6.187,-6.265,-31.575,0
1398294615642,41884972169000,171538052000001,-6.187,-6.265,-31.575,0
1398294615652,41884982026000,171538052000001,-6.187,-6.265,-31.575,0
1398294615662,41884992005000,171538052000001,-6.187,-6.265,-31.575,0
1398294615672,41885002046000,171538052000001,-6.187,-6.265,-31.575,0
1398294615683,41885013612000,171538052000001,-6.187,-6.265,-31.575,0
1398294615694,41885022157000,171538052000001,-6.187,-6.265,-31.575,0
1398294615702,41885032106000,171538052000001,-6.187,-6.265,-31.575,0
1398294615712,41885042085000,171538052000001,-6.187,-6.265,-31.575,0
1398294615722,41885052095000,171538052000001,-5.873,-6.265,-31.575,0
1398294615732,41885062104000,171538052000001,-5.873,-6.265,-31.575,0
1398294615744,41885072175000,171538052000001,-5.873,-6.582,-31.575,0
1398294615755,41885084718000,171538052000001,-5.873,-6.582,-31.575,0
1398294615765,41885094483000,171538052000001,-5.487,-6.582,-31.575,0
1398294615776,41885105439000,171538052000001,-5.487,-6.582,-31.575,0
1398294615785,41885114472000,171538052000001,-5.487,-6.582,-31.575,0
1398294615795,41885124757000,171538052000001,-5.171,-6.582,-31.575,0
1398294615805,41885135377000,171538052000001,-5.171,-6.582,-31.575,0
1398294615814,41885144471000,171538052000001,-5.171,-6.883,-31.575,0
1398294615825,41885155274000,171538052000001,-5.171,-6.883,-31.575,0
1398294615834,41885164460000,171538052000001,-5.171,-6.883,-31.575,0
1398294615845,41885174806000,171538052000001,-5.171,-6.883,-31.575,0
1398294615855,41885185304000,171538052000001,-4.867,-6.883,-31.575,0
1398294615866,41885196015000,171538052000001,-4.867,-6.883,-31.575,0
1398294615875,41885204530000,171538052000001,-4.867,-6.883,-31.575,0
1398294615885,41885215333000,171538052000001,-4.867,-6.883,-31.575,0
1398294615895,41885224610000,171538052000001,-4.867,-6.883,-31.575,0
1398294615910,41885239289000,171538052000001,-4.867,-6.883,-31.575,0
1398294615913,41885242768000,171538052000001,-4.867,-6.883,-31.575,0
1398294615926,41885255403000,171538052000001,-4.867,-6.883,-31.575,0
1398294615935,41885264497000,171538052000001,-4.867,-6.883,-31.575,0
1398294615945,41885274690000,171538052000001,-4.867,-6.883,-31.575,0
1398294615955,41885285371000,171538052000001,-4.51,-6.883,-31.575,0
1398294615965,41885294465000,171538052000001,-4.51,-6.883,-31.575,0
1398294615976,41885305787000,171538052000001,-4.51,-6.883,-31.575,0
1398294615985,41885314820000,171538052000001,-4.51,-6.883,-31.575,0
1398294615995,41885324647000,171538052000001,-4.51,-6.883,-31.575,0
1398294616004,41885333955000,171538052000001,-4.203,-6.883,-31.575,0
1398294616015,41885344544000,171538052000001,-4.203,-6.883,-31.575,0
1398294616028,41885352357000,171538052000001,-4.203,-6.883,-31.575,0
1398294616033,41885362397000,171538052000001,-4.203,-6.883,-31.575,0
1398294616046,41885373963000,171538052000001,-3.845,-6.883,-31.575,0
1398294616052,41885382417000,171538052000001,-3.845,-6.883,-31.575,0
1398294616065,41885392396000,171538052000001,-3.845,-6.883,-31.575,0
1398294616076,41885402436000,171538052000001,-3.845,-6.883,-31.575,0
1398294616083,41885412568000,171538052000001,-3.453,-6.883,-31.575,0
1398294616093,41885422425000,171538052000001,-3.453,-6.883,-31.575,0
1398294616102,41885432435000,171538052000001,-3.453,-6.883,-31.575,0
1398294616112,41885442475000,171538052000001,-3.453,-6.883,-31.575,0
1398294616126,41885452455000,171538052000001,-3.453,-6.883,-31.575,0
1398294616137,41885462861000,171538052000001,-3.453,-6.883,-31.575,0
1398294616155,41885472505000,171538052000001,-3.453,-6.883,-31.575,0
1398294616156,41885482484000,171538052000001,-3.453,-6.883,-31.575,0
1398294616163,41885492494000,171538052000001,-3.453,-6.883,-31.575,0
1398294616172,41885502473000,171538052000001,-3.453,-6.883,-31.575,0
1398294616182,41885512513000,171538052000001,-3.453,-6.883,-31.575,0
1398294616193,41885522523000,171538052000001,-3.453,-6.883,-31.575,0
1398294616209,41885537538000,171538052000001,-3.453,-6.883,-31.575,0
1398294616214,41885542543000,171538052000001,-3.453,-6.883,-31.575,0
1398294616224,41885554109000,171538052000001,-3.453,-6.883,-31.889,0
1398294616232,41885562593000,171538052000001,-3.453,-6.568,-31.889,0
1398294616243,41885572999000,171538052000001,-3.453,-6.568,-31.889,0
1398294616254,41885584443000,171538052000001,-3.765,-6.568,-31.889,0
1398294616265,41885595246000,171538052000001,-3.765,-6.568,-31.889,0
1398294616275,41885603944000,171538052000001,-3.765,-6.242,-31.889,0
1398294616286,41885615266000,171538052000001,-3.765,-6.242,-31.889,0
1398294616293,41885622621000,171538052000001,-3.765,-6.242,-31.889,0
1398294616306,41885633393000,171538052000001,-4.09,-6.242,-31.889,0
1398294616313,41885642671000,171538052000001,-4.09,-6.242,-31.889,0
1398294616324,41885653230000,171538052000001,-4.09,-6.242,-31.889,0
1398294616335,41885662660000,171538052000001,-4.09,-5.935,-31.889,0
1398294616343,41885672669000,171538052000001,-4.09,-5.935,-31.889,0
1398294616355,41885683473000,171538052000001,-4.09,-5.935,-31.889,0
1398294616367,41885696321000,171538052000001,-4.09,-5.935,-31.889,0
1398294616373,41885702699000,171538052000001,-4.09,-5.935,-31.889,0
1398294616384,41885712770000,171538052000001,-4.09,-5.935,-31.889,0
1398294616401,41885723207000,171538052000001,-4.09,-5.935,-32.192,0
1398294616405,41885734315000,171538052000001,-4.391,-5.935,-32.192,0
1398294616413,41885742799000,171538052000001,-4.391,-5.935,-32.192,0
1398294616423,41885752748000,171538052000001,-4.391,-5.935,-32.192,0
1398294616433,41885762757000,171538052000001,-4.391,-5.935,-32.192,0
1398294616443,41885773225000,171538052000001,-4.391,-5.935,-32.192,0
1398294616454,41885782807000,171538052000001,-4.391,-5.935,-32.192,0
1398294616463,41885792817000,171538052000001,-4.699,-5.935,-32.192,0
1398294616473,41885802827000,171538052000001,-4.699,-5.935,-32.192,0
1398294616491,41885812837000,171538052000001,-4.699,-5.935,-32.192,0
1398294616493,41885823030000,171538052000001,-4.699,-5.935,-32.192,0
1398294616503,41885832856000,171538052000001,-5.009,-5.935,-32.192,0
1398294616516,41885845491000,171538052000001,-5.009,-5.935,-32.192,0
1398294616525,41885852845000,171538052000001,-5.009,-5.935,-32.192,0
1398294616534,41885862824000,171538052000001,-5.009,-5.935,-32.192,0
1398294616543,41885872865000,171538052000001,-5.375,-5.935,-32.192,0
1398294616553,41885882875000,171538052000001,-5.375,-5.935,-32.192,0
1398294616563,41885892854000,171538052000001,-5.375,-5.935,-32.192,0
1398294616573,41885902864000,171538052000001,-5.375,-5.935,-31.826,0
1398294616584,41885914430000,171538052000001,-5.375,-5.935,-31.826,0
1398294616593,41885922975000,171538052000001,-5.711,-5.935,-31.826,0
1398294616603,41885932954000,171538052000001,-5.711,-5.935,-31.826,0
1398294616613,41885942933000,171538052000001,-5.711,-6.236,-31.826,0
1398294616623,41885952943000,171538052000001,-5.711,-6.236,-31.826,0
1398294616633,41885962953000,171538052000001,-5.711,-6.236,-31.826,0
1398294616643,41885972962000,171538052000001,-5.711,-6.236,-31.826,0
1398294616653,41885982972000,171538052000001,-5.711,-6.236,-31.826,0
1398294616663,41885992982000,171538052000001,-5.711,-6.236,-31.826,0
1398294616673,41886003083000,171538052000001,-5.711,-6.547,-31.826,0
1398294616683,41886013032000,171538052000001,-5.711,-6.547,-31.524,0
1398294616693,41886023042000,171538052000001,-5.711,-6.547,-31.524,0
1398294616703,41886033052000,171538052000001,-5.711,-6.547,-31.524,0
1398294616713,41886043061000,171538052000001,-5.711,-6.547,-31.524,0
1398294616723,41886053071000,171538052000001,-5.711,-6.547,-31.524,0
1398294616733,41886063081000,171538052000001,-5.711,-6.547,-31.524,0
1398294616743,41886073091000,171538052000001,-5.711,-6.547,-31.524,0
1398294616753,41886083100000,171538052000001,-5.711,-6.547,-31.524,0
1398294616765,41886094636000,171538052000001,-6.024,-6.547,-31.524,0
1398294616773,41886103150000,171538052000001,-6.024,-6.547,-31.524,0
1398294616783,41886113130000,171538052000001,-6.024,-6.547,-31.524,0
1398294616793,41886123139000,171538052000001,-6.024,-6.547,-31.524,0
1398294616803,41886133119000,171538052000001,-6.024,-6.547,-31.524,0
1398294616813,41886143128000,171538052000001,-6.024,-6.547,-31.524,0
1398294616823,41886153138000,171538052000001,-6.024,-6.547,-31.524,0
1398294616833,41886163178000,171538052000001,-6.024,-6.547,-31.524,0
1398294616846,41886174775000,171538052000001,-6.024,-6.547,-31.524,0
1398294616855,41886184602000,171538052000001,-6.024,-6.547,-31.524,0
1398294616866,41886195527000,171538052000001,-6.024,-6.547,-31.524,0
1398294616877,41886206727000,171538052000001,-6.024,-6.547,-31.524,0
1398294616887,41886216706000,171538052000001,-6.024,-6.547,-31.524,0
1398294616897,41886226869000,171538052000001,-6.024,-6.547,-31.524,0
1398294616907,41886236970000,171538052000001,-6.024,-6.547,-31.524,0
1398294616916,41886245606000,171538052000001,-6.024,-6.547,-31.524,0
1398294616927,41886256806000,171538052000001,-6.024,-6.547,-31.524,0
1398294616939,41886268922000,171538052000001,-6.024,-6.547,-31.524,0
1398294616947,41886277314000,171538052000001,-6.024,-6.547,-31.524,0
1398294616957,41886287080000,171538052000001,-6.024,-6.547,-31.524,0
1398294616967,41886296937000,171538052000001,-6.024,-6.547,-31.524,0
1398294616977,41886307160000,171538052000001,-6.024,-6.547,-31.524,0
1398294616984,41886313356000,171538052000001,-6.024,-6.547,-31.524,0
1398294616997,41886326875000,171538052000001,-6.024,-6.547,-31.524,0
1398294617006,41886333802000,171538052000001,-6.024,-6.547,-31.524,0
1398294617013,41886343354000,171538052000001,-6.024,-6.227,-31.524,0
1398294617024,41886353364000,171538052000001,-6.024,-6.227,-31.524,0
1398294617033,41886363343000,171538052000001,-6.024,-6.227,-31.524,0
1398294617043,41886373384000,171538052000001,-6.024,-6.227,-31.524,0
1398294617053,41886383363000,171538052000001,-6.024,-6.227,-31.524,0
1398294617063,41886393373000,171538052000001,-6.024,-6.227,-31.524,0
1398294617073,41886403413000,171538052000001,-6.024,-6.227,-31.524,0
1398294617083,41886413423000,171538052000001,-6.024,-6.227,-31.524,0
1398294617093,41886423432000,171538052000001,-6.024,-6.227,-31.524,0
1398294617106,41886436219000,171538052000001,-5.682,-6.227,-31.524,0
1398294617117,41886447084000,171538052000001,-5.682,-6.227,-31.524,0
1398294617127,41886456086000,171538052000001,-5.682,-6.227,-31.524,0
1398294617141,41886468263000,171538052000001,-5.682,-6.227,-31.524,0
1398294617145,41886474946000,171538052000001,-5.682,-6.227,-31.524,0
1398294617159,41886488374000,171538052000001,-5.682,-6.227,-31.524,0
1398294617167,41886497102000,171538052000001,-5.682,-6.227,-31.524,0
1398294617177,41886507173000,171538052000001,-5.682,-6.227,-31.524,0
1398294617187,41886517091000,171538052000001,-5.682,-6.542,-31.524,0
1398294617197,41886527101000,171538052000001,-5.36,-6.542,-31.524,0
1398294617207,41886537263000,171538052000001,-5.36,-6.542,-31.524,0
1398294617217,41886547212000,171538052000001,-5.36,-6.542,-31.524,0
1398294617227,41886557038000,171538052000001,-5.36,-6.542,-31.524,0
1398294617239,41886569215000,171538052000001,-5.36,-6.542,-31.524,0
1398294617246,41886575959000,171538052000001,-5.36,-6.542,-31.524,0
1398294617259,41886588716000,171538052000001,-5.03,-6.542,-31.524,0
1398294617267,41886597108000,171538052000001,-5.03,-6.542,-31.524,0
1398294617277,41886607118000,171538052000001,-5.03,-6.542,-31.524,0
1398294617287,41886617280000,171538052000001,-5.03,-6.542,-31.524,0
1398294617299,41886629426000,171538052000001,-5.03,-6.542,-31.524,0
1398294617308,41886637696000,171538052000001,-5.03,-6.542,-31.524,0
1398294617319,41886649018000,171538052000001,-5.03,-6.542,-31.524,0
1398294617326,41886656007000,171538052000001,-5.03,-6.542,-31.524,0
1398294617337,41886667329000,171538052000001,-5.03,-6.542,-31.524,0
1398294617348,41886677827000,171538052000001,-5.03,-6.542,-31.524,0
1398294617359,41886688966000,171538052000001,-5.36,-6.542,-31.524,0
1398294617367,41886697145000,171538052000001,-5.36,-6.542,-31.524,0
1398294617379,41886709291000,171538052000001,-5.36,-6.542,-31.524,0
1398294617386,41886716249000,171538052000001,-5.36,-6.542,-31.524,0
1398294617398,41886727754000,171538052000001,-5.36,-6.542,-31.524,0
1398294617408,41886738160000,171538052000001,-5.671,-6.542,-31.524,0
1398294617414,41886744355000,171538052000001,-5.671,-6.542,-31.524,0
1398294617432,41886759553000,171538052000001,-5.671,-6.542,-31.524,0
1398294617440,41886764039000,171538052000001,-5.671,-6.542,-31.524,0
1398294617444,41886774232000,171538052000001,-5.671,-6.542,-31.524,0
1398294617458,41886788240000,171538052000001,-5.671,-6.542,-31.524,0
1398294617465,41886795320000,171538052000001,-5.671,-6.542,-31.524,0
1398294617478,41886807832000,171538052000001,-5.671,-6.542,-31.524,0
1398294617490,41886819764000,171538052000001,-5.671,-6.542,-31.524,0
1398294617495,41886825379000,171538052000001,-5.671,-6.542,-31.524,0
1398294617505,41886833833000,171538052000001,-5.671,-6.542,-31.524,0
1398294617514,41886843812000,171538052000001,-5.671,-6.542,-31.524,0
1398294617524,41886853822000,171538052000001,-5.671,-6.542,-31.524,0
1398294617534,41886863801000,171538052000001,-5.671,-6.542,-31.524,0
1398294617544,41886873811000,171538052000001,-5.319,-6.542,-31.524,0
1398294617554,41886883851000,171538052000001,-5.319,-6.542,-31.524,0
1398294617564,41886893861000,171538052000001,-5.319,-6.542,-31.524,0
1398294617574,41886903871000,171538052000001,-5.319,-6.542,-31.524,0
1398294617584,41886913880000,171538052000001,-5.319,-6.542,-31.524,0
1398294617594,41886923890000,171538052000001,-5.319,-6.542,-31.524,0
1398294617606,41886934938000,171538052000001,-5.319,-6.542,-31.524,0
1398294617617,41886946839000,171538052000001,-5.319,-6.542,-31.524,0
1398294617628,41886958039000,171538052000001,-5.018,-6.542,-31.524,0
1398294617639,41886969270000,171538052000001,-5.018,-6.542,-31.524,0
1398294617647,41886977479000,171538052000001,-5.018,-6.542,-31.524,0
1398294617660,41886989564000,171538052000001,-5.018,-6.542,-31.524,0
1398294617668,41886997895000,171538052000001,-5.018,-6.542,-31.524,0
1398294617678,41887008302000,171538052000001,-5.018,-6.542,-31.524,0
1398294617690,41887019563000,171538052000001,-5.018,-6.542,-31.832,0
1398294617696,41887026307000,171538052000001,-5.018,-6.542,-31.832,0
1398294617710,41887040223000,171538052000001,-5.018,-6.217,-31.832,0
1398294617716,41887046144000,171538052000001,-5.018,-6.217,-31.832,0
1398294617725,41887054597000,171538052000001,-5.018,-6.217,-31.832,0
1398294617738,41887067903000,171538052000001,-5.018,-6.217,-31.832,0
1398294617749,41887079316000,171538052000001,-5.018,-6.217,-31.832,0
1398294617761,41887090547000,171538052000001,-4.701,-6.217,-31.832,0
1398294617766,41887095857000,171538052000001,-4.701,-6.217,-31.832,0
1398294617778,41887108033000,171538052000001,-4.701,-5.899,-31.832,0
1398294617789,41887118562000,171538052000001,-4.701,-5.899,-31.832,0
1398294617798,41887128205000,171538052000001,-4.701,-5.899,-31.832,0
1398294617808,41887138368000,171538052000001,-4.701,-5.899,-31.832,0
1398294617819,41887148500000,171538052000001,-4.701,-5.899,-31.832,0
1398294617828,41887158113000,171538052000001,-4.701,-5.899,-31.832,0
1398294617838,41887168183000,171538052000001,-4.701,-5.564,-31.832,0
1398294617851,41887181001000,171538052000001,-4.701,-5.564,-31.832,0
1398294617856,41887185639000,171538052000001,-4.701,-5.564,-31.832,0
1398294617867,41887197389000,171538052000001,-4.701,-5.564,-31.832,0
1398294617881,41887210755000,171538052000001,-4.701,-5.564,-31.832,0
1398294617886,41887215608000,171538052000001,-4.701,-5.564,-31.832,0
1398294617901,41887230500000,171538052000001,-4.701,-5.564,-31.832,0
1398294617906,41887236421000,171538052000001,-4.701,-5.564,-31.832,0
1398294617921,41887250581000,171538052000001,-4.701,-5.564,-31.832,0
1398294617941,41887254182000,171538052000001,-4.701,-5.564,-31.832,0
1398294617943,41887264253000,171538052000001,-4.701,-5.564,-31.832,0
1398294617945,41887274232000,171538052000001,-4.701,-5.564,-31.832,0
1398294617958,41887287843000,171538052000001,-5.049,-5.564,-31.832,0
1398294617968,41887297639000,171538052000001,-5.049,-5.564,-31.832,0
1398294617980,41887309724000,171538052000001,-5.049,-5.564,-31.832,0
1398294617988,41887317903000,171538052000001,-5.049,-5.564,-31.832,0
1398294617996,41887326234000,171538052000001,-5.049,-5.564,-31.832,0
1398294618005,41887334565000,171538052000001,-5.049,-5.564,-31.832,0
1398294618014,41887344270000,171538052000001,-5.049,-5.564,-31.832,0
1398294618026,41887355836000,171538052000001,-5.049,-5.564,-31.832,0
1398294618034,41887364350000,171538052000001,-5.049,-5.564,-31.832,0
1398294618045,41887374330000,171538052000001,-5.049,-5.564,-31.832,0
1398294618056,41887385652000,171538052000001,-5.049,-5.564,-31.832,0
1398294618064,41887394319000,171538052000001,-5.049,-5.564,-31.832,0
1398294618074,41887404328000,171538052000001,-5.049,-5.564,-31.832,0
1398294618084,41887414338000,171538052000001,-5.352,-5.564,-31.832,0
1398294618094,41887424348000,171538052000001,-5.352,-5.564,-31.832,0
1398294618110,41887434388000,171538052000001,-5.352,-5.564,-31.832,0
1398294618116,41887444367000,171538052000001,-5.352,-5.564,-31.832,0
1398294618130,41887460023000,171538052000001,-5.352,-5.564,-31.832,0
1398294618137,41887466859000,171538052000001,-5.352,-5.564,-31.832,0
1398294618151,41887480958000,171538052000001,-5.352,-5.564,-31.832,0
1398294618156,41887485810000,171538052000001,-5.352,-5.564,-31.832,0
1398294618168,41887498048000,171538052000001,-5.702,-5.564,-31.832,0
1398294618178,41887508454000,171538052000001,-5.702,-5.564,-31.832,0
1398294618189,41887518586000,171538052000001,-5.702,-5.232,-31.832,0
1398294618200,41887529878000,171538052000001,-5.702,-5.232,-31.832,0
1398294618209,41887539186000,171538052000001,-5.702,-5.232,-31.832,0
1398294618218,41887548219000,171538052000001,-5.702,-5.232,-31.832,0
1398294618229,41887558534000,171538052000001,-5.702,-5.232,-31.832,0
1398294618239,41887568605000,171538052000001,-5.702,-5.232,-31.832,0
1398294618250,41887579804000,171538052000001,-5.702,-5.232,-31.832,0
1398294618258,41887588380000,171538052000001,-5.702,-5.232,-31.832,0
1398294618268,41887598115000,171538052000001,-5.702,-5.232,-31.832,0
1398294618278,41887608430000,171538052000001,-5.702,-5.232,-31.832,0
1398294618289,41887618592000,171538052000001,-5.702,-5.232,-31.832,0
1398294618300,41887629884000,171538052000001,-5.702,-5.232,-31.832,0
1398294618308,41887638093000,171538052000001,-5.702,-5.232,-31.832,0
1398294618315,41887644868000,171538052000001,-5.702,-5.232,-31.832,0
1398294618330,41887660340000,171538052000001,-5.702,-5.232,-31.832,0
1398294618336,41887665742000,171538052000001,-5.702,-5.232,-31.832,0
1398294618350,41887680390000,171538052000001,-5.702,-5.232,-31.832,0
1398294618355,41887685151000,171538052000001,-5.702,-5.232,-31.832,0
1398294618365,41887695069000,171538052000001,-5.702,-5.232,-31.832,0
1398294618380,41887709718000,171538052000001,-5.702,-5.232,-31.832,0
1398294618391,41887720307000,171538052000001,-5.702,-5.613,-31.832,0
1398294618397,41887727235000,171538052000001,-5.702,-5.613,-31.832,0
1398294618409,41887738587000,171538052000001,-5.702,-5.613,-31.832,0
1398294618419,41887748994000,171538052000001,-5.702,-5.613,-31.832,0
1398294618429,41887759248000,171538052000001,-5.702,-5.978,-31.832,0
1398294618439,41887768739000,171538052000001,-5.702,-5.978,-31.832,0
1398294618450,41887779969000,171538052000001,-5.702,-5.978,-31.832,0
1398294618459,41887788636000,171538052000001,-5.702,-5.978,-31.832,0
1398294618468,41887798097000,171538052000001,-6.002,-6.336,-31.832,0
1398294618480,41887809999000,171538052000001,-6.002,-6.336,-31.832,0
1398294618488,41887818177000,171538052000001,-6.002,-6.336,-31.832,0
1398294618497,41887826722000,171538052000001,-6.002,-6.336,-31.832,0
1398294618505,41887834779000,171538052000001,-6.002,-6.712,-31.513,0
1398294618516,41887844758000,171538052000001,-6.002,-6.712,-31.513,0
1398294618525,41887854768000,171538052000001,-6.346,-6.712,-31.513,0
1398294618535,41887864808000,171538052000001,-6.346,-6.712,-31.513,0
1398294618545,41887874787000,171538052000001,-6.346,-7.023,-31.207,0
1398294618555,41887884828000,171538052000001,-6.346,-7.023,-31.207,0
1398294618567,41887896394000,171538052000001,-6.346,-7.023,-31.207,0
1398294618575,41887904878000,171538052000001,-6.346,-7.023,-31.207,0
1398294618585,41887914826000,171538052000001,-6.677,-7.023,-31.207,0
1398294618595,41887924836000,171538052000001,-6.677,-7.023,-31.207,0
1398294618608,41887937013000,171538052000001,-6.677,-7.023,-31.207,0
1398294618620,41887949983000,171538052000001,-6.677,-7.023,-31.207,0
1398294618628,41887958314000,171538052000001,-6.677,-7.023,-31.207,0
1398294618637,41887965547000,171538052000001,-6.677,-7.023,-31.207,0
1398294618651,41887979585000,171538052000001,-6.677,-7.023,-31.207,0
1398294618657,41887985566000,171538052000001,-6.677,-7.023,-31.207,0
1398294618678,41887999055000,171538052000001,-6.677,-7.023,-31.207,0
1398294618685,41888008668000,171538052000001,-6.677,-7.023,-31.207,0
1398294618689,41888015260000,171538052000001,-6.677,-7.023,-31.207,0
1398294618700,41888028108000,171538052000001,-6.677,-7.023,-30.879,0
1398294618708,41888036286000,171538052000001,-6.677,-7.023,-30.879,0
1398294618721,41888049287000,171538052000001,-6.677,-7.023,-30.879,0
1398294618728,41888056550000,171538052000001,-6.677,-7.023,-30.879,0
1398294618740,41888067414000,171538052000001,-6.677,-7.023,-30.879,0
1398294618751,41888078218000,171538052000001,-6.677,-7.023,-30.879,0
1398294618758,41888085298000,171538052000001,-6.677,-7.023,-30.879,0
1398294618770,41888097566000,171538052000001,-6.324,-7.023,-30.879,0
1398294618780,41888106935000,171538052000001,-6.324,-7.023,-30.879,0
1398294618789,41888116578000,171538052000001,-6.324,-7.023,-30.879,0
1398294618800,41888127473000,171538052000001,-6.324,-7.327,-30.879,0
1398294618809,41888136689000,171538052000001,-5.955,-7.327,-30.879,0
1398294618820,41888147767000,171538052000001,-5.955,-7.327,-30.879,0
1398294618830,41888156800000,171538052000001,-5.955,-7.327,-30.879,0
1398294618839,41888166871000,171538052000001,-5.955,-7.629,-30.879,0
1398294618850,41888177613000,171538052000001,-5.955,-7.629,-30.879,0
1398294618859,41888186982000,171538052000001,-5.648,-7.629,-30.879,0
1398294618869,41888196961000,171538052000001,-5.648,-7.629,-30.879,0
1398294618881,41888207917000,171538052000001,-5.648,-7.629,-30.879,0
1398294618888,41888215394000,171538052000001,-5.648,-7.977,-30.879,0
1398294618901,41888228364000,171538052000001,-5.648,-7.977,-30.879,0
1398294618908,41888235841000,171538052000001,-5.648,-7.977,-30.879,0
1398294618920,41888247438000,171538052000001,-5.648,-7.977,-30.879,0
1398294618931,41888257875000,171538052000001,-5.648,-7.977,-30.879,0
1398294618938,41888265473000,171538052000001,-5.648,-7.977,-30.879,0
1398294618950,41888277162000,171538052000001,-5.648,-7.977,-30.879,0
1398294618960,41888287110000,171538052000001,-5.648,-7.977,-30.879,0
1398294618969,41888296479000,171538052000001,-5.648,-7.977,-30.879,0
1398294618989,41888305879000,171538052000001,-5.648,-7.977,-30.879,0
1398294618999,41888315583000,171538052000001,-5.648,-7.977,-30.879,0
1398294619007,41888328492000,171538052000001,-5.648,-7.977,-30.879,0
1398294619012,41888335511000,171538052000001,-5.335,-7.977,-30.879,0
1398294619020,41888345521000,171538052000001,-5.335,-7.977,-30.879,0
1398294619031,41888356935000,171538052000001,-5.335,-7.977,-30.879,0
1398294619039,41888366944000,171538052000001,-5.335,-7.977,-30.879,0
1398294619046,41888375337000,171538052000001,-5.335,-7.977,-30.879,0
1398294619056,41888385346000,171538052000001,-5.335,-7.977,-30.879,0
1398294619066,41888395356000,171538052000001,-5.335,-7.977,-30.879,0
1398294619076,41888405366000,171538052000001,-5.335,-7.977,-30.879,0
1398294619086,41888415376000,171538052000001,-5.335,-7.977,-30.879,0
1398294619096,41888425386000,171538052000001,-5.335,-7.977,-30.879,0
1398294619107,41888436952000,171538052000001,-5.335,-7.977,-30.879,0
1398294619116,41888445619000,171538052000001,-5.335,-7.977,-30.879,0
1398294619126,41888455415000,171538052000001,-5.335,-7.977,-30.879,0
1398294619137,41888465608000,171538052000001,-5.335,-7.977,-30.879,0
1398294619151,41888479341000,171538052000001,-5.335,-7.977,-30.879,0
1398294619158,41888487031000,171538052000001,-5.335,-7.977,-30.879,0
1398294619170,41888498841000,171538052000001,-5.335,-7.669,-30.879,0
1398294619181,41888508149000,171538052000001,-5.335,-7.669,-30.879,0
1398294619189,41888516297000,171538052000001,-5.335,-7.669,-30.879,0
1398294619201,41888528810000,171538052000001,-5.335,-7.669,-30.879,0
1398294619208,41888535676000,171538052000001,-5.335,-7.669,-30.879,0
1398294619222,41888549653000,171538052000001,-5.024,-7.669,-30.879,0
1398294619229,41888555726000,171538052000001,-5.024,-7.669,-30.879,0
1398294619240,41888567750000,171538052000001,-5.024,-7.669,-30.879,0
1398294619250,41888577210000,171538052000001,-5.024,-7.669,-30.879,0
1398294619262,41888588227000,171538052000001,-5.024,-7.669,-30.879,0
1398294619269,41888596162000,171538052000001,-5.024,-7.669,-30.879,0
1398294619298,41888612214000,171538052000001,-5.024,-7.669,-30.879,0
1398294619308,41888622285000,171538052000001,-5.024,-7.669,-31.199,0
1398294619314,41888625825000,171538052000001,-5.024,-7.669,-31.199,0
1398294619320,41888635774000,171538052000001,-5.024,-7.669,-31.199,0
1398294619326,41888645783000,171538052000001,-5.024,-7.669,-31.199,0
1398294619332,41888655793000,171538052000001,-5.024,-7.669,-31.199,0
1398294619338,41888667420000,171538052000001,-5.024,-7.669,-31.199,0
1398294619356,41888681092000,171538052000001,-5.024,-7.669,-31.199,0
1398294619358,41888685548000,171538052000001,-5.024,-7.669,-31.199,0
1398294619382,41888695649000,171538052000001,-4.673,-7.669,-31.199,0
1398294619386,41888705598000,171538052000001,-4.673,-7.669,-31.199,0
1398294619394,41888715638000,171538052000001,-4.673,-7.669,-31.199,0
1398294619405,41888725648000,171538052000001,-4.673,-7.669,-31.199,0
1398294619408,41888735627000,171538052000001,-4.673,-7.669,-31.199,0
1398294619417,41888745637000,171538052000001,-4.673,-7.669,-31.199,0
1398294619434,41888755647000,171538052000001,-4.673,-7.991,-31.199,0
1398294619436,41888765626000,171538052000001,-4.673,-7.991,-31.199,0
1398294619448,41888775666000,171538052000001,-4.673,-7.991,-31.199,0
1398294619457,41888787263000,171538052000001,-4.673,-7.991,-31.199,0
1398294619467,41888797242000,171538052000001,-4.673,-7.991,-31.199,0
1398294619479,41888805787000,171538052000001,-4.673,-7.991,-31.199,0
1398294619489,41888815705000,171538052000001,-4.673,-7.991,-31.199,0
1398294619506,41888825746000,171538052000001,-4.673,-7.991,-31.199,0
1398294619507,41888835847000,171538052000001,-4.673,-7.991,-31.199,0
1398294619516,41888845735000,171538052000001,-4.673,-7.991,-31.5,0
1398294619526,41888855744000,171538052000001,-4.673,-7.991,-31.5,0
1398294619536,41888865785000,171538052000001,-4.673,-7.991,-31.5,0
1398294619549,41888875947000,171538052000001,-4.673,-7.991,-31.5,0
1398294619556,41888885774000,171538052000001,-4.673,-7.684,-31.5,0
1398294619566,41888895814000,171538052000001,-4.673,-7.684,-31.5,0
1398294619576,41888905824000,171538052000001,-4.673,-7.684,-31.5,0
1398294619590,41888920381000,171538052000001,-4.673,-7.684,-31.5,0
1398294619596,41888925843000,171538052000001,-4.673,-7.684,-31.5,0
1398294619606,41888935792000,171538052000001,-4.673,-7.684,-31.5,0
1398294619616,41888945802000,171538052000001,-4.673,-7.684,-31.5,0
1398294619626,41888955812000,171538052000001,-4.991,-7.684,-31.5,0
1398294619636,41888965821000,171538052000001,-4.991,-7.379,-31.5,0
1398294619647,41888977387000,171538052000001,-4.991,-7.379,-31.5,0
1398294619656,41888985902000,171538052000001,-4.991,-7.379,-31.5,0
1398294619666,41888995851000,171538052000001,-4.991,-7.379,-31.5,0
1398294619676,41889005891000,171538052000001,-4.991,-7.379,-31.5,0
1398294619686,41889015870000,171538052000001,-4.991,-7.379,-31.173,0
1398294619700,41889025880000,171538052000001,-4.991,-7.379,-31.173,0
1398294619706,41889035890000,171538052000001,-4.991,-7.379,-31.173,0
1398294619718,41889045930000,171538052000001,-4.991,-7.379,-31.173,0
1398294619726,41889055909000,171538052000001,-5.32,-7.379,-31.173,0
1398294619736,41889065919000,171538052000001,-5.32,-7.379,-31.173,0
1398294619746,41889075929000,171538052000001,-5.32,-7.379,-31.173,0
1398294619756,41889085939000,171538052000001,-5.32,-7.379,-31.173,0
1398294619766,41889095948000,171538052000001,-5.32,-7.379,-31.173,0
1398294619776,41889105958000,171538052000001,-5.32,-7.379,-31.173,0
1398294619787,41889115998000,171538052000001,-5.32,-7.379,-31.173,0
1398294619801,41889126008000,171538052000001,-5.32,-7.379,-31.173,0
1398294619807,41889135987000,171538052000001,-5.32,-7.379,-31.173,0
1398294619816,41889145997000,171538052000001,-5.32,-7.379,-31.173,0
1398294619830,41889157563000,171538052000001,-5.667,-7.379,-31.173,0
1398294619836,41889166078000,171538052000001,-5.667,-7.379,-31.173,0
1398294619846,41889176026000,171538052000001,-5.667,-7.379,-31.173,0
1398294619856,41889186036000,171538052000001,-5.667,-7.379,-31.173,0
1398294619866,41889196046000,171538052000001,-5.667,-7.379,-30.854,0
1398294619876,41889206056000,171538052000001,-5.667,-7.379,-30.854,0
1398294619890,41889219697000,171538052000001,-5.667,-7.379,-30.854,0
1398294619896,41889226075000,171538052000001,-5.992,-7.379,-30.854,0
1398294619906,41889236085000,171538052000001,-5.992,-7.379,-30.854,0
1398294619917,41889246125000,171538052000001,-5.992,-7.379,-30.854,0
1398294619927,41889256135000,171538052000001,-5.992,-7.379,-30.854,0
1398294619936,41889266114000,171538052000001,-6.358,-7.379,-30.854,0
1398294619946,41889276124000,171538052000001,-6.358,-7.379,-30.854,0
1398294619956,41889286134000,171538052000001,-6.358,-7.379,-30.854,0
1398294619966,41889296113000,171538052000001,-6.358,-7.379,-30.854,0
1398294619976,41889306153000,171538052000001,-6.358,-7.379,-30.854,0
1398294619986,41889316163000,171538052000001,-6.703,-7.379,-30.854,0
1398294619996,41889326173000,171538052000001,-6.703,-7.379,-30.854,0
1398294620008,41889337739000,171538052000001,-6.703,-7.379,-30.854,0
1398294620016,41889346223000,171538052000001,-6.703,-7.379,-30.854,0
1398294620026,41889356202000,171538052000001,-6.703,-7.379,-30.854,0
1398294620036,41889366242000,171538052000001,-6.703,-7.379,-30.854,0
1398294620046,41889376222000,171538052000001,-6.703,-7.06,-30.854,0
1398294620056,41889386231000,171538052000001,-6.703,-7.06,-30.854,0
1398294620066,41889396241000,171538052000001,-6.703,-7.06,-30.854,0
1398294620076,41889406251000,171538052000001,-6.703,-7.06,-30.854,0
1398294620086,41889416261000,171538052000001,-6.703,-7.06,-30.854,0
1398294620097,41889426271000,171538052000001,-6.703,-7.06,-30.854,0
1398294620106,41889436280000,171538052000001,-6.703,-6.748,-30.854,0
1398294620116,41889446290000,171538052000001,-6.326,-6.748,-30.854,0
1398294620126,41889456300000,171538052000001,-6.326,-6.748,-30.854,0
1398294620136,41889466310000,171538052000001,-6.326,-6.748,-30.854,0
1398294620146,41889476319000,171538052000001,-6.326,-6.748,-31.184,0
1398294620156,41889486329000,171538052000001,-5.998,-6.748,-31.184,0
1398294620166,41889496339000,171538052000001,-5.998,-6.748,-31.184,0
1398294620176,41889506349000,171538052000001,-5.998,-6.748,-31.184,0
1398294620189,41889518342000,171538052000001,-5.998,-6.748,-31.184,0
1398294620204,41889533723000,171538052000001,-5.688,-6.748,-31.184,0
1398294620214,41889543550000,171538052000001,-5.688,-6.748,-31.184,0
1398294620218,41889547883000,171538052000001,-5.688,-6.748,-31.489,0
1398294620230,41889559663000,171538052000001,-5.688,-6.443,-31.489,0
1398294620241,41889570558000,171538052000001,-5.688,-6.443,-31.489,0
1398294620251,41889580567000,171538052000001,-5.688,-6.443,-31.489,0
1398294620261,41889590577000,171538052000001,-5.688,-6.443,-31.489,0
1398294620271,41889600556000,171538052000001,-5.688,-6.443,-31.489,0
1398294620278,41889607972000,171538052000001,-5.688,-6.443,-31.489,0
1398294620292,41889622285000,171538052000001,-5.688,-6.443,-31.489,0
1398294620298,41889628053000,171538052000001,-5.688,-6.443,-31.489,0
1398294620310,41889637605000,171538052000001,-5.688,-6.443,-31.489,0
1398294620317,41889646485000,171538052000001,-6.028,-6.443,-31.489,0
1398294620327,41889656495000,171538052000001,-6.028,-6.443,-31.489,0
1398294620338,41889666566000,171538052000001,-6.028,-6.443,-31.489,0
1398294620350,41889676850000,171538052000001,-6.028,-6.443,-31.489,0
1398294620357,41889686555000,171538052000001,-6.028,-6.443,-31.489,0
1398294620368,41889698121000,171538052000001,-6.028,-6.443,-31.489,0
1398294620388,41889706574000,171538052000001,-6.399,-6.443,-31.489,0
1398294620389,41889716584000,171538052000001,-6.399,-6.443,-31.489,0
1398294620402,41889726564000,171538052000001,-6.399,-6.443,-31.489,0
1398294620407,41889736604000,171538052000001,-6.703,-6.443,-31.489,0
1398294620417,41889746614000,171538052000001,-6.703,-6.443,-31.489,0
1398294620430,41889756593000,171538052000001,-6.703,-6.443,-31.182,0
1398294620437,41889766603000,171538052000001,-6.703,-6.443,-31.182,0
1398294620448,41889778352000,171538052000001,-6.703,-6.443,-31.182,0
1398294620461,41889790864000,171538052000001,-6.703,-6.443,-31.182,0
1398294620472,41889801881000,171538052000001,-6.703,-6.443,-31.182,0
1398294620479,41889809022000,171538052000001,-6.703,-6.443,-31.182,0
1398294620489,41889818910000,171538052000001,-6.703,-6.443,-31.182,0
1398294620498,41889826692000,171538052000001,-6.703,-6.443,-31.182,0
1398294620517,41889838075000,171538052000001,-6.703,-6.443,-31.182,0
1398294620521,41889847169000,171538052000001,-6.703,-6.443,-31.182,0
1398294620528,41889857392000,171538052000001,-7.019,-6.443,-31.182,0
1398294620541,41889870942000,171538052000001,-7.019,-6.443,-31.182,0
1398294620553,41889882539000,171538052000001,-7.019,-6.443,-31.182,0
1398294620558,41889888307000,171538052000001,-7.019,-6.443,-31.182,0
1398294620573,41889902772000,171538052000001,-7.019,-6.443,-31.182,0
1398294620578,41889908326000,171538052000001,-7.019,-6.443,-31.182,0
1398294620593,41889922761000,171538052000001,-7.019,-6.443,-31.182,0
1398294620599,41889928895000,171538052000001,-7.019,-6.443,-31.182,0
1398294620611,41889941011000,171538052000001,-7.019,-6.443,-31.182,0
1398294620619,41889949342000,171538052000001,-7.019,-6.443,-31.182,0
1398294620633,41889962983000,171538052000001,-7.019,-6.443,-31.182,0
1398294620639,41889968934000,171538052000001,-7.019,-6.443,-31.182,0
1398294620649,41889979219000,171538052000001,-7.019,-6.443,-31.182,0
1398294620663,41889993226000,171538052000001,-7.019,-6.443,-31.182,0
1398294620668,41889997987000,171538052000001,-7.019,-6.443,-31.182,0
1398294620680,41890010469000,171538052000001,-7.019,-6.443,-31.182,0
1398294620691,41890021180000,171538052000001,-7.019,-6.443,-31.182,0
1398294620699,41890029267000,171538052000001,-7.019,-6.443,-31.182,0
1398294620715,41890041871000,171538052000001,-7.019,-6.443,-31.182,0
1398294620717,41890046876000,171538052000001,-7.019,-6.443,-31.182,0
1398294620733,41890058442000,171538052000001,-7.019,-6.443,-31.182,0
1398294620738,41890068421000,171538052000001,-7.019,-6.443,-31.182,0
1398294620749,41890076905000,171538052000001,-7.019,-6.443,-31.182,0
1398294620771,41890090516000,171538052000001,-7.019,-6.443,-31.182,0
1398294620772,41890096955000,171538052000001,-7.019,-6.443,-31.182,0
1398294620784,41890106935000,171538052000001,-7.019,-6.443,-31.182,0
1398294620787,41890116975000,171538052000001,-7.019,-6.443,-31.182,0
1398294620798,41890127748000,171538052000001,-7.019,-6.443,-31.182,0
1398294620813,41890142335000,171538052000001,-7.019,-6.443,-31.182,0
1398294620825,41890148316000,171538052000001,-7.019,-6.443,-31.182,0
1398294620828,41890157289000,171538052000001,-7.019,-6.443,-31.182,0
1398294620842,41890171845000,171538052000001,-7.019,-6.443,-31.182,0
1398294620848,41890177461000,171538052000001,-7.019,-6.443,-31.182,0
1398294620860,41890187043000,171538052000001,-7.019,-6.443,-31.182,0
1398294620869,41890197022000,171538052000001,-7.019,-6.443,-31.182,0
1398294620877,41890207032000,171538052000001,-7.019,-6.443,-31.182,0
1398294620887,41890217042000,171538052000001,-7.019,-6.443,-31.182,0
1398294620897,41890227052000,171538052000001,-7.019,-6.443,-31.182,0
1398294620909,41890238618000,171538052000001,-7.019,-6.443,-31.182,0
1398294620917,41890247132000,171538052000001,-7.019,-6.443,-31.182,0
1398294620927,41890257081000,171538052000001,-7.019,-6.443,-31.182,0
1398294620937,41890267060000,171538052000001,-7.019,-6.443,-31.182,0
1398294620947,41890277101000,171538052000001,-7.019,-6.443,-31.182,0
1398294620957,41890287110000,171538052000001,-7.019,-6.443,-31.182,0
1398294620967,41890297120000,171538052000001,-7.345,-6.443,-31.182,0
1398294620982,41890312135000,171538052000001,-7.345,-6.443,-31.182,0
1398294620991,41890320893000,171538052000001,-7.345,-6.443,-31.182,0
1398294621002,41890332215000,171538052000001,-7.345,-6.443,-31.182,0
1398294621011,41890340516000,171538052000001,-7.345,-6.443,-31.182,0
1398294621020,41890349946000,171538052000001,-7.345,-6.443,-31.182,0
1398294621030,41890360322000,171538052000001,-7.345,-6.443,-31.182,0
1398294621042,41890371888000,171538052000001,-7.345,-6.443,-31.182,0
1398294621051,41890381227000,171538052000001,-7.345,-6.141,-31.182,0
1398294621063,41890392579000,171538052000001,-7.345,-6.141,-31.182,0
1398294621071,41890400727000,171538052000001,-7.345,-6.141,-31.182,0
1398294621079,41890408662000,171538052000001,-7.345,-6.141,-31.182,0
1398294621092,41890421540000,171538052000001,-7.345,-6.141,-31.182,0
1398294621100,41890429536000,171538052000001,-7.345,-6.141,-31.182,0
1398294621119,41890441682000,171538052000001,-7.345,-6.141,-31.182,0
1398294621137,41890448365000,171538052000001,-7.345,-6.141,-31.182,0
1398294621138,41890459474000,171538052000001,-7.345,-6.141,-31.182,0
1398294621149,41890467256000,171538052000001,-7.345,-6.141,-31.182,0
1398294621150,41890477296000,171538052000001,-7.345,-6.141,-31.182,0
1398294621164,41890488038000,171538052000001,-7.345,-6.141,-31.182,0
1398294621167,41890497315000,171538052000001,-7.345,-6.141,-31.182,0
1398294621180,41890507325000,171538052000001,-7.043,-6.141,-31.182,0
1398294621194,41890521058000,171538052000001,-7.043,-6.468,-31.182,0
1398294621199,41890528443000,171538052000001,-7.043,-6.468,-31.182,0
1398294621209,41890538728000,171538052000001,-7.043,-6.468,-31.182,0
1398294621224,41890552705000,171538052000001,-7.043,-6.468,-31.182,0
1398294621232,41890558991000,171538052000001,-6.695,-6.468,-31.182,0
1398294621237,41890567384000,171538052000001,-6.695,-6.468,-31.182,0
1398294621251,41890577394000,171538052000001,-6.695,-6.468,-31.182,0
1398294621266,41890587434000,171538052000001,-6.695,-6.468,-31.182,0
1398294621269,41890598970000,171538052000001,-6.695,-6.468,-31.182,0
1398294621277,41890607637000,171538052000001,-6.695,-6.468,-31.182,0
1398294621287,41890617433000,171538052000001,-6.695,-6.468,-31.182,0
1398294621297,41890627442000,171538052000001,-6.695,-6.468,-31.182,0
1398294621308,41890637452000,171538052000001,-6.695,-6.468,-31.182,0
1398294621317,41890647462000,171538052000001,-6.695,-6.468,-31.182,0
1398294621328,41890657502000,171538052000001,-6.695,-6.468,-31.182,0
1398294621338,41890667481000,171538052000001,-6.695,-6.468,-31.182,0
1398294621348,41890677522000,171538052000001,-6.695,-6.468,-31.182,0
1398294621358,41890687501000,171538052000001,-6.695,-6.468,-31.182,0
1398294621368,41890697511000,171538052000001,-6.695,-6.468,-31.182,0
1398294621378,41890707521000,171538052000001,-6.695,-6.468,-31.182,0
1398294621388,41890717500000,171538052000001,-6.695,-6.468,-31.182,0
1398294621398,41890727540000,171538052000001,-6.695,-6.468,-31.182,0
1398294621407,41890737550000,171538052000001,-6.695,-6.468,-31.182,0
1398294621417,41890747590000,171538052000001,-6.695,-6.468,-31.182,0
1398294621430,41890757630000,171538052000001,-6.695,-6.468,-31.182,0
1398294621443,41890770448000,171538052000001,-6.695,-6.468,-31.182,0
1398294621449,41890779084000,171538052000001,-6.695,-6.468,-31.182,0
1398294621458,41890787568000,171538052000001,-6.695,-6.468,-31.182,0
1398294621467,41890797547000,171538052000001,-6.695,-6.468,-31.182,0
1398294621478,41890807557000,171538052000001,-6.33,-6.468,-31.182,0
1398294621488,41890817597000,171538052000001,-6.33,-6.468,-31.182,0
1398294621498,41890827638000,171538052000001,-6.33,-6.468,-31.182,0
1398294621512,41890837647000,171538052000001,-6.33,-6.468,-31.182,0
1398294621518,41890847657000,171538052000001,-6.33,-6.468,-31.182,0
1398294621528,41890857820000,171538052000001,-6.33,-6.784,-31.182,0
1398294621538,41890867738000,171538052000001,-6.33,-6.784,-31.182,0
1398294621548,41890877687000,171538052000001,-6.33,-6.784,-31.182,0
1398294621558,41890887696000,171538052000001,-6.33,-6.784,-31.182,0
1398294621581,41890898591000,171538052000001,-6.33,-6.784,-31.182,0
1398294621583,41890907716000,171538052000001,-6.33,-6.784,-31.182,0
1398294621587,41890917695000,171538052000001,-6.33,-6.784,-31.182,0
1398294621598,41890927705000,171538052000001,-6.33,-6.784,-31.182,0
1398294621607,41890937745000,171538052000001,-6.33,-6.784,-31.182,0
1398294621618,41890947755000,171538052000001,-6.33,-6.784,-31.182,0
1398294621629,41890959291000,171538052000001,-6.33,-6.784,-31.182,0
1398294621638,41890967805000,171538052000001,-6.33,-6.784,-31.182,0
1398294621650,41890977815000,171538052000001,-6.33,-7.104,-31.182,0
1398294621661,41890987824000,171538052000001,-6.33,-7.104,-31.182,0
1398294621668,41890997804000,171538052000001,-6.33,-7.104,-31.182,0
1398294621678,41891007814000,171538052000001,-6.33,-7.104,-31.182,0
1398294621688,41891017793000,171538052000001,-6.33,-7.104,-31.182,0
1398294621698,41891027833000,171538052000001,-6.33,-7.104,-31.182,0
1398294621708,41891037995000,171538052000001,-6.33,-7.104,-31.182,0
1398294621718,41891047853000,171538052000001,-6.33,-7.104,-31.182,0
1398294621728,41891057862000,171538052000001,-6.33,-7.104,-31.182,0
1398294621738,41891068147000,171538052000001,-6.33,-7.104,-31.182,0
1398294621748,41891077821000,171538052000001,-6.33,-7.104,-31.182,0
1398294621758,41891087831000,171538052000001,-6.33,-7.104,-31.182,0
1398294621768,41891097840000,171538052000001,-6.33,-7.104,-31.182,0
1398294621778,41891107850000,171538052000001,-6.33,-7.104,-31.182,0
1398294621788,41891117860000,171538052000001,-6.33,-7.104,-31.182,0
1398294621798,41891127870000,171538052000001,-6.33,-7.104,-31.182,0
1398294621809,41891139436000,171538052000001,-6.33,-7.104,-31.182,0
1398294621818,41891147920000,171538052000001,-6.33,-7.104,-31.182,0
1398294621828,41891157899000,171538052000001,-6.33,-7.104,-31.182,0
1398294621838,41891167909000,171538052000001,-6.33,-7.104,-31.182,0
1398294621848,41891177918000,171538052000001,-6.33,-7.104,-31.182,0
1398294621858,41891187928000,171538052000001,-6.33,-7.104,-31.182,0
1398294621868,41891197938000,171538052000001,-6.33,-7.104,-31.182,0
1398294621878,41891207948000,171538052000001,-6.33,-7.104,-31.182,0
1398294621888,41891217958000,171538052000001,-6.33,-7.104,-31.182,0
1398294621898,41891227967000,171538052000001,-6.33,-7.104,-31.182,0
1398294621908,41891237977000,171538052000001,-6.33,-7.104,-31.182,0
1398294621918,41891247987000,171538052000001,-6.33,-7.104,-31.182,0
1398294621928,41891257997000,171538052000001,-6.33,-7.104,-31.182,0
1398294621941,41891270265000,171538052000001,-6.33,-7.104,-31.182,0
1398294621955,41891284852000,171538052000001,-6.33,-7.104,-31.182,0
1398294621958,41891288545000,171538052000001,-6.33,-7.104,-31.182,0
1398294621974,41891304475000,171538052000001,-6.33,-7.104,-31.182,0
1398294621979,41891308534000,171538052000001,-6.33,-7.104,-31.182,0
1398294621994,41891323731000,171538052000001,-6.33,-7.104,-31.182,0
1398294621998,41891328034000,171538052000001,-6.33,-7.104,-31.182,0
1398294622013,41891342378000,171538052000001,-6.33,-7.104,-31.182,0
1398294622021,41891350556000,171538052000001,-6.33,-7.104,-31.182,0
1398294622036,41891365205000,171538052000001,-6.33,-6.781,-31.182,0
1398294622038,41891368409000,171538052000001,-6.33,-6.781,-31.182,0
1398294622051,41891380952000,171538052000001,-6.33,-6.781,-31.182,0
1398294622061,41891390565000,171538052000001,-6.33,-6.781,-31.182,0
1398294622071,41891400361000,171538052000001,-6.33,-6.781,-31.182,0
1398294622083,41891413362000,171538052000001,-6.33,-6.781,-31.182,0
1398294622091,41891420564000,171538052000001,-6.33,-6.781,-31.484,0
1398294622105,41891435273000,171538052000001,-6.33,-6.448,-31.484,0
1398294622108,41891438508000,171538052000001,-6.33,-6.448,-31.484,0
1398294622125,41891454591000,171538052000001,-6.33,-6.448,-31.484,0
1398294622129,41891458711000,171538052000001,-6.33,-6.448,-31.484,0
1398294622145,41891475312000,171538052000001,-6.33,-6.448,-31.484,0
1398294622149,41891478700000,171538052000001,-6.33,-6.448,-31.484,0
1398294622160,41891488526000,171538052000001,-6.33,-6.448,-31.484,0
1398294622170,41891499848000,171538052000001,-6.33,-6.448,-31.484,0
1398294622178,41891508332000,171538052000001,-6.33,-6.448,-31.484,0
1398294622188,41891518312000,171538052000001,-6.33,-6.448,-31.484,0
1398294622198,41891528291000,171538052000001,-6.33,-6.108,-31.484,0
1398294622208,41891538331000,171538052000001,-6.33,-6.108,-31.484,0
1398294622218,41891548341000,171538052000001,-6.33,-6.108,-31.484,0
1398294622228,41891558351000,171538052000001,-6.33,-6.108,-31.484,0
1398294622238,41891568330000,171538052000001,-6.33,-6.108,-31.484,0
1398294622248,41891578340000,171538052000001,-6.33,-6.108,-31.484,0
1398294622258,41891588349000,171538052000001,-6.33,-6.108,-31.484,0
1398294622275,41891604707000,171538052000001,-6.33,-6.108,-31.484,0
1398294622280,41891609925000,171538052000001,-6.33,-6.108,-31.484,0
1398294622291,41891620545000,171538052000001,-6.33,-6.108,-31.484,0
1398294622305,41891635224000,171538052000001,-6.33,-6.108,-31.484,0
1398294622310,41891640016000,171538052000001,-6.33,-6.108,-31.484,0
1398294622325,41891654695000,171538052000001,-6.33,-6.108,-31.484,0
1398294622330,41891659333000,171538052000001,-6.33,-6.108,-31.484,0
1398294622341,41891670564000,171538052000001,-6.33,-6.108,-31.484,0
1398294622363,41891686463000,171538052000001,-6.33,-6.108,-31.803,0
1398294622366,41891695924000,171538052000001,-6.33,-6.108,-31.803,0
1398294622370,41891699311000,171538052000001,-6.33,-6.108,-31.803,0
1398294622384,41891713655000,171538052000001,-6.33,-6.108,-31.803,0
1398294622391,41891720552000,171538052000001,-6.33,-6.108,-31.803,0
1398294622405,41891735231000,171538052000001,-6.33,-6.108,-31.803,0
1398294622409,41891738923000,171538052000001,-6.33,-6.108,-31.803,0
1398294622425,41891755342000,171538052000001,-6.33,-6.108,-31.803,0
1398294622430,41891760224000,171538052000001,-6.33,-6.108,-31.803,0
1398294622445,41891774812000,171538052000001,-6.33,-6.108,-31.803,0
1398294622451,41891780732000,171538052000001,-6.33,-6.108,-31.803,0
1398294622465,41891795014000,171538052000001,-6.33,-6.108,-31.803,0
1398294622471,41891800569000,171538052000001,-6.33,-6.108,-31.803,0
1398294622484,41891813722000,171538052000001,-6.33,-5.78,-31.803,0
1398294622492,41891822419000,171538052000001,-6.33,-5.78,-31.803,0
1398294622504,41891833619000,171538052000001,-6.33,-5.78,-31.803,0
1398294622512,41891842286000,171538052000001,-6.33,-5.78,-31.803,0
1398294622524,41891854432000,171538052000001,-6.33,-5.78,-31.803,0
1398294622533,41891863191000,171538052000001,-6.33,-5.78,-31.803,0
1398294622543,41891872712000,171538052000001,-6.33,-5.78,-31.803,0
1398294622554,41891883912000,171538052000001,-6.33,-5.78,-31.803,0
1398294622563,41891892488000,171538052000001,-6.33,-5.78,-31.803,0
1398294622574,41891903688000,171538052000001,-6.33,-5.78,-31.803,0
1398294622582,41891912355000,171538052000001,-6.33,-5.78,-31.803,0
1398294622594,41891923738000,171538052000001,-6.33,-5.78,-31.803,0
1398294622602,41891932283000,171538052000001,-6.33,-5.78,-31.803,0
1398294622614,41891942994000,171538052000001,-6.33,-5.78,-31.803,0
1398294622621,41891950563000,171538052000001,-6.33,-5.78,-31.803,0
1398294622631,41891960908000,171538052000001,-6.33,-5.78,-31.803,0
1398294622645,41891974549000,171538052000001,-6.33,-5.447,-31.803,0
1398294622650,41891980012000,171538052000001,-6.33,-5.447,-31.803,0
1398294622661,41891989747000,171538052000001,-6.672,-5.447,-31.803,0
1398294622672,41892001069000,171538052000001,-6.672,-5.447,-31.803,0
1398294622679,41892008790000,171538052000001,-6.672,-5.447,-31.803,0
1398294622689,41892018891000,171538052000001,-6.672,-5.119,-31.803,0
1398294622699,41892028779000,171538052000001,-6.672,-5.119,-31.803,0
1398294622710,41892040345000,171538052000001,-6.994,-5.119,-31.803,0
1398294622719,41892048860000,171538052000001,-6.994,-5.119,-31.803,0
1398294622729,41892058808000,171538052000001,-6.994,-4.762,-31.803,0
1398294622739,41892068818000,171538052000001,-6.994,-4.762,-31.803,0
1398294622749,41892078828000,171538052000001,-6.994,-4.762,-31.803,0
1398294622765,41892095155000,171538052000001,-6.994,-4.438,-31.803,0
1398294622771,41892101167000,171538052000001,-7.331,-4.438,-31.803,0
1398294622784,41892113954000,171538052000001,-7.331,-4.438,-31.803,0
1398294622793,41892122651000,171538052000001,-7.331,-4.016,-31.803,0
1398294622805,41892134797000,171538052000001,-7.331,-4.016,-31.803,0
1398294622812,41892141542000,171538052000001,-7.331,-4.016,-31.803,0
1398294622826,41892155488000,171538052000001,-7.331,-3.669,-31.803,0
1398294622830,41892160401000,171538052000001,-7.331,-3.669,-31.803,0
1398294622845,41892175202000,171538052000001,-7.331,-3.669,-31.803,0
1398294622851,41892181092000,171538052000001,-7.331,-3.669,-31.803,0
1398294622866,41892195466000,171538052000001,-7.331,-3.34,-31.803,0
1398294622870,41892200501000,171538052000001,-7.331,-3.34,-31.803,0
1398294622884,41892214112000,171538052000001,-7.331,-3.34,-31.803,0
1398294622895,41892224763000,171538052000001,-7.331,-3.34,-31.803,0
1398294622902,41892231660000,171538052000001,-7.331,-3.34,-31.803,0
1398294622916,41892245576000,171538052000001,-7.331,-3.34,-31.803,0
1398294622921,41892250611000,171538052000001,-7.331,-3.34,-32.13,0
1398294622947,41892259034000,171538052000001,-7.331,-3.34,-32.13,0
1398294622949,41892269044000,171538052000001,-7.331,-3.34,-32.13,0
1398294622957,41892279023000,171538052000001,-7.331,-3.34,-32.13,0
1398294622959,41892289033000,171538052000001,-7.331,-3.34,-32.13,0
1398294622974,41892303468000,171538052000001,-7.331,-3.34,-32.13,0
1398294622981,41892310578000,171538052000001,-7.331,-3.34,-32.13,0
1398294622991,41892320924000,171538052000001,-7.331,-3.34,-32.13,0
1398294623005,41892334840000,171538052000001,-7.331,-3.34,-32.13,0
1398294623010,41892340272000,171538052000001,-7.331,-3.34,-32.13,0
1398294623025,41892355378000,171538052000001,-7.331,-3.34,-32.13,0
1398294623030,41892359986000,171538052000001,-7.005,-3.34,-32.13,0
1398294623046,41892375550000,171538052000001,-7.005,-3.34,-32.13,0
1398294623051,41892380708000,171538052000001,-7.005,-3.34,-32.13,0
1398294623065,41892395417000,171538052000001,-7.005,-3.34,-32.13,0
1398294623073,41892402955000,171538052000001,-7.005,-3.34,-32.13,0
1398294623084,41892414277000,171538052000001,-6.668,-3.34,-32.13,0
1398294623093,41892422914000,171538052000001,-6.668,-3.34,-32.13,0
1398294623105,41892434999000,171538052000001,-6.668,-3.34,-32.13,0
1398294623117,41892440400000,171538052000001,-6.668,-3.34,-32.13,0
1398294623127,41892449220000,171538052000001,-6.668,-3.34,-32.13,0
1398294623130,41892459687000,171538052000001,-6.668,-3.34,-32.13,0
1398294623146,41892475495000,171538052000001,-6.336,-3.34,-32.444,0
1398294623152,41892481507000,171538052000001,-6.336,-3.34,-32.444,0
1398294623166,41892496003000,171538052000001,-6.336,-3.34,-32.444,0
1398294623172,41892499208000,171538052000001,-6.336,-3.34,-32.444,0
1398294623180,41892509309000,171538052000001,-6.336,-3.34,-32.444,0
1398294623189,41892519288000,171538052000001,-6.336,-3.002,-32.444,0
1398294623199,41892529298000,171538052000001,-6.336,-3.002,-32.444,0
1398294623209,41892539338000,171538052000001,-6.034,-3.002,-32.444,0
1398294623220,41892549348000,171538052000001,-6.034,-3.002,-32.444,0
1398294623229,41892559327000,171538052000001,-6.034,-3.002,-32.444,0
1398294623240,41892569337000,171538052000001,-6.034,-3.002,-32.444,0
1398294623267,41892580934000,171538052000001,-6.034,-2.697,-32.444,0
1398294623271,41892589479000,171538052000001,-6.034,-2.697,-32.444,0
1398294623273,41892599458000,171538052000001,-6.034,-2.697,-32.444,0
1398294623286,41892613282000,171538052000001,-6.034,-2.697,-32.444,0
1398294623290,41892619416000,171538052000001,-6.034,-2.697,-32.444,0
1398294623301,41892630555000,171538052000001,-6.428,-2.381,-32.444,0
1398294623313,41892642793000,171538052000001,-6.428,-2.381,-32.444,0
1398294623323,41892651033000,171538052000001,-6.428,-2.381,-32.444,0
1398294623333,41892662782000,171538052000001,-6.428,-2.381,-32.444,0
1398294623343,41892672792000,171538052000001,-6.428,-2.381,-32.444,0
1398294623352,41892682435000,171538052000001,-6.428,-2.381,-32.444,0
1398294623366,41892695832000,171538052000001,-6.428,-2.381,-32.444,0
1398294623371,41892701020000,171538052000001,-6.428,-2.381,-32.444,0
1398294623385,41892714601000,171538052000001,-6.744,-2.381,-32.444,0
1398294623393,41892722901000,171538052000001,-6.744,-2.381,-32.444,0
1398294623405,41892735047000,171538052000001,-6.744,-2.381,-32.444,0
1398294623412,41892741853000,171538052000001,-6.744,-2.381,-32.444,0
1398294623426,41892755769000,171538052000001,-6.744,-2.381,-32.444,0
1398294623434,41892763398000,171538052000001,-6.744,-2.381,-32.444,0
1398294623445,41892774751000,171538052000001,-6.744,-2.381,-32.444,0
1398294623453,41892783418000,171538052000001,-6.744,-2.381,-32.444,0
1398294623465,41892794648000,171538052000001,-6.744,-2.682,-32.444,0
1398294623473,41892803315000,171538052000001,-6.744,-2.682,-32.444,0
1398294623485,41892815431000,171538052000001,-6.744,-2.682,-32.444,0
1398294623492,41892822267000,171538052000001,-6.396,-2.682,-32.444,0
1398294623506,41892836305000,171538052000001,-6.396,-2.682,-32.444,0
1398294623511,41892841157000,171538052000001,-6.396,-2.682,-32.444,0
1398294623526,41892855897000,171538052000001,-6.396,-2.682,-32.444,0
1398294623531,41892861543000,171538052000001,-6.396,-2.682,-32.444,0
1398294623546,41892875886000,171538052000001,-6.396,-2.682,-32.444,0
1398294623551,41892880555000,171538052000001,-6.396,-2.682,-32.444,0
1398294623564,41892893556000,171538052000001,-6.396,-2.682,-32.444,0
1398294623575,41892903535000,171538052000001,-6.396,-2.682,-32.444,0
1398294623585,41892915254000,171538052000001,-6.091,-2.682,-32.444,0
1398294623591,41892921022000,171538052000001,-6.091,-2.682,-32.444,0
1398294623605,41892934907000,171538052000001,-6.091,-2.682,-32.444,0
1398294623612,41892942292000,171538052000001,-6.091,-2.682,-32.444,0
1398294623623,41892952912000,171538052000001,-6.091,-2.682,-32.444,0
1398294623633,41892962831000,171538052000001,-6.091,-2.682,-32.444,0
1398294623643,41892972871000,171538052000001,-6.091,-2.682,-32.444,0
1398294623655,41892984437000,171538052000001,-6.091,-2.682,-32.444,0
1398294623664,41892993562000,171538052000001,-6.091,-2.682,-32.444,0
1398294623676,41892999757000,171538052000001,-6.091,-2.682,-32.444,0
1398294623682,41893009950000,171538052000001,-6.411,-2.682,-32.444,0
1398294623692,41893019929000,171538052000001,-6.411,-2.682,-32.444,0
1398294623702,41893029939000,171538052000001,-6.411,-2.682,-32.444,0
1398294623712,41893039949000,171538052000001,-6.411,-2.682,-32.444,0
1398294623722,41893049989000,171538052000001,-6.411,-2.682,-32.444,0
1398294623731,41893059968000,171538052000001,-6.411,-2.682,-32.444,0
1398294623741,41893069947000,171538052000001,-6.411,-2.682,-32.444,0
1398294623751,41893080018000,171538052000001,-6.411,-2.682,-32.444,0
1398294623761,41893090028000,171538052000001,-6.411,-2.682,-32.444,0
1398294623776,41893099977000,171538052000001,-6.411,-2.682,-32.444,0
1398294623783,41893110200000,171538052000001,-6.411,-2.682,-32.444,0
1398294623795,41893122132000,171538052000001,-6.411,-2.682,-32.444,0
1398294623803,41893130250000,171538052000001,-6.411,-2.682,-32.444,0
1398294623817,41893144074000,171538052000001,-6.718,-2.682,-32.444,0
1398294623824,41893150239000,171538052000001,-6.718,-2.682,-32.444,0
1398294623834,41893161378000,171538052000001,-6.718,-2.682,-32.444,0
1398294623845,41893171052000,171538052000001,-6.718,-2.682,-32.444,0
1398294623854,41893181825000,171538052000001,-6.718,-2.682,-32.444,0
1398294623865,41893192994000,171538052000001,-6.718,-2.682,-32.444,0
1398294623873,41893200593000,171538052000001,-6.718,-2.682,-32.444,0
1398294623901,41893214723000,171538052000001,-6.718,-2.682,-32.444,0
1398294623910,41893226564000,171538052000001,-6.718,-2.682,-32.444,0
1398294623915,41893233979000,171538052000001,-6.718,-2.682,-32.444,0
1398294623922,41893240296000,171538052000001,-6.718,-2.682,-32.444,0
1398294623927,41893250276000,171538052000001,-6.718,-2.682,-32.444,0
1398294623934,41893260285000,171538052000001,-6.718,-2.682,-32.444,0
1398294623944,41893271211000,171538052000001,-6.718,-2.682,-32.444,0
1398294623952,41893281800000,171538052000001,-6.718,-2.682,-32.444,0
1398294623963,41893292878000,171538052000001,-6.718,-2.986,-32.444,0
1398294623977,41893306947000,171538052000001,-6.718,-2.986,-32.444,0
1398294623981,41893310395000,171538052000001,-6.718,-2.986,-32.444,0
1398294623995,41893324952000,171538052000001,-6.718,-2.986,-32.444,0
1398294624004,41893333924000,171538052000001,-6.718,-2.986,-32.444,0
1398294624016,41893345429000,171538052000001,-6.718,-2.986,-32.444,0
1398294624024,41893353791000,171538052000001,-6.718,-2.986,-32.444,0
1398294624035,41893365235000,171538052000001,-6.718,-2.986,-32.444,0
1398294624044,41893374055000,171538052000001,-6.718,-2.986,-32.444,0
1398294624056,41893385499000,171538052000001,-6.718,-2.986,-32.444,0
1398294624064,41893393800000,171538052000001,-6.718,-3.311,-32.444,0
1398294624074,41893403718000,171538052000001,-6.718,-3.311,-32.444,0
1398294624086,41893415986000,171538052000001,-6.718,-3.311,-32.444,0
1398294624093,41893422914000,171538052000001,-6.718,-3.311,-32.444,0
1398294624106,41893435456000,171538052000001,-6.718,-3.311,-32.444,0
1398294624114,41893443788000,171538052000001,-6.718,-3.311,-32.444,0
1398294624125,41893455293000,171538052000001,-6.718,-3.311,-32.444,0
1398294624134,41893464112000,171538052000001,-6.718,-3.311,-32.444,0
1398294624146,41893475495000,171538052000001,-6.718,-3.311,-32.444,0
1398294624155,41893484712000,171538052000001,-6.718,-3.311,-32.444,0
1398294624167,41893491151000,171538052000001,-6.718,-3.311,-32.444,0
1398294624174,41893500520000,171538052000001,-6.718,-3.311,-32.444,0
1398294624216,41893510591000,171538052000001,-6.718,-3.311,-32.444,0
1398294624217,41893521638000,171538052000001,-6.718,-3.311,-32.444,0
1398294624219,41893533509000,171538052000001,-6.718,-3.311,-32.444,0
1398294624220,41893542512000,171538052000001,-6.718,-3.311,-32.444,0
1398294624223,41893550294000,171538052000001,-6.718,-3.311,-32.444,0
1398294624230,41893560273000,171538052000001,-6.718,-3.311,-32.444,0
1398294624240,41893570283000,171538052000001,-6.718,-3.311,-32.444,0
1398294624251,41893580293000,171538052000001,-6.718,-3.311,-32.444,0
1398294624260,41893590303000,171538052000001,-6.718,-3.311,-32.444,0
1398294624274,41893600343000,171538052000001,-6.718,-3.311,-32.125,0
1398294624286,41893610536000,171538052000001,-6.718,-3.311,-32.125,0
1398294624290,41893620362000,171538052000001,-6.718,-3.311,-32.125,0
1398294624302,41893631013000,171538052000001,-6.718,-3.311,-32.125,0
1398294624317,41893640382000,171538052000001,-6.718,-3.311,-32.125,0
1398294624328,41893650392000,171538052000001,-6.718,-3.311,-32.125,0
1398294624336,41893661988000,171538052000001,-6.718,-3.311,-32.125,0
1398294624340,41893670472000,171538052000001,-6.718,-3.311,-32.125,0
1398294624350,41893680390000,171538052000001,-6.718,-3.311,-32.125,0
1398294624363,41893690400000,171538052000001,-6.718,-3.311,-32.125,0
1398294624371,41893700471000,171538052000001,-6.718,-3.311,-32.125,0
1398294624380,41893710420000,171538052000001,-7.031,-3.311,-32.125,0
1398294624391,41893720429000,171538052000001,-7.031,-3.311,-32.125,0
1398294624400,41893730439000,171538052000001,-7.031,-3.311,-32.125,0
1398294624411,41893740449000,171538052000001,-7.031,-3.649,-32.125,0
1398294624421,41893750489000,171538052000001,-7.031,-3.649,-32.125,0
1398294624431,41893760530000,171538052000001,-7.031,-3.649,-32.125,0
1398294624441,41893770509000,171538052000001,-7.031,-3.649,-32.125,0
1398294624451,41893780488000,171538052000001,-7.031,-3.649,-32.125,0
1398294624461,41893790528000,171538052000001,-7.031,-3.649,-31.822,0
1398294624471,41893800538000,171538052000001,-7.341,-3.961,-31.822,0
1398294624481,41893810548000,171538052000001,-7.341,-3.961,-31.822,0
1398294624491,41893820558000,171538052000001,-7.341,-3.961,-31.822,0
1398294624507,41893830903000,171538052000001,-7.341,-3.961,-31.822,0
1398294624513,41893842286000,171538052000001,-7.675,-3.961,-31.822,0
1398294624521,41893850587000,171538052000001,-7.675,-3.961,-31.822,0
1398294624530,41893860536000,171538052000001,-7.675,-4.27,-31.517,0
1398294624540,41893870545000,171538052000001,-7.675,-4.27,-31.517,0
1398294624550,41893880555000,171538052000001,-7.675,-4.27,-31.517,0
1398294624560,41893890595000,171538052000001,-7.675,-4.27,-31.517,0
1398294624570,41893900605000,171538052000001,-8.001,-4.27,-31.517,0
1398294624580,41893910615000,171538052000001,-8.001,-4.585,-31.216,0
1398294624590,41893920625000,171538052000001,-8.001,-4.585,-31.216,0
1398294624600,41893930604000,171538052000001,-8.001,-4.585,-31.216,0
1398294624610,41893940644000,171538052000001,-8.001,-4.585,-31.216,0
1398294624621,41893950654000,171538052000001,-8.001,-4.585,-31.216,0
1398294624631,41893960664000,171538052000001,-8.001,-4.585,-31.216,0
1398294624641,41893970643000,171538052000001,-8.001,-4.942,-31.216,0
1398294624656,41893980683000,171538052000001,-8.001,-4.942,-31.216,0
1398294624672,41893991731000,171538052000001,-8.001,-4.942,-31.216,0
1398294624674,41894000703000,171538052000001,-8.001,-5.244,-31.216,0
1398294624688,41894010835000,171538052000001,-8.001,-5.244,-31.216,0
1398294624693,41894022309000,171538052000001,-8.001,-5.244,-31.216,0
1398294624716,41894030793000,171538052000001,-8.001,-5.567,-31.216,0
1398294624723,41894041535000,171538052000001,-8.001,-5.567,-31.216,0
1398294624725,41894050782000,171538052000001,-8.001,-5.567,-31.216,0
1398294624732,41894060975000,171538052000001,-8.001,-5.567,-31.216,0
1398294624741,41894070802000,171538052000001,-7.633,-5.899,-31.216,0
1398294624751,41894080781000,171538052000001,-7.633,-5.899,-31.216,0
1398294624761,41894090791000,171538052000001,-7.633,-5.899,-31.216,0
1398294624771,41894100831000,171538052000001,-7.633,-5.899,-31.216,0
1398294624781,41894110810000,171538052000001,-7.633,-5.899,-31.216,0
1398294624791,41894120851000,171538052000001,-7.633,-5.899,-31.216,0
1398294624801,41894130830000,171538052000001,-7.633,-5.899,-31.216,0
1398294624811,41894141175000,171538052000001,-7.633,-5.899,-31.216,0
1398294624821,41894150788000,171538052000001,-7.327,-5.899,-31.216,0
1398294624831,41894160829000,171538052000001,-7.327,-5.899,-31.216,0
1398294624841,41894170869000,171538052000001,-7.327,-5.899,-31.216,0
1398294624851,41894180909000,171538052000001,-7.327,-5.899,-31.216,0
1398294624861,41894190888000,171538052000001,-7.327,-5.899,-31.216,0
1398294624872,41894202485000,171538052000001,-7.327,-5.899,-31.517,0
1398294624882,41894210969000,171538052000001,-6.95,-5.899,-31.517,0
1398294624891,41894220918000,171538052000001,-6.95,-5.899,-31.517,0
1398294624901,41894230928000,171538052000001,-6.95,-5.899,-31.517,0
1398294624911,41894240937000,171538052000001,-6.95,-5.899,-31.517,0
1398294624921,41894250978000,171538052000001,-6.95,-5.584,-31.517,0
1398294624931,41894260957000,171538052000001,-6.95,-5.584,-31.517,0
1398294624941,41894270967000,171538052000001,-6.95,-5.584,-31.517,0
1398294624951,41894280976000,171538052000001,-6.95,-5.584,-31.517,0
1398294624961,41894290986000,171538052000001,-6.645,-5.584,-31.517,0
1398294624971,41894300996000,171538052000001,-6.645,-5.584,-31.517,0
1398294624981,41894311006000,171538052000001,-6.645,-5.584,-31.517,0
1398294624991,41894321015000,171538052000001,-6.645,-5.584,-31.517,0
1398294625001,41894331025000,171538052000001,-6.645,-5.584,-31.517,0
1398294625011,41894341035000,171538052000001,-6.645,-5.584,-31.517,0
1398294625021,41894351045000,171538052000001,-6.645,-5.584,-31.517,0
1398294625031,41894361054000,171538052000001,-6.645,-5.584,-31.517,0
1398294625041,41894371064000,171538052000001,-6.645,-5.584,-31.517,0
1398294625052,41894382630000,171538052000001,-6.645,-5.584,-31.517,0
1398294625064,41894391816000,171538052000001,-6.645,-5.584,-31.517,0
1398294625075,41894404725000,171538052000001,-6.645,-5.584,-31.517,0
1398294625085,41894414613000,171538052000001,-6.645,-5.584,-31.517,0
1398294625095,41894424592000,171538052000001,-6.645,-5.584,-31.517,0
1398294625105,41894434571000,171538052000001,-6.645,-5.584,-31.517,0
1398294625112,41894441590000,171538052000001,-6.645,-5.584,-31.517,0
1398294625127,41894451112000,171538052000001,-6.645,-5.584,-31.517,0
1398294625133,41894462892000,171538052000001,-6.645,-5.584,-31.517,0
1398294625143,41894473176000,171538052000001,-6.645,-5.584,-31.517,0
1398294625152,41894481874000,171538052000001,-6.645,-5.584,-31.517,0
1398294625163,41894493196000,171538052000001,-6.645,-5.584,-31.517,0
1398294625171,41894501191000,171538052000001,-6.645,-5.584,-31.517,0
1398294625181,41894511201000,171538052000001,-6.645,-5.584,-31.517,0
1398294625191,41894521180000,171538052000001,-6.645,-5.584,-31.517,0
1398294625201,41894531190000,171538052000001,-6.645,-5.584,-31.517,0
1398294625211,41894541200000,171538052000001,-6.645,-5.584,-31.517,0
1398294625221,41894551210000,171538052000001,-6.645,-5.281,-31.517,0
1398294625233,41894562806000,171538052000001,-6.645,-5.281,-31.517,0
1398294625241,41894571290000,171538052000001,-6.645,-5.281,-31.517,0
1398294625251,41894581269000,171538052000001,-6.645,-5.281,-31.517,0
1398294625261,41894591249000,171538052000001,-6.645,-5.281,-31.517,0
1398294625275,41894604829000,171538052000001,-6.645,-5.281,-31.517,0
1398294625284,41894613923000,171538052000001,-6.645,-5.281,-31.517,0
1398294625298,41894627870000,171538052000001,-6.645,-5.281,-31.517,0
1398294625303,41894632814000,171538052000001,-6.645,-5.281,-31.517,0
1398294625314,41894643922000,171538052000001,-6.645,-5.281,-31.517,0
1398294625328,41894657929000,171538052000001,-6.645,-5.281,-31.517,0
1398294625333,41894663026000,171538052000001,-6.645,-5.281,-31.517,0
1398294625345,41894674806000,171538052000001,-6.645,-5.281,-31.517,0
1398294625355,41894684907000,171538052000001,-6.645,-5.281,-31.517,0
1398294625367,41894697053000,171538052000001,-6.645,-5.281,-31.517,0
1398294625374,41894703767000,171538052000001,-6.645,-5.281,-31.517,0
1398294625388,41894717652000,171538052000001,-6.645,-5.281,-31.517,0
1398294625394,41894723573000,171538052000001,-6.645,-5.281,-31.517,0
1398294625403,41894732789000,171538052000001,-6.645,-5.281,-31.517,0
1398294625415,41894745088000,171538052000001,-6.645,-5.281,-31.517,0
1398294625424,41894753724000,171538052000001,-6.645,-5.281,-31.517,0
1398294625436,41894765840000,171538052000001,-6.645,-5.281,-31.517,0
1398294625445,41894775270000,171538052000001,-6.645,-5.281,-31.517,0
1398294625455,41894784669000,171538052000001,-6.645,-5.281,-31.517,0
1398294625465,41894794984000,171538052000001,-6.645,-5.281,-31.517,0
1398294625474,41894804078000,171538052000001,-6.645,-5.281,-31.517,0
1398294625485,41894814973000,171538052000001,-6.645,-5.603,-31.517,0
1398294625494,41894824067000,171538052000001,-6.645,-5.603,-31.517,0
1398294625505,41894835206000,171538052000001,-6.645,-5.603,-31.517,0
1398294625513,41894842622000,171538052000001,-6.645,-5.603,-31.517,0
1398294625525,41894855134000,171538052000001,-6.645,-5.603,-31.517,0
1398294625537,41894867341000,171538052000001,-6.645,-5.603,-31.517,0
1398294625544,41894874055000,171538052000001,-6.645,-5.603,-31.517,0
1398294625558,41894888063000,171538052000001,-6.645,-5.603,-31.517,0
1398294625563,41894893098000,171538052000001,-6.645,-5.603,-31.517,0
1398294625575,41894905030000,171538052000001,-6.645,-5.603,-31.517,0
1398294625584,41894914186000,171538052000001,-6.645,-5.603,-31.517,0
1398294625599,41894928407000,171538052000001,-6.645,-5.603,-31.517,0
1398294625603,41894933045000,171538052000001,-6.645,-5.603,-31.517,0
1398294625614,41894943482000,171538052000001,-6.645,-5.603,-31.517,0
1398294625625,41894954469000,171538052000001,-6.645,-5.603,-31.517,0
1398294625635,41894965150000,171538052000001,-6.645,-5.603,-31.517,0
1398294625644,41894974244000,171538052000001,-6.32,-5.603,-31.517,0
1398294625658,41894987550000,171538052000001,-6.32,-5.603,-31.517,0
1398294625665,41894992341000,171538052000001,-6.32,-5.603,-31.517,0
1398294625672,41895001679000,171538052000001,-6.32,-5.603,-31.517,0
1398294625682,41895011659000,171538052000001,-6.32,-5.603,-31.517,0
1398294625692,41895021699000,171538052000001,-6.32,-5.603,-31.517,0
1398294625702,41895031709000,171538052000001,-6.32,-5.603,-31.517,0
1398294625712,41895041719000,171538052000001,-6.32,-5.603,-31.517,0
1398294625722,41895051698000,171538052000001,-6.32,-5.603,-31.517,0
1398294625734,41895063478000,171538052000001,-6.32,-5.603,-31.517,0
1398294625743,41895072816000,171538052000001,-6.32,-5.603,-31.517,0
1398294625752,41895081727000,171538052000001,-6.32,-5.603,-31.517,0
1398294625763,41895092622000,171538052000001,-6.32,-5.603,-31.517,0
1398294625775,41895105012000,171538052000001,-6.32,-5.603,-31.517,0
1398294625784,41895114381000,171538052000001,-6.32,-5.603,-31.517,0
1398294625795,41895125276000,171538052000001,-6.32,-5.603,-31.517,0
1398294625804,41895134400000,171538052000001,-6.32,-5.603,-31.517,0
1398294625815,41895144990000,171538052000001,-6.011,-5.912,-31.517,0
1398294625824,41895153840000,171538052000001,-6.011,-5.912,-31.517,0
1398294625835,41895165315000,171538052000001,-6.011,-5.912,-31.517,0
1398294625844,41895174409000,171538052000001,-6.011,-5.912,-31.517,0
1398294625858,41895188447000,171538052000001,-6.011,-5.912,-31.517,0
1398294625863,41895193391000,171538052000001,-6.011,-5.912,-31.517,0
1398294625878,41895208131000,171538052000001,-6.011,-5.912,-31.517,0
1398294625883,41895213410000,171538052000001,-6.011,-5.912,-31.517,0
1398294625895,41895225373000,171538052000001,-6.011,-5.912,-31.517,0
1398294625904,41895234468000,171538052000001,-6.011,-5.912,-31.517,0
1398294625915,41895244966000,171538052000001,-6.011,-5.912,-31.517,0
1398294625926,41895256013000,171538052000001,-6.011,-5.912,-31.517,0
1398294625937,41895267213000,171538052000001,-6.011,-5.912,-31.517,0
1398294625946,41895275788000,171538052000001,-6.011,-5.912,-31.517,0
1398294625959,41895288453000,171538052000001,-6.011,-5.912,-31.517,0
1398294625964,41895293672000,171538052000001,-6.011,-5.912,-31.517,0
1398294625975,41895305299000,171538052000001,-6.011,-5.912,-31.517,0
1398294625984,41895314485000,171538052000001,-6.011,-5.912,-31.517,0
1398294625995,41895324800000,171538052000001,-6.011,-5.912,-31.517,0
1398294626006,41895336213000,171538052000001,-6.011,-5.912,-31.517,0
1398294626013,41895342469000,171538052000001,-6.011,-5.912,-31.517,0
1398294626025,41895355409000,171538052000001,-6.011,-5.912,-31.517,0
1398294626035,41895364533000,171538052000001,-6.011,-5.912,-31.517,0
1398294626045,41895374482000,171538052000001,-6.011,-5.912,-31.517,0
1398294626055,41895385255000,171538052000001,-6.011,-5.912,-31.517,0
1398294626063,41895392549000,171538052000001,-6.011,-5.912,-31.517,0
1398294626075,41895405366000,171538052000001,-6.011,-5.912,-31.517,0
1398294626084,41895414460000,171538052000001,-6.011,-5.912,-31.517,0
1398294626095,41895425355000,171538052000001,-6.011,-5.912,-31.517,0
1398294626104,41895434480000,171538052000001,-6.011,-5.912,-31.517,0
1398294626115,41895445314000,171538052000001,-6.011,-5.912,-31.517,0
1398294626125,41895454591000,171538052000001,-6.011,-5.912,-31.517,0
1398294626135,41895464723000,171538052000001,-6.011,-5.912,-31.517,0
1398294626149,41895478822000,171538052000001,-6.011,-5.912,-31.517,0
1398294626154,41895483705000,171538052000001,-6.011,-5.912,-31.517,0
1398294626165,41895493440000,171538052000001,-6.011,-5.912,-31.517,0
1398294626172,41895502137000,171538052000001,-6.011,-5.912,-31.517,0
1398294626182,41895512147000,171538052000001,-6.011,-5.912,-31.517,0
1398294626192,41895522157000,171538052000001,-6.011,-5.912,-31.517,0
1398294626202,41895532167000,171538052000001,-6.011,-5.912,-31.517,0
1398294626212,41895542176000,171538052000001,-6.011,-5.912,-31.517,0
1398294626222,41895552217000,171538052000001,-6.011,-5.912,-31.517,0
1398294626232,41895562226000,171538052000001,-6.011,-5.912,-31.517,0
1398294626242,41895572206000,171538052000001,-6.011,-5.912,-31.517,0
1398294626252,41895582215000,171538052000001,-6.011,-5.912,-31.517,0
1398294626263,41895592805000,171538052000001,-6.011,-5.912,-31.517,0
1398294626275,41895605409000,171538052000001,-6.011,-5.912,-31.517,0
1398294626289,41895618745000,171538052000001,-6.011,-5.912,-31.517,0
1398294626294,41895623780000,171538052000001,-6.011,-5.912,-31.517,0
1398294626309,41895638581000,171538052000001,-6.011,-5.912,-31.517,0
1398294626315,41895644563000,171538052000001,-6.011,-5.912,-31.517,0
1398294626324,41895653230000,171538052000001,-6.011,-5.912,-31.517,0
1398294626334,41895664155000,171538052000001,-6.011,-5.912,-31.517,0
1398294626350,41895679689000,171538052000001,-6.011,-5.912,-31.517,0
1398294626360,41895689515000,171538052000001,-6.011,-5.912,-31.517,0
1398294626363,41895692658000,171538052000001,-6.011,-5.912,-31.517,0
1398294626375,41895705384000,171538052000001,-6.011,-5.912,-31.517,0
1398294626385,41895714845000,171538052000001,-6.011,-5.912,-31.517,0
1398294626394,41895724488000,171538052000001,-6.011,-5.912,-31.517,0
1398294626405,41895735322000,171538052000001,-6.011,-5.912,-31.517,0
1398294626413,41895743287000,171538052000001,-6.011,-5.912,-31.517,0
1398294626425,41895755311000,171538052000001,-6.011,-5.912,-31.517,0
1398294626435,41895765260000,171538052000001,-6.011,-5.912,-31.517,0
1398294626445,41895774598000,171538052000001,-6.011,-5.912,-31.517,0
1398294626459,41895788941000,171538052000001,-6.011,-5.912,-31.517,0
1398294626464,41895794068000,171538052000001,-6.011,-5.912,-31.517,0
1398294626475,41895805329000,171538052000001,-6.011,-5.912,-31.517,0
1398294626485,41895815248000,171538052000001,-6.011,-5.912,-31.517,0
1398294626499,41895829133000,171538052000001,-6.011,-5.912,-31.517,0
1398294626504,41895833863000,171538052000001,-6.011,-5.912,-31.517,0
1398294626519,41895848756000,171538052000001,-6.011,-5.912,-31.517,0
1398294626524,41895854066000,171538052000001,-6.011,-5.912,-31.517,0
1398294626535,41895865388000,171538052000001,-6.011,-5.912,-31.517,0
1398294626545,41895875245000,171538052000001,-6.011,-5.912,-31.517,0
1398294626559,41895889253000,171538052000001,-6.011,-5.912,-31.517,0
1398294626564,41895894166000,171538052000001,-6.011,-6.234,-31.517,0
1398294626579,41895908814000,171538052000001,-6.011,-6.234,-31.517,0
1398294626584,41895914125000,171538052000001,-6.011,-6.234,-31.517,0
1398294626595,41895925386000,171538052000001,-6.011,-6.234,-31.517,0
1398294626605,41895935273000,171538052000001,-6.011,-6.234,-31.517,0
1398294626618,41895947877000,171538052000001,-6.011,-6.234,-31.517,0
1398294626625,41895955140000,171538052000001,-6.011,-6.234,-31.517,0
1398294626635,41895964692000,171538052000001,-6.011,-6.234,-31.517,0
1398294626644,41895973237000,171538052000001,-6.011,-6.234,-31.517,0
1398294626655,41895985078000,171538052000001,-6.011,-6.234,-31.517,0
1398294626665,41895994935000,171538052000001,-6.011,-6.234,-31.517,0
1398294626679,41896004975000,171538052000001,-6.011,-5.921,-31.517,0
1398294626685,41896012696000,171538052000001,-6.011,-5.921,-31.517,0
1398294626701,41896022645000,171538052000001,-6.011,-5.921,-31.517,0
1398294626703,41896032655000,171538052000001,-6.011,-5.921,-31.517,0
1398294626715,41896042665000,171538052000001,-6.011,-5.921,-31.517,0
1398294626723,41896052705000,171538052000001,-6.011,-5.921,-31.517,0
1398294626736,41896062715000,171538052000001,-6.011,-5.564,-31.517,0
1398294626747,41896072724000,171538052000001,-6.011,-5.564,-31.517,0
1398294626753,41896082704000,171538052000001,-6.011,-5.564,-31.517,0
1398294626763,41896092713000,171538052000001,-6.011,-5.564,-31.517,0
1398294626773,41896102693000,171538052000001,-6.011,-5.252,-31.834,0
1398294626790,41896113008000,171538052000001,-6.011,-5.252,-31.834,0
1398294626800,41896122743000,171538052000001,-6.011,-5.252,-31.834,0
1398294626803,41896132752000,171538052000001,-6.317,-5.252,-31.834,0
1398294626821,41896142762000,171538052000001,-6.317,-5.252,-31.834,0
1398294626823,41896152772000,171538052000001,-6.317,-5.252,-31.834,0
1398294626833,41896162751000,171538052000001,-6.317,-4.946,-31.834,0
1398294626843,41896172761000,171538052000001,-6.317,-4.946,-31.834,0
1398294626854,41896184327000,171538052000001,-6.317,-4.946,-31.834,0
1398294626863,41896192842000,171538052000001,-6.634,-4.946,-31.834,0
1398294626873,41896202790000,171538052000001,-6.634,-4.946,-31.834,0
1398294626883,41896212983000,171538052000001,-6.634,-4.946,-31.834,0
1398294626893,41896222810000,171538052000001,-6.634,-4.946,-31.834,0
1398294626903,41896232820000,171538052000001,-6.634,-4.946,-31.834,0
1398294626913,41896242829000,171538052000001,-6.634,-4.946,-31.834,0
1398294626925,41896255250000,171538052000001,-6.634,-4.946,-31.834,0
1398294626935,41896265382000,171538052000001,-6.634,-4.946,-31.834,0
1398294626945,41896275178000,171538052000001,-6.634,-4.946,-31.834,0
1398294626960,41896289918000,171538052000001,-6.634,-4.946,-31.834,0
1398294626964,41896293366000,171538052000001,-6.634,-4.946,-31.834,0
1398294626975,41896305329000,171538052000001,-6.634,-4.946,-31.834,0
1398294626985,41896315370000,171538052000001,-6.634,-4.946,-31.834,0
1398294626996,41896324220000,171538052000001,-6.634,-4.946,-31.834,0
1398294627005,41896334626000,171538052000001,-6.634,-4.946,-31.834,0
1398294627021,41896342927000,171538052000001,-6.634,-4.946,-31.834,0
1398294627023,41896352998000,171538052000001,-6.634,-4.946,-31.834,0
1398294627036,41896365418000,171538052000001,-6.634,-4.946,-31.834,0
1398294627047,41896373475000,171538052000001,-6.634,-4.946,-31.834,0
1398294627056,41896383058000,171538052000001,-6.634,-4.946,-31.834,0
1398294627063,41896393037000,171538052000001,-6.634,-4.946,-31.834,0
1398294627078,41896404847000,171538052000001,-6.634,-4.946,-31.834,0
1398294627085,41896415040000,171538052000001,-6.634,-5.25,-31.834,0
1398294627094,41896423890000,171538052000001,-6.634,-5.25,-31.834,0
1398294627112,41896433045000,171538052000001,-6.634,-5.25,-31.834,0
1398294627113,41896443055000,171538052000001,-6.634,-5.25,-31.834,0
1398294627130,41896453095000,171538052000001,-6.634,-5.25,-31.834,0
1398294627142,41896463105000,171538052000001,-6.634,-5.25,-31.834,0
1398294627144,41896473085000,171538052000001,-6.634,-5.25,-31.834,0
1398294627158,41896483125000,171538052000001,-6.634,-5.25,-31.834,0
1398294627163,41896493104000,171538052000001,-6.634,-5.25,-31.834,0
1398294627176,41896503114000,171538052000001,-6.634,-5.25,-31.834,0
1398294627183,41896513093000,171538052000001,-6.634,-5.25,-31.834,0
1398294627193,41896523103000,171538052000001,-6.634,-5.25,-31.834,0
1398294627203,41896533113000,171538052000001,-6.634,-5.25,-31.834,0
1398294627215,41896544679000,171538052000001,-6.634,-5.25,-31.834,0
1398294627223,41896553163000,171538052000001,-6.997,-5.25,-31.834,0
1398294627233,41896563142000,171538052000001,-6.997,-5.25,-31.834,0
1398294627243,41896573152000,171538052000001,-6.997,-5.25,-31.834,0
1398294627256,41896586244000,171538052000001,-6.997,-5.25,-31.834,0
1398294627273,41896602876000,171538052000001,-6.997,-5.25,-31.834,0
1398294627274,41896604646000,171538052000001,-6.997,-5.25,-31.834,0
1398294627287,41896617463000,171538052000001,-6.997,-5.25,-31.834,0
1398294627296,41896625306000,171538052000001,-6.997,-5.25,-31.834,0
1398294627307,41896637147000,171538052000001,-6.997,-5.25,-31.834,0
1398294627317,41896647065000,171538052000001,-6.997,-5.25,-31.834,0
1398294627327,41896656709000,171538052000001,-6.997,-5.25,-31.834,0
1398294627337,41896667451000,171538052000001,-6.997,-5.25,-31.834,0
1398294627347,41896677369000,171538052000001,-6.997,-5.25,-31.834,0
1398294627357,41896686830000,171538052000001,-6.997,-5.25,-31.834,0
1398294627367,41896697053000,171538052000001,-6.997,-5.25,-31.834,0
1398294627377,41896707124000,171538052000001,-6.997,-5.25,-31.834,0
1398294627387,41896716798000,171538052000001,-6.997,-5.25,-31.834,0
1398294627400,41896729066000,171538052000001,-6.997,-5.25,-31.834,0
1398294627405,41896735169000,171538052000001,-6.997,-5.25,-31.834,0
1398294627417,41896747132000,171538052000001,-6.997,-5.25,-31.834,0
1398294627427,41896757112000,171538052000001,-6.997,-5.25,-31.834,0
1398294627436,41896765870000,171538052000001,-6.997,-5.25,-31.834,0
1398294627450,41896779939000,171538052000001,-6.997,-5.25,-31.834,0
1398294627455,41896785096000,171538052000001,-6.997,-5.25,-31.834,0
1398294627467,41896797090000,171538052000001,-6.997,-5.25,-31.834,0
1398294627477,41896807160000,171538052000001,-6.997,-5.25,-31.834,0
1398294627489,41896819306000,171538052000001,-6.669,-5.25,-31.834,0
1398294627496,41896826112000,171538052000001,-6.669,-5.25,-31.834,0
1398294627510,41896840058000,171538052000001,-6.669,-5.25,-31.834,0
1398294627515,41896844758000,171538052000001,-6.669,-5.25,-31.834,0
1398294627526,41896856080000,171538052000001,-6.669,-5.25,-31.834,0
1398294627536,41896865602000,171538052000001,-6.669,-5.25,-31.834,0
1398294627549,41896878694000,171538052000001,-6.669,-5.25,-31.834,0
1398294627556,41896885560000,171538052000001,-6.669,-5.25,-31.834,0
1398294627568,41896898408000,171538052000001,-6.669,-5.25,-31.834,0
1398294627586,41896915589000,171538052000001,-6.669,-5.25,-31.834,0
1398294627589,41896918946000,171538052000001,-6.669,-5.25,-31.834,0
1398294627596,41896926698000,171538052000001,-6.669,-5.25,-31.834,0
1398294627607,41896937074000,171538052000001,-6.669,-5.25,-31.834,0
1398294627616,41896945680000,171538052000001,-6.669,-5.25,-31.834,0
1398294627627,41896954286000,171538052000001,-6.669,-5.25,-31.834,0
1398294627634,41896963594000,171538052000001,-6.669,-5.25,-31.834,0
1398294627644,41896973603000,171538052000001,-6.669,-5.25,-31.834,0
1398294627654,41896983583000,171538052000001,-6.669,-5.25,-31.834,0
1398294627664,41896993592000,171538052000001,-6.669,-5.25,-31.834,0
1398294627674,41897003602000,171538052000001,-6.669,-5.25,-31.834,0
1398294627684,41897013612000,171538052000001,-6.669,-5.25,-31.834,0
1398294627694,41897023622000,171538052000001,-6.669,-5.25,-31.834,0
1398294627704,41897033631000,171538052000001,-6.669,-5.25,-31.834,0
1398294627714,41897043641000,171538052000001,-6.669,-5.25,-31.834,0
1398294627726,41897056245000,171538052000001,-6.669,-5.25,-31.834,0
1398294627736,41897066224000,171538052000001,-6.669,-5.25,-31.834,0
1398294627748,41897077851000,171538052000001,-6.669,-5.25,-31.834,0
1398294627761,41897090577000,171538052000001,-6.669,-5.25,-31.834,0
1398294627765,41897095185000,171538052000001,-6.669,-5.25,-31.834,0
1398294627780,41897110017000,171538052000001,-6.669,-5.25,-31.834,0
1398294627785,41897115144000,171538052000001,-6.669,-5.25,-31.834,0
1398294627798,41897127809000,171538052000001,-6.669,-5.25,-31.834,0
1398294627809,41897139131000,171538052000001,-6.669,-5.25,-31.834,0
1398294627817,41897147248000,171538052000001,-6.669,-5.25,-31.834,0
1398294627830,41897159364000,171538052000001,-6.669,-5.25,-31.834,0
1398294627836,41897166352000,171538052000001,-6.669,-5.25,-31.834,0
1398294627848,41897177766000,171538052000001,-6.669,-5.25,-31.834,0
1398294627859,41897189149000,171538052000001,-6.669,-5.25,-31.834,0
1398294627867,41897197328000,171538052000001,-6.669,-5.25,-31.834,0
1398294627886,41897209382000,171538052000001,-6.669,-5.25,-31.834,0
1398294627889,41897218629000,171538052000001,-6.669,-5.25,-31.834,0
1398294627897,41897226655000,171538052000001,-6.669,-5.25,-31.834,0
1398294627908,41897237794000,171538052000001,-6.669,-5.25,-31.834,0
1398294627918,41897247895000,171538052000001,-6.669,-5.25,-31.834,0
1398294627929,41897258119000,171538052000001,-6.669,-5.25,-31.834,0
1398294627957,41897265382000,171538052000001,-6.669,-5.25,-31.834,0
1398294627959,41897273866000,171538052000001,-6.669,-5.25,-31.834,0
1398294627961,41897283845000,171538052000001,-6.669,-5.25,-31.834,0
1398294627966,41897293855000,171538052000001,-6.669,-5.25,-31.834,0
1398294627978,41897303865000,171538052000001,-6.669,-5.25,-31.834,0
1398294627990,41897313905000,171538052000001,-6.669,-5.25,-31.834,0
1398294628025,41897323915000,171538052000001,-6.669,-5.25,-31.834,0
1398294628027,41897334596000,171538052000001,-6.669,-5.25,-31.834,0
1398294628032,41897343934000,171538052000001,-6.669,-5.25,-31.834,0
1398294628042,41897353944000,171538052000001,-6.669,-5.25,-31.532,0
1398294628045,41897363984000,171538052000001,-6.669,-5.25,-31.532,0
1398294628046,41897373963000,171538052000001,-6.669,-5.25,-31.532,0
1398294628054,41897383943000,171538052000001,-6.669,-5.25,-31.532,0
1398294628064,41897393983000,171538052000001,-6.669,-5.25,-31.532,0
1398294628074,41897403993000,171538052000001,-6.669,-5.25,-31.532,0
1398294628084,41897414033000,171538052000001,-6.669,-5.25,-31.532,0
1398294628094,41897424012000,171538052000001,-6.669,-5.25,-31.532,0
1398294628105,41897434022000,171538052000001,-6.669,-5.25,-31.532,0
1398294628121,41897445619000,171538052000001,-6.669,-5.25,-31.532,0
1398294628129,41897454072000,171538052000001,-6.669,-5.25,-31.532,0
1398294628134,41897464021000,171538052000001,-6.669,-5.25,-31.532,0
1398294628144,41897474031000,171538052000001,-6.669,-5.25,-31.532,0
1398294628156,41897484040000,171538052000001,-6.669,-5.25,-31.532,0
1398294628164,41897494081000,171538052000001,-6.669,-5.25,-31.532,0
1398294628174,41897504090000,171538052000001,-6.669,-5.25,-31.532,0
1398294628184,41897514253000,171538052000001,-6.669,-5.25,-31.532,0
1398294628195,41897524568000,171538052000001,-6.669,-5.25,-31.532,0
1398294628204,41897534089000,171538052000001,-6.669,-5.25,-31.532,0
1398294628214,41897544099000,171538052000001,-6.669,-5.25,-31.532,0
1398294628224,41897554078000,171538052000001,-6.669,-5.25,-31.532,0
1398294628234,41897564118000,171538052000001,-6.669,-5.25,-31.532,0
1398294628244,41897574159000,171538052000001,-6.669,-5.25,-31.532,0
1398294628255,41897584199000,171538052000001,-6.669,-5.25,-31.532,0
1398294628266,41897594209000,171538052000001,-6.669,-5.25,-31.532,0
1398294628275,41897604249000,171538052000001,-6.669,-5.25,-31.532,0
1398294628284,41897614198000,171538052000001,-6.669,-5.25,-31.532,0
1398294628296,41897625764000,171538052000001,-6.669,-5.25,-31.532,0
1398294628304,41897634248000,171538052000001,-6.669,-5.25,-31.532,0
1398294628315,41897644227000,171538052000001,-6.669,-5.25,-31.532,0
1398294628330,41897654267000,171538052000001,-6.669,-5.25,-31.532,0
1398294628334,41897664277000,171538052000001,-6.669,-5.25,-31.532,0
1398294628344,41897674287000,171538052000001,-6.669,-5.25,-31.532,0
1398294628354,41897684266000,171538052000001,-6.669,-5.25,-31.532,0
1398294628364,41897694276000,171538052000001,-6.669,-5.25,-31.532,0
1398294628374,41897704286000,171538052000001,-6.669,-5.25,-31.532,0
1398294628384,41897714265000,171538052000001,-6.669,-5.25,-31.532,0
1398294628394,41897724305000,171538052000001,-6.669,-5.25,-31.532,0
1398294628405,41897734315000,171538052000001,-6.669,-5.25,-31.532,0
1398294628414,41897744325000,171538052000001,-6.669,-5.25,-31.532,0
1398294628424,41897754335000,171538052000001,-6.669,-5.25,-31.532,0
1398294628434,41897764344000,171538052000001,-6.669,-5.25,-31.532,0
1398294628444,41897774354000,171538052000001,-6.669,-5.25,-31.532,0
1398294628454,41897784364000,171538052000001,-6.669,-5.25,-31.532,0
1398294628464,41897794374000,171538052000001,-6.669,-5.25,-31.532,0
1398294628476,41897805940000,171538052000001,-6.669,-5.25,-31.532,0
1398294628484,41897814424000,171538052000001,-6.669,-5.25,-31.532,0
1398294628496,41897826448000,171538052000001,-6.669,-5.25,-31.532,0
1398294628505,41897834352000,171538052000001,-6.669,-5.25,-31.532,0
1398294628514,41897844392000,171538052000001,-6.669,-5.25,-31.532,0
1398294628524,41897854402000,171538052000001,-6.669,-5.25,-31.532,0
1398294628534,41897864381000,171538052000001,-6.669,-5.25,-31.532,0
1398294628544,41897874391000,171538052000001,-6.669,-5.25,-31.532,0
1398294628555,41897884431000,171538052000001,-6.669,-5.25,-31.532,0
1398294628564,41897894410000,171538052000001,-6.669,-5.25,-31.532,0
1398294628577,41897904450000,171538052000001,-6.669,-5.25,-31.532,0
1398294628587,41897914460000,171538052000001,-6.669,-5.25,-31.532,0
1398294628595,41897924470000,171538052000001,-6.669,-5.25,-31.532,0
1398294628606,41897934449000,171538052000001,-6.669,-5.25,-31.532,0
1398294628614,41897944459000,171538052000001,-6.669,-5.25,-31.532,0
1398294628625,41897954469000,171538052000001,-6.669,-5.25,-31.532,0
1398294628635,41897964509000,171538052000001,-6.669,-5.25,-31.532,0
1398294628645,41897974519000,171538052000001,-6.669,-5.25,-31.532,0
1398294628657,41897986085000,171538052000001,-6.669,-5.25,-31.532,0
1398294628665,41897994569000,171538052000001,-6.669,-5.25,-31.532,0
1398294628675,41898004518000,171538052000001,-6.669,-5.25,-31.532,0
1398294628684,41898014558000,171538052000001,-6.669,-5.25,-31.532,0
1398294628694,41898024537000,171538052000001,-6.669,-5.25,-31.532,0
1398294628704,41898034547000,171538052000001,-6.669,-5.25,-31.532,0
1398294628714,41898044557000,171538052000001,-6.669,-5.25,-31.532,0
1398294628724,41898054566000,171538052000001,-6.669,-5.25,-31.532,0
1398294628734,41898064546000,171538052000001,-6.669,-5.25,-31.532,0
1398294628744,41898074586000,171538052000001,-6.669,-5.25,-31.532,0
1398294628756,41898084596000,171538052000001,-6.669,-5.25,-31.532,0
1398294628765,41898094636000,171538052000001,-6.669,-5.25,-31.532,0
1398294628775,41898104646000,171538052000001,-6.669,-5.25,-31.532,0
1398294628785,41898114656000,171538052000001,-6.669,-5.25,-31.532,0
1398294628795,41898124665000,171538052000001,-6.669,-5.25,-31.532,0
1398294628809,41898138673000,171538052000001,-6.669,-5.25,-31.532,0
1398294628815,41898144685000,171538052000001,-6.669,-5.25,-31.532,0
1398294628825,41898154695000,171538052000001,-6.669,-5.25,-31.532,0
1398294628836,41898166230000,171538052000001,-6.669,-5.554,-31.532,0
1398294628845,41898174745000,171538052000001,-6.669,-5.554,-31.532,0
1398294628855,41898184724000,171538052000001,-6.669,-5.554,-31.532,0
1398294628865,41898194734000,171538052000001,-6.669,-5.554,-31.21,0
1398294628875,41898204743000,171538052000001,-6.669,-5.554,-31.21,0
1398294628885,41898214753000,171538052000001,-6.669,-5.903,-31.21,0
1398294628895,41898224763000,171538052000001,-6.669,-5.903,-31.21,0
1398294628905,41898234773000,171538052000001,-6.669,-5.903,-31.21,0
1398294628915,41898244783000,171538052000001,-6.669,-5.903,-31.21,0
1398294628925,41898254792000,171538052000001,-6.669,-5.903,-31.21,0
1398294628935,41898264802000,171538052000001,-6.669,-6.248,-31.21,0
1398294628947,41898274842000,171538052000001,-6.669,-6.248,-31.21,0
1398294628956,41898285279000,171538052000001,-6.669,-6.248,-31.21,0
1398294628968,41898297822000,171538052000001,-6.669,-6.248,-31.21,0
1398294628979,41898304841000,171538052000001,-6.983,-6.248,-31.21,0
1398294628991,41898314851000,171538052000001,-6.983,-6.55,-31.21,0
1398294628995,41898324861000,171538052000001,-6.983,-6.55,-31.21,0
1398294629006,41898335053000,171538052000001,-6.983,-6.55,-31.21,0
1398294629018,41898347932000,171538052000001,-6.983,-6.55,-30.874,0
1398294629028,41898357911000,171538052000001,-6.983,-6.55,-30.874,0
1398294629037,41898367219000,171538052000001,-6.983,-6.55,-30.874,0
1398294629045,41898375062000,171538052000001,-6.983,-6.55,-30.874,0
1398294629058,41898384919000,171538052000001,-6.983,-6.55,-30.874,0
1398294629067,41898394929000,171538052000001,-7.313,-6.55,-30.874,0
1398294629076,41898404939000,171538052000001,-7.313,-6.55,-30.874,0
1398294629087,41898414918000,171538052000001,-7.313,-6.55,-30.874,0
1398294629095,41898424958000,171538052000001,-7.313,-6.55,-30.874,0
1398294629105,41898434938000,171538052000001,-7.313,-6.55,-30.874,0
1398294629115,41898444947000,171538052000001,-7.313,-6.55,-30.874,0
1398294629125,41898454988000,171538052000001,-7.313,-6.55,-30.874,0
1398294629135,41898464967000,171538052000001,-7.313,-6.55,-30.874,0
1398294629147,41898475007000,171538052000001,-7.313,-6.55,-30.874,0
1398294629155,41898485017000,171538052000001,-7.313,-6.246,-30.874,0
1398294629165,41898494996000,171538052000001,-7.313,-6.246,-30.874,0
1398294629175,41898505006000,171538052000001,-7.313,-6.246,-30.874,0
1398294629185,41898515016000,171538052000001,-7.313,-6.246,-30.874,0
1398294629196,41898526582000,171538052000001,-7.313,-6.246,-30.874,0
1398294629205,41898535096000,171538052000001,-7.313,-6.246,-30.874,0
1398294629215,41898545045000,171538052000001,-7.313,-6.246,-30.874,0
1398294629227,41898555085000,171538052000001,-7.313,-6.246,-30.874,0
1398294629235,41898565064000,171538052000001,-7.011,-6.246,-30.874,0
1398294629245,41898575105000,171538052000001,-7.011,-6.246,-30.874,0
1398294629255,41898585084000,171538052000001,-7.011,-6.246,-31.193,0
1398294629265,41898595094000,171538052000001,-7.011,-6.246,-31.193,0
1398294629275,41898605104000,171538052000001,-7.011,-6.246,-31.193,0
1398294629285,41898615113000,171538052000001,-7.011,-6.246,-31.193,0
1398294629295,41898625123000,171538052000001,-6.672,-6.246,-31.193,0
1398294629305,41898635163000,171538052000001,-6.672,-6.246,-31.193,0
1398294629315,41898645173000,171538052000001,-6.672,-6.246,-31.193,0
1398294629325,41898655183000,171538052000001,-6.672,-6.246,-31.193,0
1398294629335,41898665193000,171538052000001,-6.672,-6.246,-31.193,0
1398294629345,41898675202000,171538052000001,-6.353,-6.246,-31.193,0
1398294629355,41898685182000,171538052000001,-6.353,-6.246,-31.193,0
1398294629365,41898695222000,171538052000001,-6.353,-6.246,-31.193,0
1398294629377,41898706788000,171538052000001,-6.353,-6.246,-31.193,0
1398294629386,41898715272000,171538052000001,-6.353,-6.246,-31.193,0
1398294629395,41898725251000,171538052000001,-6.353,-6.246,-31.193,0
1398294629405,41898735261000,171538052000001,-6.011,-6.246,-31.193,0
1398294629420,41898747987000,171538052000001,-6.011,-6.246,-31.193,0
1398294629425,41898755250000,171538052000001,-6.011,-6.246,-31.193,0
1398294629435,41898765199000,171538052000001,-6.011,-6.576,-31.193,0
1398294629445,41898775239000,171538052000001,-6.011,-6.576,-31.193,0
1398294629455,41898785249000,171538052000001,-5.686,-6.576,-31.193,0
1398294629474,41898795289000,171538052000001,-5.686,-6.576,-31.193,0
1398294629476,41898805268000,171538052000001,-5.686,-6.576,-31.193,0
1398294629490,41898815461000,171538052000001,-5.686,-6.576,-31.193,0
1398294629495,41898825318000,171538052000001,-5.686,-6.576,-31.193,0
1398294629505,41898835298000,171538052000001,-5.686,-6.877,-31.193,0
1398294629515,41898845307000,171538052000001,-5.686,-6.877,-31.193,0
1398294629525,41898855317000,171538052000001,-5.686,-6.877,-31.193,0
1398294629535,41898865327000,171538052000001,-5.686,-6.877,-31.193,0
1398294629545,41898875337000,171538052000001,-5.686,-6.877,-31.193,0
1398294629557,41898886903000,171538052000001,-5.686,-6.877,-31.193,0
1398294629565,41898895417000,171538052000001,-5.686,-6.877,-31.193,0
1398294629575,41898905366000,171538052000001,-6.013,-6.877,-31.193,0
1398294629585,41898915376000,171538052000001,-6.013,-6.877,-31.193,0
1398294629595,41898925386000,171538052000001,-6.013,-6.877,-31.193,0
1398294629605,41898935395000,171538052000001,-6.013,-6.536,-31.193,0
1398294629615,41898945405000,171538052000001,-6.013,-6.536,-31.193,0
1398294629625,41898955415000,171538052000001,-6.013,-6.536,-31.193,0
1398294629635,41898965425000,171538052000001,-6.013,-6.536,-31.193,0
1398294629645,41898975434000,171538052000001,-6.013,-6.536,-31.193,0
1398294629655,41898985444000,171538052000001,-6.013,-6.536,-31.193,0
1398294629665,41898995515000,171538052000001,-6.364,-6.536,-31.193,0
1398294629676,41899005525000,171538052000001,-6.364,-6.536,-31.193,0
1398294629686,41899015504000,171538052000001,-6.364,-6.228,-31.193,0
1398294629695,41899025514000,171538052000001,-6.364,-6.228,-31.193,0
1398294629705,41899035523000,171538052000001,-6.364,-6.228,-31.193,0
1398294629720,41899045564000,171538052000001,-6.364,-6.228,-31.193,0
1398294629727,41899055574000,171538052000001,-6.364,-6.228,-31.193,0
1398294629739,41899067109000,171538052000001,-6.364,-6.228,-31.193,0
1398294629745,41899075624000,171538052000001,-6.364,-6.228,-31.193,0
1398294629755,41899085572000,171538052000001,-6.364,-6.228,-31.193,0
1398294629765,41899095582000,171538052000001,-6.364,-6.228,-31.193,0
1398294629776,41899105592000,171538052000001,-6.364,-6.607,-31.193,0
1398294629785,41899115632000,171538052000001,-6.364,-6.607,-31.193,0
1398294629796,41899125581000,171538052000001,-6.364,-6.607,-31.193,0
1398294629806,41899135652000,171538052000001,-6.364,-6.607,-31.193,0
1398294629816,41899145631000,171538052000001,-6.364,-6.607,-31.193,0
1398294629826,41899155671000,171538052000001,-6.364,-6.607,-31.193,0
1398294629836,41899165650000,171538052000001,-6.364,-6.607,-31.193,0
1398294629846,41899175660000,171538052000001,-6.364,-6.607,-31.193,0
1398294629856,41899185670000,171538052000001,-6.669,-6.607,-31.193,0
1398294629870,41899195710000,171538052000001,-6.669,-6.607,-31.193,0
1398294629876,41899205720000,171538052000001,-6.669,-6.607,-31.193,0
1398294629889,41899215730000,171538052000001,-6.669,-6.607,-31.193,0
1398294629896,41899225740000,171538052000001,-6.669,-6.607,-31.193,0
1398294629906,41899235719000,171538052000001,-7.031,-6.607,-31.193,0
1398294629918,41899247468000,171538052000001,-7.031,-6.607,-31.193,0
1398294629926,41899255769000,171538052000001,-7.031,-6.607,-31.193,0
1398294629936,41899265748000,171538052000001,-7.031,-6.607,-31.193,0
1398294629946,41899275758000,171538052000001,-7.031,-6.607,-31.193,0
1398294629956,41899285768000,171538052000001,-7.031,-6.607,-31.193,0
1398294629966,41899295777000,171538052000001,-7.031,-6.607,-31.193,0
1398294629976,41899305787000,171538052000001,-7.031,-6.607,-31.193,0
1398294629986,41899315797000,171538052000001,-7.354,-6.607,-31.193,0
1398294629996,41899325807000,171538052000001,-7.354,-6.274,-31.193,0
1398294630006,41899335816000,171538052000001,-7.354,-6.274,-31.193,0
1398294630016,41899345826000,171538052000001,-7.354,-6.274,-31.193,0
1398294630026,41899355836000,171538052000001,-7.354,-6.274,-31.193,0
1398294630037,41899367463000,171538052000001,-7.354,-5.946,-31.193,0
1398294630046,41899375825000,171538052000001,-7.354,-5.946,-31.193,0
1398294630056,41899385835000,171538052000001,-7.354,-5.946,-31.193,0
1398294630066,41899395814000,171538052000001,-7.354,-5.946,-31.193,0
1398294630076,41899406037000,171538052000001,-7.354,-5.946,-31.193,0
1398294630086,41899415925000,171538052000001,-7.354,-5.946,-31.193,0
1398294630098,41899427461000,171538052000001,-7.354,-5.946,-31.193,0
1398294630106,41899435975000,171538052000001,-7.354,-5.946,-31.193,0
1398294630116,41899445924000,171538052000001,-7.354,-5.613,-31.193,0
1398294630130,41899455964000,171538052000001,-7.354,-5.613,-31.193,0
1398294630138,41899465974000,171538052000001,-7.354,-5.613,-31.193,0
1398294630146,41899475984000,171538052000001,-7.354,-5.613,-31.193,0
1398294630156,41899485963000,171538052000001,-7.354,-5.613,-31.5,0
1398294630166,41899495973000,171538052000001,-7.354,-5.255,-31.5,0
1398294630176,41899505952000,171538052000001,-7.354,-5.255,-31.5,0
1398294630186,41899515992000,171538052000001,-7.354,-5.255,-31.5,0
1398294630196,41899526002000,171538052000001,-7.354,-5.255,-31.5,0
1398294630206,41899536012000,171538052000001,-7.012,-5.255,-31.5,0
1398294630217,41899546022000,171538052000001,-7.012,-5.255,-31.8,0
1398294630226,41899556031000,171538052000001,-7.012,-5.255,-31.8,0
1398294630236,41899566041000,171538052000001,-7.012,-5.255,-31.8,0
1398294630246,41899576051000,171538052000001,-7.012,-5.255,-31.8,0
1398294630256,41899586061000,171538052000001,-7.012,-5.255,-31.8,0
1398294630268,41899596070000,171538052000001,-7.012,-5.255,-31.8,0
1398294630278,41899607637000,171538052000001,-7.012,-5.255,-31.8,0
1398294630286,41899616120000,171538052000001,-7.012,-5.255,-31.8,0
1398294630296,41899626130000,171538052000001,-7.012,-5.255,-31.8,0
1398294630306,41899636140000,171538052000001,-7.012,-5.255,-31.8,0
1398294630317,41899646119000,171538052000001,-7.012,-5.255,-31.8,0
1398294630326,41899656159000,171538052000001,-7.012,-5.255,-31.8,0
1398294630343,41899669648000,171538052000001,-7.012,-5.255,-31.8,0
1398294630346,41899676301000,171538052000001,-7.012,-5.255,-31.8,0
1398294630356,41899686128000,171538052000001,-7.012,-5.255,-31.8,0
1398294630366,41899696107000,171538052000001,-7.012,-5.255,-31.8,0
1398294630376,41899706117000,171538052000001,-7.012,-5.583,-31.8,0
1398294630386,41899716157000,171538052000001,-7.012,-5.583,-31.8,0
1398294630396,41899726167000,171538052000001,-7.012,-5.583,-31.8,0
1398294630406,41899736390000,171538052000001,-7.012,-5.583,-31.8,0
1398294630416,41899746186000,171538052000001,-7.012,-5.583,-31.8,0
1398294630426,41899756166000,171538052000001,-7.012,-5.583,-31.8,0
1398294630436,41899766175000,171538052000001,-7.012,-5.886,-31.481,0
1398294630446,41899776216000,171538052000001,-7.012,-5.886,-31.481,0
1398294630458,41899787751000,171538052000001,-7.012,-5.886,-31.481,0
1398294630466,41899796266000,171538052000001,-7.012,-5.886,-31.481,0
1398294630476,41899806245000,171538052000001,-7.012,-5.886,-31.481,0
1398294630486,41899816255000,171538052000001,-7.012,-5.886,-31.481,0
1398294630496,41899826264000,171538052000001,-7.012,-5.886,-31.481,0
1398294630506,41899836274000,171538052000001,-7.012,-5.886,-31.481,0
1398294630516,41899846253000,171538052000001,-7.012,-5.886,-31.481,0
1398294630526,41899856294000,171538052000001,-7.012,-5.886,-31.481,0
1398294630536,41899866303000,171538052000001,-6.686,-5.886,-31.481,0
1398294630546,41899876313000,171538052000001,-6.686,-5.886,-31.481,0
1398294630556,41899886323000,171538052000001,-6.686,-5.886,-31.481,0
1398294630566,41899896333000,171538052000001,-6.686,-5.886,-31.481,0
1398294630576,41899906343000,171538052000001,-6.686,-6.193,-31.481,0
1398294630586,41899916352000,171538052000001,-6.686,-6.193,-31.176,0
1398294630596,41899926362000,171538052000001,-6.686,-6.193,-31.176,0
1398294630606,41899936372000,171538052000001,-6.686,-6.193,-31.176,0
1398294630617,41899946382000,171538052000001,-6.686,-6.193,-31.176,0
1398294630627,41899956391000,171538052000001,-6.686,-6.193,-31.176,0
1398294630638,41899967958000,171538052000001,-6.686,-6.5,-31.176,0
1398294630647,41899976930000,171538052000001,-6.686,-6.5,-31.176,0
1398294630657,41899986421000,171538052000001,-6.686,-6.5,-31.176,0
1398294630667,41899996430000,171538052000001,-6.686,-6.5,-31.176,0
1398294630677,41900006440000,171538052000001,-6.686,-6.5,-31.176,0
1398294630686,41900016419000,171538052000001,-6.686,-6.5,-31.176,0
1398294630696,41900026429000,171538052000001,-6.686,-6.5,-31.176,0
1398294630706,41900036439000,171538052000001,-6.686,-6.5,-31.176,0
1398294630717,41900046449000,171538052000001,-6.686,-6.805,-31.176,0
1398294630731,41900056489000,171538052000001,-6.686,-6.805,-31.176,0
1398294630743,41900066499000,171538052000001,-6.686,-6.805,-31.176,0
1398294630746,41900076539000,171538052000001,-6.686,-6.805,-31.176,0
1398294630756,41900086518000,171538052000001,-6.686,-6.805,-31.176,0
1398294630766,41900096528000,171538052000001,-6.686,-6.805,-31.176,0
1398294630776,41900106690000,171538052000001,-6.686,-6.805,-31.176,0
1398294630787,41900116548000,171538052000001,-6.686,-6.805,-31.176,0
1398294630799,41900126557000,171538052000001,-6.686,-6.805,-31.176,0
1398294630807,41900136628000,171538052000001,-6.686,-6.805,-31.176,0
1398294630819,41900148133000,171538052000001,-6.686,-6.805,-31.176,0
1398294630827,41900156617000,171538052000001,-6.686,-6.492,-31.176,0
1398294630837,41900166596000,171538052000001,-6.686,-6.492,-31.176,0
1398294630846,41900176576000,171538052000001,-6.686,-6.492,-31.176,0
1398294630857,41900186585000,171538052000001,-6.686,-6.492,-31.176,0
1398294630867,41900196595000,171538052000001,-6.686,-6.492,-31.176,0
1398294630877,41900206605000,171538052000001,-6.686,-6.492,-31.176,0
1398294630889,41900216645000,171538052000001,-6.994,-6.492,-31.176,0
1398294630896,41900226655000,171538052000001,-6.994,-6.492,-31.176,0
1398294630906,41900236665000,171538052000001,-6.994,-6.492,-31.176,0
1398294630916,41900246675000,171538052000001,-6.994,-6.492,-31.176,0
1398294630926,41900256654000,171538052000001,-6.994,-6.492,-31.176,0
1398294630936,41900266664000,171538052000001,-6.994,-6.492,-31.176,0
1398294630948,41900276673000,171538052000001,-6.994,-6.492,-31.176,0
1398294630960,41900286683000,171538052000001,-6.994,-6.492,-31.176,0
1398294630967,41900296723000,171538052000001,-6.994,-6.492,-31.176,0
1398294630986,41900306764000,171538052000001,-6.994,-6.492,-31.176,0
1398294630988,41900316743000,171538052000001,-6.994,-6.492,-31.176,0
1398294631000,41900328279000,171538052000001,-6.994,-6.492,-31.176,0
1398294631007,41900336793000,171538052000001,-6.994,-6.492,-31.176,0
1398294631017,41900346742000,171538052000001,-6.994,-6.492,-31.176,0
1398294631027,41900356782000,171538052000001,-6.994,-6.492,-31.176,0
1398294631037,41900366792000,171538052000001,-6.994,-6.492,-31.176,0
1398294631048,41900376802000,171538052000001,-6.994,-6.492,-31.176,0
1398294631057,41900386811000,171538052000001,-6.994,-6.492,-30.857,0
1398294631067,41900396821000,171538052000001,-6.994,-6.838,-30.857,0
1398294631077,41900406831000,171538052000001,-6.994,-6.838,-30.857,0
1398294631087,41900416871000,171538052000001,-6.994,-6.838,-30.857,0
1398294631098,41900426850000,171538052000001,-6.994,-6.838,-30.857,0
1398294631107,41900436860000,171538052000001,-6.994,-7.22,-30.857,0
1398294631117,41900446870000,171538052000001,-6.994,-7.22,-30.857,0
1398294631127,41900456880000,171538052000001,-6.994,-7.22,-30.857,0
1398294631137,41900466889000,171538052000001,-6.994,-7.22,-30.857,0
1398294631149,41900476899000,171538052000001,-6.994,-7.22,-30.857,0
1398294631157,41900486909000,171538052000001,-7.325,-7.531,-30.857,0
1398294631171,41900496888000,171538052000001,-7.325,-7.531,-30.857,0
1398294631179,41900508454000,171538052000001,-7.325,-7.531,-30.857,0
1398294631187,41900516969000,171538052000001,-7.325,-7.531,-30.535,0
1398294631199,41900526918000,171538052000001,-7.325,-7.531,-30.535,0
1398294631207,41900537141000,171538052000001,-7.325,-7.531,-30.535,0
1398294631217,41900547151000,171538052000001,-7.325,-7.531,-30.535,0
1398294631227,41900556977000,171538052000001,-7.325,-7.531,-30.535,0
1398294631237,41900566987000,171538052000001,-7.325,-7.531,-30.535,0
1398294631255,41900576997000,171538052000001,-7.325,-7.531,-30.535,0
1398294631257,41900587007000,171538052000001,-7.325,-7.531,-30.535,0
1398294631272,41900597016000,171538052000001,-7.325,-7.531,-30.535,0
1398294631277,41900606996000,171538052000001,-7.325,-7.531,-30.535,0
1398294631287,41900617036000,171538052000001,-7.325,-7.531,-30.535,0
1398294631297,41900627046000,171538052000001,-7.325,-7.531,-30.535,0
1398294631307,41900637025000,171538052000001,-7.325,-7.531,-30.535,0
1398294631317,41900647035000,171538052000001,-7.325,-7.531,-30.535,0
1398294631327,41900657044000,171538052000001,-7.325,-7.531,-30.535,0
1398294631337,41900667085000,171538052000001,-7.325,-7.531,-30.535,0
1398294631347,41900677064000,171538052000001,-7.325,-7.531,-30.535,0
1398294631358,41900688630000,171538052000001,-7.325,-7.531,-30.535,0
1398294631367,41900697114000,171538052000001,-7.325,-7.531,-30.535,0
1398294631377,41900707093000,171538052000001,-7.325,-7.531,-30.535,0
1398294631387,41900717134000,171538052000001,-7.325,-7.531,-30.535,0
1398294631397,41900727113000,171538052000001,-7.325,-7.531,-30.535,0
1398294631407,41900737153000,171538052000001,-7.325,-7.531,-30.535,0
1398294631418,41900747163000,171538052000001,-7.325,-7.531,-30.535,0
1398294631427,41900757142000,171538052000001,-7.325,-7.531,-30.535,0
1398294631438,41900767152000,171538052000001,-7.325,-7.531,-30.535,0
1398294631448,41900777162000,171538052000001,-7.325,-7.531,-30.535,0
1398294631457,41900787171000,171538052000001,-7.325,-7.531,-30.535,0
1398294631467,41900797181000,171538052000001,-7.325,-7.531,-30.535,0
1398294631477,41900807191000,171538052000001,-7.325,-7.531,-30.535,0
1398294631487,41900817201000,171538052000001,-7.325,-7.531,-30.535,0
1398294631502,41900827241000,171538052000001,-7.325,-7.531,-30.535,0
1398294631507,41900837251000,171538052000001,-7.325,-7.203,-30.535,0
1398294631518,41900847261000,171538052000001,-7.325,-7.203,-30.535,0
1398294631527,41900857240000,171538052000001,-7.325,-7.203,-30.535,0
1398294631539,41900868928000,171538052000001,-7.325,-7.203,-30.535,0
1398294631547,41900877290000,171538052000001,-7.325,-7.203,-30.842,0
1398294631557,41900887269000,171538052000001,-7.325,-7.203,-30.842,0
1398294631572,41900901734000,171538052000001,-7.325,-7.203,-30.842,0
1398294631591,41900908143000,171538052000001,-7.325,-7.203,-30.842,0
1398294631592,41900917329000,171538052000001,-7.325,-6.9,-30.842,0
1398294631597,41900927339000,171538052000001,-7.325,-6.9,-30.842,0
1398294631607,41900937318000,171538052000001,-7.325,-6.9,-30.842,0
1398294631617,41900947328000,171538052000001,-7.325,-6.9,-30.842,0
1398294631627,41900957337000,171538052000001,-7.325,-6.515,-30.842,0
1398294631637,41900967530000,171538052000001,-7.023,-6.515,-30.842,0
1398294631647,41900977357000,171538052000001,-7.023,-6.515,-30.842,0
1398294631657,41900987367000,171538052000001,-7.023,-6.515,-31.198,0
1398294631667,41900997407000,171538052000001,-7.023,-6.143,-31.198,0
1398294631677,41901007386000,171538052000001,-7.023,-6.143,-31.198,0
1398294631687,41901017396000,171538052000001,-7.023,-6.143,-31.198,0
1398294631697,41901027406000,171538052000001,-6.681,-6.143,-31.198,0
1398294631707,41901037416000,171538052000001,-6.681,-6.143,-31.198,0
1398294631720,41901048982000,171538052000001,-6.681,-5.83,-31.198,0
1398294631727,41901057466000,171538052000001,-6.378,-5.83,-31.198,0
1398294631737,41901067445000,171538052000001,-6.378,-5.83,-31.198,0
1398294631748,41901077455000,171538052000001,-6.378,-5.83,-31.198,0
1398294631757,41901087464000,171538052000001,-6.378,-5.522,-31.198,0
1398294631770,41901097474000,171538052000001,-6.378,-5.522,-31.198,0
1398294631778,41901107514000,171538052000001,-6.378,-5.522,-31.198,0
1398294631788,41901117494000,171538052000001,-6.378,-5.522,-31.198,0
1398294631797,41901127503000,171538052000001,-6.378,-5.21,-31.198,0
1398294631807,41901137513000,171538052000001,-6.378,-5.21,-31.198,0
1398294631817,41901147523000,171538052000001,-6.378,-5.21,-31.515,0
1398294631827,41901157533000,171538052000001,-6.378,-5.21,-31.515,0
1398294631837,41901167543000,171538052000001,-6.378,-5.21,-31.515,0
1398294631848,41901177552000,171538052000001,-6.378,-5.21,-31.515,0
1398294631857,41901187562000,171538052000001,-6.378,-5.21,-31.515,0
1398294631867,41901197572000,171538052000001,-6.378,-5.21,-31.515,0
1398294631884,41901207612000,171538052000001,-6.378,-5.21,-31.515,0
1398294631888,41901217622000,171538052000001,-6.378,-5.21,-31.515,0
1398294631900,41901229188000,171538052000001,-6.378,-5.21,-31.515,0
1398294631908,41901237733000,171538052000001,-6.378,-4.885,-31.515,0
1398294631918,41901247621000,171538052000001,-6.378,-4.885,-31.515,0
1398294631929,41901257630000,171538052000001,-6.378,-4.885,-31.515,0
1398294631939,41901267640000,171538052000001,-6.689,-4.885,-31.515,0
1398294631948,41901277650000,171538052000001,-6.689,-4.885,-31.515,0
1398294631958,41901287660000,171538052000001,-6.689,-4.885,-31.515,0
1398294631967,41901297669000,171538052000001,-6.689,-4.885,-31.515,0
1398294631979,41901307679000,171538052000001,-6.689,-4.885,-31.515,0
1398294631987,41901317689000,171538052000001,-6.689,-4.885,-31.515,0
1398294632004,41901327729000,171538052000001,-6.689,-4.885,-31.515,0
1398294632009,41901337739000,171538052000001,-7.044,-4.885,-31.515,0
1398294632018,41901347718000,171538052000001,-7.044,-4.885,-31.515,0
1398294632031,41901357728000,171538052000001,-7.044,-4.885,-31.515,0
1398294632038,41901367768000,171538052000001,-7.392,-4.885,-31.515,0
1398294632048,41901377748000,171538052000001,-7.392,-4.885,-31.515,0
1398294632058,41901387757000,171538052000001,-7.392,-4.885,-31.515,0
1398294632072,41901401307000,171538052000001,-7.392,-4.885,-31.515,0
1398294632080,41901409333000,171538052000001,-7.705,-4.885,-31.515,0
1398294632088,41901417848000,171538052000001,-7.705,-4.885,-31.515,0
1398294632098,41901427796000,171538052000001,-7.705,-4.885,-31.515,0
1398294632108,41901437806000,171538052000001,-7.705,-4.885,-31.515,0
1398294632118,41901447846000,171538052000001,-7.705,-4.885,-31.515,0
1398294632128,41901457826000,171538052000001,-7.705,-4.885,-31.515,0
1398294632138,41901467866000,171538052000001,-7.705,-4.885,-31.515,0
1398294632148,41901477876000,171538052000001,-7.705,-4.885,-31.515,0
1398294632158,41901487855000,171538052000001,-7.705,-4.885,-31.515,0
1398294632168,41901497865000,171538052000001,-7.705,-4.885,-31.515,0
1398294632178,41901507844000,171538052000001,-7.392,-4.885,-31.515,0
1398294632188,41901517915000,171538052000001,-7.392,-4.885,-31.515,0
1398294632198,41901527955000,171538052000001,-7.392,-4.885,-31.515,0
1398294632210,41901537965000,171538052000001,-7.392,-4.885,-31.515,0
1398294632218,41901547975000,171538052000001,-7.392,-4.885,-31.515,0
1398294632228,41901557923000,171538052000001,-7.066,-4.885,-31.515,0
1398294632238,41901567933000,171538052000001,-7.066,-5.186,-31.515,0
1398294632248,41901577943000,171538052000001,-7.066,-5.186,-31.515,0
1398294632260,41901589479000,171538052000001,-7.066,-5.186,-31.515,0
1398294632268,41901597993000,171538052000001,-7.066,-5.186,-31.515,0
1398294632278,41901607972000,171538052000001,-7.066,-5.186,-31.515,0
1398294632288,41901617982000,171538052000001,-6.764,-5.525,-31.515,0
1398294632298,41901627992000,171538052000001,-6.764,-5.525,-31.515,0
1398294632308,41901638001000,171538052000001,-6.764,-5.525,-31.515,0
1398294632318,41901647981000,171538052000001,-6.764,-5.525,-31.515,0
1398294632328,41901658021000,171538052000001,-6.764,-5.525,-31.515,0
1398294632338,41901668031000,171538052000001,-6.764,-5.525,-31.515,0
1398294632348,41901678071000,171538052000001,-6.764,-5.827,-31.515,0
1398294632358,41901688050000,171538052000001,-6.764,-5.827,-31.515,0
1398294632369,41901698060000,171538052000001,-6.764,-5.827,-31.515,0
1398294632378,41901708100000,171538052000001,-6.764,-5.827,-31.515,0
1398294632388,41901718080000,171538052000001,-6.764,-5.827,-31.515,0
1398294632398,41901728089000,171538052000001,-6.462,-5.827,-31.515,0
1398294632408,41901738099000,171538052000001,-6.462,-5.827,-31.515,0
1398294632419,41901748109000,171538052000001,-6.462,-5.827,-31.515,0
1398294632429,41901758119000,171538052000001,-6.462,-5.827,-31.515,0
1398294632440,41901769654000,171538052000001,-6.152,-5.827,-31.515,0
1398294632448,41901778199000,171538052000001,-6.152,-6.156,-31.515,0
1398294632460,41901788178000,171538052000001,-6.152,-6.156,-31.515,0
1398294632470,41901798158000,171538052000001,-6.152,-6.156,-31.515,0
1398294632478,41901808168000,171538052000001,-6.152,-6.156,-31.515,0
1398294632494,41901818208000,171538052000001,-6.152,-6.156,-31.515,0
1398294632498,41901828187000,171538052000001,-6.152,-6.156,-31.515,0
1398294632510,41901838197000,171538052000001,-6.152,-6.156,-31.515,0
1398294632524,41901848207000,171538052000001,-6.152,-6.156,-31.515,0
1398294632532,41901858216000,171538052000001,-6.152,-6.156,-31.515,0
1398294632539,41901868257000,171538052000001,-6.152,-6.156,-31.515,0
1398294632549,41901878236000,171538052000001,-6.152,-6.156,-31.515,0
1398294632558,41901888276000,171538052000001,-6.152,-5.822,-31.515,0
1398294632568,41901898286000,171538052000001,-6.152,-5.822,-31.515,0
1398294632578,41901908265000,171538052000001,-6.152,-5.822,-31.515,0
1398294632588,41901918244000,171538052000001,-6.152,-5.822,-31.515,0
1398294632598,41901928254000,171538052000001,-6.152,-5.822,-31.515,0
1398294632608,41901938264000,171538052000001,-6.152,-5.822,-31.515,0
1398294632620,41901949861000,171538052000001,-6.152,-5.822,-31.515,0
1398294632628,41901958345000,171538052000001,-6.152,-5.822,-31.515,0
1398294632638,41901968324000,171538052000001,-6.152,-5.822,-31.515,0
1398294632648,41901978334000,171538052000001,-6.152,-5.516,-31.515,0
1398294632658,41901988313000,171538052000001,-6.152,-5.516,-31.515,0
1398294632668,41901998323000,171538052000001,-6.152,-5.516,-31.515,0
1398294632678,41902008363000,171538052000001,-6.152,-5.516,-31.515,0
1398294632688,41902018342000,171538052000001,-6.152,-5.516,-31.515,0
1398294632698,41902028382000,171538052000001,-6.152,-5.516,-31.515,0
1398294632708,41902038362000,171538052000001,-6.152,-5.171,-31.515,0
1398294632718,41902048371000,171538052000001,-6.152,-5.171,-31.515,0
1398294632728,41902058412000,171538052000001,-6.152,-5.171,-31.515,0
1398294632738,41902068391000,171538052000001,-6.152,-5.171,-31.515,0
1398294632748,41902078431000,171538052000001,-6.152,-5.171,-31.515,0
1398294632758,41902088410000,171538052000001,-6.152,-5.171,-31.846,0
1398294632768,41902098451000,171538052000001,-6.152,-4.847,-31.846,0
1398294632778,41902108460000,171538052000001,-6.152,-4.847,-31.846,0
1398294632788,41902118440000,171538052000001,-6.152,-4.847,-31.846,0
1398294632803,41902132936000,171538052000001,-6.152,-4.847,-31.846,0
1398294632809,41902138490000,171538052000001,-6.152,-4.49,-31.846,0
1398294632818,41902148500000,171538052000001,-6.152,-4.49,-31.846,0
1398294632828,41902158509000,171538052000001,-6.152,-4.49,-31.846,0
1398294632838,41902168489000,171538052000001,-6.152,-4.49,-31.846,0
1398294632848,41902178498000,171538052000001,-6.152,-4.161,-31.846,0
1398294632859,41902188508000,171538052000001,-6.152,-4.161,-31.846,0
1398294632868,41902198548000,171538052000001,-6.152,-4.161,-31.846,0
1398294632879,41902208558000,171538052000001,-6.152,-4.161,-31.846,0
1398294632888,41902218568000,171538052000001,-6.152,-4.161,-31.846,0
1398294632899,41902228578000,171538052000001,-6.152,-4.161,-31.846,0
1398294632910,41902238587000,171538052000001,-6.152,-4.161,-31.846,0
1398294632919,41902248597000,171538052000001,-6.152,-4.161,-31.846,0
1398294632929,41902258607000,171538052000001,-6.152,-3.845,-31.846,0
1398294632940,41902268617000,171538052000001,-6.152,-3.845,-31.846,0
1398294632949,41902278626000,171538052000001,-6.152,-3.845,-31.846,0
1398294632960,41902288636000,171538052000001,-6.152,-3.845,-31.846,0
1398294632969,41902298646000,171538052000001,-6.152,-3.845,-31.846,0
1398294632980,41902310212000,171538052000001,-6.152,-3.845,-31.846,0
1398294632989,41902318696000,171538052000001,-6.152,-3.845,-31.846,0
1398294632999,41902328706000,171538052000001,-6.152,-3.845,-31.846,0
1398294633009,41902338685000,171538052000001,-6.152,-3.845,-31.846,0
1398294633019,41902348695000,171538052000001,-6.152,-3.845,-31.846,0
1398294633030,41902359193000,171538052000001,-6.152,-3.845,-31.846,0
1398294633039,41902368714000,171538052000001,-6.152,-4.159,-31.846,0
1398294633049,41902378724000,171538052000001,-6.152,-4.159,-31.846,0
1398294633059,41902388734000,171538052000001,-6.152,-4.159,-31.846,0
1398294633069,41902398744000,171538052000001,-6.152,-4.159,-31.846,0
1398294633079,41902408753000,171538052000001,-6.152,-4.159,-31.846,0
1398294633089,41902418763000,171538052000001,-6.152,-4.159,-31.846,0
1398294633099,41902428773000,171538052000001,-6.152,-4.467,-31.846,0
1398294633126,41902439546000,171538052000001,-6.152,-4.467,-31.846,0
1398294633128,41902448793000,171538052000001,-6.152,-4.467,-31.846,0
1398294633130,41902458802000,171538052000001,-6.152,-4.467,-31.846,0
1398294633139,41902468812000,171538052000001,-6.152,-4.467,-31.846,0
1398294633149,41902478822000,171538052000001,-6.152,-4.467,-31.846,0
1398294633160,41902490388000,171538052000001,-6.152,-4.467,-31.846,0
1398294633169,41902498872000,171538052000001,-6.152,-4.467,-31.846,0
1398294633179,41902508851000,171538052000001,-6.152,-4.467,-31.846,0
1398294633189,41902518861000,171538052000001,-6.152,-4.467,-31.846,0
1398294633199,41902528871000,171538052000001,-6.152,-4.467,-31.846,0
1398294633209,41902538880000,171538052000001,-6.152,-4.467,-31.846,0
1398294633219,41902548890000,171538052000001,-6.152,-4.467,-31.846,0
1398294633229,41902558900000,171538052000001,-6.509,-4.467,-31.846,0
1398294633239,41902568910000,171538052000001,-6.509,-4.467,-31.846,0
1398294633249,41902578919000,171538052000001,-6.509,-4.467,-31.846,0
1398294633259,41902588929000,171538052000001,-6.509,-4.467,-31.846,0
1398294633269,41902598939000,171538052000001,-6.509,-4.467,-31.846,0
1398294633279,41902608949000,171538052000001,-6.509,-4.467,-31.846,0
1398294633289,41902618959000,171538052000001,-6.509,-4.467,-31.846,0
1398294633299,41902628968000,171538052000001,-6.509,-4.467,-31.846,0
1398294633309,41902638978000,171538052000001,-6.509,-4.467,-31.846,0
1398294633319,41902648988000,171538052000001,-6.509,-4.467,-31.846,0
1398294633329,41902658998000,171538052000001,-6.169,-4.467,-31.846,0
1398294633340,41902670533000,171538052000001,-6.169,-4.467,-31.846,0
1398294633349,41902679048000,171538052000001,-6.169,-4.467,-31.846,0
1398294633359,41902689027000,171538052000001,-6.169,-4.467,-31.846,0
1398294633369,41902699189000,171538052000001,-5.838,-4.78,-31.846,0
1398294633379,41902709046000,171538052000001,-5.838,-4.78,-31.846,0
1398294633389,41902719056000,171538052000001,-5.838,-4.78,-31.846,0
1398294633402,41902732331000,171538052000001,-5.838,-4.78,-31.846,0
1398294633416,41902746095000,171538052000001,-5.838,-4.78,-31.846,0
1398294633420,41902749574000,171538052000001,-5.52,-4.78,-31.846,0
1398294633433,41902763032000,171538052000001,-5.52,-4.78,-31.846,0
1398294633443,41902771302000,171538052000001,-5.52,-4.78,-31.846,0
1398294633453,41902782746000,171538052000001,-5.52,-4.78,-31.846,0
1398294633462,41902792298000,171538052000001,-5.52,-4.78,-31.846,0
1398294633471,41902801332000,171538052000001,-5.52,-4.78,-31.846,0
1398294633481,41902810609000,171538052000001,-5.52,-4.78,-31.846,0
1398294633495,41902824555000,171538052000001,-5.52,-4.78,-31.846,0
1398294633500,41902830476000,171538052000001,-5.52,-4.78,-31.846,0
1398294633515,41902845399000,171538052000001,-5.52,-4.78,-31.846,0
1398294633522,41902851686000,171538052000001,-5.52,-4.78,-31.846,0
1398294633532,41902862367000,171538052000001,-5.52,-4.78,-31.846,0
1398294633545,41902870881000,171538052000001,-5.52,-4.78,-31.846,0
1398294633550,41902879273000,171538052000001,-5.52,-4.78,-31.846,0
1398294633559,41902889253000,171538052000001,-5.52,-4.78,-31.846,0
1398294633569,41902899262000,171538052000001,-5.52,-4.78,-31.846,0
1398294633579,41902909303000,171538052000001,-5.52,-4.78,-31.846,0
1398294633590,41902919313000,171538052000001,-5.52,-4.78,-31.846,0
1398294633599,41902929292000,171538052000001,-5.52,-4.78,-31.846,0
1398294633609,41902939302000,171538052000001,-5.52,-4.78,-31.846,0
1398294633619,41902949311000,171538052000001,-5.52,-4.78,-31.846,0
1398294633629,41902959321000,171538052000001,-5.52,-4.78,-31.846,0
1398294633641,41902969331000,171538052000001,-5.52,-4.78,-31.846,0
1398294633653,41902982759000,171538052000001,-5.52,-4.78,-31.846,0
1398294633663,41902992768000,171538052000001,-5.52,-4.78,-31.846,0
1398294633673,41903002717000,171538052000001,-5.52,-4.78,-31.846,0
1398294633686,41903016053000,171538052000001,-5.52,-4.78,-31.846,0
1398294633691,41903020967000,171538052000001,-5.52,-4.78,-31.846,0
1398294633706,41903036042000,171538052000001,-5.52,-4.78,-31.846,0
1398294633711,41903041108000,171538052000001,-5.52,-4.78,-31.846,0
1398294633731,41903060151000,171538052000001,-5.52,-4.78,-31.846,0
1398294633735,41903064973000,171538052000001,-5.52,-4.78,-31.846,0
1398294633742,41903072541000,171538052000001,-5.52,-4.78,-31.846,0
1398294633753,41903082765000,171538052000001,-5.52,-4.78,-31.846,0
1398294633761,41903091310000,171538052000001,-5.52,-4.78,-31.846,0
1398294633773,41903102754000,171538052000001,-5.52,-4.78,-31.846,0
1398294633783,41903113130000,171538052000001,-5.52,-4.78,-31.846,0
1398294633793,41903122529000,171538052000001,-5.52,-4.78,-31.846,0
1398294633803,41903133088000,171538052000001,-5.52,-4.78,-31.846,0
1398294633813,41903142762000,171538052000001,-5.52,-4.78,-31.846,0
1398294633823,41903153169000,171538052000001,-5.52,-4.78,-31.846,0
1398294633831,41903161225000,171538052000001,-5.52,-4.78,-31.846,0
1398294633843,41903172944000,171538052000001,-5.52,-4.78,-31.846,0
1398294633853,41903182771000,171538052000001,-5.52,-4.78,-31.846,0
1398294633863,41903192750000,171538052000001,-5.52,-4.78,-31.846,0
1398294633873,41903202760000,171538052000001,-5.52,-4.78,-31.846,0
1398294633884,41903213471000,171538052000001,-5.52,-4.78,-31.846,0
1398294633893,41903222596000,171538052000001,-5.52,-4.78,-31.846,0
1398294633903,41903232759000,171538052000001,-5.52,-4.78,-31.846,0
1398294633913,41903242768000,171538052000001,-5.52,-4.78,-31.846,0
1398294633921,41903251191000,171538052000001,-5.52,-4.78,-31.846,0
1398294633936,41903265931000,171538052000001,-5.52,-4.78,-31.846,0
1398294633942,41903271852000,171538052000001,-5.52,-4.78,-31.846,0
1398294633954,41903284059000,171538052000001,-5.52,-4.78,-31.846,0
1398294633965,41903295289000,171538052000001,-5.52,-4.78,-31.846,0
1398294633972,41903301972000,171538052000001,-5.52,-4.78,-31.846,0
1398294633986,41903315919000,171538052000001,-5.52,-4.78,-31.846,0
1398294633992,41903321839000,171538052000001,-5.52,-4.78,-31.846,0
1398294634006,41903336152000,171538052000001,-5.52,-4.78,-31.846,0
1398294634011,41903341279000,171538052000001,-5.854,-4.78,-31.846,0
1398294634031,41903360810000,171538052000001,-5.854,-4.78,-31.846,0
1398294634033,41903362550000,171538052000001,-5.854,-4.78,-31.846,0
1398294634044,41903371949000,171538052000001,-5.854,-4.78,-31.846,0
1398294634050,41903379731000,171538052000001,-5.854,-4.78,-31.846,0
1398294634062,41903391297000,171538052000001,-5.854,-4.78,-31.846,0
1398294634070,41903400117000,171538052000001,-5.854,-4.78,-31.846,0
1398294634080,41903409761000,171538052000001,-6.17,-4.78,-31.846,0
1398294634090,41903419770000,171538052000001,-6.17,-4.78,-31.846,0
1398294634100,41903429750000,171538052000001,-6.17,-4.78,-31.846,0
1398294634110,41903439790000,171538052000001,-6.17,-4.78,-31.846,0
1398294634120,41903449769000,171538052000001,-6.17,-4.78,-31.846,0
1398294634130,41903459779000,171538052000001,-6.17,-4.78,-31.846,0
1398294634141,41903469789000,171538052000001,-6.17,-4.78,-31.846,0
1398294634151,41903481050000,171538052000001,-6.17,-4.78,-31.846,0
1398294634163,41903490571000,171538052000001,-6.17,-4.78,-31.846,0
1398294634181,41903504640000,171538052000001,-6.17,-4.78,-31.846,0
1398294634183,41903509797000,171538052000001,-6.17,-4.78,-31.846,0
1398294634196,41903521241000,171538052000001,-6.17,-4.78,-31.846,0
1398294634201,41903530885000,171538052000001,-6.17,-4.78,-31.846,0
1398294634214,41903539857000,171538052000001,-6.17,-4.78,-31.846,0
1398294634220,41903549897000,171538052000001,-6.17,-4.78,-31.846,0
1398294634233,41903560121000,171538052000001,-6.17,-4.78,-31.846,0
1398294634242,41903571473000,171538052000001,-6.17,-4.78,-31.846,0
1398294634250,41903579957000,171538052000001,-6.17,-4.78,-31.846,0
1398294634261,41903589936000,171538052000001,-6.17,-4.78,-31.846,0
1398294634270,41903599977000,171538052000001,-6.17,-4.78,-31.846,0
1398294634280,41903609956000,171538052000001,-6.17,-4.78,-31.846,0
1398294634290,41903619966000,171538052000001,-6.17,-4.78,-31.846,0
1398294634300,41903629945000,171538052000001,-6.17,-4.78,-31.846,0
1398294634310,41903639955000,171538052000001,-6.17,-5.081,-31.846,0
1398294634320,41903649964000,171538052000001,-6.17,-5.081,-31.846,0
1398294634333,41903663240000,171538052000001,-6.17,-5.081,-31.846,0
1398294634341,41903669953000,171538052000001,-6.17,-5.081,-31.846,0
1398294634350,41903679994000,171538052000001,-6.17,-5.081,-31.846,0
1398294634360,41903689973000,171538052000001,-6.17,-5.081,-31.846,0
1398294634379,41903699983000,171538052000001,-6.17,-5.081,-31.846,0
1398294634381,41903709992000,171538052000001,-6.17,-5.081,-31.846,0
1398294634391,41903720063000,171538052000001,-6.17,-5.081,-31.846,0
1398294634405,41903730043000,171538052000001,-6.17,-5.081,-31.846,0
1398294634418,41903740052000,171538052000001,-6.17,-5.081,-31.846,0
1398294634427,41903751649000,171538052000001,-6.17,-5.081,-31.542,0
1398294634433,41903760163000,171538052000001,-6.17,-5.081,-31.542,0
1398294634441,41903770082000,171538052000001,-6.17,-5.081,-31.542,0
1398294634450,41903780061000,171538052000001,-6.17,-5.081,-31.542,0
1398294634461,41903790101000,171538052000001,-6.17,-5.081,-31.542,0
1398294634470,41903800141000,171538052000001,-6.17,-5.081,-31.542,0
1398294634480,41903810121000,171538052000001,-6.17,-5.081,-31.542,0
1398294634490,41903820100000,171538052000001,-6.17,-5.081,-31.542,0
1398294634500,41903830110000,171538052000001,-6.17,-5.081,-31.542,0
1398294634510,41903840119000,171538052000001,-6.17,-5.081,-31.542,0
1398294634520,41903850099000,171538052000001,-6.17,-5.398,-31.542,0
1398294634530,41903860139000,171538052000001,-6.17,-5.398,-31.542,0
1398294634540,41903870179000,171538052000001,-6.17,-5.398,-31.542,0
1398294634550,41903880158000,171538052000001,-6.17,-5.398,-31.542,0
1398294634560,41903890168000,171538052000001,-6.17,-5.398,-31.542,0
1398294634570,41903900178000,171538052000001,-6.17,-5.398,-31.542,0
1398294634580,41903910249000,171538052000001,-6.521,-5.398,-31.542,0
1398294634590,41903920228000,171538052000001,-6.521,-5.398,-31.542,0
1398294634602,41903931764000,171538052000001,-6.521,-5.398,-31.542,0
1398294634610,41903940278000,171538052000001,-6.521,-5.398,-31.542,0
1398294634620,41903950227000,171538052000001,-6.521,-5.398,-31.542,0
1398294634630,41903960267000,171538052000001,-6.521,-5.398,-31.542,0
1398294634640,41903970307000,171538052000001,-6.521,-5.398,-31.542,0
1398294634650,41903980226000,171538052000001,-6.831,-5.398,-31.542,0
1398294634666,41903990541000,171538052000001,-6.831,-5.398,-31.542,0
1398294634675,41904000276000,171538052000001,-6.831,-5.398,-31.542,0
1398294634684,41904010285000,171538052000001,-6.831,-5.398,-31.542,0
1398294634690,41904020295000,171538052000001,-6.831,-5.398,-31.542,0
1398294634700,41904030305000,171538052000001,-6.831,-5.398,-31.542,0
1398294634710,41904040315000,171538052000001,-6.831,-5.398,-31.542,0
1398294634720,41904050324000,171538052000001,-6.831,-5.398,-31.542,0
1398294634730,41904060334000,171538052000001,-6.831,-5.398,-31.542,0
1398294634740,41904070344000,171538052000001,-6.831,-5.398,-31.542,0
1398294634750,41904080354000,171538052000001,-7.141,-5.398,-31.542,0
1398294634760,41904090364000,171538052000001,-7.141,-5.398,-31.542,0
1398294634770,41904100373000,171538052000001,-7.141,-5.398,-31.542,0
1398294634782,41904111970000,171538052000001,-7.141,-5.398,-31.542,0
1398294634797,41904120484000,171538052000001,-7.141,-5.398,-31.542,0
1398294634800,41904130433000,171538052000001,-7.141,-5.398,-31.542,0
1398294634810,41904140412000,171538052000001,-7.141,-5.398,-31.542,0
1398294634826,41904150392000,171538052000001,-7.141,-5.398,-31.542,0
1398294634830,41904160432000,171538052000001,-7.141,-5.705,-31.542,0
1398294634841,41904170442000,171538052000001,-7.141,-5.705,-31.542,0
1398294634850,41904180451000,171538052000001,-7.141,-5.705,-31.542,0
1398294634861,41904190461000,171538052000001,-7.141,-5.705,-31.542,0
1398294634872,41904200471000,171538052000001,-7.141,-5.705,-31.542,0
1398294634880,41904210481000,171538052000001,-7.141,-5.705,-31.542,0
1398294634890,41904220491000,171538052000001,-7.141,-5.705,-31.542,0
1398294634901,41904230500000,171538052000001,-7.141,-5.705,-31.542,0
1398294634910,41904240510000,171538052000001,-7.141,-5.705,-31.542,0
1398294634921,41904250520000,171538052000001,-7.141,-6.008,-31.542,0
1398294634930,41904260530000,171538052000001,-7.141,-6.008,-31.542,0
1398294634940,41904270539000,171538052000001,-7.141,-6.008,-31.242,0
1398294634950,41904280549000,171538052000001,-7.141,-6.008,-31.242,0
1398294634963,41904292085000,171538052000001,-7.141,-6.008,-31.242,0
1398294634978,41904300630000,171538052000001,-7.141,-6.008,-31.242,0
1398294634987,41904310578000,171538052000001,-7.141,-6.008,-31.242,0
1398294634994,41904320588000,171538052000001,-7.141,-6.008,-31.242,0
1398294635001,41904330598000,171538052000001,-7.141,-6.008,-31.242,0
1398294635011,41904340608000,171538052000001,-7.141,-6.008,-31.242,0
1398294635021,41904350617000,171538052000001,-7.141,-6.008,-31.242,0
1398294635031,41904360627000,171538052000001,-7.141,-6.008,-31.242,0
1398294635041,41904370637000,171538052000001,-6.828,-6.008,-31.242,0
1398294635051,41904380647000,171538052000001,-6.828,-6.008,-31.242,0
1398294635061,41904390657000,171538052000001,-6.828,-6.008,-31.242,0
1398294635071,41904400666000,171538052000001,-6.828,-6.008,-31.242,0
1398294635081,41904410707000,171538052000001,-6.828,-6.008,-31.242,0
1398294635091,41904420777000,171538052000001,-6.828,-6.008,-31.242,0
1398294635101,41904430696000,171538052000001,-6.828,-6.008,-31.242,0
1398294635111,41904440705000,171538052000001,-6.497,-6.008,-31.242,0
1398294635121,41904450715000,171538052000001,-6.497,-6.008,-31.242,0
1398294635131,41904460725000,171538052000001,-6.497,-6.008,-31.242,0
1398294635142,41904472291000,171538052000001,-6.497,-6.008,-31.242,0
1398294635151,41904480805000,171538052000001,-6.497,-6.008,-31.242,0
1398294635161,41904490754000,171538052000001,-6.497,-6.008,-31.242,0
1398294635171,41904500764000,171538052000001,-6.497,-6.008,-31.242,0
1398294635181,41904510774000,171538052000001,-6.497,-6.008,-31.242,0
1398294635196,41904520814000,171538052000001,-6.497,-6.008,-31.242,0
1398294635201,41904530824000,171538052000001,-6.497,-6.008,-31.242,0
1398294635211,41904540834000,171538052000001,-6.497,-6.008,-31.242,0
1398294635223,41904550813000,171538052000001,-6.497,-6.008,-31.242,0
1398294635232,41904560823000,171538052000001,-6.497,-6.008,-31.242,0
1398294635242,41904570832000,171538052000001,-6.497,-6.008,-31.242,0
1398294635251,41904580842000,171538052000001,-6.497,-6.008,-31.242,0
1398294635261,41904590852000,171538052000001,-6.497,-6.008,-31.242,0
1398294635271,41904600862000,171538052000001,-6.497,-6.008,-31.242,0
1398294635281,41904610871000,171538052000001,-6.497,-6.008,-31.242,0
1398294635291,41904620851000,171538052000001,-6.497,-6.008,-31.242,0
1398294635301,41904630921000,171538052000001,-6.497,-6.008,-31.242,0
1398294635311,41904641053000,171538052000001,-6.497,-6.008,-31.242,0
1398294635323,41904652528000,171538052000001,-6.497,-6.008,-31.242,0
1398294635331,41904661012000,171538052000001,-6.497,-6.008,-31.242,0
1398294635341,41904670930000,171538052000001,-6.497,-6.008,-31.242,0
1398294635351,41904680909000,171538052000001,-6.497,-6.008,-31.242,0
1398294635361,41904690919000,171538052000001,-6.497,-6.008,-31.242,0
1398294635371,41904700929000,171538052000001,-6.497,-6.008,-31.242,0
1398294635381,41904710939000,171538052000001,-6.497,-6.008,-31.242,0
1398294635391,41904720979000,171538052000001,-6.497,-6.008,-31.242,0
1398294635401,41904730958000,171538052000001,-6.497,-6.008,-31.242,0
1398294635411,41904740998000,171538052000001,-6.497,-6.008,-31.242,0
1398294635422,41904751313000,171538052000001,-6.497,-6.008,-31.242,0
1398294635431,41904761018000,171538052000001,-6.497,-6.008,-31.242,0
1398294635441,41904771028000,171538052000001,-6.497,-6.008,-31.242,0
1398294635451,41904781037000,171538052000001,-6.178,-6.008,-31.242,0
1398294635461,41904791047000,171538052000001,-6.178,-6.008,-31.242,0
1398294635471,41904801057000,171538052000001,-6.178,-6.008,-31.242,0
1398294635481,41904811067000,171538052000001,-6.178,-6.008,-31.242,0
1398294635491,41904821076000,171538052000001,-6.178,-6.008,-31.242,0
1398294635503,41904832643000,171538052000001,-6.178,-6.008,-31.242,0
1398294635511,41904841126000,171538052000001,-6.178,-6.008,-31.242,0
1398294635521,41904851441000,171538052000001,-6.178,-6.008,-31.242,0
1398294635534,41904862184000,171538052000001,-6.178,-6.008,-31.242,0
1398294635545,41904874696000,171538052000001,-6.178,-6.008,-31.242,0
1398294635553,41904882905000,171538052000001,-6.178,-6.008,-31.242,0
1398294635565,41904894715000,171538052000001,-6.178,-6.008,-31.242,0
1398294635575,41904904725000,171538052000001,-6.178,-6.008,-31.242,0
1398294635585,41904914826000,171538052000001,-6.178,-6.008,-31.242,0
1398294635595,41904924836000,171538052000001,-6.178,-6.008,-31.242,0
1398294635604,41904933900000,171538052000001,-6.178,-6.008,-31.242,0
1398294635618,41904947877000,171538052000001,-6.178,-6.008,-31.242,0
1398294635623,41904952851000,171538052000001,-5.87,-6.335,-31.242,0
1398294635633,41904963166000,171538052000001,-5.87,-6.335,-31.242,0
1398294635645,41904974763000,171538052000001,-5.87,-6.335,-31.242,0
1398294635654,41904983949000,171538052000001,-5.87,-6.335,-31.242,0
1398294635665,41904994783000,171538052000001,-5.87,-6.335,-31.242,0
1398294635675,41905004853000,171538052000001,-5.87,-6.335,-31.242,0
1398294635684,41905014009000,171538052000001,-5.87,-6.335,-31.242,0
1398294635694,41905023713000,171538052000001,-5.87,-6.335,-31.242,0
1398294635705,41905032960000,171538052000001,-5.87,-6.335,-31.242,0
1398294635711,41905041352000,171538052000001,-5.87,-6.642,-31.242,0
1398294635722,41905051362000,171538052000001,-5.561,-6.642,-31.242,0
1398294635731,41905061341000,171538052000001,-5.561,-6.642,-31.242,0
1398294635741,41905071351000,171538052000001,-5.561,-6.642,-31.242,0
1398294635751,41905081361000,171538052000001,-5.561,-6.642,-31.242,0
1398294635761,41905091401000,171538052000001,-5.561,-6.642,-31.242,0
1398294635771,41905101411000,171538052000001,-5.561,-6.642,-31.242,0
1398294635781,41905111421000,171538052000001,-5.561,-6.642,-31.242,0
1398294635792,41905121400000,171538052000001,-5.561,-6.642,-31.242,0
1398294635802,41905132325000,171538052000001,-5.561,-6.642,-31.242,0
1398294635815,41905145204000,171538052000001,-5.561,-6.642,-31.242,0
1398294635827,41905157075000,171538052000001,-5.561,-6.642,-31.242,0
1398294635833,41905162507000,171538052000001,-5.561,-6.642,-31.242,0
1398294635847,41905177247000,171538052000001,-5.561,-6.642,-31.242,0
1398294635852,41905182038000,171538052000001,-5.561,-6.642,-31.242,0
1398294635870,41905199128000,171538052000001,-5.561,-6.285,-31.553,0
1398294635872,41905201875000,171538052000001,-5.561,-6.285,-31.553,0
1398294635885,41905215211000,171538052000001,-5.561,-6.285,-31.553,0
1398294635894,41905224244000,171538052000001,-5.561,-6.285,-31.553,0
1398294635913,41905238038000,171538052000001,-5.561,-6.285,-31.553,0
1398294635914,41905241517000,171538052000001,-5.561,-6.285,-31.553,0
1398294635926,41905251588000,171538052000001,-5.561,-5.966,-31.553,0
1398294635940,41905263093000,171538052000001,-5.561,-5.966,-31.553,0
1398294635942,41905271607000,171538052000001,-5.561,-5.966,-31.553,0
1398294635962,41905282136000,171538052000001,-5.561,-5.966,-31.553,0
1398294635963,41905291841000,171538052000001,-5.561,-5.966,-31.553,0
1398294635974,41905301606000,171538052000001,-5.561,-5.966,-31.553,0
1398294635982,41905311616000,171538052000001,-5.561,-5.966,-31.553,0
1398294635993,41905323060000,171538052000001,-5.889,-5.966,-31.553,0
1398294636003,41905332215000,171538052000001,-5.889,-5.966,-31.553,0
1398294636017,41905341645000,171538052000001,-5.889,-5.966,-31.553,0
1398294636027,41905351655000,171538052000001,-5.889,-5.966,-31.553,0
1398294636041,41905361665000,171538052000001,-5.889,-5.966,-31.553,0
1398294636043,41905373231000,171538052000001,-5.889,-5.966,-31.553,0
1398294636052,41905381715000,171538052000001,-5.889,-5.966,-31.553,0
1398294636062,41905391694000,171538052000001,-5.889,-5.966,-31.553,0
1398294636072,41905401673000,171538052000001,-5.889,-5.966,-31.553,0
1398294636082,41905411683000,171538052000001,-6.213,-5.966,-31.553,0
1398294636092,41905421723000,171538052000001,-6.213,-5.966,-31.553,0
1398294636105,41905431703000,171538052000001,-6.213,-5.966,-31.553,0
1398294636112,41905441712000,171538052000001,-6.213,-5.966,-31.553,0
1398294636125,41905451722000,171538052000001,-6.213,-5.966,-31.553,0
1398294636132,41905461732000,171538052000001,-6.213,-5.966,-31.553,0
1398294636142,41905472047000,171538052000001,-6.213,-5.966,-31.553,0
1398294636154,41905481935000,171538052000001,-6.213,-5.966,-31.553,0
1398294636163,41905493012000,171538052000001,-6.213,-5.966,-31.553,0
1398294636175,41905502290000,171538052000001,-6.213,-5.966,-31.553,0
1398294636185,41905512818000,171538052000001,-6.213,-5.966,-31.553,0
1398294636194,41905523194000,171538052000001,-6.213,-5.966,-31.553,0
1398294636209,41905531861000,171538052000001,-6.213,-5.966,-31.553,0
1398294636212,41905542115000,171538052000001,-6.213,-5.966,-31.553,0
1398294636231,41905553376000,171538052000001,-6.213,-5.966,-31.553,0
1398294636235,41905561860000,171538052000001,-6.213,-5.966,-31.553,0
1398294636242,41905571900000,171538052000001,-6.213,-5.966,-31.553,0
1398294636252,41905581880000,171538052000001,-6.213,-5.966,-31.553,0
1398294636262,41905591920000,171538052000001,-6.213,-5.966,-31.553,0
1398294636273,41905601960000,171538052000001,-6.213,-5.966,-31.553,0
1398294636282,41905611909000,171538052000001,-6.213,-5.966,-31.553,0
1398294636292,41905621888000,171538052000001,-6.213,-5.966,-31.553,0
1398294636302,41905631898000,171538052000001,-6.213,-5.966,-31.553,0
1398294636312,41905641877000,171538052000001,-6.213,-5.966,-31.553,0
1398294636322,41905651918000,171538052000001,-6.52,-5.966,-31.553,0
1398294636332,41905661897000,171538052000001,-6.52,-5.966,-31.553,0
1398294636342,41905671907000,171538052000001,-6.52,-5.664,-31.553,0
1398294636352,41905681916000,171538052000001,-6.52,-5.664,-31.553,0
1398294636362,41905691926000,171538052000001,-6.52,-5.664,-31.553,0
1398294636372,41905701936000,171538052000001,-6.864,-5.664,-31.553,0
1398294636386,41905711976000,171538052000001,-6.864,-5.664,-31.553,0
1398294636395,41905721986000,171538052000001,-6.864,-5.363,-31.553,0
1398294636405,41905733522000,171538052000001,-6.864,-5.363,-31.553,0
1398294636412,41905742036000,171538052000001,-7.206,-5.363,-31.553,0
1398294636422,41905752015000,171538052000001,-7.206,-5.363,-31.553,0
1398294636432,41905761994000,171538052000001,-7.206,-5.363,-31.553,0
1398294636442,41905772004000,171538052000001,-7.206,-5.363,-31.553,0
1398294636452,41905782044000,171538052000001,-7.206,-5.018,-31.553,0
1398294636462,41905792054000,171538052000001,-7.206,-5.018,-31.553,0
1398294636472,41905802156000,171538052000001,-7.206,-5.018,-31.553,0
1398294636482,41905812074000,171538052000001,-7.527,-5.018,-31.553,0
1398294636492,41905822084000,171538052000001,-7.527,-5.018,-31.553,0
1398294636502,41905832521000,171538052000001,-7.527,-5.018,-31.553,0
1398294636512,41905842073000,171538052000001,-7.527,-4.678,-31.553,0
1398294636522,41905852113000,171538052000001,-7.527,-4.678,-31.553,0
1398294636532,41905862123000,171538052000001,-7.527,-4.678,-31.553,0
1398294636542,41905872102000,171538052000001,-7.527,-4.678,-31.553,0
1398294636552,41905882081000,171538052000001,-7.527,-4.678,-31.553,0
1398294636562,41905892121000,171538052000001,-7.527,-4.678,-31.553,0
1398294636572,41905902131000,171538052000001,-7.527,-4.678,-31.553,0
1398294636584,41905913667000,171538052000001,-7.527,-4.678,-31.553,0
1398294636592,41905922181000,171538052000001,-7.527,-4.678,-31.553,0
1398294636602,41905932160000,171538052000001,-7.527,-4.678,-31.553,0
1398294636612,41905942170000,171538052000001,-7.527,-4.678,-31.553,0
1398294636622,41905952180000,171538052000001,-7.527,-4.678,-31.553,0
1398294636632,41905962190000,171538052000001,-7.527,-4.678,-31.553,0
1398294636646,41905972199000,171538052000001,-7.527,-4.678,-31.553,0
1398294636655,41905982209000,171538052000001,-7.527,-4.678,-31.553,0
1398294636662,41905992219000,171538052000001,-7.527,-4.678,-31.553,0
1398294636672,41906002229000,171538052000001,-7.527,-4.678,-31.553,0
1398294636684,41906012208000,171538052000001,-7.527,-5.012,-31.553,0
1398294636693,41906022218000,171538052000001,-7.527,-5.012,-31.553,0
1398294636705,41906032258000,171538052000001,-7.527,-5.012,-31.553,0
1398294636712,41906042237000,171538052000001,-7.527,-5.012,-31.553,0
1398294636722,41906052247000,171538052000001,-7.527,-5.012,-31.553,0
1398294636732,41906062257000,171538052000001,-7.527,-5.012,-31.553,0
1398294636742,41906072267000,171538052000001,-7.527,-5.012,-31.553,0
1398294636754,41906082521000,171538052000001,-7.527,-5.012,-31.553,0
1398294636764,41906093873000,171538052000001,-7.527,-5.012,-31.553,0
1398294636772,41906102326000,171538052000001,-7.527,-5.012,-31.553,0
1398294636782,41906112306000,171538052000001,-7.527,-5.012,-31.553,0
1398294636792,41906122285000,171538052000001,-7.527,-5.012,-31.553,0
1398294636802,41906132325000,171538052000001,-7.527,-5.012,-31.553,0
1398294636812,41906142335000,171538052000001,-7.527,-5.012,-31.553,0
1398294636822,41906152345000,171538052000001,-7.527,-5.012,-31.553,0
1398294636833,41906162355000,171538052000001,-7.527,-5.012,-31.553,0
1398294636842,41906172395000,171538052000001,-7.527,-5.012,-31.553,0
1398294636853,41906182374000,171538052000001,-7.527,-5.012,-31.553,0
1398294636862,41906192384000,171538052000001,-7.527,-5.012,-31.553,0
1398294636873,41906202394000,171538052000001,-7.527,-5.012,-31.553,0
1398294636882,41906212403000,171538052000001,-7.527,-5.012,-31.553,0
1398294636892,41906222444000,171538052000001,-7.527,-5.012,-31.553,0
1398294636902,41906232423000,171538052000001,-7.527,-5.012,-31.233,0
1398294636912,41906242433000,171538052000001,-7.527,-5.012,-31.233,0
1398294636922,41906252442000,171538052000001,-7.527,-5.012,-31.233,0
1398294636932,41906262452000,171538052000001,-7.527,-5.012,-31.233,0
1398294636945,41906274018000,171538052000001,-7.527,-5.012,-31.233,0
1398294636953,41906282533000,171538052000001,-7.527,-5.345,-31.233,0
1398294636963,41906292481000,171538052000001,-7.527,-5.345,-31.233,0
1398294636973,41906302491000,171538052000001,-7.527,-5.345,-31.233,0
1398294636984,41906312501000,171538052000001,-7.527,-5.345,-31.233,0
1398294636993,41906322541000,171538052000001,-7.527,-5.345,-31.233,0
1398294637004,41906332551000,171538052000001,-7.527,-5.691,-31.233,0
1398294637013,41906342530000,171538052000001,-7.527,-5.691,-31.233,0
1398294637023,41906352540000,171538052000001,-7.527,-5.691,-31.233,0
1398294637033,41906362550000,171538052000001,-7.527,-5.691,-31.233,0
1398294637043,41906372560000,171538052000001,-7.527,-5.691,-31.233,0
1398294637052,41906382569000,171538052000001,-7.527,-5.691,-31.233,0
1398294637065,41906392549000,171538052000001,-7.527,-5.691,-31.233,0
1398294637076,41906402589000,171538052000001,-7.527,-5.691,-31.233,0
1398294637087,41906412629000,171538052000001,-7.527,-6.001,-31.233,0
1398294637095,41906422608000,171538052000001,-7.527,-6.001,-31.233,0
1398294637103,41906432618000,171538052000001,-7.203,-6.001,-31.233,0
1398294637113,41906442628000,171538052000001,-7.203,-6.001,-31.233,0
1398294637125,41906454164000,171538052000001,-7.203,-6.001,-31.233,0
1398294637133,41906462678000,171538052000001,-7.203,-6.001,-31.233,0
1398294637143,41906472749000,171538052000001,-7.203,-6.001,-31.233,0
1398294637155,41906482667000,171538052000001,-7.203,-6.001,-31.233,0
1398294637163,41906492768000,171538052000001,-7.203,-6.001,-31.233,0
1398294637173,41906502687000,171538052000001,-7.203,-6.001,-31.233,0
1398294637186,41906513093000,171538052000001,-7.203,-6.001,-31.233,0
1398294637193,41906522706000,171538052000001,-7.203,-6.001,-31.233,0
1398294637203,41906532716000,171538052000001,-6.89,-6.001,-31.233,0
1398294637213,41906542726000,171538052000001,-6.89,-6.001,-31.233,0
1398294637223,41906552735000,171538052000001,-6.89,-6.001,-31.233,0
1398294637233,41906562745000,171538052000001,-6.89,-6.001,-31.233,0
1398294637243,41906572755000,171538052000001,-6.89,-6.001,-31.233,0
1398294637253,41906582765000,171538052000001,-6.89,-6.001,-31.233,0
1398294637263,41906592774000,171538052000001,-6.89,-6.001,-31.233,0
1398294637278,41906602784000,171538052000001,-6.89,-6.001,-31.233,0
1398294637289,41906612794000,171538052000001,-6.587,-6.001,-31.233,0
1398294637293,41906622804000,171538052000001,-6.587,-6.001,-31.233,0
1398294637304,41906634339000,171538052000001,-6.587,-6.001,-31.233,0
1398294637313,41906642854000,171538052000001,-6.587,-6.001,-31.233,0
1398294637323,41906652833000,171538052000001,-6.587,-6.001,-31.233,0
1398294637333,41906662843000,171538052000001,-6.587,-6.001,-31.233,0
1398294637343,41906672822000,171538052000001,-6.587,-6.001,-31.233,0
1398294637353,41906682862000,171538052000001,-6.587,-6.001,-31.233,0
1398294637363,41906692872000,171538052000001,-6.587,-6.001,-31.233,0
1398294637375,41906702882000,171538052000001,-6.587,-6.001,-31.233,0
1398294637383,41906712892000,171538052000001,-6.587,-6.001,-31.233,0
1398294637393,41906722901000,171538052000001,-6.587,-6.001,-31.233,0
1398294637403,41906732942000,171538052000001,-6.587,-6.001,-31.233,0
1398294637414,41906742921000,171538052000001,-6.587,-6.001,-31.233,0
1398294637424,41906752961000,171538052000001,-6.893,-6.001,-31.233,0
1398294637434,41906763276000,171538052000001,-6.893,-6.001,-31.233,0
1398294637443,41906772950000,171538052000001,-6.893,-6.001,-31.233,0
1398294637461,41906782991000,171538052000001,-6.893,-6.001,-31.233,0
1398294637463,41906793000000,171538052000001,-6.893,-6.001,-31.233,0
1398294637474,41906803163000,171538052000001,-6.893,-6.001,-31.233,0
1398294637485,41906814576000,171538052000001,-6.893,-6.001,-31.233,0
1398294637493,41906823030000,171538052000001,-7.203,-6.001,-31.233,0
1398294637503,41906833039000,171538052000001,-7.203,-6.001,-31.233,0
1398294637513,41906843019000,171538052000001,-7.203,-6.001,-31.233,0
1398294637523,41906853059000,171538052000001,-7.203,-6.001,-31.233,0
1398294637533,41906863069000,171538052000001,-7.203,-6.001,-31.233,0
1398294637543,41906873078000,171538052000001,-7.203,-6.001,-31.233,0
1398294637553,41906883058000,171538052000001,-7.203,-6.001,-31.233,0
1398294637563,41906893067000,171538052000001,-7.203,-6.311,-31.233,0
1398294637573,41906903108000,171538052000001,-7.203,-6.311,-31.233,0
1398294637583,41906913087000,171538052000001,-7.203,-6.311,-31.233,0
1398294637593,41906923097000,171538052000001,-7.203,-6.311,-31.233,0
1398294637603,41906933137000,171538052000001,-7.203,-6.311,-31.233,0
1398294637613,41906943116000,171538052000001,-7.527,-6.311,-31.233,0
1398294637623,41906953126000,171538052000001,-7.527,-6.311,-31.233,0
1398294637634,41906963136000,171538052000001,-7.527,-6.311,-31.233,0
1398294637643,41906973176000,171538052000001,-7.527,-6.628,-31.233,0
1398294637654,41906983155000,171538052000001,-7.527,-6.628,-30.909,0
1398294637666,41906994721000,171538052000001,-7.527,-6.628,-30.909,0
1398294637674,41907003236000,171538052000001,-7.527,-6.628,-30.909,0
1398294637683,41907013398000,171538052000001,-7.527,-6.628,-30.909,0
1398294637693,41907023194000,171538052000001,-7.527,-6.628,-30.909,0
1398294637703,41907033204000,171538052000001,-7.527,-6.628,-30.909,0
1398294637720,41907043214000,171538052000001,-7.527,-6.933,-30.909,0
1398294637729,41907053254000,171538052000001,-7.527,-6.933,-30.909,0
1398294637736,41907063233000,171538052000001,-7.527,-6.933,-30.909,0
1398294637743,41907073243000,171538052000001,-7.527,-6.933,-30.909,0
1398294637754,41907083253000,171538052000001,-7.527,-6.933,-30.909,0
1398294637764,41907093263000,171538052000001,-7.527,-6.933,-30.909,0
1398294637773,41907103272000,171538052000001,-7.527,-6.933,-30.909,0
1398294637783,41907113282000,171538052000001,-7.527,-6.933,-30.909,0
1398294637793,41907123262000,171538052000001,-7.527,-6.933,-30.909,0
1398294637803,41907133302000,171538052000001,-7.527,-6.933,-30.909,0
1398294637814,41907143281000,171538052000001,-7.527,-6.933,-30.909,0
1398294637823,41907153321000,171538052000001,-7.527,-6.933,-30.909,0
1398294637833,41907163331000,171538052000001,-7.186,-6.933,-30.909,0
1398294637845,41907174867000,171538052000001,-7.186,-6.933,-30.909,0
1398294637853,41907183381000,171538052000001,-7.186,-6.933,-30.909,0
1398294637863,41907193330000,171538052000001,-7.186,-6.587,-30.909,0
1398294637878,41907203370000,171538052000001,-7.186,-6.587,-30.909,0
1398294637888,41907213380000,171538052000001,-7.186,-6.587,-30.909,0
1398294637893,41907223390000,171538052000001,-7.186,-6.587,-30.909,0
1398294637903,41907233369000,171538052000001,-7.186,-6.277,-30.909,0
1398294637913,41907243409000,171538052000001,-7.186,-6.277,-30.909,0
1398294637923,41907253419000,171538052000001,-7.186,-6.277,-31.257,0
1398294637933,41907263429000,171538052000001,-7.186,-6.277,-31.257,0
1398294637943,41907273439000,171538052000001,-7.186,-5.957,-31.257,0
1398294637954,41907283448000,171538052000001,-7.186,-5.957,-31.257,0
1398294637964,41907293458000,171538052000001,-7.186,-5.957,-31.257,0
1398294637974,41907303498000,171538052000001,-7.186,-5.957,-31.257,0
1398294637984,41907313478000,171538052000001,-7.186,-5.957,-31.257,0
1398294637994,41907323487000,171538052000001,-7.186,-5.601,-31.257,0
1398294638004,41907333497000,171538052000001,-7.186,-5.601,-31.257,0
1398294638014,41907343537000,171538052000001,-7.186,-5.601,-31.257,0
1398294638025,41907355104000,171538052000001,-7.186,-5.601,-31.257,0
1398294638034,41907363557000,171538052000001,-7.186,-5.601,-31.257,0
1398294638059,41907373536000,171538052000001,-7.186,-5.249,-31.257,0
1398294638060,41907383546000,171538052000001,-7.186,-5.249,-31.257,0
1398294638066,41907393556000,171538052000001,-7.502,-5.249,-31.257,0
1398294638077,41907403565000,171538052000001,-7.502,-5.249,-31.257,0
1398294638089,41907413575000,171538052000001,-7.502,-5.249,-31.257,0
1398294638094,41907423616000,171538052000001,-7.502,-5.249,-31.257,0
1398294638103,41907433564000,171538052000001,-7.502,-4.924,-31.257,0
1398294638136,41907443757000,171538052000001,-7.502,-4.924,-31.257,0
1398294638138,41907453614000,171538052000001,-7.502,-4.924,-31.257,0
1398294638139,41907463624000,171538052000001,-7.502,-4.924,-31.257,0
1398294638143,41907473634000,171538052000001,-7.83,-4.924,-31.257,0
1398294638154,41907483644000,171538052000001,-7.83,-4.924,-31.257,0
1398294638164,41907493653000,171538052000001,-7.83,-4.924,-31.257,0
1398294638174,41907503694000,171538052000001,-7.83,-4.924,-31.257,0
1398294638183,41907513642000,171538052000001,-7.83,-4.924,-31.257,0
1398294638193,41907523652000,171538052000001,-7.83,-4.924,-31.257,0
1398294638205,41907535218000,171538052000001,-7.83,-4.924,-31.257,0
1398294638214,41907543733000,171538052000001,-7.83,-4.924,-31.257,0
1398294638224,41907553712000,171538052000001,-7.83,-4.924,-31.257,0
1398294638234,41907563691000,171538052000001,-7.83,-4.924,-31.257,0
1398294638243,41907573701000,171538052000001,-7.83,-4.924,-31.257,0
1398294638254,41907583741000,171538052000001,-7.511,-4.924,-31.257,0
1398294638266,41907593751000,171538052000001,-7.511,-4.924,-31.257,0
1398294638275,41907603761000,171538052000001,-7.511,-5.244,-31.257,0
1398294638284,41907614259000,171538052000001,-7.511,-5.244,-31.257,0
1398294638294,41907623780000,171538052000001,-7.511,-5.244,-31.257,0
1398294638304,41907633790000,171538052000001,-7.209,-5.244,-31.257,0
1398294638314,41907643800000,171538052000001,-7.209,-5.244,-31.257,0
1398294638325,41907653779000,171538052000001,-7.209,-5.244,-31.257,0
1398294638334,41907663819000,171538052000001,-7.209,-5.244,-31.257,0
1398294638345,41907673829000,171538052000001,-7.209,-5.244,-31.257,0
1398294638354,41907683839000,171538052000001,-7.209,-5.244,-31.257,0
1398294638365,41907693849000,171538052000001,-7.209,-5.244,-31.257,0
1398294638374,41907703858000,171538052000001,-7.209,-5.244,-31.257,0
1398294638386,41907715394000,171538052000001,-7.209,-5.244,-31.257,0
1398294638398,41907724366000,171538052000001,-7.209,-5.244,-31.257,0
1398294638404,41907733857000,171538052000001,-7.209,-5.244,-31.257,0
1398294638414,41907743867000,171538052000001,-7.209,-5.244,-31.257,0
1398294638424,41907753877000,171538052000001,-7.209,-5.244,-31.575,0
1398294638434,41907763917000,171538052000001,-7.209,-5.244,-31.575,0
1398294638444,41907773896000,171538052000001,-7.209,-5.244,-31.575,0
1398294638454,41907783937000,171538052000001,-7.209,-5.244,-31.575,0
1398294638464,41907793946000,171538052000001,-7.209,-5.244,-31.575,0
1398294638474,41907803926000,171538052000001,-7.209,-5.244,-31.575,0
1398294638484,41907813966000,171538052000001,-7.209,-5.244,-31.575,0
1398294638494,41907823976000,171538052000001,-7.209,-5.244,-31.575,0
1398294638504,41907833985000,171538052000001,-7.209,-5.554,-31.575,0
1398294638514,41907843995000,171538052000001,-7.209,-5.554,-31.575,0
1398294638524,41907853974000,171538052000001,-7.209,-5.554,-31.575,0
1398294638534,41907863984000,171538052000001,-7.209,-5.554,-31.269,0
1398294638544,41907873994000,171538052000001,-7.209,-5.554,-31.269,0
1398294638554,41907884004000,171538052000001,-7.209,-5.554,-31.269,0
1398294638570,41907895570000,171538052000001,-7.209,-5.554,-31.269,0
1398294638574,41907904115000,171538052000001,-6.906,-5.554,-31.269,0
1398294638595,41907914094000,171538052000001,-6.906,-5.863,-31.269,0
1398294638596,41907924104000,171538052000001,-6.906,-5.863,-31.269,0
1398294638604,41907934083000,171538052000001,-6.906,-5.863,-31.269,0
1398294638614,41907944093000,171538052000001,-6.906,-5.863,-31.269,0
1398294638624,41907954133000,171538052000001,-6.561,-5.863,-31.269,0
1398294638634,41907964143000,171538052000001,-6.561,-5.863,-31.269,0
1398294638644,41907974092000,171538052000001,-6.561,-5.863,-31.269,0
1398294638655,41907984101000,171538052000001,-6.561,-5.863,-31.269,0
1398294638664,41907994111000,171538052000001,-6.141,-5.863,-31.269,0
1398294638674,41908004121000,171538052000001,-6.141,-6.211,-31.269,0
1398294638684,41908014131000,171538052000001,-6.141,-6.211,-31.269,0
1398294638694,41908024140000,171538052000001,-5.816,-6.211,-31.269,0
1398294638704,41908034150000,171538052000001,-5.816,-6.211,-31.269,0
1398294638714,41908044190000,171538052000001,-5.816,-6.211,-31.269,0
1398294638724,41908054200000,171538052000001,-5.816,-6.211,-31.269,0
1398294638734,41908064210000,171538052000001,-5.462,-6.211,-31.269,0
1398294638746,41908075746000,171538052000001,-5.462,-6.532,-31.269,0
1398294638754,41908084260000,171538052000001,-5.462,-6.532,-31.269,0
1398294638764,41908094209000,171538052000001,-5.462,-6.532,-31.269,0
1398294638774,41908104219000,171538052000001,-5.462,-6.532,-31.269,0
1398294638784,41908114259000,171538052000001,-5.462,-6.532,-31.269,0
1398294638794,41908124269000,171538052000001,-5.462,-6.532,-31.269,0
1398294638804,41908134278000,171538052000001,-5.108,-6.532,-31.269,0
1398294638814,41908144288000,171538052000001,-5.108,-6.532,-31.269,0
1398294638824,41908154298000,171538052000001,-5.108,-6.532,-31.269,0
1398294638834,41908164308000,171538052000001,-5.108,-6.532,-31.269,0
1398294638844,41908174287000,171538052000001,-5.108,-6.532,-31.269,0
1398294638854,41908184327000,171538052000001,-4.762,-6.854,-31.269,0
1398294638864,41908194306000,171538052000001,-4.762,-6.854,-31.269,0
1398294638876,41908204927000,171538052000001,-4.762,-6.854,-31.269,0
1398294638886,41908215486000,171538052000001,-4.762,-6.854,-31.269,0
1398294638900,41908224855000,171538052000001,-4.457,-6.854,-31.269,0
1398294638906,41908234529000,171538052000001,-4.457,-6.854,-31.269,0
1398294638917,41908244447000,171538052000001,-4.457,-6.854,-31.269,0
1398294638964,41908255982000,171538052000001,-4.457,-6.854,-31.269,0
1398294638970,41908264802000,171538052000001,-4.119,-6.854,-31.269,0
1398294638971,41908275575000,171538052000001,-4.119,-6.854,-31.269,0
1398294638973,41908286256000,171538052000001,-4.119,-7.165,-31.269,0
1398294638980,41908294435000,171538052000001,-4.119,-7.165,-31.269,0
1398294638981,41908304444000,171538052000001,-4.119,-7.165,-31.269,0
1398294638989,41908314485000,171538052000001,-3.799,-7.165,-31.269,0
1398294639001,41908324494000,171538052000001,-3.799,-7.165,-31.269,0
1398294639010,41908334504000,171538052000001,-3.799,-7.165,-31.269,0
1398294639018,41908344514000,171538052000001,-3.799,-7.165,-31.269,0
1398294639025,41908354524000,171538052000001,-3.799,-7.165,-31.269,0
1398294639035,41908364503000,171538052000001,-3.799,-7.165,-31.269,0
1398294639044,41908374513000,171538052000001,-3.799,-7.165,-31.269,0
1398294639054,41908384522000,171538052000001,-3.799,-6.828,-31.269,0
1398294639064,41908394532000,171538052000001,-4.135,-6.828,-31.269,0
1398294639074,41908404542000,171538052000001,-4.135,-6.828,-31.571,0
1398294639085,41908414552000,171538052000001,-4.135,-6.828,-31.571,0
1398294639095,41908424562000,171538052000001,-4.135,-6.484,-31.571,0
1398294639106,41908436128000,171538052000001,-4.135,-6.484,-31.571,0
1398294639115,41908444612000,171538052000001,-4.455,-6.484,-31.571,0
1398294639125,41908454591000,171538052000001,-4.455,-6.484,-31.571,0
1398294639134,41908464601000,171538052000001,-4.455,-6.146,-31.571,0
1398294639144,41908474610000,171538052000001,-4.455,-6.146,-31.571,0
1398294639154,41908484620000,171538052000001,-4.455,-6.146,-31.571,0
1398294639164,41908494630000,171538052000001,-4.455,-6.146,-31.571,0
1398294639175,41908504670000,171538052000001,-4.768,-6.146,-31.571,0
1398294639185,41908514649000,171538052000001,-4.768,-6.146,-31.571,0
1398294639195,41908524659000,171538052000001,-4.768,-6.146,-31.571,0
1398294639205,41908534669000,171538052000001,-4.768,-6.146,-31.571,0
1398294639216,41908544709000,171538052000001,-4.768,-6.146,-31.571,0
1398294639225,41908554689000,171538052000001,-4.768,-6.146,-31.571,0
1398294639235,41908564729000,171538052000001,-4.768,-6.146,-31.571,0
1398294639250,41908579927000,171538052000001,-4.768,-6.146,-31.571,0
1398294639256,41908584687000,171538052000001,-4.768,-6.146,-31.571,0
1398294639265,41908594697000,171538052000001,-4.768,-6.146,-31.571,0
1398294639275,41908604707000,171538052000001,-4.768,-6.146,-31.268,0
1398294639286,41908616273000,171538052000001,-4.768,-6.57,-31.268,0
1398294639300,41908624818000,171538052000001,-5.107,-6.57,-31.268,0
1398294639305,41908634797000,171538052000001,-5.107,-6.57,-31.268,0
1398294639315,41908645265000,171538052000001,-5.107,-6.57,-31.268,0
1398294639326,41908654786000,171538052000001,-5.413,-6.903,-31.268,0
1398294639335,41908664826000,171538052000001,-5.413,-6.903,-31.268,0
1398294639345,41908674836000,171538052000001,-5.413,-6.903,-30.966,0
1398294639355,41908684815000,171538052000001,-5.413,-6.903,-30.966,0
1398294639365,41908694825000,171538052000001,-5.754,-7.246,-30.966,0
1398294639376,41908704835000,171538052000001,-5.754,-7.246,-30.966,0
1398294639385,41908714875000,171538052000001,-5.754,-7.246,-30.966,0
1398294639397,41908724885000,171538052000001,-5.754,-7.246,-30.966,0
1398294639405,41908735078000,171538052000001,-5.754,-7.246,-30.966,0
1398294639422,41908744905000,171538052000001,-6.137,-7.246,-30.966,0
1398294639425,41908754914000,171538052000001,-6.137,-7.246,-30.966,0
1398294639435,41908764894000,171538052000001,-6.137,-7.246,-30.966,0
1398294639445,41908774903000,171538052000001,-6.137,-7.246,-30.966,0
1398294639455,41908784913000,171538052000001,-6.137,-7.246,-30.966,0
1398294639466,41908796479000,171538052000001,-6.137,-7.246,-30.966,0
1398294639475,41908805024000,171538052000001,-6.491,-7.246,-30.966,0
1398294639485,41908814942000,171538052000001,-6.491,-6.835,-30.966,0
1398294639495,41908824952000,171538052000001,-6.491,-6.835,-30.966,0
1398294639505,41908834962000,171538052000001,-6.491,-6.835,-30.966,0
1398294639515,41908845002000,171538052000001,-6.491,-6.835,-30.966,0
1398294639525,41908854981000,171538052000001,-6.491,-6.452,-30.966,0
1398294639535,41908864991000,171538052000001,-6.491,-6.452,-30.966,0
1398294639545,41908875001000,171538052000001,-6.491,-6.452,-30.966,0
1398294639555,41908885041000,171538052000001,-6.491,-6.129,-30.966,0
1398294639565,41908894990000,171538052000001,-6.491,-6.129,-30.966,0
1398294639575,41908905000000,171538052000001,-6.491,-6.129,-31.269,0
1398294639585,41908915010000,171538052000001,-6.491,-5.825,-31.269,0
1398294639595,41908925019000,171538052000001,-6.491,-5.825,-31.269,0
1398294639605,41908935029000,171538052000001,-6.491,-5.825,-31.269,0
1398294639621,41908945039000,171538052000001,-6.491,-5.825,-31.269,0
1398294639631,41908955049000,171538052000001,-6.491,-5.455,-31.269,0
1398294639635,41908965058000,171538052000001,-6.491,-5.455,-31.269,0
1398294639647,41908976625000,171538052000001,-6.491,-5.455,-31.269,0
1398294639655,41908985108000,171538052000001,-6.491,-5.455,-31.269,0
1398294639665,41908995088000,171538052000001,-6.491,-5.455,-31.269,0
1398294639675,41909005097000,171538052000001,-6.491,-5.455,-31.269,0
1398294639685,41909015107000,171538052000001,-6.491,-5.455,-31.269,0
1398294639695,41909025117000,171538052000001,-6.491,-5.13,-31.269,0
1398294639705,41909035157000,171538052000001,-6.491,-5.13,-31.269,0
1398294639715,41909045198000,171538052000001,-6.491,-5.13,-31.269,0
1398294639725,41909055207000,171538052000001,-6.491,-5.13,-31.269,0
1398294639735,41909065187000,171538052000001,-6.491,-5.13,-31.571,0
1398294639745,41909075196000,171538052000001,-6.491,-5.13,-31.571,0
1398294639755,41909085206000,171538052000001,-6.491,-5.13,-31.571,0
1398294639765,41909095246000,171538052000001,-6.491,-5.13,-31.571,0
1398294639775,41909105256000,171538052000001,-6.491,-5.13,-31.571,0
1398294639785,41909115235000,171538052000001,-6.491,-5.13,-31.571,0
1398294639795,41909125276000,171538052000001,-6.491,-5.13,-31.571,0
1398294639805,41909135255000,171538052000001,-6.19,-5.13,-31.571,0
1398294639815,41909145265000,171538052000001,-6.19,-5.13,-31.571,0
1398294639827,41909156831000,171538052000001,-6.19,-5.13,-31.571,0
1398294639835,41909165315000,171538052000001,-6.19,-5.13,-31.571,0
1398294639845,41909175324000,171538052000001,-5.853,-5.13,-31.571,0
1398294639855,41909185334000,171538052000001,-5.853,-5.13,-31.571,0
1398294639870,41909199159000,171538052000001,-5.853,-5.13,-31.571,0
1398294639876,41909205323000,171538052000001,-5.853,-5.13,-31.571,0
1398294639893,41909215303000,171538052000001,-5.853,-5.13,-31.571,0
1398294639900,41909225312000,171538052000001,-5.853,-5.13,-31.571,0
1398294639906,41909235322000,171538052000001,-5.853,-5.13,-31.571,0
1398294639915,41909245332000,171538052000001,-5.853,-5.13,-31.571,0
1398294639925,41909255342000,171538052000001,-5.853,-5.13,-31.874,0
1398294639935,41909265351000,171538052000001,-5.853,-5.13,-31.874,0
1398294639945,41909275361000,171538052000001,-5.853,-5.13,-31.874,0
1398294639955,41909285340000,171538052000001,-5.853,-5.13,-31.874,0
1398294639966,41909295381000,171538052000001,-5.853,-5.13,-31.874,0
1398294639976,41909305421000,171538052000001,-5.853,-5.13,-31.874,0
1398294639985,41909315400000,171538052000001,-5.853,-5.13,-31.874,0
1398294639995,41909325410000,171538052000001,-5.853,-5.13,-31.874,0
1398294640007,41909336976000,171538052000001,-5.853,-5.13,-31.874,0
1398294640017,41909345460000,171538052000001,-5.853,-5.13,-31.874,0
1398294640026,41909355500000,171538052000001,-5.853,-5.13,-31.874,0
1398294640036,41909365480000,171538052000001,-5.853,-5.13,-31.874,0
1398294640046,41909375520000,171538052000001,-5.853,-5.13,-31.874,0
1398294640056,41909385499000,171538052000001,-5.853,-5.13,-31.874,0
1398294640066,41909395539000,171538052000001,-6.164,-5.13,-31.874,0
1398294640076,41909405519000,171538052000001,-6.164,-5.13,-31.874,0
1398294640085,41909415528000,171538052000001,-6.164,-5.13,-31.874,0
1398294640095,41909425538000,171538052000001,-6.164,-5.13,-31.874,0
1398294640106,41909435548000,171538052000001,-6.164,-5.13,-31.573,0
1398294640115,41909445527000,171538052000001,-6.164,-5.13,-31.573,0
1398294640125,41909455567000,171538052000001,-6.164,-5.13,-31.573,0
1398294640136,41909465608000,171538052000001,-6.164,-5.13,-31.573,0
1398294640146,41909475617000,171538052000001,-6.164,-5.13,-31.573,0
1398294640157,41909485597000,171538052000001,-6.164,-5.13,-31.573,0
1398294640166,41909495637000,171538052000001,-6.164,-5.13,-31.573,0
1398294640180,41909510224000,171538052000001,-6.164,-5.13,-31.573,0
1398294640187,41909517091000,171538052000001,-6.164,-5.13,-31.573,0
1398294640196,41909525636000,171538052000001,-6.164,-5.13,-31.573,0
1398294640207,41909535585000,171538052000001,-6.164,-5.13,-31.573,0
1398294640216,41909545625000,171538052000001,-6.164,-5.13,-31.573,0
1398294640226,41909555635000,171538052000001,-6.164,-5.13,-31.573,0
1398294640236,41909565644000,171538052000001,-6.164,-5.13,-31.573,0
1398294640246,41909575654000,171538052000001,-6.164,-5.13,-31.573,0
1398294640256,41909585633000,171538052000001,-6.164,-5.13,-31.573,0
1398294640266,41909595674000,171538052000001,-6.164,-5.13,-31.573,0
1398294640276,41909605683000,171538052000001,-6.164,-5.13,-31.573,0
1398294640286,41909615693000,171538052000001,-6.164,-5.13,-31.573,0
1398294640297,41909625703000,171538052000001,-6.164,-5.13,-31.573,0
1398294640307,41909635713000,171538052000001,-6.164,-5.447,-31.573,0
1398294640316,41909645722000,171538052000001,-6.164,-5.447,-31.573,0
1398294640326,41909655763000,171538052000001,-6.164,-5.447,-31.573,0
1398294640336,41909665772000,171538052000001,-6.164,-5.447,-31.573,0
1398294640351,41909675813000,171538052000001,-6.164,-5.447,-31.573,0
1398294640359,41909685823000,171538052000001,-6.164,-5.447,-31.573,0
1398294640368,41909697694000,171538052000001,-6.164,-5.447,-31.573,0
1398294640376,41909705873000,171538052000001,-6.164,-5.447,-31.573,0
1398294640386,41909715821000,171538052000001,-6.164,-5.752,-31.573,0
1398294640396,41909725831000,171538052000001,-6.164,-5.752,-31.573,0
1398294640406,41909735841000,171538052000001,-5.845,-5.752,-31.573,0
1398294640416,41909745851000,171538052000001,-5.845,-5.752,-31.573,0
1398294640426,41909755860000,171538052000001,-5.845,-6.069,-31.573,0
1398294640436,41909765870000,171538052000001,-5.845,-6.069,-31.573,0
1398294640446,41909775880000,171538052000001,-5.845,-6.069,-31.573,0
1398294640456,41909785890000,171538052000001,-5.845,-6.069,-31.573,0
1398294640466,41909796052000,171538052000001,-5.845,-6.387,-31.573,0
1398294640476,41909806062000,171538052000001,-5.525,-6.387,-31.573,0
1398294640487,41909817262000,171538052000001,-5.525,-6.387,-31.573,0
1398294640496,41909825868000,171538052000001,-5.525,-6.387,-31.573,0
1398294640506,41909835908000,171538052000001,-5.525,-6.387,-31.573,0
1398294640516,41909845918000,171538052000001,-5.218,-6.742,-31.573,0
1398294640526,41909855928000,171538052000001,-5.218,-6.742,-31.573,0
1398294640536,41909865907000,171538052000001,-5.218,-6.742,-31.573,0
1398294640548,41909877473000,171538052000001,-5.218,-6.742,-31.573,0
1398294640557,41909885987000,171538052000001,-5.218,-6.742,-31.573,0
1398294640566,41909895967000,171538052000001,-5.218,-6.742,-31.573,0
1398294640576,41909905946000,171538052000001,-4.84,-6.742,-31.573,0
1398294640586,41909915986000,171538052000001,-4.84,-7.057,-31.266,0
1398294640597,41909925996000,171538052000001,-4.84,-7.057,-31.266,0
1398294640609,41909936006000,171538052000001,-4.84,-7.057,-31.266,0
1398294640616,41909946015000,171538052000001,-4.84,-7.057,-31.266,0
1398294640626,41909956025000,171538052000001,-4.84,-7.057,-31.266,0
1398294640636,41909966035000,171538052000001,-4.84,-7.057,-31.266,0
1398294640651,41909976045000,171538052000001,-5.148,-7.057,-31.266,0
1398294640662,41909986054000,171538052000001,-5.148,-7.057,-31.266,0
1398294640666,41909996064000,171538052000001,-5.148,-7.057,-31.266,0
1398294640676,41910006074000,171538052000001,-5.148,-6.716,-31.266,0
1398294640689,41910016084000,171538052000001,-5.529,-6.716,-31.266,0
1398294640696,41910026094000,171538052000001,-5.529,-6.716,-31.266,0
1398294640706,41910036103000,171538052000001,-5.529,-6.716,-31.266,0
1398294640716,41910046083000,171538052000001,-5.529,-6.716,-31.266,0
1398294640728,41910057679000,171538052000001,-5.529,-6.365,-31.266,0
1398294640736,41910066163000,171538052000001,-5.86,-6.365,-31.266,0
1398294640746,41910076142000,171538052000001,-5.86,-6.365,-31.266,0
1398294640756,41910086152000,171538052000001,-5.86,-6.365,-31.266,0
1398294640766,41910096162000,171538052000001,-5.86,-6.365,-31.266,0
1398294640776,41910106172000,171538052000001,-5.86,-6.365,-31.266,0
1398294640786,41910116212000,171538052000001,-5.86,-6.365,-31.266,0
1398294640796,41910126161000,171538052000001,-5.86,-6.042,-31.266,0
1398294640807,41910136170000,171538052000001,-5.86,-6.042,-31.266,0
1398294640816,41910146211000,171538052000001,-5.86,-6.042,-31.266,0
1398294640826,41910156220000,171538052000001,-5.86,-6.042,-31.266,0
1398294640836,41910166169000,171538052000001,-5.86,-6.042,-31.266,0
1398294640846,41910176210000,171538052000001,-5.86,-6.042,-31.266,0
1398294640856,41910186250000,171538052000001,-5.86,-6.042,-31.266,0
1398294640866,41910196229000,171538052000001,-5.86,-6.042,-31.266,0
1398294640877,41910206239000,171538052000001,-5.86,-5.735,-31.266,0
1398294640887,41910216249000,171538052000001,-5.86,-5.735,-31.266,0
1398294640896,41910226258000,171538052000001,-5.86,-5.735,-31.266,0
1398294640908,41910237824000,171538052000001,-5.86,-5.735,-31.266,0
1398294640917,41910246339000,171538052000001,-5.86,-5.735,-31.266,0
1398294640927,41910256318000,171538052000001,-5.86,-5.735,-31.266,0
1398294640941,41910266328000,171538052000001,-5.86,-5.735,-31.266,0
1398294640946,41910276338000,171538052000001,-5.86,-5.735,-31.266,0
1398294640960,41910286347000,171538052000001,-5.86,-5.735,-31.266,0
1398294640966,41910296357000,171538052000001,-5.86,-5.735,-31.266,0
1398294640976,41910306336000,171538052000001,-5.86,-5.735,-31.266,0
1398294640986,41910316346000,171538052000001,-5.86,-5.735,-31.266,0
1398294640996,41910326325000,171538052000001,-5.86,-5.735,-31.266,0
1398294641007,41910336366000,171538052000001,-5.86,-5.735,-31.266,0
1398294641016,41910346406000,171538052000001,-5.86,-5.735,-31.266,0
1398294641026,41910356416000,171538052000001,-5.86,-5.735,-31.266,0
1398294641036,41910366426000,171538052000001,-5.517,-5.735,-31.266,0
1398294641046,41910376405000,171538052000001,-5.517,-5.735,-31.266,0
1398294641056,41910386415000,171538052000001,-5.517,-5.735,-31.266,0
1398294641066,41910396455000,171538052000001,-5.517,-5.735,-31.266,0
1398294641076,41910406434000,171538052000001,-5.517,-5.735,-31.266,0
1398294641089,41910418061000,171538052000001,-5.517,-5.735,-31.266,0
1398294641098,41910427735000,171538052000001,-5.517,-5.735,-31.266,0
1398294641109,41910436463000,171538052000001,-5.517,-5.735,-31.266,0
1398294641116,41910446504000,171538052000001,-5.517,-5.735,-31.266,0
1398294641127,41910456544000,171538052000001,-5.517,-5.735,-31.266,0
1398294641137,41910466462000,171538052000001,-5.517,-5.735,-31.266,0
1398294641147,41910476533000,171538052000001,-5.517,-5.735,-31.266,0
1398294641156,41910486512000,171538052000001,-5.517,-5.735,-31.266,0
1398294641166,41910496522000,171538052000001,-5.517,-6.05,-31.266,0
1398294641176,41910506532000,171538052000001,-5.517,-6.05,-31.266,0
1398294641187,41910516511000,171538052000001,-5.517,-6.05,-31.266,0
1398294641196,41910526551000,171538052000001,-5.517,-6.05,-31.266,0
1398294641206,41910536531000,171538052000001,-5.517,-6.05,-31.266,0
1398294641218,41910546571000,171538052000001,-5.517,-6.05,-31.266,0
1398294641230,41910556642000,171538052000001,-5.517,-6.05,-31.567,0
1398294641238,41910566651000,171538052000001,-5.517,-6.05,-31.567,0
1398294641247,41910576661000,171538052000001,-5.517,-6.05,-31.567,0
1398294641257,41910586671000,171538052000001,-5.517,-6.05,-31.567,0
1398294641268,41910598207000,171538052000001,-5.517,-6.05,-31.567,0
1398294641277,41910606721000,171538052000001,-5.517,-6.05,-31.567,0
1398294641286,41910616670000,171538052000001,-5.517,-6.05,-31.567,0
1398294641296,41910626679000,171538052000001,-5.517,-6.05,-31.567,0
1398294641308,41910636720000,171538052000001,-5.517,-6.05,-31.567,0
1398294641317,41910646730000,171538052000001,-5.517,-6.05,-31.567,0
1398294641327,41910656739000,171538052000001,-5.517,-6.05,-31.567,0
1398294641338,41910666749000,171538052000001,-5.517,-6.05,-31.567,0
1398294641347,41910676759000,171538052000001,-5.517,-6.05,-31.567,0
1398294641357,41910686769000,171538052000001,-5.517,-6.05,-31.567,0
1398294641367,41910696778000,171538052000001,-5.517,-6.05,-31.567,0
1398294641377,41910706819000,171538052000001,-5.517,-6.05,-31.567,0
1398294641387,41910716798000,171538052000001,-5.517,-6.05,-31.567,0
1398294641402,41910732087000,171538052000001,-5.827,-6.05,-31.567,0
1398294641407,41910736756000,171538052000001,-5.827,-6.05,-31.567,0
1398294641417,41910746766000,171538052000001,-5.827,-6.05,-31.567,0
1398294641433,41910756806000,171538052000001,-5.827,-6.05,-31.567,0
1398294641446,41910766816000,171538052000001,-5.827,-6.05,-31.567,0
1398294641448,41910778382000,171538052000001,-5.827,-6.05,-31.567,0
1398294641457,41910786836000,171538052000001,-5.827,-6.05,-31.567,0
1398294641467,41910796845000,171538052000001,-5.827,-6.05,-31.567,0
1398294641477,41910806855000,171538052000001,-5.827,-6.05,-31.567,0
1398294641487,41910816865000,171538052000001,-5.827,-6.05,-31.567,0
1398294641497,41910826844000,171538052000001,-5.827,-6.05,-31.567,0
1398294641507,41910836854000,171538052000001,-6.146,-6.05,-31.567,0
1398294641517,41910846894000,171538052000001,-6.146,-6.05,-31.567,0
1398294641527,41910856904000,171538052000001,-6.146,-6.05,-31.567,0
1398294641537,41910866914000,171538052000001,-6.146,-6.05,-31.567,0
1398294641547,41910877076000,171538052000001,-6.146,-6.05,-31.567,0
1398294641557,41910886933000,171538052000001,-6.146,-6.05,-31.567,0
1398294641567,41910897096000,171538052000001,-6.146,-6.05,-31.567,0
1398294641577,41910906953000,171538052000001,-6.146,-6.05,-31.567,0
1398294641599,41910917787000,171538052000001,-6.146,-6.05,-31.567,0
1398294641601,41910926972000,171538052000001,-6.146,-6.05,-31.567,0
1398294641607,41910936982000,171538052000001,-6.146,-6.05,-31.567,0
1398294641617,41910946961000,171538052000001,-6.146,-6.05,-31.567,0
1398294641628,41910958528000,171538052000001,-6.146,-6.05,-31.567,0
1398294641637,41910967012000,171538052000001,-6.146,-6.05,-31.567,0
1398294641647,41910976991000,171538052000001,-6.146,-6.05,-31.567,0
1398294641657,41910987001000,171538052000001,-6.146,-6.05,-31.567,0
1398294641667,41910997041000,171538052000001,-6.146,-6.05,-31.567,0
1398294641677,41911007051000,171538052000001,-6.146,-6.05,-31.567,0
1398294641687,41911017060000,171538052000001,-6.146,-6.05,-31.567,0
1398294641697,41911027070000,171538052000001,-6.146,-6.05,-31.567,0
1398294641708,41911037873000,171538052000001,-6.146,-6.05,-31.567,0
1398294641717,41911047059000,171538052000001,-6.146,-6.05,-31.567,0
1398294641727,41911057099000,171538052000001,-6.146,-6.05,-31.567,0
1398294641737,41911067079000,171538052000001,-6.146,-6.05,-31.567,0
1398294641747,41911077088000,171538052000001,-6.146,-6.05,-31.567,0
1398294641757,41911087098000,171538052000001,-6.146,-6.05,-31.265,0
1398294641767,41911097108000,171538052000001,-6.146,-6.05,-31.265,0
1398294641780,41911109284000,171538052000001,-6.146,-5.728,-31.265,0
1398294641793,41911123170000,171538052000001,-6.446,-5.728,-31.265,0
1398294641799,41911128755000,171538052000001,-6.446,-5.728,-31.265,0
1398294641812,41911141725000,171538052000001,-6.446,-5.728,-31.265,0
1398294641820,41911149476000,171538052000001,-6.446,-5.728,-31.265,0
1398294641832,41911161805000,171538052000001,-6.446,-5.728,-31.265,0
1398294641839,41911169435000,171538052000001,-6.446,-5.728,-31.265,0
1398294641854,41911183808000,171538052000001,-6.446,-5.728,-31.265,0
1398294641859,41911188661000,171538052000001,-6.446,-5.728,-31.265,0
1398294641872,41911202149000,171538052000001,-6.446,-5.728,-31.265,0
1398294641879,41911209382000,171538052000001,-6.446,-5.728,-31.265,0
1398294641894,41911223970000,171538052000001,-6.446,-5.728,-31.265,0
1398294641899,41911228822000,171538052000001,-6.446,-5.728,-31.265,0
1398294641913,41911243165000,171538052000001,-6.446,-5.728,-31.265,0
1398294641919,41911248780000,171538052000001,-6.446,-5.728,-31.265,0
1398294641932,41911262086000,171538052000001,-6.446,-5.728,-31.265,0
1398294641940,41911269807000,171538052000001,-6.446,-5.728,-31.265,0
1398294641955,41911282106000,171538052000001,-6.446,-5.728,-31.265,0
1398294641957,41911287324000,171538052000001,-6.446,-5.728,-31.265,0
1398294641969,41911297334000,171538052000001,-6.446,-5.728,-31.265,0
1398294641978,41911307374000,171538052000001,-6.446,-5.728,-31.265,0
1398294641990,41911318910000,171538052000001,-6.446,-5.728,-31.265,0
1398294641998,41911327607000,171538052000001,-6.446,-5.728,-31.265,0
1398294642009,41911338533000,171538052000001,-6.446,-5.728,-31.265,0
1398294642020,41911349641000,171538052000001,-6.446,-5.728,-31.265,0
1398294642027,41911357392000,171538052000001,-6.446,-5.728,-31.265,0
1398294642038,41911368379000,171538052000001,-6.446,-5.728,-31.265,0
1398294642048,41911377412000,171538052000001,-6.446,-5.728,-31.265,0
1398294642058,41911387971000,171538052000001,-6.759,-5.728,-31.265,0
1398294642072,41911402192000,171538052000001,-6.759,-5.41,-31.265,0
1398294642080,41911409547000,171538052000001,-6.759,-5.41,-31.265,0
1398294642092,41911421998000,171538052000001,-6.759,-5.41,-31.265,0
1398294642100,41911429689000,171538052000001,-6.759,-5.41,-31.265,0
1398294642114,41911443910000,171538052000001,-6.759,-5.41,-31.265,0
1398294642120,41911449464000,171538052000001,-6.759,-5.41,-31.265,0
1398294642134,41911463929000,171538052000001,-6.759,-5.41,-31.265,0
1398294642139,41911468812000,171538052000001,-6.759,-5.41,-31.265,0
1398294642154,41911483827000,171538052000001,-6.759,-5.41,-31.265,0
1398294642160,41911489869000,171538052000001,-6.759,-5.41,-31.265,0
1398294642174,41911504243000,171538052000001,-6.759,-5.41,-31.265,0
1398294642180,41911509339000,171538052000001,-6.759,-5.41,-31.265,0
1398294642194,41911523927000,171538052000001,-6.759,-5.41,-31.593,0
1398294642198,41911527986000,171538052000001,-6.759,-5.41,-31.593,0
1398294642214,41911543885000,171538052000001,-6.759,-5.41,-31.593,0
1398294642219,41911548677000,171538052000001,-6.759,-5.41,-31.593,0
1398294642234,41911564210000,171538052000001,-6.759,-5.41,-31.593,0
1398294642239,41911569062000,171538052000001,-6.759,-5.41,-31.593,0
1398294642254,41911584046000,171538052000001,-6.759,-5.41,-31.593,0
1398294642260,41911589570000,171538052000001,-6.759,-5.41,-31.593,0
1398294642274,41911603913000,171538052000001,-6.759,-5.41,-31.593,0
1398294642280,41911609895000,171538052000001,-6.442,-5.41,-31.593,0
1398294642292,41911621980000,171538052000001,-6.442,-5.41,-31.593,0
1398294642300,41911629853000,171538052000001,-6.442,-5.41,-31.593,0
1398294642314,41911643556000,171538052000001,-6.442,-5.41,-31.593,0
1398294642321,41911650605000,171538052000001,-6.442,-5.41,-31.593,0
1398294642334,41911662751000,171538052000001,-6.442,-5.41,-31.593,0
1398294642340,41911669313000,171538052000001,-6.442,-5.41,-31.593,0
1398294642355,41911684754000,171538052000001,-6.442,-5.41,-31.593,0
1398294642358,41911688203000,171538052000001,-6.442,-5.41,-31.593,0
1398294642374,41911704194000,171538052000001,-6.442,-5.41,-31.593,0
1398294642387,41911708192000,171538052000001,-6.442,-5.41,-31.593,0
1398294642389,41911717835000,171538052000001,-6.442,-5.41,-31.593,0
1398294642400,41911727845000,171538052000001,-6.442,-5.41,-31.593,0
1398294642408,41911737855000,171538052000001,-6.442,-5.41,-31.593,0
1398294642424,41911754090000,171538052000001,-6.442,-5.41,-31.593,0
1398294642430,41911760224000,171538052000001,-6.442,-5.41,-31.593,0
1398294642441,41911771424000,171538052000001,-6.442,-5.41,-31.593,0
1398294642450,41911779969000,171538052000001,-6.442,-5.41,-31.593,0
1398294642458,41911787843000,171538052000001,-6.442,-5.41,-31.593,0
1398294642468,41911797853000,171538052000001,-6.442,-5.41,-31.593,0
1398294642478,41911807832000,171538052000001,-6.442,-5.41,-31.593,0
1398294642489,41911817872000,171538052000001,-6.127,-5.41,-31.593,0
1398294642504,41911827851000,171538052000001,-6.127,-5.41,-31.593,0
1398294642513,41911837861000,171538052000001,-6.127,-5.41,-31.593,0
1398294642519,41911847932000,171538052000001,-6.127,-5.41,-31.593,0
1398294642531,41911859437000,171538052000001,-6.127,-5.41,-31.593,0
1398294642538,41911867951000,171538052000001,-6.127,-5.41,-31.593,0
1398294642548,41911877931000,171538052000001,-6.127,-5.41,-31.593,0
1398294642558,41911887940000,171538052000001,-6.127,-5.41,-31.593,0
1398294642568,41911897920000,171538052000001,-6.445,-5.41,-31.593,0
1398294642578,41911907960000,171538052000001,-6.445,-5.41,-31.593,0
1398294642588,41911917970000,171538052000001,-6.445,-5.41,-31.593,0
1398294642598,41911927949000,171538052000001,-6.445,-5.41,-31.593,0
1398294642608,41911937928000,171538052000001,-6.445,-5.41,-31.593,0
1398294642618,41911947969000,171538052000001,-6.445,-5.41,-31.593,0
1398294642628,41911958589000,171538052000001,-6.445,-5.41,-31.593,0
1398294642638,41911967927000,171538052000001,-6.445,-5.41,-31.593,0
1398294642648,41911978028000,171538052000001,-6.445,-5.41,-31.593,0
1398294642658,41911988008000,171538052000001,-6.445,-5.41,-31.593,0
1398294642668,41911998017000,171538052000001,-6.445,-5.41,-31.593,0
1398294642678,41912008027000,171538052000001,-6.445,-5.41,-31.593,0
1398294642688,41912018067000,171538052000001,-6.762,-5.41,-31.593,0
1398294642698,41912028077000,171538052000001,-6.762,-5.41,-31.593,0
1398294642710,41912039613000,171538052000001,-6.762,-5.41,-31.593,0
1398294642718,41912048097000,171538052000001,-6.762,-5.41,-31.593,0
1398294642728,41912058076000,171538052000001,-6.762,-5.41,-31.593,0
1398294642738,41912068086000,171538052000001,-6.762,-5.41,-31.25,0
1398294642748,41912078065000,171538052000001,-7.084,-5.41,-31.25,0
1398294642767,41912088105000,171538052000001,-7.084,-5.41,-31.25,0
1398294642769,41912098146000,171538052000001,-7.084,-5.41,-31.25,0
1398294642782,41912108155000,171538052000001,-7.084,-5.41,-31.25,0
1398294642788,41912118135000,171538052000001,-7.405,-5.41,-31.25,0
1398294642798,41912128144000,171538052000001,-7.405,-5.41,-31.25,0
1398294642808,41912138185000,171538052000001,-7.405,-5.41,-31.25,0
1398294642818,41912148164000,171538052000001,-7.405,-5.41,-31.25,0
1398294642828,41912158174000,171538052000001,-7.405,-5.41,-31.25,0
1398294642838,41912168183000,171538052000001,-7.405,-5.41,-31.25,0
1398294642848,41912178193000,171538052000001,-7.405,-5.41,-31.25,0
1398294642858,41912188386000,171538052000001,-7.405,-5.41,-31.25,0
1398294642868,41912198182000,171538052000001,-7.405,-5.41,-31.25,0
1398294642878,41912208222000,171538052000001,-7.405,-5.41,-31.25,0
1398294642890,41912219789000,171538052000001,-7.405,-5.41,-31.25,0
1398294642898,41912228272000,171538052000001,-7.405,-5.41,-31.25,0
1398294642908,41912238252000,171538052000001,-7.405,-5.41,-31.25,0
1398294642918,41912248262000,171538052000001,-7.405,-5.41,-31.25,0
1398294642928,41912258271000,171538052000001,-7.405,-5.41,-31.25,0
1398294642944,41912273347000,171538052000001,-7.405,-5.41,-31.25,0
1398294642948,41912278260000,171538052000001,-7.405,-5.41,-31.25,0
1398294642958,41912288270000,171538052000001,-7.017,-5.41,-31.25,0
1398294642968,41912298280000,171538052000001,-7.017,-5.41,-31.25,0
1398294642978,41912308290000,171538052000001,-7.017,-5.41,-31.25,0
1398294642988,41912318299000,171538052000001,-6.652,-5.41,-31.25,0
1398294642998,41912328309000,171538052000001,-6.652,-5.41,-31.25,0
1398294643008,41912338319000,171538052000001,-6.652,-5.41,-31.25,0
1398294643018,41912348329000,171538052000001,-6.652,-5.41,-31.25,0
1398294643028,41912358338000,171538052000001,-6.343,-5.41,-31.25,0
1398294643038,41912368348000,171538052000001,-6.343,-5.41,-31.25,0
1398294643056,41912378358000,171538052000001,-6.343,-5.41,-31.25,0
1398294643058,41912388368000,171538052000001,-6.343,-5.41,-31.552,0
1398294643076,41912399934000,171538052000001,-6.343,-5.41,-31.552,0
1398294643084,41912408448000,171538052000001,-6.343,-5.41,-31.552,0
1398294643089,41912418397000,171538052000001,-6.343,-5.41,-31.552,0
1398294643099,41912428437000,171538052000001,-6.343,-5.41,-31.552,0
1398294643108,41912438386000,171538052000001,-6.343,-5.41,-31.552,0
1398294643128,41912448457000,171538052000001,-6.343,-5.41,-31.552,0
1398294643129,41912458406000,171538052000001,-6.343,-5.41,-31.552,0
1398294643139,41912468446000,171538052000001,-6.343,-5.41,-31.552,0
1398294643151,41912478425000,171538052000001,-6.343,-5.738,-31.552,0
1398294643159,41912488465000,171538052000001,-6.343,-5.738,-31.552,0
1398294643169,41912498506000,171538052000001,-6.343,-5.738,-31.552,0
1398294643178,41912508485000,171538052000001,-6.343,-5.738,-31.552,0
1398294643189,41912518464000,171538052000001,-6.343,-5.738,-31.552,0
1398294643198,41912528474000,171538052000001,-6.343,-5.738,-31.552,0
1398294643208,41912538484000,171538052000001,-6.343,-6.048,-31.552,0
1398294643218,41912548524000,171538052000001,-6.343,-6.048,-31.552,0
1398294643228,41912558534000,171538052000001,-6.343,-6.048,-31.552,0
1398294643239,41912568574000,171538052000001,-6.343,-6.048,-31.552,0
1398294643251,41912580720000,171538052000001,-6.343,-6.048,-31.25,0
1398294643258,41912588563000,171538052000001,-6.343,-6.048,-31.25,0
1398294643268,41912598542000,171538052000001,-6.343,-6.048,-31.25,0
1398294643279,41912608552000,171538052000001,-6.343,-6.048,-31.25,0
1398294643289,41912618745000,171538052000001,-6.343,-6.048,-31.25,0
1398294643298,41912628602000,171538052000001,-6.013,-6.048,-31.25,0
1398294643309,41912638612000,171538052000001,-6.013,-6.048,-31.25,0
1398294643318,41912648622000,171538052000001,-6.013,-6.048,-31.25,0
1398294643329,41912658631000,171538052000001,-6.013,-6.048,-31.25,0
1398294643339,41912668611000,171538052000001,-6.013,-6.048,-31.25,0
1398294643349,41912678651000,171538052000001,-6.013,-6.358,-31.25,0
1398294643359,41912688661000,171538052000001,-6.013,-6.358,-31.25,0
1398294643369,41912698670000,171538052000001,-6.013,-6.358,-31.25,0
1398294643379,41912708650000,171538052000001,-6.013,-6.358,-31.25,0
1398294643389,41912718690000,171538052000001,-6.013,-6.358,-31.25,0
1398294643400,41912728700000,171538052000001,-6.35,-6.358,-31.25,0
1398294643409,41912738710000,171538052000001,-6.35,-6.358,-31.25,0
1398294643419,41912748719000,171538052000001,-6.35,-6.358,-30.915,0
1398294643432,41912760255000,171538052000001,-6.35,-6.358,-30.915,0
1398294643439,41912768739000,171538052000001,-6.35,-6.358,-30.915,0
1398294643449,41912778718000,171538052000001,-6.35,-6.358,-30.915,0
1398294643461,41912788758000,171538052000001,-6.35,-6.358,-30.915,0
1398294643469,41912798768000,171538052000001,-6.35,-6.358,-30.915,0
1398294643479,41912808747000,171538052000001,-6.35,-6.358,-30.915,0
1398294643492,41912818757000,171538052000001,-6.35,-6.668,-30.915,0
1398294643499,41912828767000,171538052000001,-6.35,-6.668,-30.915,0
1398294643509,41912838807000,171538052000001,-6.35,-6.668,-30.915,0
1398294643519,41912848817000,171538052000001,-6.35,-6.668,-30.915,0
1398294643529,41912858796000,171538052000001,-6.35,-6.668,-30.915,0
1398294643539,41912868806000,171538052000001,-6.35,-6.668,-30.915,0
1398294643549,41912879151000,171538052000001,-6.036,-6.668,-30.915,0
1398294643560,41912889802000,171538052000001,-6.036,-6.668,-30.915,0
1398294643569,41912898835000,171538052000001,-6.036,-6.668,-30.915,0
1398294643579,41912908814000,171538052000001,-6.036,-6.668,-30.915,0
1398294643589,41912918855000,171538052000001,-5.659,-6.668,-30.915,0
1398294643599,41912928865000,171538052000001,-5.659,-6.668,-30.915,0
1398294643619,41912940461000,171538052000001,-5.659,-6.668,-30.915,0
1398294643620,41912948945000,171538052000001,-5.659,-6.668,-31.25,0
1398294643629,41912958924000,171538052000001,-5.659,-6.668,-31.25,0
1398294643639,41912968934000,171538052000001,-5.659,-6.668,-31.25,0
1398294643649,41912978913000,171538052000001,-5.659,-6.668,-31.25,0
1398294643659,41912988923000,171538052000001,-5.659,-6.668,-31.25,0
1398294643669,41912998933000,171538052000001,-5.334,-6.668,-31.25,0
1398294643679,41913008943000,171538052000001,-5.334,-6.668,-31.25,0
1398294643689,41913018983000,171538052000001,-5.334,-6.33,-31.25,0
1398294643699,41913028993000,171538052000001,-5.334,-6.33,-31.25,0
1398294643709,41913038972000,171538052000001,-5.334,-6.33,-31.25,0
1398294643719,41913049195000,171538052000001,-5.334,-6.33,-31.25,0
1398294643731,41913058961000,171538052000001,-5.334,-6.33,-31.25,0
1398294643739,41913069001000,171538052000001,-5.334,-6.33,-31.556,0
1398294643749,41913079011000,171538052000001,-5.334,-6.33,-31.556,0
1398294643759,41913089021000,171538052000001,-5.334,-6.013,-31.556,0
1398294643769,41913099031000,171538052000001,-5.334,-6.013,-31.556,0
1398294643779,41913109040000,171538052000001,-5.334,-6.013,-31.556,0
1398294643790,41913120576000,171538052000001,-5.334,-6.013,-31.556,0
1398294643799,41913129151000,171538052000001,-5.334,-6.013,-31.556,0
1398294643813,41913139131000,171538052000001,-5.334,-6.013,-31.556,0
1398294643825,41913149140000,171538052000001,-5.642,-5.656,-31.556,0
1398294643831,41913159181000,171538052000001,-5.642,-5.656,-31.556,0
1398294643839,41913169190000,171538052000001,-5.642,-5.656,-31.556,0
1398294643849,41913179170000,171538052000001,-5.642,-5.656,-31.556,0
1398294643863,41913192201000,171538052000001,-5.642,-5.656,-31.858,0
1398294643869,41913199128000,171538052000001,-5.642,-5.656,-31.858,0
1398294643879,41913209107000,171538052000001,-5.642,-5.656,-31.858,0
1398294643889,41913219148000,171538052000001,-5.642,-5.656,-31.858,0
1398294643899,41913229158000,171538052000001,-5.642,-5.656,-31.858,0
1398294643911,41913239198000,171538052000001,-5.642,-5.656,-31.858,0
1398294643919,41913249208000,171538052000001,-5.642,-5.656,-31.858,0
1398294643931,41913259187000,171538052000001,-5.642,-5.656,-31.858,0
1398294643939,41913269197000,171538052000001,-5.642,-5.656,-31.858,0
1398294643949,41913279206000,171538052000001,-5.642,-5.656,-31.858,0
1398294643959,41913289247000,171538052000001,-5.642,-5.656,-31.858,0
1398294643971,41913300782000,171538052000001,-5.642,-5.656,-31.858,0
1398294643979,41913309266000,171538052000001,-5.642,-5.656,-31.858,0
1398294643989,41913319276000,171538052000001,-5.952,-5.656,-31.858,0
1398294643999,41913329255000,171538052000001,-5.952,-5.656,-31.858,0
1398294644009,41913339265000,171538052000001,-5.952,-5.656,-31.858,0
1398294644020,41913349275000,171538052000001,-5.952,-5.656,-31.858,0
1398294644029,41913359284000,171538052000001,-5.952,-5.656,-31.858,0
1398294644039,41913369294000,171538052000001,-5.952,-5.656,-31.858,0
1398294644050,41913379304000,171538052000001,-5.952,-5.656,-31.858,0
1398294644059,41913389314000,171538052000001,-5.952,-5.978,-31.535,0
1398294644070,41913399324000,171538052000001,-5.952,-5.978,-31.535,0
1398294644081,41913409333000,171538052000001,-5.952,-5.978,-31.535,0
1398294644089,41913419343000,171538052000001,-5.952,-5.978,-31.535,0
1398294644102,41913429353000,171538052000001,-5.952,-5.978,-31.535,0
1398294644110,41913439393000,171538052000001,-5.952,-5.978,-31.535,0
1398294644120,41913449372000,171538052000001,-5.952,-5.978,-31.535,0
1398294644134,41913464021000,171538052000001,-5.952,-6.291,-31.535,0
1398294644140,41913469422000,171538052000001,-5.952,-6.291,-31.535,0
1398294644151,41913481416000,171538052000001,-5.952,-6.291,-31.535,0
1398294644168,41913489472000,171538052000001,-5.952,-6.291,-31.535,0
1398294644170,41913499635000,171538052000001,-5.952,-6.291,-31.535,0
1398294644183,41913509461000,171538052000001,-5.952,-6.291,-31.535,0
1398294644189,41913519441000,171538052000001,-5.952,-6.291,-31.535,0
1398294644200,41913529450000,171538052000001,-5.952,-6.291,-31.535,0
1398294644209,41913539460000,171538052000001,-5.952,-6.291,-31.535,0
1398294644219,41913549470000,171538052000001,-5.952,-6.291,-31.535,0
1398294644230,41913559480000,171538052000001,-5.952,-6.291,-31.535,0
1398294644239,41913569490000,171538052000001,-5.952,-6.291,-31.535,0
1398294644250,41913579499000,171538052000001,-5.952,-6.291,-31.535,0
1398294644259,41913589509000,171538052000001,-5.952,-6.291,-31.535,0
1398294644270,41913599519000,171538052000001,-5.952,-6.291,-31.535,0
1398294644280,41913609529000,171538052000001,-5.952,-6.291,-31.535,0
1398294644289,41913619538000,171538052000001,-5.952,-6.291,-31.535,0
1398294644300,41913629548000,171538052000001,-5.952,-6.291,-31.224,0
1398294644309,41913639558000,171538052000001,-5.952,-6.291,-31.224,0
1398294644319,41913649568000,171538052000001,-5.952,-6.291,-31.224,0
1398294644331,41913661134000,171538052000001,-5.952,-6.291,-31.224,0
1398294644340,41913669648000,171538052000001,-5.952,-6.596,-31.224,0
1398294644350,41913679597000,171538052000001,-5.952,-6.596,-31.224,0
1398294644360,41913689607000,171538052000001,-5.952,-6.596,-31.224,0
1398294644370,41913699616000,171538052000001,-5.952,-6.596,-31.224,0
1398294644381,41913709626000,171538052000001,-5.952,-6.596,-31.224,0
1398294644390,41913719636000,171538052000001,-5.952,-6.596,-30.862,0
1398294644400,41913729676000,171538052000001,-5.952,-6.91,-30.862,0
1398294644410,41913739686000,171538052000001,-5.952,-6.91,-30.862,0
1398294644420,41913749696000,171538052000001,-5.952,-6.91,-30.862,0
1398294644430,41913759736000,171538052000001,-5.952,-6.91,-30.862,0
1398294644440,41913769715000,171538052000001,-6.259,-6.91,-30.862,0
1398294644456,41913779756000,171538052000001,-6.259,-6.91,-30.862,0
1398294644464,41913789765000,171538052000001,-6.259,-6.91,-30.862,0
1398294644483,41913800141000,171538052000001,-6.259,-6.91,-30.862,0
1398294644485,41913811219000,171538052000001,-6.562,-6.91,-30.862,0
1398294644490,41913819734000,171538052000001,-6.562,-6.91,-30.862,0
1398294644500,41913829743000,171538052000001,-6.562,-6.91,-30.862,0
1398294644511,41913841279000,171538052000001,-6.562,-6.91,-30.862,0
1398294644520,41913849793000,171538052000001,-6.562,-6.91,-30.862,0
1398294644530,41913859773000,171538052000001,-6.562,-6.91,-30.862,0
1398294644540,41913869783000,171538052000001,-6.562,-6.533,-30.862,0
1398294644552,41913879792000,171538052000001,-6.562,-6.533,-30.862,0
1398294644560,41913889833000,171538052000001,-6.562,-6.533,-30.862,0
1398294644570,41913899812000,171538052000001,-6.562,-6.533,-30.862,0
1398294644580,41913910005000,171538052000001,-6.562,-6.21,-30.862,0
1398294644590,41913919831000,171538052000001,-6.562,-6.21,-30.862,0
1398294644600,41913929841000,171538052000001,-6.562,-6.21,-30.862,0
1398294644610,41913939851000,171538052000001,-6.562,-5.886,-30.862,0
1398294644620,41913949861000,171538052000001,-6.562,-5.886,-30.862,0
1398294644630,41913959870000,171538052000001,-6.562,-5.886,-30.862,0
1398294644640,41913969880000,171538052000001,-6.562,-5.886,-31.167,0
1398294644651,41913979890000,171538052000001,-6.562,-5.555,-31.167,0
1398294644662,41913989900000,171538052000001,-6.562,-5.555,-31.167,0
1398294644670,41913999940000,171538052000001,-6.562,-5.555,-31.167,0
1398294644680,41914009919000,171538052000001,-6.562,-5.555,-31.167,0
1398294644691,41914021455000,171538052000001,-6.562,-5.555,-31.167,0
1398294644700,41914030000000,171538052000001,-6.562,-5.555,-31.167,0
1398294644713,41914040040000,171538052000001,-6.562,-5.555,-31.167,0
1398294644720,41914050080000,171538052000001,-6.562,-5.555,-31.167,0
1398294644731,41914060029000,171538052000001,-6.254,-5.555,-31.167,0
1398294644740,41914070008000,171538052000001,-6.254,-5.555,-31.167,0
1398294644750,41914080049000,171538052000001,-6.254,-5.555,-31.167,0
1398294644760,41914089997000,171538052000001,-6.254,-5.555,-31.167,0
1398294644776,41914100099000,171538052000001,-6.254,-5.555,-31.167,0
1398294644780,41914110047000,171538052000001,-6.254,-5.555,-31.167,0
1398294644790,41914120088000,171538052000001,-6.254,-5.555,-31.167,0
1398294644800,41914130097000,171538052000001,-6.254,-5.555,-31.167,0
1398294644810,41914140046000,171538052000001,-6.254,-5.555,-31.167,0
1398294644820,41914150056000,171538052000001,-6.254,-5.555,-31.167,0
1398294644830,41914160066000,171538052000001,-6.254,-5.555,-31.167,0
1398294644840,41914170075000,171538052000001,-6.254,-5.555,-31.167,0
1398294644850,41914180116000,171538052000001,-6.254,-5.555,-31.167,0
1398294644860,41914190095000,171538052000001,-6.254,-5.555,-31.167,0
1398294644872,41914201661000,171538052000001,-6.254,-5.555,-31.167,0
1398294644880,41914210481000,171538052000001,-6.254,-5.555,-31.167,0
1398294644890,41914220124000,171538052000001,-6.254,-5.555,-31.167,0
1398294644900,41914230134000,171538052000001,-6.254,-5.555,-31.167,0
1398294644910,41914240144000,171538052000001,-5.94,-5.555,-31.167,0
1398294644920,41914250154000,171538052000001,-5.94,-5.555,-31.167,0
1398294644930,41914260163000,171538052000001,-5.94,-5.555,-31.167,0
1398294644940,41914270173000,171538052000001,-5.94,-5.555,-31.167,0
1398294644952,41914280183000,171538052000001,-5.94,-5.555,-31.167,0
1398294644960,41914290254000,171538052000001,-5.94,-5.555,-31.167,0
1398294644970,41914300202000,171538052000001,-5.94,-5.555,-31.167,0
1398294644980,41914310212000,171538052000001,-5.94,-5.555,-31.167,0
1398294644990,41914320222000,171538052000001,-5.94,-5.555,-31.167,0
1398294645004,41914330262000,171538052000001,-5.94,-5.555,-31.167,0
1398294645014,41914344209000,171538052000001,-5.94,-5.555,-31.167,0
1398294645022,41914351899000,171538052000001,-5.94,-5.555,-31.167,0
1398294645033,41914362733000,171538052000001,-5.632,-5.555,-31.167,0
1398294645043,41914373292000,171538052000001,-5.632,-5.555,-31.474,0
1398294645054,41914383760000,171538052000001,-5.632,-5.555,-31.474,0
1398294645064,41914394044000,171538052000001,-5.632,-5.555,-31.474,0
1398294645072,41914402375000,171538052000001,-5.632,-5.555,-31.474,0
1398294645085,41914412843000,171538052000001,-5.632,-5.555,-31.474,0
1398294645091,41914421144000,171538052000001,-5.632,-5.555,-31.474,0
1398294645101,41914431336000,171538052000001,-5.632,-5.555,-31.474,0
1398294645113,41914443086000,171538052000001,-5.632,-5.555,-31.474,0
1398294645125,41914454743000,171538052000001,-5.632,-5.555,-31.474,0
1398294645134,41914463929000,171538052000001,-5.632,-5.555,-31.474,0
1398294645144,41914474000000,171538052000001,-5.632,-5.555,-31.474,0
1398294645154,41914483857000,171538052000001,-5.632,-5.555,-31.474,0
1398294645164,41914494111000,171538052000001,-5.632,-5.555,-31.474,0
1398294645174,41914504060000,171538052000001,-5.632,-5.555,-31.474,0
1398294645181,41914510499000,171538052000001,-5.632,-5.555,-31.474,0
1398294645191,41914520509000,171538052000001,-5.632,-5.555,-31.474,0
1398294645202,41914530488000,171538052000001,-5.632,-5.555,-31.474,0
1398294645213,41914540498000,171538052000001,-5.632,-5.555,-31.474,0
1398294645221,41914550508000,171538052000001,-5.632,-5.555,-31.474,0
1398294645236,41914562043000,171538052000001,-5.632,-5.555,-31.474,0
1398294645241,41914570619000,171538052000001,-5.632,-5.555,-31.474,0
1398294645251,41914580567000,171538052000001,-5.632,-5.555,-31.474,0
1398294645264,41914590608000,171538052000001,-5.632,-5.555,-31.474,0
1398294645271,41914600556000,171538052000001,-5.632,-5.555,-31.474,0
1398294645282,41914610597000,171538052000001,-5.632,-5.555,-31.474,0
1398294645298,41914620606000,171538052000001,-5.957,-5.555,-31.474,0
1398294645302,41914631440000,171538052000001,-5.957,-5.555,-31.474,0
1398294645315,41914641969000,171538052000001,-5.957,-5.555,-31.474,0
1398294645327,41914650605000,171538052000001,-5.957,-5.555,-31.474,0
1398294645331,41914660585000,171538052000001,-5.957,-5.555,-31.474,0
1398294645341,41914670594000,171538052000001,-5.957,-5.555,-31.474,0
1398294645351,41914680604000,171538052000001,-6.282,-5.555,-31.474,0
1398294645363,41914690644000,171538052000001,-6.282,-5.555,-31.474,0
1398294645371,41914700654000,171538052000001,-6.282,-5.555,-31.474,0
1398294645381,41914710633000,171538052000001,-6.282,-5.555,-31.474,0
1398294645391,41914720796000,171538052000001,-6.282,-5.555,-31.474,0
1398294645401,41914730653000,171538052000001,-6.282,-5.555,-31.474,0
1398294645412,41914742341000,171538052000001,-6.282,-5.555,-31.474,0
1398294645425,41914754426000,171538052000001,-6.282,-5.555,-31.474,0
1398294645435,41914764283000,171538052000001,-6.282,-5.555,-31.474,0
1398294645444,41914774262000,171538052000001,-6.282,-5.555,-31.474,0
1398294645453,41914783357000,171538052000001,-6.282,-5.555,-31.474,0
1398294645465,41914794679000,171538052000001,-6.282,-5.249,-31.474,0
1398294645474,41914804292000,171538052000001,-6.282,-5.249,-31.474,0
1398294645484,41914814241000,171538052000001,-6.282,-5.249,-31.474,0
1398294645491,41914821321000,171538052000001,-6.282,-5.249,-31.474,0
1398294645505,41914834504000,171538052000001,-6.282,-5.249,-31.474,0
1398294645514,41914844270000,171538052000001,-6.282,-5.249,-31.474,0
1398294645524,41914854310000,171538052000001,-6.282,-5.249,-31.474,0
1398294645535,41914865022000,171538052000001,-6.282,-5.249,-31.474,0
1398294645546,41914876313000,171538052000001,-6.282,-5.249,-31.474,0
1398294645554,41914884431000,171538052000001,-6.282,-5.249,-31.474,0
1398294645567,41914896516000,171538052000001,-6.282,-5.249,-31.474,0
1398294645573,41914903260000,171538052000001,-6.282,-5.249,-31.474,0
1398294645587,41914917085000,171538052000001,-6.282,-5.249,-31.474,0
1398294645595,41914925080000,171538052000001,-6.282,-5.249,-31.474,0
1398294645602,41914932466000,171538052000001,-6.282,-4.914,-31.474,0
1398294645617,41914947145000,171538052000001,-6.282,-4.914,-31.474,0
1398294645623,41914953126000,171538052000001,-6.282,-4.914,-31.799,0
1398294645637,41914967408000,171538052000001,-6.282,-4.914,-31.799,0
1398294645641,41914971192000,171538052000001,-6.282,-4.914,-31.799,0
1398294645654,41914984407000,171538052000001,-6.282,-4.914,-31.799,0
1398294645664,41914994355000,171538052000001,-6.282,-4.914,-31.799,0
1398294645674,41915004426000,171538052000001,-6.282,-4.588,-31.799,0
1398294645689,41915015290000,171538052000001,-6.282,-4.588,-31.799,0
1398294645692,41915020967000,171538052000001,-6.282,-4.588,-31.799,0
1398294645710,41915030976000,171538052000001,-6.282,-4.588,-31.799,0
1398294645716,41915041017000,171538052000001,-6.282,-4.588,-31.799,0
1398294645755,41915052827000,171538052000001,-6.613,-4.588,-31.799,0
1398294645760,41915060975000,171538052000001,-6.613,-4.588,-31.799,0
1398294645763,41915070985000,171538052000001,-6.613,-4.281,-31.799,0
1398294645766,41915081086000,171538052000001,-6.613,-4.281,-31.799,0
1398294645769,41915091004000,171538052000001,-6.613,-4.281,-31.799,0
1398294645773,41915102540000,171538052000001,-6.613,-4.281,-31.799,0
1398294645781,41915111024000,171538052000001,-6.613,-4.281,-31.799,0
1398294645792,41915121034000,171538052000001,-6.613,-4.281,-31.799,0
1398294645804,41915131043000,171538052000001,-6.613,-4.281,-31.799,0
1398294645811,41915141023000,171538052000001,-6.613,-4.281,-31.799,0
1398294645822,41915151063000,171538052000001,-6.613,-4.281,-31.799,0
1398294645832,41915161103000,171538052000001,-6.613,-4.281,-31.799,0
1398294645844,41915171113000,171538052000001,-6.613,-4.281,-31.799,0
1398294645852,41915181123000,171538052000001,-6.613,-4.281,-31.799,0
1398294645861,41915191102000,171538052000001,-6.953,-4.281,-31.799,0
1398294645873,41915202973000,171538052000001,-6.953,-4.281,-31.799,0
1398294645883,41915212770000,171538052000001,-6.953,-4.281,-31.799,0
1398294645894,41915221620000,171538052000001,-6.953,-4.281,-31.799,0
1398294645903,41915232545000,171538052000001,-6.953,-4.281,-31.799,0
1398294645911,41915241151000,171538052000001,-6.953,-4.281,-31.799,0
1398294645922,41915252168000,171538052000001,-6.953,-4.281,-31.799,0
1398294645934,41915263887000,171538052000001,-6.953,-3.962,-31.799,0
1398294645944,41915271455000,171538052000001,-6.953,-3.962,-31.799,0
1398294645954,41915284181000,171538052000001,-6.953,-3.962,-31.799,0
1398294645961,41915291230000,171538052000001,-6.953,-3.962,-31.799,0
1398294645979,41915301240000,171538052000001,-6.953,-3.962,-31.799,0
1398294645994,41915311219000,171538052000001,-6.953,-3.962,-31.799,0
1398294645997,41915321229000,171538052000001,-6.953,-3.962,-31.799,0
1398294646021,41915331239000,171538052000001,-6.953,-3.962,-31.799,0
1398294646023,41915341889000,171538052000001,-6.953,-3.962,-31.799,0
1398294646030,41915351655000,171538052000001,-7.276,-3.962,-31.799,0
1398294646033,41915361360000,171538052000001,-7.276,-3.962,-31.799,0
1398294646045,41915371247000,171538052000001,-7.276,-3.962,-31.799,0
1398294646051,41915381288000,171538052000001,-7.276,-3.962,-31.799,0
1398294646061,41915391267000,171538052000001,-7.276,-3.962,-31.799,0
1398294646071,41915401277000,171538052000001,-7.276,-3.962,-31.799,0
1398294646081,41915411286000,171538052000001,-7.276,-3.962,-31.799,0
1398294646092,41915421540000,171538052000001,-7.276,-3.962,-31.799,0
1398294646101,41915431306000,171538052000001,-7.276,-3.962,-31.799,0
1398294646111,41915441316000,171538052000001,-7.276,-3.962,-31.799,0
1398294646122,41915451783000,171538052000001,-6.925,-3.962,-31.799,0
1398294646135,41915464784000,171538052000001,-6.925,-3.962,-31.799,0
1398294646143,41915472779000,171538052000001,-6.925,-4.29,-31.799,0
1398294646155,41915484895000,171538052000001,-6.925,-4.29,-31.799,0
1398294646164,41915493959000,171538052000001,-6.925,-4.29,-31.799,0
1398294646175,41915503511000,171538052000001,-6.925,-4.29,-31.799,0
1398294646184,41915513978000,171538052000001,-6.925,-4.29,-31.799,0
1398294646193,41915522798000,171538052000001,-6.925,-4.29,-31.799,0
1398294646217,41915531465000,171538052000001,-6.925,-4.29,-31.799,0
1398294646222,41915541444000,171538052000001,-6.925,-4.29,-31.799,0
1398294646229,41915551454000,171538052000001,-6.925,-4.29,-31.799,0
1398294646237,41915561463000,171538052000001,-6.925,-4.29,-31.799,0
1398294646248,41915571473000,171538052000001,-6.925,-4.29,-31.799,0
1398294646262,41915581483000,171538052000001,-6.925,-4.29,-31.799,0
1398294646264,41915591493000,171538052000001,-6.925,-4.29,-31.799,0
1398294646277,41915601533000,171538052000001,-6.925,-4.29,-31.799,0
1398294646284,41915611878000,171538052000001,-6.925,-4.29,-31.799,0
1398294646302,41915621766000,171538052000001,-6.925,-4.29,-31.799,0
1398294646303,41915631562000,171538052000001,-6.925,-4.29,-31.799,0
1398294646313,41915643098000,171538052000001,-6.925,-4.592,-31.799,0
1398294646321,41915651551000,171538052000001,-6.925,-4.592,-31.799,0
1398294646331,41915661531000,171538052000001,-6.925,-4.592,-31.799,0
1398294646341,41915671540000,171538052000001,-6.925,-4.592,-31.799,0
1398294646351,41915681550000,171538052000001,-6.925,-4.592,-31.799,0
1398294646362,41915691529000,171538052000001,-6.925,-4.592,-31.799,0
1398294646371,41915701570000,171538052000001,-6.925,-4.592,-31.799,0
1398294646382,41915711579000,171538052000001,-6.925,-4.592,-31.799,0
1398294646391,41915721589000,171538052000001,-6.925,-4.592,-31.799,0
1398294646401,41915731599000,171538052000001,-6.925,-4.592,-31.799,0
1398294646411,41915741578000,171538052000001,-6.925,-4.592,-31.799,0
1398294646421,41915751649000,171538052000001,-6.925,-4.592,-31.799,0
1398294646431,41915761659000,171538052000001,-7.228,-4.592,-31.799,0
1398294646441,41915771638000,171538052000001,-7.228,-4.592,-31.799,0
1398294646451,41915781678000,171538052000001,-7.228,-4.592,-31.799,0
1398294646461,41915791658000,171538052000001,-7.228,-4.592,-31.799,0
1398294646472,41915801667000,171538052000001,-7.228,-4.592,-31.799,0
1398294646482,41915811677000,171538052000001,-7.228,-4.592,-31.799,0
1398294646494,41915823243000,171538052000001,-7.228,-4.592,-31.492,0
1398294646502,41915831758000,171538052000001,-7.228,-4.592,-31.492,0
1398294646512,41915841737000,171538052000001,-7.228,-4.592,-31.492,0
1398294646522,41915851716000,171538052000001,-7.228,-4.592,-31.492,0
1398294646532,41915861726000,171538052000001,-7.228,-4.592,-31.492,0
1398294646544,41915871797000,171538052000001,-7.228,-4.592,-31.492,0
1398294646552,41915881806000,171538052000001,-7.228,-4.904,-31.492,0
1398294646562,41915891755000,171538052000001,-7.228,-4.904,-31.492,0
1398294646572,41915901795000,171538052000001,-7.228,-4.904,-31.492,0
1398294646585,41915911805000,171538052000001,-7.228,-4.904,-31.492,0
1398294646595,41915921815000,171538052000001,-7.228,-4.904,-31.492,0
1398294646602,41915931825000,171538052000001,-7.228,-4.904,-31.492,0
1398294646612,41915941804000,171538052000001,-7.228,-4.904,-31.492,0
1398294646623,41915951814000,171538052000001,-7.539,-4.904,-31.492,0
1398294646632,41915961824000,171538052000001,-7.539,-4.904,-31.492,0
1398294646642,41915971803000,171538052000001,-7.539,-4.904,-31.492,0
1398294646652,41915981843000,171538052000001,-7.539,-4.904,-31.492,0
1398294646662,41915991853000,171538052000001,-7.539,-5.253,-31.492,0
1398294646674,41916003419000,171538052000001,-7.539,-5.253,-31.187,0
1398294646682,41916011903000,171538052000001,-7.539,-5.253,-31.187,0
1398294646692,41916022035000,171538052000001,-7.539,-5.253,-31.187,0
1398294646702,41916031892000,171538052000001,-7.539,-5.253,-31.187,0
1398294646712,41916041902000,171538052000001,-7.539,-5.253,-31.187,0
1398294646723,41916051911000,171538052000001,-7.539,-5.584,-31.187,0
1398294646733,41916061921000,171538052000001,-7.539,-5.584,-31.187,0
1398294646742,41916071931000,171538052000001,-7.539,-5.584,-31.187,0
1398294646752,41916081941000,171538052000001,-7.539,-5.584,-31.187,0
1398294646762,41916091950000,171538052000001,-7.846,-5.584,-31.187,0
1398294646772,41916101930000,171538052000001,-7.846,-5.584,-31.187,0
1398294646782,41916111970000,171538052000001,-7.846,-5.94,-31.187,0
1398294646792,41916121980000,171538052000001,-7.846,-5.94,-31.187,0
1398294646811,41916131990000,171538052000001,-7.846,-5.94,-31.187,0
1398294646812,41916141999000,171538052000001,-7.846,-5.94,-31.187,0
1398294646827,41916152040000,171538052000001,-7.846,-5.94,-31.187,0
1398294646832,41916162019000,171538052000001,-7.519,-5.94,-31.187,0
1398294646842,41916172029000,171538052000001,-7.519,-6.259,-31.187,0
1398294646854,41916183595000,171538052000001,-7.519,-6.259,-31.187,0
1398294646862,41916192079000,171538052000001,-7.519,-6.259,-31.187,0
1398294646872,41916202027000,171538052000001,-7.519,-6.259,-31.187,0
1398294646882,41916212068000,171538052000001,-7.125,-6.259,-31.187,0
1398294646892,41916222077000,171538052000001,-7.125,-6.259,-31.187,0
1398294646902,41916232087000,171538052000001,-7.125,-6.259,-31.187,0
1398294646912,41916242066000,171538052000001,-6.744,-6.259,-31.187,0
1398294646924,41916252503000,171538052000001,-6.744,-6.259,-31.187,0
1398294646932,41916262116000,171538052000001,-6.192,-6.259,-31.187,0
1398294646943,41916272126000,171538052000001,-6.192,-6.259,-31.187,0
1398294646952,41916282106000,171538052000001,-6.192,-6.573,-31.187,0
1398294646963,41916292146000,171538052000001,-5.747,-6.573,-31.187,0
1398294646974,41916302156000,171538052000001,-5.747,-6.573,-31.187,0
1398294646982,41916312165000,171538052000001,-5.747,-6.573,-31.187,0
1398294646992,41916322145000,171538052000001,-5.303,-6.573,-31.187,0
1398294647002,41916332154000,171538052000001,-5.303,-6.573,-31.187,0
1398294647012,41916342164000,171538052000001,-5.303,-6.573,-31.187,0
1398294647022,41916352204000,171538052000001,-4.907,-6.573,-31.187,0
1398294647038,41916363771000,171538052000001,-4.907,-6.573,-31.187,0
1398294647047,41916372285000,171538052000001,-4.907,-6.573,-31.187,0
1398294647052,41916382234000,171538052000001,-4.6,-6.573,-31.187,0
1398294647063,41916392243000,171538052000001,-4.6,-6.573,-31.187,0
1398294647072,41916402253000,171538052000001,-4.6,-6.573,-31.187,0
1398294647082,41916412263000,171538052000001,-4.6,-6.573,-31.187,0
1398294647092,41916422273000,171538052000001,-4.6,-6.573,-31.498,0
1398294647102,41916432252000,171538052000001,-4.241,-6.573,-31.498,0
1398294647112,41916442292000,171538052000001,-4.241,-6.573,-31.498,0
1398294647122,41916452302000,171538052000001,-4.241,-6.573,-31.498,0
1398294647132,41916462312000,171538052000001,-4.241,-6.573,-31.498,0
1398294647142,41916472627000,171538052000001,-4.241,-6.24,-31.498,0
1398294647152,41916482362000,171538052000001,-4.241,-6.24,-31.498,0
1398294647162,41916492524000,171538052000001,-4.241,-6.24,-31.498,0
1398294647172,41916502351000,171538052000001,-4.241,-6.24,-31.498,0
1398294647182,41916512361000,171538052000001,-4.241,-6.24,-31.498,0
1398294647192,41916522370000,171538052000001,-4.241,-5.923,-31.498,0
1398294647202,41916532380000,171538052000001,-4.241,-5.923,-31.498,0
1398294647214,41916543916000,171538052000001,-4.574,-5.923,-31.498,0
1398294647222,41916552430000,171538052000001,-4.574,-5.923,-31.498,0
1398294647232,41916562409000,171538052000001,-4.574,-5.923,-31.498,0
1398294647242,41916572419000,171538052000001,-4.574,-5.923,-31.498,0
1398294647253,41916582795000,171538052000001,-4.574,-5.58,-31.498,0
1398294647262,41916592439000,171538052000001,-4.878,-5.58,-31.498,0
1398294647272,41916602479000,171538052000001,-4.878,-5.58,-31.498,0
1398294647282,41916612489000,171538052000001,-4.878,-5.58,-31.498,0
1398294647292,41916622499000,171538052000001,-4.878,-5.58,-31.498,0
1398294647302,41916632508000,171538052000001,-5.29,-5.276,-31.498,0
1398294647312,41916642518000,171538052000001,-5.29,-5.276,-31.498,0
1398294647322,41916652528000,171538052000001,-5.29,-5.276,-31.498,0
1398294647332,41916662538000,171538052000001,-5.29,-5.276,-31.498,0
1398294647343,41916672578000,171538052000001,-5.29,-5.276,-31.498,0
1398294647354,41916682557000,171538052000001,-5.592,-5.276,-31.498,0
1398294647363,41916693116000,171538052000001,-5.592,-5.276,-31.498,0
1398294647374,41916702577000,171538052000001,-5.592,-5.276,-31.498,0
1398294647382,41916712586000,171538052000001,-5.592,-5.276,-31.498,0
1398294647394,41916724153000,171538052000001,-5.592,-5.276,-31.498,0
1398294647403,41916732667000,171538052000001,-5.592,-5.276,-31.498,0
1398294647413,41916742616000,171538052000001,-5.592,-5.276,-31.498,0
1398294647423,41916752626000,171538052000001,-5.903,-5.276,-31.498,0
1398294647433,41916762666000,171538052000001,-5.903,-5.276,-31.498,0
1398294647443,41916772645000,171538052000001,-5.903,-5.276,-31.498,0
1398294647453,41916782655000,171538052000001,-5.903,-5.276,-31.498,0
1398294647463,41916792848000,171538052000001,-5.903,-5.276,-31.498,0
1398294647473,41916802674000,171538052000001,-5.903,-5.276,-31.498,0
1398294647483,41916812684000,171538052000001,-5.903,-5.276,-31.498,0
1398294647493,41916822694000,171538052000001,-5.903,-5.276,-31.498,0
1398294647502,41916832704000,171538052000001,-5.903,-5.276,-31.498,0
1398294647512,41916842683000,171538052000001,-5.903,-5.276,-31.498,0
1398294647522,41916852693000,171538052000001,-5.903,-5.276,-31.498,0
1398294647532,41916862702000,171538052000001,-5.903,-5.276,-31.498,0
1398294647543,41916872743000,171538052000001,-5.903,-5.276,-31.813,0
1398294647553,41916882722000,171538052000001,-5.903,-5.276,-31.813,0
1398294647563,41916892732000,171538052000001,-5.903,-5.276,-31.813,0
1398294647574,41916904267000,171538052000001,-5.903,-5.276,-31.813,0
1398294647583,41916912782000,171538052000001,-5.903,-5.276,-31.813,0
1398294647593,41916922944000,171538052000001,-5.903,-5.276,-31.813,0
1398294647603,41916932771000,171538052000001,-5.903,-5.276,-31.813,0
1398294647613,41916942781000,171538052000001,-5.903,-5.276,-31.813,0
1398294647623,41916952790000,171538052000001,-5.903,-5.276,-31.813,0
1398294647633,41916962800000,171538052000001,-5.903,-5.276,-31.813,0
1398294647643,41916972840000,171538052000001,-5.551,-5.276,-31.813,0
1398294647653,41916982820000,171538052000001,-5.551,-5.276,-31.813,0
1398294647663,41916992829000,171538052000001,-5.551,-5.696,-31.813,0
1398294647673,41917002839000,171538052000001,-5.551,-5.696,-31.506,0
1398294647683,41917012849000,171538052000001,-5.197,-5.696,-31.506,0
1398294647695,41917024598000,171538052000001,-5.197,-6.042,-31.506,0
1398294647704,41917033906000,171538052000001,-5.197,-6.042,-31.506,0
1398294647715,41917045411000,171538052000001,-5.197,-6.042,-31.506,0
1398294647727,41917056672000,171538052000001,-5.197,-6.359,-31.506,0
1398294647735,41917065248000,171538052000001,-4.833,-6.359,-31.506,0
1398294647746,41917075410000,171538052000001,-4.833,-6.359,-31.506,0
1398294647758,41917087434000,171538052000001,-4.833,-6.661,-31.506,0
1398294647767,41917096681000,171538052000001,-4.833,-6.661,-31.506,0
1398294647777,41917107026000,171538052000001,-4.441,-6.661,-31.506,0
1398294647787,41917116883000,171538052000001,-4.441,-6.661,-31.506,0
1398294647796,41917125703000,171538052000001,-4.441,-6.661,-31.506,0
1398294647807,41917136750000,171538052000001,-4.441,-6.661,-31.506,0
1398294647815,41917145265000,171538052000001,-4.084,-6.661,-31.506,0
1398294647827,41917156587000,171538052000001,-4.084,-6.661,-31.506,0
1398294647837,41917166658000,171538052000001,-4.084,-6.661,-31.506,0
1398294647845,41917175416000,171538052000001,-4.084,-6.661,-31.867,0
1398294647854,41917183747000,171538052000001,-4.084,-6.661,-31.867,0
1398294647865,41917195344000,171538052000001,-4.084,-6.661,-31.867,0
1398294647874,41917203248000,171538052000001,-4.084,-6.661,-31.867,0
1398294647883,41917213075000,171538052000001,-4.084,-6.661,-31.867,0
1398294647894,41917223542000,171538052000001,-3.782,-6.661,-31.867,0
1398294647904,41917233369000,171538052000001,-3.782,-6.347,-31.867,0
1398294647913,41917243104000,171538052000001,-3.782,-6.347,-31.867,0
1398294647923,41917253114000,171538052000001,-3.782,-6.347,-31.867,0
1398294647935,41917264649000,171538052000001,-3.782,-6.347,-31.867,0
1398294647944,41917273164000,171538052000001,-3.782,-6.347,-31.867,0
1398294647958,41917283143000,171538052000001,-3.782,-6.347,-31.867,0
1398294647963,41917293122000,171538052000001,-3.782,-6.347,-31.867,0
1398294647974,41917303468000,171538052000001,-3.782,-6.347,-31.867,0
1398294647992,41917314210000,171538052000001,-3.782,-6.347,-31.867,0
1398294647995,41917323152000,171538052000001,-3.782,-6.347,-31.867,0
1398294648009,41917333192000,171538052000001,-3.782,-6.347,-31.867,0
1398294648014,41917343171000,171538052000001,-3.782,-6.347,-31.867,0
1398294648024,41917353364000,171538052000001,-4.147,-6.347,-31.867,0
1398294648037,41917365022000,171538052000001,-4.147,-6.347,-31.867,0
1398294648046,41917374269000,171538052000001,-4.147,-6.347,-31.867,0
1398294648054,41917383241000,171538052000001,-4.147,-6.347,-31.867,0
1398294648068,41917393251000,171538052000001,-4.147,-6.347,-31.867,0
1398294648077,41917403260000,171538052000001,-4.147,-6.347,-31.867,0
1398294648086,41917413301000,171538052000001,-4.147,-6.347,-31.867,0
1398294648093,41917423280000,171538052000001,-4.147,-6.347,-31.867,0
1398294648103,41917433290000,171538052000001,-4.147,-6.347,-31.867,0
1398294648152,41917444825000,171538052000001,-4.487,-6.347,-31.564,0
1398294648161,41917453401000,171538052000001,-4.487,-6.347,-31.564,0
1398294648162,41917463288000,171538052000001,-4.487,-6.347,-31.564,0
1398294648164,41917473329000,171538052000001,-4.487,-6.347,-31.564,0
1398294648166,41917483338000,171538052000001,-4.487,-6.347,-31.564,0
1398294648167,41917493287000,171538052000001,-4.487,-6.347,-31.564,0
1398294648173,41917503327000,171538052000001,-4.817,-6.347,-31.564,0
1398294648183,41917513307000,171538052000001,-4.817,-6.347,-31.564,0
1398294648193,41917523316000,171538052000001,-4.817,-6.347,-31.564,0
1398294648203,41917533326000,171538052000001,-4.817,-6.347,-31.564,0
1398294648213,41917543336000,171538052000001,-4.817,-6.347,-31.564,0
1398294648231,41917553376000,171538052000001,-4.817,-6.347,-31.564,0
1398294648233,41917563386000,171538052000001,-4.817,-6.347,-31.564,0
1398294648246,41917573396000,171538052000001,-5.201,-6.347,-31.564,0
1398294648253,41917583406000,171538052000001,-5.201,-5.947,-31.564,0
1398294648263,41917593385000,171538052000001,-5.201,-5.947,-31.564,0
1398294648273,41917603395000,171538052000001,-5.201,-5.947,-31.564,0
1398294648283,41917613404000,171538052000001,-5.201,-5.947,-31.564,0
1398294648295,41917624970000,171538052000001,-5.201,-5.625,-31.564,0
1398294648303,41917633485000,171538052000001,-5.514,-5.625,-31.564,0
1398294648313,41917643464000,171538052000001,-5.514,-5.625,-31.564,0
1398294648324,41917653474000,171538052000001,-5.514,-5.625,-31.564,0
1398294648333,41917663453000,171538052000001,-5.514,-5.625,-31.564,0
1398294648343,41917673493000,171538052000001,-5.514,-5.625,-31.564,0
1398294648353,41917683503000,171538052000001,-5.514,-5.303,-31.564,0
1398294648363,41917693513000,171538052000001,-5.514,-5.303,-31.564,0
1398294648373,41917703523000,171538052000001,-5.514,-5.303,-31.564,0
1398294648383,41917713533000,171538052000001,-5.514,-5.303,-31.564,0
1398294648393,41917723512000,171538052000001,-5.514,-5.303,-31.564,0
1398294648403,41917733522000,171538052000001,-5.514,-5.303,-31.564,0
1398294648413,41917743531000,171538052000001,-5.514,-5.303,-31.564,0
1398294648424,41917753541000,171538052000001,-5.514,-4.991,-31.564,0
1398294648433,41917763581000,171538052000001,-5.514,-4.991,-31.564,0
1398294648443,41917773591000,171538052000001,-5.197,-4.991,-31.564,0
1398294648454,41917783753000,171538052000001,-5.197,-4.991,-31.564,0
1398294648468,41917797975000,171538052000001,-5.197,-4.991,-31.564,0
1398294648475,41917805146000,171538052000001,-5.197,-4.991,-31.889,0
1398294648484,41917813661000,171538052000001,-5.197,-4.991,-31.889,0
1398294648493,41917823640000,171538052000001,-5.197,-4.991,-31.889,0
1398294648504,41917833650000,171538052000001,-5.197,-4.991,-31.889,0
1398294648514,41917843629000,171538052000001,-5.197,-4.991,-31.889,0
1398294648524,41917853669000,171538052000001,-5.197,-4.991,-31.889,0
1398294648534,41917863648000,171538052000001,-5.197,-4.666,-31.889,0
1398294648546,41917874574000,171538052000001,-5.197,-4.666,-31.889,0
1398294648558,41917883729000,171538052000001,-5.197,-4.666,-31.889,0
1398294648571,41917896058000,171538052000001,-5.197,-4.666,-31.889,0
1398294648575,41917903749000,171538052000001,-5.197,-4.666,-31.889,0
1398294648589,41917914460000,171538052000001,-5.197,-4.666,-31.889,0
1398294648594,41917923799000,171538052000001,-5.197,-4.666,-31.889,0
1398294648608,41917933747000,171538052000001,-5.197,-4.666,-31.889,0
1398294648614,41917943757000,171538052000001,-5.197,-4.666,-31.889,0
1398294648624,41917953736000,171538052000001,-5.197,-4.666,-31.889,0
1398294648635,41917963746000,171538052000001,-5.197,-4.666,-31.889,0
1398294648644,41917973786000,171538052000001,-5.197,-4.666,-31.889,0
1398294648655,41917985322000,171538052000001,-5.197,-4.666,-31.889,0
1398294648664,41917993806000,171538052000001,-5.197,-4.666,-32.228,0
1398294648674,41918003785000,171538052000001,-5.197,-4.666,-32.228,0
1398294648684,41918013795000,171538052000001,-5.197,-4.666,-32.228,0
1398294648694,41918023805000,171538052000001,-5.197,-4.666,-32.228,0
1398294648704,41918033814000,171538052000001,-5.197,-4.666,-32.228,0
1398294648714,41918043824000,171538052000001,-5.197,-4.666,-32.228,0
1398294648724,41918053834000,171538052000001,-5.197,-4.666,-32.228,0
1398294648734,41918063844000,171538052000001,-5.197,-4.666,-32.228,0
1398294648744,41918073854000,171538052000001,-5.197,-4.666,-32.228,0
1398294648754,41918083894000,171538052000001,-5.197,-4.666,-32.228,0
1398294648764,41918093904000,171538052000001,-5.197,-4.977,-32.228,0
1398294648777,41918106965000,171538052000001,-5.197,-4.977,-32.228,0
1398294648784,41918113923000,171538052000001,-5.197,-4.977,-31.901,0
1398294648794,41918123963000,171538052000001,-5.197,-4.977,-31.901,0
1398294648804,41918133912000,171538052000001,-5.197,-5.319,-31.901,0
1398294648814,41918143922000,171538052000001,-5.197,-5.319,-31.901,0
1398294648824,41918153962000,171538052000001,-5.197,-5.319,-31.901,0
1398294648836,41918165528000,171538052000001,-5.197,-5.636,-31.901,0
1398294648844,41918174043000,171538052000001,-5.197,-5.636,-31.901,0
1398294648854,41918183991000,171538052000001,-5.197,-5.636,-31.901,0
1398294648865,41918194032000,171538052000001,-5.509,-5.636,-31.564,0
1398294648874,41918204042000,171538052000001,-5.509,-5.967,-31.564,0
1398294648884,41918214021000,171538052000001,-5.509,-5.967,-31.564,0
1398294648894,41918224061000,171538052000001,-5.509,-5.967,-31.564,0
1398294648904,41918234040000,171538052000001,-5.827,-5.967,-31.564,0
1398294648914,41918244050000,171538052000001,-5.827,-5.967,-31.564,0
1398294648924,41918254060000,171538052000001,-5.827,-5.967,-31.564,0
1398294648934,41918264100000,171538052000001,-6.138,-6.282,-31.259,0
1398294648944,41918274079000,171538052000001,-6.138,-6.282,-31.259,0
1398294648954,41918284089000,171538052000001,-6.138,-6.282,-31.259,0
1398294648964,41918294099000,171538052000001,-6.138,-6.282,-31.259,0
1398294648974,41918304109000,171538052000001,-6.52,-6.282,-31.259,0
1398294648985,41918314149000,171538052000001,-6.52,-6.282,-31.259,0
1398294648994,41918324159000,171538052000001,-6.52,-6.282,-31.259,0
1398294649004,41918334168000,171538052000001,-6.826,-6.282,-31.259,0
1398294649016,41918345735000,171538052000001,-6.826,-6.282,-31.259,0
1398294649024,41918354219000,171538052000001,-6.826,-6.282,-31.259,0
1398294649034,41918364167000,171538052000001,-6.826,-6.282,-31.259,0
1398294649044,41918374208000,171538052000001,-6.826,-6.282,-31.259,0
1398294649054,41918384217000,171538052000001,-6.826,-6.282,-30.949,0
1398294649064,41918394197000,171538052000001,-6.826,-6.282,-30.949,0
1398294649074,41918404237000,171538052000001,-6.826,-6.282,-30.949,0
1398294649084,41918414216000,171538052000001,-6.826,-6.282,-30.949,0
1398294649094,41918424195000,171538052000001,-6.826,-6.282,-30.949,0
1398294649104,41918434205000,171538052000001,-6.826,-6.282,-30.949,0
1398294649114,41918444215000,171538052000001,-6.826,-6.282,-30.949,0
1398294649124,41918454225000,171538052000001,-6.826,-6.282,-30.949,0
1398294649134,41918464234000,171538052000001,-6.826,-5.979,-30.949,0
1398294649144,41918474275000,171538052000001,-6.826,-5.979,-30.949,0
1398294649154,41918484254000,171538052000001,-6.826,-5.979,-30.949,0
1398294649164,41918494264000,171538052000001,-6.826,-5.979,-30.949,0
1398294649174,41918504273000,171538052000001,-6.826,-5.979,-30.949,0
1398294649184,41918514283000,171538052000001,-6.826,-5.979,-30.949,0
1398294649196,41918525880000,171538052000001,-6.826,-5.979,-30.949,0
1398294649204,41918534333000,171538052000001,-6.826,-5.979,-30.949,0
1398294649214,41918544343000,171538052000001,-6.826,-5.979,-30.949,0
1398294649224,41918554322000,171538052000001,-6.826,-5.662,-30.949,0
1398294649234,41918564332000,171538052000001,-6.826,-5.662,-30.949,0
1398294649244,41918574342000,171538052000001,-6.826,-5.662,-30.949,0
1398294649254,41918584352000,171538052000001,-6.826,-5.662,-30.949,0
1398294649264,41918594361000,171538052000001,-6.826,-5.662,-30.949,0
1398294649274,41918604371000,171538052000001,-6.826,-5.662,-30.949,0
1398294649284,41918614381000,171538052000001,-6.826,-5.662,-30.949,0
1398294649294,41918624391000,171538052000001,-6.826,-5.662,-31.271,0
1398294649304,41918634584000,171538052000001,-6.826,-5.351,-31.271,0
1398294649314,41918644410000,171538052000001,-6.826,-5.351,-31.271,0
1398294649324,41918654420000,171538052000001,-6.517,-5.351,-31.271,0
1398294649334,41918664430000,171538052000001,-6.517,-5.351,-31.271,0
1398294649345,41918674958000,171538052000001,-6.517,-5.351,-31.271,0
1398294649359,41918688630000,171538052000001,-6.517,-5.351,-31.271,0
1398294649369,41918698762000,171538052000001,-6.517,-5.351,-31.271,0
1398294649380,41918710115000,171538052000001,-6.517,-5.351,-31.271,0
1398294649386,41918715791000,171538052000001,-6.169,-5.351,-31.271,0
1398294649399,41918728547000,171538052000001,-6.169,-5.351,-31.573,0
1398294649409,41918738771000,171538052000001,-6.169,-5.351,-31.573,0
1398294649418,41918748384000,171538052000001,-6.169,-5.351,-31.573,0
1398294649429,41918758576000,171538052000001,-6.169,-5.351,-31.573,0
1398294649440,41918769136000,171538052000001,-6.169,-5.351,-31.573,0
1398294649447,41918776673000,171538052000001,-6.169,-5.351,-31.573,0
1398294649460,41918789796000,171538052000001,-6.169,-5.351,-31.573,0
1398294649469,41918798463000,171538052000001,-6.169,-5.351,-31.573,0
1398294649477,41918806184000,171538052000001,-6.169,-5.351,-31.573,0
1398294649487,41918814607000,171538052000001,-6.169,-5.351,-31.573,0
1398294649495,41918824616000,171538052000001,-6.169,-5.351,-31.573,0
1398294649515,41918834596000,171538052000001,-6.169,-5.351,-31.573,0
1398294649518,41918844606000,171538052000001,-6.169,-5.351,-31.573,0
1398294649525,41918854615000,171538052000001,-6.169,-5.351,-31.573,0
1398294649536,41918864686000,171538052000001,-6.169,-5.351,-31.573,0
1398294649545,41918874665000,171538052000001,-6.169,-5.351,-31.883,0
1398294649556,41918886140000,171538052000001,-6.169,-5.047,-31.883,0
1398294649565,41918894654000,171538052000001,-6.53,-5.047,-31.883,0
1398294649574,41918904634000,171538052000001,-6.53,-5.047,-31.883,0
1398294649585,41918914674000,171538052000001,-6.53,-5.047,-31.883,0
1398294649594,41918924623000,171538052000001,-6.53,-5.047,-31.883,0
1398294649604,41918934663000,171538052000001,-6.53,-5.047,-31.883,0
1398294649614,41918944642000,171538052000001,-6.852,-5.047,-31.883,0
1398294649624,41918954652000,171538052000001,-6.852,-5.047,-31.883,0
1398294649634,41918964662000,171538052000001,-6.852,-5.047,-31.883,0
1398294649645,41918974702000,171538052000001,-6.852,-5.047,-31.883,0
1398294649655,41918984712000,171538052000001,-6.852,-5.047,-31.883,0
1398294649665,41918994691000,171538052000001,-6.852,-5.047,-31.883,0
1398294649675,41919004731000,171538052000001,-6.852,-5.047,-31.883,0
1398294649684,41919014710000,171538052000001,-6.852,-5.047,-31.883,0
1398294649695,41919024720000,171538052000001,-7.159,-5.047,-31.883,0
1398294649705,41919034761000,171538052000001,-7.159,-5.047,-31.883,0
1398294649715,41919044770000,171538052000001,-7.159,-5.047,-31.883,0
1398294649725,41919054780000,171538052000001,-7.159,-5.047,-31.883,0
1398294649737,41919066499000,171538052000001,-7.159,-5.047,-31.555,0
1398294649745,41919074830000,171538052000001,-7.159,-5.047,-31.555,0
1398294649755,41919084809000,171538052000001,-7.159,-5.047,-31.555,0
1398294649765,41919094789000,171538052000001,-7.159,-5.047,-31.555,0
1398294649775,41919104798000,171538052000001,-7.159,-5.047,-31.555,0
1398294649785,41919114808000,171538052000001,-7.159,-5.047,-31.555,0
1398294649795,41919124879000,171538052000001,-7.473,-5.047,-31.555,0
1398294649810,41919134889000,171538052000001,-7.473,-5.047,-31.555,0
1398294649819,41919144898000,171538052000001,-7.473,-5.047,-31.555,0
1398294649826,41919155000000,171538052000001,-7.473,-5.047,-31.555,0
1398294649835,41919164918000,171538052000001,-7.473,-5.047,-31.555,0
1398294649845,41919174928000,171538052000001,-7.473,-5.047,-31.555,0
1398294649855,41919184938000,171538052000001,-7.473,-5.047,-31.555,0
1398294649870,41919194947000,171538052000001,-7.473,-5.047,-31.555,0
1398294649875,41919204927000,171538052000001,-7.473,-5.047,-31.555,0
1398294649885,41919214967000,171538052000001,-7.473,-5.047,-31.555,0
1398294649895,41919224977000,171538052000001,-7.473,-5.047,-31.555,0
1398294649905,41919234986000,171538052000001,-7.473,-5.047,-31.555,0
1398294649917,41919246522000,171538052000001,-7.473,-5.047,-31.555,0
1398294649925,41919254975000,171538052000001,-7.473,-5.047,-31.555,0
1398294649935,41919264985000,171538052000001,-7.473,-5.047,-31.555,0
1398294649945,41919274995000,171538052000001,-7.116,-5.047,-31.555,0
1398294649955,41919285005000,171538052000001,-7.116,-5.047,-31.555,0
1398294649965,41919295014000,171538052000001,-7.116,-5.047,-31.555,0
1398294649975,41919305024000,171538052000001,-7.116,-5.047,-31.555,0
1398294649985,41919315034000,171538052000001,-7.116,-5.047,-31.555,0
1398294649995,41919325044000,171538052000001,-7.116,-5.047,-31.555,0
1398294650008,41919335755000,171538052000001,-6.774,-5.047,-31.555,0
1398294650022,41919345063000,171538052000001,-6.774,-5.047,-31.555,0
1398294650030,41919355104000,171538052000001,-6.774,-5.047,-31.555,0
1398294650040,41919365113000,171538052000001,-6.774,-5.047,-31.555,0
1398294650045,41919375123000,171538052000001,-6.774,-5.047,-31.555,0
1398294650055,41919385194000,171538052000001,-6.774,-5.047,-31.555,0
1398294650070,41919395112000,171538052000001,-6.774,-5.047,-31.555,0
1398294650087,41919405152000,171538052000001,-6.774,-5.047,-31.555,0
1398294650088,41919415132000,171538052000001,-6.774,-5.395,-31.555,0
1398294650098,41919426667000,171538052000001,-6.446,-5.395,-31.555,0
1398294650105,41919435182000,171538052000001,-6.446,-5.395,-31.555,0
1398294650115,41919445130000,171538052000001,-6.446,-5.395,-31.555,0
1398294650125,41919455171000,171538052000001,-6.446,-5.696,-31.555,0
1398294650135,41919465180000,171538052000001,-6.446,-5.696,-31.555,0
1398294650145,41919475160000,171538052000001,-6.446,-5.696,-31.555,0
1398294650155,41919485200000,171538052000001,-6.446,-5.696,-31.555,0
1398294650165,41919495362000,171538052000001,-6.446,-5.696,-31.555,0
1398294650175,41919505189000,171538052000001,-6.446,-6.045,-31.555,0
1398294650185,41919515199000,171538052000001,-6.446,-6.045,-31.555,0
1398294650195,41919525209000,171538052000001,-6.446,-6.045,-31.555,0
1398294650205,41919535249000,171538052000001,-6.446,-6.045,-31.555,0
1398294650215,41919545259000,171538052000001,-6.446,-6.408,-31.555,0
1398294650225,41919555268000,171538052000001,-6.108,-6.408,-31.245,0
1398294650235,41919565278000,171538052000001,-6.108,-6.408,-31.245,0
1398294650245,41919575288000,171538052000001,-6.108,-6.408,-31.245,0
1398294650255,41919585298000,171538052000001,-6.108,-6.408,-31.245,0
1398294650265,41919595307000,171538052000001,-6.108,-6.741,-31.245,0
1398294650277,41919606874000,171538052000001,-6.108,-6.741,-31.245,0
1398294650285,41919615357000,171538052000001,-5.77,-6.741,-31.245,0
1398294650295,41919625337000,171538052000001,-5.77,-6.741,-31.245,0
1398294650305,41919635346000,171538052000001,-5.77,-6.741,-31.245,0
1398294650315,41919645356000,171538052000001,-5.77,-6.741,-31.245,0
1398294650325,41919655366000,171538052000001,-5.77,-7.051,-31.245,0
1398294650335,41919665376000,171538052000001,-5.395,-7.051,-31.245,0
1398294650345,41919675386000,171538052000001,-5.395,-7.051,-31.245,0
1398294650355,41919685395000,171538052000001,-5.395,-7.051,-31.245,0
1398294650365,41919695405000,171538052000001,-5.088,-7.051,-31.245,0
1398294650375,41919705415000,171538052000001,-5.088,-7.051,-31.245,0
1398294650385,41919715394000,171538052000001,-5.088,-7.051,-31.245,0
1398294650397,41919725373000,171538052000001,-5.088,-7.351,-31.245,0
1398294650406,41919735444000,171538052000001,-4.71,-7.351,-31.245,0
1398294650416,41919745484000,171538052000001,-4.71,-7.351,-31.245,0
1398294650426,41919755464000,171538052000001,-4.71,-7.351,-31.245,0
1398294650437,41919765473000,171538052000001,-4.71,-7.351,-31.245,0
1398294650448,41919775483000,171538052000001,-4.367,-7.351,-31.245,0
1398294650457,41919787049000,171538052000001,-4.367,-7.351,-31.245,0
1398294650469,41919795533000,171538052000001,-4.367,-7.351,-31.245,0
1398294650476,41919805512000,171538052000001,-4.367,-7.351,-31.245,0
1398294650486,41919815492000,171538052000001,-4.367,-7.351,-31.245,0
1398294650495,41919825501000,171538052000001,-4.367,-7.351,-31.245,0
1398294650505,41919835511000,171538052000001,-4.367,-7.351,-31.245,0
1398294650516,41919845552000,171538052000001,-4.06,-7.351,-31.245,0
1398294650525,41919855531000,171538052000001,-4.06,-7.351,-31.245,0
1398294650536,41919865541000,171538052000001,-4.06,-7.351,-31.245,0
1398294650545,41919875550000,171538052000001,-4.06,-7.019,-31.245,0
1398294650555,41919885560000,171538052000001,-4.06,-7.019,-31.245,0
1398294650565,41919895570000,171538052000001,-4.06,-7.019,-31.245,0
1398294650576,41919905610000,171538052000001,-4.06,-6.694,-31.245,0
1398294650586,41919915620000,171538052000001,-4.4,-6.694,-31.245,0
1398294650596,41919925782000,171538052000001,-4.4,-6.694,-31.245,0
1398294650606,41919935609000,171538052000001,-4.4,-6.347,-31.245,0
1398294650616,41919945619000,171538052000001,-4.4,-6.347,-31.245,0
1398294650626,41919955628000,171538052000001,-4.4,-6.347,-31.245,0
1398294650640,41919967195000,171538052000001,-4.4,-6.347,-31.567,0
1398294650646,41919975740000,171538052000001,-4.4,-6.347,-31.567,0
1398294650656,41919985658000,171538052000001,-4.4,-5.978,-31.567,0
1398294650666,41919995698000,171538052000001,-4.721,-5.978,-31.567,0
1398294650676,41920005677000,171538052000001,-4.721,-5.978,-31.567,0
1398294650686,41920015718000,171538052000001,-4.721,-5.978,-31.567,0
1398294650697,41920025758000,171538052000001,-4.721,-5.978,-31.567,0
1398294650706,41920035737000,171538052000001,-4.721,-5.978,-31.567,0
1398294650716,41920045716000,171538052000001,-4.721,-5.978,-31.567,0
1398294650726,41920055757000,171538052000001,-4.721,-5.978,-31.567,0
1398294650736,41920065736000,171538052000001,-4.721,-5.978,-31.567,0
1398294650746,41920075746000,171538052000001,-4.721,-5.978,-31.567,0
1398294650757,41920085786000,171538052000001,-4.721,-5.978,-31.567,0
1398294650768,41920095796000,171538052000001,-4.721,-5.978,-31.567,0
1398294650783,41920105805000,171538052000001,-4.721,-5.978,-31.567,0
1398294650796,41920115815000,171538052000001,-4.721,-5.978,-31.567,0
1398294650799,41920125825000,171538052000001,-4.721,-5.978,-31.567,0
1398294650806,41920135835000,171538052000001,-5.027,-5.978,-31.567,0
1398294650818,41920147370000,171538052000001,-5.027,-5.978,-31.567,0
1398294650826,41920155854000,171538052000001,-5.027,-5.978,-31.567,0
1398294650836,41920165834000,171538052000001,-5.027,-5.978,-31.567,0
1398294650846,41920175843000,171538052000001,-5.027,-5.978,-31.567,0
1398294650856,41920185853000,171538052000001,-5.027,-5.978,-31.567,0
1398294650866,41920195863000,171538052000001,-5.027,-5.978,-31.567,0
1398294650876,41920205873000,171538052000001,-5.027,-5.978,-31.567,0
1398294650886,41920215882000,171538052000001,-5.027,-5.978,-31.567,0
1398294650896,41920225892000,171538052000001,-5.346,-5.978,-31.567,0
1398294650906,41920235963000,171538052000001,-5.346,-5.978,-31.567,0
1398294650916,41920245912000,171538052000001,-5.346,-5.978,-31.567,0
1398294650928,41920257356000,171538052000001,-5.346,-5.978,-31.567,0
1398294650936,41920265931000,171538052000001,-5.346,-5.978,-31.567,0
1398294650946,41920275941000,171538052000001,-5.346,-5.978,-31.567,0
1398294650956,41920285951000,171538052000001,-5.682,-5.978,-31.567,0
1398294650966,41920295991000,171538052000001,-5.682,-5.978,-31.567,0
1398294650976,41920305970000,171538052000001,-5.682,-5.978,-31.567,0
1398294650986,41920316011000,171538052000001,-5.682,-5.978,-31.567,0
1398294650998,41920327546000,171538052000001,-5.682,-5.978,-31.567,0
1398294651006,41920336061000,171538052000001,-5.682,-5.978,-31.567,0
1398294651016,41920346040000,171538052000001,-5.682,-5.978,-31.567,0
1398294651027,41920356202000,171538052000001,-5.682,-5.619,-31.567,0
1398294651036,41920366059000,171538052000001,-5.682,-5.619,-31.567,0
1398294651046,41920376069000,171538052000001,-5.682,-5.619,-31.567,0
1398294651056,41920386079000,171538052000001,-5.682,-5.619,-31.567,0
1398294651066,41920396089000,171538052000001,-5.682,-5.619,-31.567,0
1398294651077,41920406098000,171538052000001,-5.682,-5.619,-31.567,0
1398294651086,41920416108000,171538052000001,-6.004,-5.319,-31.567,0
1398294651096,41920426118000,171538052000001,-6.004,-5.319,-31.567,0
1398294651106,41920436128000,171538052000001,-6.004,-5.319,-31.567,0
1398294651116,41920446137000,171538052000001,-6.004,-5.319,-31.567,0
1398294651127,41920456147000,171538052000001,-6.004,-5.319,-31.567,0
1398294651136,41920466157000,171538052000001,-6.004,-5.319,-31.567,0
1398294651146,41920476167000,171538052000001,-6.004,-5.319,-31.567,0
1398294651156,41920486177000,171538052000001,-6.004,-4.951,-31.567,0
1398294651166,41920496186000,171538052000001,-6.004,-4.951,-31.567,0
1398294651178,41920507722000,171538052000001,-6.004,-4.951,-31.567,0
1398294651186,41920516236000,171538052000001,-6.329,-4.951,-31.567,0
1398294651196,41920526216000,171538052000001,-6.329,-4.951,-31.567,0
1398294651206,41920536225000,171538052000001,-6.329,-4.643,-31.567,0
1398294651216,41920546235000,171538052000001,-6.329,-4.643,-31.567,0
1398294651227,41920556245000,171538052000001,-6.329,-4.643,-31.567,0
1398294651236,41920566224000,171538052000001,-6.329,-4.643,-31.567,0
1398294651249,41920576325000,171538052000001,-6.329,-4.643,-31.567,0
1398294651263,41920590852000,171538052000001,-6.329,-4.643,-31.567,0
1398294651269,41920598573000,171538052000001,-6.329,-4.643,-31.567,0
1398294651278,41920607728000,171538052000001,-6.329,-4.316,-31.567,0
1398294651292,41920621858000,171538052000001,-6.329,-4.316,-31.567,0
1398294651298,41920626344000,171538052000001,-6.329,-4.316,-31.567,0
1398294651306,41920636354000,171538052000001,-6.329,-4.316,-31.88,0
1398294651317,41920646394000,171538052000001,-6.329,-4.316,-31.88,0
1398294651326,41920656373000,171538052000001,-6.329,-4.316,-31.88,0
1398294651336,41920666352000,171538052000001,-6.329,-4.316,-31.88,0
1398294651346,41920676393000,171538052000001,-6.329,-4.316,-31.88,0
1398294651358,41920687928000,171538052000001,-6.329,-4.316,-31.88,0
1398294651366,41920696443000,171538052000001,-6.329,-4.316,-31.88,0
1398294651376,41920706391000,171538052000001,-6.329,-4.316,-31.88,0
1398294651386,41920716401000,171538052000001,-6.329,-4.316,-31.88,0
1398294651402,41920732270000,171538052000001,-6.329,-4.316,-31.88,0
1398294651408,41920738008000,171538052000001,-5.99,-4.316,-31.88,0
1398294651423,41920752748000,171538052000001,-5.99,-4.316,-31.88,0
1398294651429,41920758729000,171538052000001,-5.99,-4.316,-31.88,0
1398294651443,41920772706000,171538052000001,-5.99,-4.316,-31.88,0
1398294651448,41920777528000,171538052000001,-5.99,-4.316,-31.88,0
1398294651463,41920792939000,171538052000001,-5.99,-4.316,-31.88,0
1398294651468,41920797822000,171538052000001,-5.99,-4.316,-31.88,0
1398294651483,41920813081000,171538052000001,-5.664,-4.316,-31.88,0
1398294651488,41920817964000,171538052000001,-5.664,-4.316,-31.88,0
1398294651500,41920830201000,171538052000001,-5.664,-4.316,-31.88,0
1398294651512,41920842469000,171538052000001,-5.664,-4.316,-31.88,0
1398294651519,41920849183000,171538052000001,-5.664,-4.316,-31.88,0
1398294651532,41920862336000,171538052000001,-5.664,-4.316,-31.88,0
1398294651546,41920874696000,171538052000001,-5.664,-4.316,-31.88,0
1398294651548,41920878144000,171538052000001,-5.664,-4.316,-31.88,0
1398294651563,41920892762000,171538052000001,-5.664,-4.621,-31.88,0
1398294651569,41920898835000,171538052000001,-5.664,-4.621,-31.88,0
1398294651583,41920912782000,171538052000001,-5.664,-4.621,-31.88,0
1398294651589,41920918794000,171538052000001,-5.664,-4.621,-31.88,0
1398294651623,41920934114000,171538052000001,-5.664,-4.621,-31.88,0
1398294651625,41920937287000,171538052000001,-5.664,-4.621,-31.88,0
1398294651627,41920949372000,171538052000001,-5.664,-4.621,-31.88,0
1398294651628,41920956666000,171538052000001,-5.664,-4.621,-31.88,0
1398294651644,41920973176000,171538052000001,-5.664,-4.621,-31.88,0
1398294651647,41920976960000,171538052000001,-5.664,-4.621,-31.88,0
1398294651663,41920992799000,171538052000001,-5.664,-4.621,-31.88,0
1398294651670,41920999421000,171538052000001,-5.664,-4.928,-31.88,0
1398294651681,41921010591000,171538052000001,-5.664,-4.928,-31.88,0
1398294651691,41921020570000,171538052000001,-5.664,-4.928,-31.88,0
1398294651701,41921030549000,171538052000001,-5.664,-4.928,-31.88,0
1398294651711,41921040559000,171538052000001,-5.664,-4.928,-31.88,0
1398294651724,41921053529000,171538052000001,-5.664,-4.928,-31.88,0
1398294651728,41921058137000,171538052000001,-5.664,-4.928,-31.88,0
1398294651743,41921072724000,171538052000001,-5.664,-4.928,-31.88,0
1398294651748,41921078340000,171538052000001,-5.664,-4.928,-31.88,0
1398294651763,41921093110000,171538052000001,-5.664,-4.928,-31.88,0
1398294651769,41921099061000,171538052000001,-5.664,-4.928,-31.88,0
1398294651782,41921111787000,171538052000001,-5.664,-4.928,-31.88,0
1398294651789,41921119325000,171538052000001,-5.664,-4.928,-31.88,0
1398294651797,41921126832000,171538052000001,-5.664,-4.928,-31.88,0
1398294651807,41921136811000,171538052000001,-5.664,-4.928,-31.88,0
1398294651817,41921146852000,171538052000001,-5.664,-5.261,-31.88,0
1398294651827,41921156831000,171538052000001,-5.664,-5.261,-31.88,0
1398294651837,41921166841000,171538052000001,-5.294,-5.261,-31.88,0
1398294651850,41921180024000,171538052000001,-5.294,-5.261,-31.88,0
1398294651857,41921186860000,171538052000001,-5.294,-5.261,-31.88,0
1398294651867,41921196870000,171538052000001,-5.294,-5.261,-31.88,0
1398294651877,41921206880000,171538052000001,-5.294,-5.261,-31.546,0
1398294651887,41921217073000,171538052000001,-5.294,-5.261,-31.546,0
1398294651904,41921233674000,171538052000001,-5.294,-5.261,-31.546,0
1398294651909,41921238740000,171538052000001,-5.294,-5.261,-31.546,0
1398294651923,41921252931000,171538052000001,-5.294,-5.261,-31.546,0
1398294651929,41921258882000,171538052000001,-5.294,-5.261,-31.546,0
1398294651943,41921272798000,171538052000001,-5.294,-5.261,-31.546,0
1398294651948,41921278169000,171538052000001,-5.294,-5.261,-31.546,0
1398294651963,41921292787000,171538052000001,-5.294,-5.261,-31.546,0
1398294651968,41921298463000,171538052000001,-5.294,-5.261,-31.546,0
1398294651983,41921312806000,171538052000001,-5.294,-5.575,-31.546,0
1398294651989,41921318543000,171538052000001,-5.294,-5.575,-31.546,0
1398294652003,41921332887000,171538052000001,-5.294,-5.575,-31.546,0
1398294652010,41921339662000,171538052000001,-5.294,-5.575,-31.546,0
1398294652024,41921353639000,171538052000001,-5.294,-5.575,-31.546,0
1398294652029,41921358522000,171538052000001,-5.294,-5.575,-31.546,0
1398294652043,41921372773000,171538052000001,-5.294,-5.575,-31.546,0
1398294652049,41921378327000,171538052000001,-5.294,-5.575,-31.546,0
1398294652058,41921387605000,171538052000001,-5.294,-5.575,-31.546,0
1398294652070,41921399201000,171538052000001,-5.294,-5.575,-31.546,0
1398294652080,41921409150000,171538052000001,-5.624,-5.575,-31.546,0
1398294652093,41921422792000,171538052000001,-5.624,-5.575,-31.546,0
1398294652099,41921428559000,171538052000001,-5.624,-5.575,-31.546,0
1398294652113,41921443147000,171538052000001,-5.624,-5.575,-31.546,0
1398294652119,41921448731000,171538052000001,-5.624,-5.575,-31.546,0
1398294652133,41921462983000,171538052000001,-5.624,-5.575,-31.546,0
1398294652139,41921468629000,171538052000001,-5.624,-5.575,-31.546,0
1398294652159,41921477876000,171538052000001,-5.624,-5.575,-31.546,0
1398294652162,41921487214000,171538052000001,-5.624,-5.575,-31.546,0
1398294652170,41921499330000,171538052000001,-5.947,-5.575,-31.546,0
1398294652183,41921507173000,171538052000001,-5.947,-5.883,-31.546,0
1398294652195,41921519349000,171538052000001,-5.947,-5.883,-31.546,0
1398294652198,41921527680000,171538052000001,-5.947,-5.883,-31.546,0
1398294652213,41921537599000,171538052000001,-5.947,-5.883,-31.546,0
1398294652219,41921548921000,171538052000001,-5.947,-5.883,-31.546,0
1398294652232,41921557221000,171538052000001,-6.312,-5.883,-31.546,0
1398294652239,41921567262000,171538052000001,-6.312,-5.883,-31.546,0
1398294652250,41921577241000,171538052000001,-6.312,-5.883,-31.546,0
1398294652271,41921588838000,171538052000001,-6.312,-5.883,-31.216,0
1398294652272,41921597291000,171538052000001,-6.312,-5.883,-31.216,0
1398294652284,41921607301000,171538052000001,-6.613,-5.883,-31.216,0
1398294652300,41921617280000,171538052000001,-6.613,-5.883,-31.216,0
1398294652302,41921627442000,171538052000001,-6.613,-5.883,-31.216,0
1398294652308,41921637300000,171538052000001,-6.613,-5.883,-31.216,0
1398294652317,41921647309000,171538052000001,-6.613,-5.883,-31.216,0
1398294652327,41921657472000,171538052000001,-6.613,-5.883,-31.216,0
1398294652337,41921667298000,171538052000001,-6.613,-5.883,-31.216,0
1398294652347,41921677339000,171538052000001,-6.613,-5.883,-31.216,0
1398294652359,41921687348000,171538052000001,-6.613,-5.883,-31.216,0
1398294652367,41921697358000,171538052000001,-6.613,-5.883,-31.216,0
1398294652377,41921707368000,171538052000001,-6.939,-5.883,-31.216,0
1398294652387,41921717408000,171538052000001,-6.939,-5.569,-31.216,0
1398294652398,41921727449000,171538052000001,-6.939,-5.569,-31.216,0
1398294652410,41921738862000,171538052000001,-6.939,-5.569,-31.216,0
1398294652420,41921747438000,171538052000001,-6.939,-5.569,-31.216,0
1398294652428,41921757417000,171538052000001,-6.939,-5.569,-31.216,0
1398294652444,41921773408000,171538052000001,-6.939,-5.569,-31.216,0
1398294652447,41921777436000,171538052000001,-6.939,-5.569,-31.216,0
1398294652466,41921795014000,171538052000001,-6.939,-5.569,-31.216,0
1398294652469,41921798677000,171538052000001,-6.939,-5.569,-31.216,0
1398294652485,41921807466000,171538052000001,-6.62,-5.569,-31.216,0
1398294652496,41921817506000,171538052000001,-6.62,-5.569,-31.216,0
1398294652498,41921827790000,171538052000001,-6.62,-5.569,-31.216,0
1398294652508,41921837495000,171538052000001,-6.62,-5.569,-31.216,0
1398294652518,41921847627000,171538052000001,-6.62,-5.569,-31.216,0
1398294652528,41921857514000,171538052000001,-6.62,-5.569,-31.216,0
1398294652538,41921867524000,171538052000001,-6.62,-5.569,-31.216,0
1398294652548,41921877534000,171538052000001,-6.62,-5.569,-31.216,0
1398294652560,41921887544000,171538052000001,-6.317,-5.569,-31.216,0
1398294652568,41921897553000,171538052000001,-6.317,-5.569,-31.216,0
1398294652578,41921907563000,171538052000001,-6.317,-5.569,-31.216,0
1398294652588,41921917573000,171538052000001,-6.317,-5.569,-31.216,0
1398294652598,41921927583000,171538052000001,-6.317,-5.569,-31.216,0
1398294652614,41921944276000,171538052000001,-6.317,-5.569,-31.216,0
1398294652621,41921950563000,171538052000001,-6.317,-5.569,-31.216,0
1398294652634,41921964204000,171538052000001,-6.015,-5.569,-31.216,0
1398294652639,41921969087000,171538052000001,-6.015,-5.569,-31.53,0
1398294652653,41921978486000,171538052000001,-6.015,-5.569,-31.53,0
1398294652659,41921989106000,171538052000001,-6.015,-5.569,-31.53,0
1398294652669,41921998567000,171538052000001,-6.015,-5.569,-31.53,0
1398294652683,41922012940000,171538052000001,-6.015,-5.569,-31.53,0
1398294652691,41922019746000,171538052000001,-6.015,-5.569,-31.53,0
1398294652704,41922033967000,171538052000001,-6.015,-5.569,-31.53,0
1398294652709,41922039369000,171538052000001,-6.015,-5.569,-31.53,0
1398294652723,41922052613000,171538052000001,-6.015,-5.569,-31.53,0
1398294652731,41922061372000,171538052000001,-6.015,-5.569,-31.53,0
1398294652740,41922069612000,171538052000001,-6.015,-5.569,-31.53,0
1398294652755,41922084474000,171538052000001,-6.015,-5.569,-31.53,0
1398294652758,41922088166000,171538052000001,-6.015,-5.569,-31.53,0
1398294652774,41922103791000,171538052000001,-6.015,-5.569,-31.53,0
1398294652779,41922109223000,171538052000001,-6.015,-5.569,-31.53,0
1398294652793,41922123170000,171538052000001,-6.015,-5.569,-31.53,0
1398294652801,41922131288000,171538052000001,-6.015,-5.569,-31.53,0
1398294652808,41922138368000,171538052000001,-6.015,-5.569,-31.53,0
1398294652823,41922152864000,171538052000001,-6.015,-5.569,-31.53,0
1398294652829,41922159333000,171538052000001,-6.015,-5.569,-31.53,0
1398294652844,41922174104000,171538052000001,-6.015,-5.569,-31.53,0
1398294652848,41922178315000,171538052000001,-6.015,-5.569,-31.53,0
1398294652860,41922189424000,171538052000001,-6.015,-5.569,-31.53,0
1398294652873,41922202943000,171538052000001,-6.015,-5.569,-31.53,0
1398294652879,41922209138000,171538052000001,-6.015,-5.569,-31.53,0
1398294652894,41922223970000,171538052000001,-6.015,-5.569,-31.53,0
1398294652899,41922228974000,171538052000001,-6.015,-5.569,-31.53,0
1398294652909,41922239350000,171538052000001,-6.015,-5.569,-31.53,0
1398294652923,41922252809000,171538052000001,-6.015,-5.569,-31.53,0
1398294652931,41922260591000,171538052000001,-6.015,-5.569,-31.53,0
1398294652940,41922270295000,171538052000001,-6.015,-5.569,-31.53,0
1398294652954,41922284181000,171538052000001,-6.015,-5.569,-31.53,0
1398294652960,41922289521000,171538052000001,-6.015,-5.569,-31.53,0
1398294652973,41922302674000,171538052000001,-6.015,-5.569,-31.53,0
1398294652982,41922311494000,171538052000001,-6.015,-5.569,-31.53,0
1398294652993,41922319673000,171538052000001,-6.015,-5.569,-31.53,0
1398294652998,41922328004000,171538052000001,-6.015,-5.569,-31.53,0
1398294653008,41922337983000,171538052000001,-6.015,-5.569,-31.53,0
1398294653018,41922347993000,171538052000001,-6.015,-5.569,-31.53,0
1398294653028,41922358003000,171538052000001,-6.015,-5.569,-31.53,0
1398294653038,41922368043000,171538052000001,-6.015,-5.569,-31.53,0
1398294653049,41922378022000,171538052000001,-6.015,-5.569,-31.53,0
1398294653065,41922388032000,171538052000001,-5.7,-5.569,-31.53,0
1398294653068,41922398042000,171538052000001,-5.7,-5.569,-31.53,0
1398294653079,41922409089000,171538052000001,-5.7,-5.569,-31.53,0
1398294653088,41922418061000,171538052000001,-5.7,-5.569,-31.53,0
1398294653105,41922434907000,171538052000001,-5.7,-5.569,-31.53,0
1398294653109,41922438569000,171538052000001,-5.7,-5.569,-31.53,0
1398294653124,41922453889000,171538052000001,-5.7,-5.569,-31.53,0
1398294653129,41922459352000,171538052000001,-5.7,-5.569,-31.53,0
1398294653145,41922474824000,171538052000001,-5.7,-5.569,-31.53,0
1398294653149,41922478578000,171538052000001,-5.7,-5.569,-31.53,0
1398294653170,41922490510000,171538052000001,-5.7,-5.569,-31.53,0
1398294653177,41922498200000,171538052000001,-5.7,-5.569,-31.53,0
1398294653179,41922508180000,171538052000001,-5.7,-5.569,-31.53,0
1398294653190,41922520295000,171538052000001,-5.7,-5.569,-31.53,0
1398294653205,41922534516000,171538052000001,-5.7,-5.569,-31.53,0
1398294653210,41922539460000,171538052000001,-5.7,-5.569,-31.53,0
1398294653224,41922553987000,171538052000001,-5.7,-5.569,-31.53,0
1398294653229,41922559449000,171538052000001,-5.7,-5.569,-31.53,0
1398294653245,41922574678000,171538052000001,-5.7,-5.569,-31.53,0
1398294653253,41922578919000,171538052000001,-5.7,-5.569,-31.53,0
1398294653261,41922588258000,171538052000001,-5.7,-5.569,-31.53,0
1398294653270,41922599671000,171538052000001,-5.7,-5.569,-31.53,0
1398294653280,41922608247000,171538052000001,-5.7,-5.569,-31.53,0
1398294653292,41922618836000,171538052000001,-5.7,-5.569,-31.53,0
1398294653298,41922628266000,171538052000001,-5.7,-5.569,-31.53,0
1398294653309,41922638307000,171538052000001,-5.7,-5.569,-31.53,0
1398294653324,41922652650000,171538052000001,-5.7,-5.569,-31.53,0
1398294653329,41922658662000,171538052000001,-5.7,-5.569,-31.53,0
1398294653341,41922670838000,171538052000001,-5.7,-5.569,-31.53,0
1398294653357,41922678376000,171538052000001,-5.7,-5.569,-31.53,0
1398294653359,41922688325000,171538052000001,-5.7,-5.569,-31.53,0
1398294653382,41922698365000,171538052000001,-5.7,-5.569,-31.53,0
1398294653385,41922711000000,171538052000001,-5.7,-5.569,-31.843,0
1398294653393,41922718354000,171538052000001,-5.7,-5.569,-31.843,0
1398294653399,41922728730000,171538052000001,-5.7,-5.569,-31.843,0
1398294653408,41922738343000,171538052000001,-5.7,-5.569,-31.843,0
1398294653419,41922748384000,171538052000001,-5.7,-5.569,-31.843,0
1398294653428,41922758393000,171538052000001,-5.7,-5.569,-31.843,0
1398294653440,41922768373000,171538052000001,-5.7,-5.569,-31.843,0
1398294653448,41922778382000,171538052000001,-5.7,-5.569,-31.843,0
1398294653458,41922788392000,171538052000001,-5.7,-5.569,-31.843,0
1398294653468,41922798402000,171538052000001,-5.7,-5.569,-31.843,0
1398294653478,41922808412000,171538052000001,-5.7,-5.569,-31.843,0
1398294653488,41922818421000,171538052000001,-5.7,-5.569,-31.843,0
1398294653499,41922829438000,171538052000001,-5.7,-5.569,-31.843,0
1398294653515,41922845277000,171538052000001,-5.7,-5.569,-31.843,0
1398294653521,41922851197000,171538052000001,-6.022,-5.569,-31.843,0
1398294653538,41922863984000,171538052000001,-6.022,-5.569,-31.843,0
1398294653541,41922868531000,171538052000001,-6.022,-5.569,-31.843,0
1398294653551,41922880525000,171538052000001,-6.022,-5.569,-31.843,0
1398294653558,41922888490000,171538052000001,-6.022,-5.569,-31.843,0
1398294653571,41922899446000,171538052000001,-6.022,-5.569,-31.843,0
1398294653579,41922908540000,171538052000001,-6.022,-5.569,-31.843,0
1398294653590,41922918824000,171538052000001,-6.022,-5.569,-31.843,0
1398294653599,41922928559000,171538052000001,-6.022,-5.569,-31.843,0
1398294653609,41922938569000,171538052000001,-6.022,-5.569,-31.843,0
1398294653626,41922948579000,171538052000001,-6.022,-5.569,-31.843,0
1398294653637,41922958619000,171538052000001,-6.022,-5.569,-31.843,0
1398294653639,41922968598000,171538052000001,-6.022,-5.569,-31.843,0
1398294653649,41922978578000,171538052000001,-6.022,-5.569,-31.843,0
1398294653659,41922988587000,171538052000001,-6.022,-5.569,-31.843,0
1398294653672,41922998628000,171538052000001,-6.022,-5.569,-31.843,0
1398294653679,41923008637000,171538052000001,-6.022,-5.569,-31.843,0
1398294653692,41923022218000,171538052000001,-6.022,-5.569,-31.843,0
1398294653700,41923030122000,171538052000001,-6.022,-5.569,-31.843,0
1398294653709,41923038697000,171538052000001,-5.722,-5.569,-31.843,0
1398294653718,41923048616000,171538052000001,-5.722,-5.569,-31.843,0
1398294653728,41923058625000,171538052000001,-5.722,-5.569,-31.843,0
1398294653738,41923068635000,171538052000001,-5.722,-5.569,-31.843,0
1398294653749,41923078645000,171538052000001,-5.722,-5.569,-31.843,0
1398294653758,41923088624000,171538052000001,-5.403,-5.569,-31.843,0
1398294653768,41923098634000,171538052000001,-5.403,-5.569,-31.843,0
1398294653778,41923108674000,171538052000001,-5.403,-5.569,-31.843,0
1398294653788,41923118684000,171538052000001,-5.403,-5.569,-31.843,0
1398294653798,41923128694000,171538052000001,-5.403,-5.569,-31.843,0
1398294653808,41923138703000,171538052000001,-5.403,-5.569,-31.843,0
1398294653818,41923148713000,171538052000001,-5.403,-5.569,-31.843,0
1398294653828,41923158723000,171538052000001,-5.403,-5.569,-31.843,0
1398294653838,41923168733000,171538052000001,-5.403,-5.569,-31.843,0
1398294653848,41923178742000,171538052000001,-5.403,-5.569,-31.843,0
1398294653858,41923188752000,171538052000001,-5.403,-5.569,-31.843,0
1398294653869,41923198762000,171538052000001,-5.403,-5.569,-31.843,0
1398294653880,41923210328000,171538052000001,-5.403,-5.569,-31.843,0
1398294653889,41923218904000,171538052000001,-5.403,-5.569,-31.843,0
1398294653907,41923228852000,171538052000001,-5.403,-5.569,-31.843,0
1398294653909,41923238832000,171538052000001,-5.403,-5.569,-31.843,0
1398294653919,41923248811000,171538052000001,-5.403,-5.569,-31.843,0
1398294653929,41923258821000,171538052000001,-5.708,-5.569,-31.843,0
1398294653939,41923268830000,171538052000001,-5.708,-5.569,-31.843,0
1398294653949,41923278840000,171538052000001,-5.708,-5.569,-31.843,0
1398294653959,41923288850000,171538052000001,-5.708,-5.569,-31.843,0
1398294653969,41923298860000,171538052000001,-5.708,-5.569,-31.843,0
1398294653979,41923308869000,171538052000001,-5.708,-5.569,-31.843,0
1398294653989,41923318879000,171538052000001,-5.708,-5.569,-31.843,0
1398294653999,41923329377000,171538052000001,-5.708,-5.569,-31.843,0
1398294654009,41923338899000,171538052000001,-5.708,-5.569,-31.843,0
1398294654019,41923348908000,171538052000001,-5.708,-5.569,-31.843,0
1398294654029,41923358918000,171538052000001,-5.708,-5.569,-31.843,0
1398294654039,41923368928000,171538052000001,-5.708,-5.569,-31.843,0
1398294654049,41923378938000,171538052000001,-5.708,-5.569,-31.843,0
1398294654060,41923390504000,171538052000001,-5.708,-5.891,-31.843,0
1398294654069,41923398988000,171538052000001,-5.358,-5.891,-31.521,0
1398294654079,41923408967000,171538052000001,-5.358,-5.891,-31.521,0
1398294654089,41923418977000,171538052000001,-5.358,-5.891,-31.521,0
1398294654099,41923428987000,171538052000001,-5.358,-6.301,-31.521,0
1398294654109,41923438996000,171538052000001,-5.358,-6.301,-31.521,0
1398294654119,41923449006000,171538052000001,-5.041,-6.301,-31.521,0
1398294654129,41923459016000,171538052000001,-5.041,-6.683,-31.521,0
1398294654139,41923469056000,171538052000001,-5.041,-6.683,-31.521,0
1398294654149,41923479035000,171538052000001,-5.041,-6.683,-31.521,0
1398294654159,41923489045000,171538052000001,-4.733,-6.683,-31.521,0
1398294654169,41923499055000,171538052000001,-4.733,-7.066,-31.521,0
1398294654179,41923509065000,171538052000001,-4.733,-7.066,-31.521,0
1398294654189,41923519074000,171538052000001,-4.733,-7.066,-31.207,0
1398294654199,41923529115000,171538052000001,-4.733,-7.066,-31.207,0
1398294654209,41923539094000,171538052000001,-4.733,-7.412,-31.207,0
1398294654220,41923549104000,171538052000001,-4.733,-7.412,-31.207,0
1398294654229,41923559114000,171538052000001,-4.42,-7.412,-31.207,0
1398294654241,41923570771000,171538052000001,-4.42,-7.412,-31.207,0
1398294654249,41923579164000,171538052000001,-4.42,-7.412,-31.207,0
1398294654259,41923589143000,171538052000001,-4.42,-7.412,-31.207,0
1398294654269,41923599122000,171538052000001,-4.42,-7.728,-31.207,0
1398294654279,41923609162000,171538052000001,-4.42,-7.728,-31.207,0
1398294654291,41923619172000,171538052000001,-4.42,-7.728,-31.207,0
1398294654306,41923629182000,171538052000001,-4.092,-7.728,-31.207,0
1398294654313,41923639192000,171538052000001,-4.092,-7.728,-31.207,0
1398294654319,41923649201000,171538052000001,-4.092,-7.728,-31.207,0
1398294654329,41923659211000,171538052000001,-4.092,-7.728,-31.207,0
1398294654339,41923669221000,171538052000001,-4.092,-7.728,-31.207,0
1398294654349,41923679231000,171538052000001,-4.092,-7.728,-31.207,0
1398294654359,41923689241000,171538052000001,-4.092,-7.728,-31.207,0
1398294654369,41923699250000,171538052000001,-4.092,-7.728,-31.207,0
1398294654379,41923709260000,171538052000001,-4.092,-7.728,-31.207,0
1398294654389,41923719239000,171538052000001,-4.092,-7.728,-31.207,0
1398294654399,41923729249000,171538052000001,-4.092,-7.728,-31.207,0
1398294654410,41923739350000,171538052000001,-4.415,-7.414,-31.207,0
1398294654421,41923750825000,171538052000001,-4.415,-7.414,-31.207,0
1398294654429,41923759339000,171538052000001,-4.415,-7.414,-31.207,0
1398294654442,41923769319000,171538052000001,-4.415,-7.414,-31.207,0
1398294654454,41923779328000,171538052000001,-4.415,-7.414,-31.207,0
1398294654462,41923789338000,171538052000001,-4.415,-7.414,-31.207,0
1398294654470,41923799348000,171538052000001,-4.415,-7.414,-31.207,0
1398294654480,41923809358000,171538052000001,-4.415,-7.414,-31.207,0
1398294654490,41923819551000,171538052000001,-4.739,-7.414,-31.207,0
1398294654500,41923829408000,171538052000001,-4.739,-7.414,-31.207,0
1398294654510,41923839418000,171538052000001,-4.739,-7.414,-31.207,0
1398294654520,41923849397000,171538052000001,-4.739,-7.414,-31.207,0
1398294654529,41923859407000,171538052000001,-4.739,-7.414,-31.207,0
1398294654539,41923869416000,171538052000001,-4.739,-7.414,-31.207,0
1398294654549,41923879426000,171538052000001,-5.043,-7.414,-31.207,0
1398294654560,41923889436000,171538052000001,-5.043,-7.414,-31.207,0
1398294654570,41923899446000,171538052000001,-5.043,-7.414,-31.207,0
1398294654579,41923909425000,171538052000001,-5.043,-7.414,-31.207,0
1398294654589,41923919435000,171538052000001,-5.043,-7.414,-31.207,0
1398294654601,41923931001000,171538052000001,-5.043,-7.414,-31.207,0
1398294654614,41923943818000,171538052000001,-5.043,-7.414,-31.207,0
1398294654620,41923949464000,171538052000001,-5.043,-7.414,-31.207,0
1398294654630,41923959504000,171538052000001,-5.043,-7.414,-31.207,0
1398294654639,41923969514000,171538052000001,-5.043,-7.414,-31.207,0
1398294654651,41923979493000,171538052000001,-5.043,-7.093,-31.207,0
1398294654659,41923989533000,171538052000001,-5.043,-7.093,-31.207,0
1398294654670,41923999513000,171538052000001,-5.043,-7.093,-31.207,0
1398294654680,41924009553000,171538052000001,-5.043,-7.093,-31.207,0
1398294654690,41924019593000,171538052000001,-5.043,-7.093,-31.207,0
1398294654700,41924029573000,171538052000001,-5.043,-7.093,-31.207,0
1398294654710,41924039582000,171538052000001,-5.043,-7.093,-31.207,0
1398294654720,41924049592000,171538052000001,-5.043,-7.093,-31.207,0
1398294654730,41924059602000,171538052000001,-5.043,-7.093,-31.207,0
1398294654740,41924069581000,171538052000001,-5.043,-7.093,-31.207,0
1398294654750,41924079591000,171538052000001,-5.043,-7.093,-31.207,0
1398294654760,41924089631000,171538052000001,-5.043,-7.093,-31.207,0
1398294654770,41924099641000,171538052000001,-5.043,-7.415,-30.892,0
1398294654781,41924111207000,171538052000001,-5.043,-7.415,-30.892,0
1398294654790,41924119691000,171538052000001,-5.043,-7.415,-30.892,0
1398294654802,41924129670000,171538052000001,-5.043,-7.415,-30.892,0
1398294654810,41924139680000,171538052000001,-5.043,-7.415,-30.892,0
1398294654820,41924149690000,171538052000001,-5.043,-7.415,-30.892,0
1398294654836,41924159699000,171538052000001,-5.043,-7.415,-30.892,0
1398294654840,41924169740000,171538052000001,-5.043,-7.415,-30.892,0
1398294654851,41924179719000,171538052000001,-5.043,-7.415,-30.892,0
1398294654860,41924189729000,171538052000001,-5.043,-7.415,-30.892,0
1398294654870,41924199739000,171538052000001,-5.043,-7.415,-30.892,0
1398294654880,41924209748000,171538052000001,-5.043,-7.415,-30.892,0
1398294654890,41924219728000,171538052000001,-5.043,-7.415,-30.892,0
1398294654901,41924229768000,171538052000001,-5.043,-7.415,-30.892,0
1398294654918,41924239778000,171538052000001,-5.043,-7.415,-30.892,0
1398294654921,41924251039000,171538052000001,-5.043,-7.415,-30.892,0
1398294654931,41924259828000,171538052000001,-5.043,-7.415,-30.892,0
1398294654940,41924269837000,171538052000001,-5.043,-7.415,-30.892,0
1398294654950,41924279817000,171538052000001,-5.043,-7.415,-30.892,0
1398294654961,41924291352000,171538052000001,-5.043,-7.104,-30.892,0
1398294654970,41924299836000,171538052000001,-5.043,-7.104,-30.892,0
1398294654980,41924309846000,171538052000001,-5.043,-7.104,-30.892,0
1398294654990,41924319856000,171538052000001,-5.043,-7.104,-30.892,0
1398294655000,41924329866000,171538052000001,-5.043,-7.104,-30.892,0
1398294655010,41924339875000,171538052000001,-5.043,-7.104,-30.892,0
1398294655020,41924349855000,171538052000001,-5.043,-7.104,-30.892,0
1398294655030,41924359895000,171538052000001,-5.043,-6.756,-30.892,0
1398294655040,41924369935000,171538052000001,-5.369,-6.756,-30.892,0
1398294655050,41924379945000,171538052000001,-5.369,-6.756,-30.892,0
1398294655060,41924389985000,171538052000001,-5.369,-6.756,-30.892,0
1398294655071,41924399995000,171538052000001,-5.369,-6.756,-30.892,0
1398294655080,41924410035000,171538052000001,-5.369,-6.756,-30.892,0
1398294655090,41924419984000,171538052000001,-5.369,-6.756,-30.892,0
1398294655102,41924429994000,171538052000001,-5.369,-6.756,-30.892,0
1398294655110,41924440003000,171538052000001,-5.717,-6.756,-30.892,0
1398294655120,41924450013000,171538052000001,-5.717,-6.756,-30.892,0
1398294655130,41924459992000,171538052000001,-5.717,-6.756,-30.892,0
1398294655142,41924471559000,171538052000001,-5.717,-6.756,-30.892,0
1398294655158,41924480104000,171538052000001,-5.717,-6.756,-30.892,0
1398294655160,41924490052000,171538052000001,-5.717,-6.756,-30.892,0
1398294655171,41924500123000,171538052000001,-5.717,-6.756,-30.892,0
1398294655180,41924510072000,171538052000001,-5.717,-6.756,-30.892,0
1398294655190,41924520112000,171538052000001,-5.717,-6.756,-30.892,0
1398294655202,41924530091000,171538052000001,-5.717,-6.756,-30.892,0
1398294655210,41924540101000,171538052000001,-5.717,-6.756,-30.892,0
1398294655227,41924553193000,171538052000001,-5.717,-6.756,-30.892,0
1398294655230,41924560121000,171538052000001,-5.717,-6.756,-30.892,0
1398294655240,41924570161000,171538052000001,-5.717,-6.756,-30.892,0
1398294655251,41924580140000,171538052000001,-6.045,-6.756,-30.892,0
1398294655260,41924590150000,171538052000001,-6.045,-6.756,-30.892,0
1398294655270,41924600160000,171538052000001,-6.045,-6.756,-30.892,0
1398294655280,41924610108000,171538052000001,-6.045,-6.756,-30.892,0
1398294655290,41924620118000,171538052000001,-6.045,-6.756,-30.892,0
1398294655300,41924630128000,171538052000001,-6.045,-6.756,-30.892,0
1398294655319,41924640168000,171538052000001,-6.045,-6.756,-30.892,0
1398294655322,41924651734000,171538052000001,-6.045,-6.756,-30.892,0
1398294655330,41924660218000,171538052000001,-6.045,-6.756,-30.892,0
1398294655340,41924670198000,171538052000001,-6.045,-6.756,-30.892,0
1398294655350,41924680177000,171538052000001,-6.443,-6.756,-30.892,0
1398294655360,41924690217000,171538052000001,-6.443,-6.756,-30.892,0
1398294655370,41924700196000,171538052000001,-6.443,-6.756,-30.892,0
1398294655380,41924710206000,171538052000001,-6.443,-6.756,-30.892,0
1398294655390,41924720246000,171538052000001,-6.443,-6.756,-30.892,0
1398294655400,41924730256000,171538052000001,-6.443,-6.756,-30.892,0
1398294655410,41924740235000,171538052000001,-6.443,-6.387,-30.892,0
1398294655420,41924750276000,171538052000001,-6.443,-6.387,-30.892,0
1398294655430,41924760285000,171538052000001,-6.443,-6.387,-30.892,0
1398294655441,41924770539000,171538052000001,-6.443,-6.387,-30.892,0
1398294655450,41924780305000,171538052000001,-6.443,-6.387,-30.892,0
1398294655460,41924790315000,171538052000001,-6.443,-6.387,-30.892,0
1398294655470,41924800324000,171538052000001,-6.443,-6.033,-30.892,0
1398294655480,41924810334000,171538052000001,-6.443,-6.033,-30.892,0
1398294655490,41924820344000,171538052000001,-6.443,-6.033,-31.202,0
1398294655503,41924831910000,171538052000001,-6.108,-6.033,-31.202,0
1398294655510,41924840394000,171538052000001,-6.108,-6.033,-31.202,0
1398294655520,41924850373000,171538052000001,-6.108,-6.033,-31.202,0
1398294655535,41924865174000,171538052000001,-6.108,-5.671,-31.202,0
1398294655540,41924870362000,171538052000001,-6.108,-5.671,-31.202,0
1398294655550,41924880464000,171538052000001,-5.798,-5.671,-31.202,0
1398294655560,41924890412000,171538052000001,-5.798,-5.671,-31.202,0
1398294655570,41924900422000,171538052000001,-5.798,-5.671,-31.202,0
1398294655580,41924910432000,171538052000001,-5.798,-5.671,-31.532,0
1398294655590,41924920442000,171538052000001,-5.798,-5.671,-31.532,0
1398294655600,41924930451000,171538052000001,-5.798,-5.369,-31.532,0
1398294655610,41924940461000,171538052000001,-5.798,-5.369,-31.532,0
1398294655623,41924950471000,171538052000001,-5.798,-5.369,-31.532,0
1398294655638,41924960450000,171538052000001,-5.798,-5.369,-31.532,0
1398294655646,41924970491000,171538052000001,-5.798,-5.369,-31.532,0
1398294655654,41924980500000,171538052000001,-5.798,-5.369,-31.532,0
1398294655660,41924990510000,171538052000001,-5.798,-5.369,-31.532,0
1398294655671,41925000520000,171538052000001,-5.798,-5.369,-31.532,0
1398294655684,41925012116000,171538052000001,-5.798,-5.369,-31.532,0
1398294655691,41925020570000,171538052000001,-5.798,-5.369,-31.532,0
1398294655701,41925030519000,171538052000001,-5.798,-5.369,-31.532,0
1398294655710,41925040528000,171538052000001,-6.156,-5.369,-31.532,0
1398294655720,41925050538000,171538052000001,-6.156,-5.369,-31.532,0
1398294655730,41925060548000,171538052000001,-6.156,-5.369,-31.532,0
1398294655741,41925070588000,171538052000001,-6.156,-5.369,-31.532,0
1398294655751,41925080781000,171538052000001,-6.156,-5.369,-31.532,0
1398294655760,41925090577000,171538052000001,-6.156,-5.369,-31.532,0
1398294655771,41925100770000,171538052000001,-6.156,-5.369,-31.532,0
1398294655780,41925110597000,171538052000001,-6.156,-5.369,-31.532,0
1398294655790,41925120606000,171538052000001,-6.156,-5.369,-31.532,0
1398294655800,41925130616000,171538052000001,-6.156,-5.369,-31.532,0
1398294655811,41925140626000,171538052000001,-6.156,-5.369,-31.532,0
1398294655821,41925150666000,171538052000001,-6.156,-5.369,-31.532,0
1398294655831,41925160646000,171538052000001,-6.156,-5.369,-31.532,0
1398294655843,41925172639000,171538052000001,-6.156,-5.369,-31.532,0
1398294655851,41925180726000,171538052000001,-6.156,-5.369,-31.532,0
1398294655862,41925192231000,171538052000001,-6.156,-5.369,-31.532,0
1398294655871,41925200746000,171538052000001,-6.156,-5.369,-31.532,0
1398294655881,41925210786000,171538052000001,-6.156,-5.369,-31.532,0
1398294655891,41925220735000,171538052000001,-6.156,-5.369,-31.532,0
1398294655901,41925230775000,171538052000001,-6.156,-5.369,-31.532,0
1398294655911,41925240754000,171538052000001,-6.156,-5.369,-31.532,0
1398294655921,41925250764000,171538052000001,-6.156,-5.369,-31.532,0
1398294655931,41925260774000,171538052000001,-6.156,-5.369,-31.532,0
1398294655941,41925270783000,171538052000001,-6.156,-5.369,-31.532,0
1398294655951,41925280793000,171538052000001,-6.156,-5.369,-31.532,0
1398294655961,41925290772000,171538052000001,-6.156,-5.369,-31.532,0
1398294655974,41925301820000,171538052000001,-6.156,-5.369,-31.532,0
1398294655984,41925314363000,171538052000001,-6.156,-5.369,-31.532,0
1398294655994,41925324372000,171538052000001,-6.156,-5.068,-31.532,0
1398294656004,41925334443000,171538052000001,-6.156,-5.068,-31.532,0
1398294656015,41925344544000,171538052000001,-6.156,-5.068,-31.532,0
1398294656024,41925353883000,171538052000001,-6.156,-5.068,-31.532,0
1398294656034,41925364381000,171538052000001,-5.831,-5.068,-31.532,0
1398294656045,41925374726000,171538052000001,-5.831,-5.068,-31.532,0
1398294656056,41925386170000,171538052000001,-5.831,-5.068,-31.532,0
1398294656065,41925394776000,171538052000001,-5.831,-5.068,-31.532,0
1398294656074,41925403871000,171538052000001,-5.831,-5.068,-31.532,0
1398294656084,41925414430000,171538052000001,-5.831,-5.068,-31.532,0
1398294656094,41925424439000,171538052000001,-5.831,-5.068,-31.532,0
1398294656104,41925434510000,171538052000001,-5.831,-5.068,-31.532,0
1398294656114,41925444459000,171538052000001,-5.831,-5.068,-31.532,0
1398294656125,41925454713000,171538052000001,-5.831,-5.068,-31.532,0
1398294656134,41925464479000,171538052000001,-5.831,-5.068,-31.532,0
1398294656151,41925480714000,171538052000001,-5.831,-5.068,-31.532,0
1398294656153,41925482484000,171538052000001,-5.831,-5.068,-31.532,0
1398294656161,41925491059000,171538052000001,-5.831,-5.068,-31.532,0
1398294656171,41925501069000,171538052000001,-5.831,-5.068,-31.532,0
1398294656181,41925511079000,171538052000001,-5.831,-5.068,-31.532,0
1398294656191,41925521089000,171538052000001,-5.831,-5.068,-31.532,0
1398294656201,41925531251000,171538052000001,-5.831,-5.068,-31.532,0
1398294656211,41925541078000,171538052000001,-5.831,-5.068,-31.532,0
1398294656223,41925552644000,171538052000001,-5.831,-5.068,-31.532,0
1398294656231,41925561158000,171538052000001,-5.831,-5.068,-31.532,0
1398294656241,41925571107000,171538052000001,-5.831,-5.068,-31.532,0
1398294656251,41925581117000,171538052000001,-5.831,-5.068,-31.532,0
1398294656262,41925592225000,171538052000001,-5.831,-5.068,-31.532,0
1398294656275,41925604585000,171538052000001,-5.831,-5.068,-31.532,0
1398294656284,41925613923000,171538052000001,-5.831,-5.38,-31.532,0
1398294656295,41925624635000,171538052000001,-5.831,-5.38,-31.532,0
1398294656304,41925634431000,171538052000001,-5.831,-5.38,-31.532,0
1398294656318,41925647737000,171538052000001,-5.831,-5.38,-31.532,0
1398294656323,41925652619000,171538052000001,-5.831,-5.38,-31.532,0
1398294656338,41925667512000,171538052000001,-5.831,-5.38,-31.532,0
1398294656343,41925673463000,171538052000001,-5.831,-5.38,-31.532,0
1398294656357,41925687409000,171538052000001,-5.831,-5.38,-31.532,0
1398294656363,41925693360000,171538052000001,-5.831,-5.38,-31.532,0
1398294656378,41925707612000,171538052000001,-5.831,-5.38,-31.532,0
1398294656384,41925713563000,171538052000001,-5.831,-5.38,-31.532,0
1398294656398,41925727723000,171538052000001,-5.831,-5.38,-31.532,0
1398294656404,41925733460000,171538052000001,-5.831,-5.38,-31.532,0
1398294656418,41925747529000,171538052000001,-5.831,-5.38,-31.532,0
1398294656424,41925753511000,171538052000001,-5.831,-5.38,-31.532,0
1398294656438,41925767854000,171538052000001,-5.831,-5.38,-31.532,0
1398294656443,41925772981000,171538052000001,-5.831,-5.38,-31.532,0
1398294656460,41925789582000,171538052000001,-5.831,-5.38,-31.532,0
1398294656463,41925793092000,171538052000001,-5.831,-5.38,-31.532,0
1398294656476,41925805940000,171538052000001,-5.511,-5.38,-31.532,0
1398294656484,41925811341000,171538052000001,-5.511,-5.38,-31.532,0
1398294656493,41925822572000,171538052000001,-5.511,-5.38,-31.532,0
1398294656502,41925831330000,171538052000001,-5.511,-5.38,-31.532,0
1398294656519,41925843415000,171538052000001,-5.511,-5.38,-31.532,0
1398294656523,41925852937000,171538052000001,-5.511,-5.68,-31.532,0
1398294656540,41925861390000,171538052000001,-5.163,-5.68,-31.532,0
1398294656542,41925871430000,171538052000001,-5.163,-5.68,-31.532,0
1398294656553,41925881410000,171538052000001,-5.163,-5.68,-31.532,0
1398294656564,41925891908000,171538052000001,-5.163,-5.68,-31.532,0
1398294656574,41925903993000,171538052000001,-5.163,-5.68,-31.532,0
1398294656583,41925912965000,171538052000001,-5.163,-5.68,-31.532,0
1398294656598,41925921479000,171538052000001,-5.163,-5.68,-31.532,0
1398294656608,41925931459000,171538052000001,-5.163,-5.68,-31.532,0
1398294656613,41925941926000,171538052000001,-5.163,-5.68,-31.532,0
1398294656631,41925951478000,171538052000001,-5.163,-5.68,-31.532,0
1398294656633,41925961946000,171538052000001,-5.163,-5.68,-31.532,0
1398294656642,41925971498000,171538052000001,-5.163,-5.68,-31.848,0
1398294656652,41925981477000,171538052000001,-5.163,-5.68,-31.848,0
1398294656662,41925991517000,171538052000001,-5.163,-5.68,-31.848,0
1398294656672,41926001527000,171538052000001,-5.163,-5.68,-31.848,0
1398294656682,41926011567000,171538052000001,-5.163,-5.68,-31.848,0
1398294656692,41926021577000,171538052000001,-5.163,-5.68,-31.848,0
1398294656702,41926031526000,171538052000001,-5.163,-5.68,-31.848,0
1398294656712,41926041566000,171538052000001,-5.163,-5.366,-31.848,0
1398294656722,41926051545000,171538052000001,-5.163,-5.366,-31.848,0
1398294656732,41926061585000,171538052000001,-5.163,-5.366,-31.848,0
1398294656746,41926074952000,171538052000001,-5.163,-5.366,-31.848,0
1398294656758,41926088380000,171538052000001,-5.163,-5.366,-31.848,0
1398294656763,41926093141000,171538052000001,-5.163,-5.366,-31.848,0
1398294656778,41926101655000,171538052000001,-5.163,-5.053,-31.848,0
1398294656787,41926111604000,171538052000001,-5.488,-5.053,-31.848,0
1398294656797,41926121644000,171538052000001,-5.488,-5.053,-31.848,0
1398294656802,41926131623000,171538052000001,-5.488,-5.053,-31.848,0
1398294656813,41926141908000,171538052000001,-5.488,-5.053,-31.848,0
1398294656822,41926151643000,171538052000001,-5.488,-5.053,-31.848,0
1398294656832,41926161653000,171538052000001,-5.841,-5.053,-31.848,0
1398294656842,41926171662000,171538052000001,-5.841,-5.053,-31.848,0
1398294656852,41926181703000,171538052000001,-5.841,-4.727,-31.848,0
1398294656863,41926191712000,171538052000001,-5.841,-4.727,-31.848,0
1398294656872,41926201692000,171538052000001,-5.841,-4.727,-31.848,0
1398294656881,41926211732000,171538052000001,-5.841,-4.727,-31.848,0
1398294656892,41926222016000,171538052000001,-5.841,-4.727,-31.848,0
1398294656902,41926231690000,171538052000001,-5.841,-4.727,-31.848,0
1398294656913,41926241700000,171538052000001,-5.841,-4.727,-31.848,0
1398294656922,41926251741000,171538052000001,-6.146,-4.727,-31.848,0
1398294656932,41926261720000,171538052000001,-6.146,-4.727,-31.848,0
1398294656943,41926273255000,171538052000001,-6.146,-4.727,-31.848,0
1398294656952,41926281770000,171538052000001,-6.146,-4.727,-31.848,0
1398294656962,41926291749000,171538052000001,-6.146,-4.727,-31.848,0
1398294656972,41926301728000,171538052000001,-6.146,-4.727,-31.848,0
1398294656989,41926311830000,171538052000001,-6.146,-4.727,-31.848,0
1398294656997,41926321809000,171538052000001,-6.146,-4.727,-31.848,0
1398294657005,41926331819000,171538052000001,-6.146,-4.727,-31.848,0
1398294657013,41926341859000,171538052000001,-6.146,-4.727,-31.848,0
1398294657022,41926351838000,171538052000001,-6.146,-4.727,-31.848,0
1398294657032,41926361817000,171538052000001,-5.807,-4.727,-31.848,0
1398294657042,41926371858000,171538052000001,-5.807,-4.727,-31.848,0
1398294657054,41926381837000,171538052000001,-5.807,-4.727,-31.848,0
1398294657063,41926391999000,171538052000001,-5.807,-4.727,-31.848,0
1398294657072,41926401887000,171538052000001,-5.807,-4.727,-31.848,0
1398294657082,41926411866000,171538052000001,-5.807,-4.727,-31.848,0
1398294657092,41926421876000,171538052000001,-5.807,-4.727,-31.848,0
1398294657102,41926432099000,171538052000001,-5.807,-4.727,-31.848,0
1398294657112,41926441896000,171538052000001,-5.807,-4.727,-31.848,0
1398294657124,41926453462000,171538052000001,-5.48,-4.727,-31.848,0
1398294657132,41926461976000,171538052000001,-5.48,-4.727,-31.848,0
1398294657142,41926471894000,171538052000001,-5.48,-4.727,-31.848,0
1398294657152,41926481904000,171538052000001,-5.48,-4.727,-31.848,0
1398294657162,41926491914000,171538052000001,-5.48,-4.727,-31.848,0
1398294657172,41926501924000,171538052000001,-5.48,-4.727,-31.848,0
1398294657182,41926511964000,171538052000001,-5.48,-4.727,-31.848,0
1398294657195,41926521974000,171538052000001,-5.48,-4.727,-31.848,0
1398294657204,41926531983000,171538052000001,-5.48,-4.727,-31.848,0
1398294657212,41926541993000,171538052000001,-5.48,-4.727,-31.848,0
1398294657222,41926552003000,171538052000001,-5.48,-4.727,-31.848,0
1398294657232,41926562013000,171538052000001,-5.48,-4.727,-31.848,0
1398294657242,41926572022000,171538052000001,-5.857,-4.727,-31.848,0
1398294657252,41926582032000,171538052000001,-5.857,-4.727,-31.848,0
1398294657270,41926592042000,171538052000001,-5.857,-4.727,-31.848,0
1398294657272,41926602052000,171538052000001,-5.857,-4.727,-31.848,0
1398294657282,41926612092000,171538052000001,-5.857,-4.727,-31.848,0
1398294657292,41926622071000,171538052000001,-5.857,-4.727,-31.848,0
1398294657304,41926633607000,171538052000001,-5.857,-4.727,-31.848,0
1398294657312,41926642121000,171538052000001,-5.857,-4.727,-31.848,0
1398294657322,41926652101000,171538052000001,-5.857,-4.727,-31.848,0
1398294657332,41926662080000,171538052000001,-5.857,-4.727,-31.848,0
1398294657342,41926672090000,171538052000001,-5.857,-4.727,-31.848,0
1398294657352,41926682130000,171538052000001,-5.857,-4.727,-31.848,0
1398294657362,41926692140000,171538052000001,-5.857,-4.727,-31.848,0
1398294657374,41926703919000,171538052000001,-5.857,-4.727,-31.848,0
1398294657382,41926712220000,171538052000001,-5.857,-4.727,-31.848,0
1398294657392,41926722169000,171538052000001,-5.857,-4.727,-31.848,0
1398294657402,41926732148000,171538052000001,-5.857,-5.05,-31.848,0
1398294657412,41926742158000,171538052000001,-5.857,-5.05,-31.848,0
1398294657431,41926752198000,171538052000001,-5.549,-5.05,-31.848,0
1398294657432,41926762208000,171538052000001,-5.549,-5.05,-31.848,0
1398294657442,41926772218000,171538052000001,-5.549,-5.05,-31.848,0
1398294657452,41926782228000,171538052000001,-5.549,-5.05,-31.848,0
1398294657462,41926792237000,171538052000001,-5.549,-5.05,-31.848,0
1398294657472,41926802247000,171538052000001,-5.549,-5.05,-31.848,0
1398294657484,41926813783000,171538052000001,-5.242,-5.05,-31.848,0
1398294657492,41926822297000,171538052000001,-5.242,-5.05,-31.848,0
1398294657502,41926832276000,171538052000001,-5.242,-5.05,-31.848,0
1398294657512,41926842256000,171538052000001,-5.242,-5.05,-31.848,0
1398294657522,41926852296000,171538052000001,-5.242,-5.05,-31.848,0
1398294657532,41926862275000,171538052000001,-5.242,-5.05,-31.848,0
1398294657542,41926872285000,171538052000001,-5.242,-5.05,-31.848,0
1398294657552,41926882783000,171538052000001,-5.242,-5.05,-31.848,0
1398294657562,41926892335000,171538052000001,-5.242,-5.05,-31.848,0
1398294657572,41926902345000,171538052000001,-5.242,-5.05,-31.848,0
1398294657582,41926912355000,171538052000001,-5.242,-5.05,-31.848,0
1398294657592,41926922364000,171538052000001,-5.242,-5.05,-31.848,0
1398294657602,41926932374000,171538052000001,-5.242,-5.05,-31.848,0
1398294657612,41926942384000,171538052000001,-5.242,-5.05,-31.848,0
1398294657622,41926952363000,171538052000001,-5.242,-5.05,-31.848,0
1398294657632,41926962403000,171538052000001,-5.609,-5.05,-31.848,0
1398294657643,41926972383000,171538052000001,-5.609,-5.05,-31.848,0
1398294657652,41926982423000,171538052000001,-5.609,-5.05,-31.848,0
1398294657664,41926993959000,171538052000001,-5.609,-5.05,-31.848,0
1398294657672,41927002473000,171538052000001,-5.609,-5.05,-31.848,0
1398294657686,41927012422000,171538052000001,-5.609,-5.05,-31.848,0
1398294657695,41927022462000,171538052000001,-5.609,-5.05,-31.848,0
1398294657707,41927032472000,171538052000001,-5.973,-5.05,-31.848,0
1398294657721,41927042512000,171538052000001,-5.973,-5.05,-31.848,0
1398294657723,41927052491000,171538052000001,-5.973,-5.05,-31.848,0
1398294657733,41927062501000,171538052000001,-5.973,-5.05,-31.848,0
1398294657744,41927072480000,171538052000001,-5.973,-5.05,-31.848,0
1398294657753,41927082521000,171538052000001,-5.973,-5.05,-31.848,0
1398294657763,41927092530000,171538052000001,-5.973,-5.05,-31.848,0
1398294657773,41927102540000,171538052000001,-5.973,-5.05,-31.848,0
1398294657783,41927112550000,171538052000001,-5.973,-5.05,-31.848,0
1398294657793,41927122529000,171538052000001,-5.973,-5.05,-31.848,0
1398294657803,41927132569000,171538052000001,-5.973,-5.05,-31.848,0
1398294657812,41927142579000,171538052000001,-5.973,-5.05,-31.848,0
1398294657822,41927152558000,171538052000001,-5.973,-5.05,-31.848,0
1398294657833,41927162782000,171538052000001,-5.973,-5.05,-31.848,0
1398294657844,41927174134000,171538052000001,-5.973,-5.05,-31.848,0
1398294657852,41927182649000,171538052000001,-5.973,-5.05,-31.848,0
1398294657862,41927192628000,171538052000001,-5.973,-5.05,-31.848,0
1398294657872,41927202638000,171538052000001,-5.973,-5.05,-31.848,0
1398294657882,41927212617000,171538052000001,-5.973,-5.05,-31.848,0
1398294657892,41927222657000,171538052000001,-5.973,-5.05,-31.848,0
1398294657903,41927232667000,171538052000001,-5.973,-5.05,-31.848,0
1398294657913,41927242677000,171538052000001,-5.651,-5.05,-31.848,0
1398294657923,41927252839000,171538052000001,-5.651,-5.05,-31.848,0
1398294657933,41927262696000,171538052000001,-5.651,-5.05,-31.848,0
1398294657942,41927272706000,171538052000001,-5.651,-5.05,-31.848,0
1398294657953,41927282716000,171538052000001,-5.651,-5.05,-31.538,0
1398294657963,41927292726000,171538052000001,-5.651,-5.05,-31.538,0
1398294657973,41927302735000,171538052000001,-5.651,-5.05,-31.538,0
1398294657984,41927313111000,171538052000001,-5.651,-5.05,-31.538,0
1398294657993,41927322846000,171538052000001,-5.651,-5.05,-31.538,0
1398294658003,41927332734000,171538052000001,-5.651,-5.05,-31.538,0
1398294658013,41927342774000,171538052000001,-5.651,-5.05,-31.538,0
1398294658026,41927354310000,171538052000001,-5.651,-5.05,-31.538,0
1398294658033,41927362824000,171538052000001,-5.651,-5.05,-31.538,0
1398294658043,41927372773000,171538052000001,-5.651,-5.05,-31.538,0
1398294658053,41927382783000,171538052000001,-5.651,-5.36,-31.538,0
1398294658068,41927392793000,171538052000001,-5.651,-5.36,-31.538,0
1398294658074,41927402803000,171538052000001,-5.651,-5.36,-31.538,0
1398294658086,41927412812000,171538052000001,-5.651,-5.36,-31.538,0
1398294658096,41927422853000,171538052000001,-5.651,-5.36,-31.538,0
1398294658103,41927432832000,171538052000001,-5.651,-5.36,-31.538,0
1398294658113,41927442842000,171538052000001,-5.651,-5.36,-31.538,0
1398294658123,41927452882000,171538052000001,-5.651,-5.36,-31.538,0
1398294658133,41927462892000,171538052000001,-5.651,-5.36,-31.538,0
1398294658143,41927472901000,171538052000001,-5.651,-5.36,-31.538,0
1398294658153,41927482911000,171538052000001,-5.651,-5.36,-31.538,0
1398294658176,41927492890000,171538052000001,-5.651,-5.36,-31.538,0
1398294658183,41927502900000,171538052000001,-5.651,-5.36,-31.538,0
1398294658184,41927512940000,171538052000001,-5.651,-5.36,-31.538,0
1398294658193,41927522920000,171538052000001,-5.651,-5.36,-31.538,0
1398294658204,41927534486000,171538052000001,-5.651,-5.36,-31.538,0
1398294658213,41927543000000,171538052000001,-5.651,-5.36,-31.538,0
1398294658223,41927552949000,171538052000001,-5.651,-5.36,-31.538,0
1398294658233,41927562959000,171538052000001,-5.651,-5.044,-31.538,0
1398294658243,41927572969000,171538052000001,-5.651,-5.044,-31.538,0
1398294658253,41927582978000,171538052000001,-5.651,-5.044,-31.538,0
1398294658263,41927592988000,171538052000001,-5.651,-5.044,-31.538,0
1398294658273,41927602998000,171538052000001,-5.651,-5.044,-31.538,0
1398294658283,41927613008000,171538052000001,-5.651,-5.044,-31.538,0
1398294658295,41927625215000,171538052000001,-5.651,-5.044,-31.538,0
1398294658303,41927633027000,171538052000001,-5.651,-5.044,-31.538,0
1398294658313,41927643067000,171538052000001,-5.651,-5.044,-31.538,0
1398294658323,41927653047000,171538052000001,-5.651,-5.044,-31.538,0
1398294658333,41927663087000,171538052000001,-5.651,-5.044,-31.538,0
1398294658344,41927673097000,171538052000001,-5.651,-5.044,-31.538,0
1398294658353,41927683259000,171538052000001,-5.651,-5.044,-31.538,0
1398294658363,41927693116000,171538052000001,-5.342,-5.044,-31.538,0
1398294658374,41927703095000,171538052000001,-5.342,-5.044,-31.538,0
1398294658385,41927714631000,171538052000001,-5.342,-5.044,-31.538,0
1398294658393,41927723146000,171538052000001,-5.342,-5.044,-31.538,0
1398294658403,41927733125000,171538052000001,-5.342,-5.044,-31.538,0
1398294658418,41927743165000,171538052000001,-5.342,-5.044,-31.538,0
1398294658423,41927753144000,171538052000001,-5.342,-5.044,-31.538,0
1398294658433,41927763154000,171538052000001,-5.342,-5.044,-31.538,0
1398294658443,41927773164000,171538052000001,-5.342,-5.044,-31.538,0
1398294658453,41927783174000,171538052000001,-5.342,-5.044,-31.854,0
1398294658463,41927793183000,171538052000001,-5.342,-5.044,-31.854,0
1398294658473,41927803193000,171538052000001,-5.342,-5.044,-31.854,0
1398294658490,41927813264000,171538052000001,-5.342,-5.044,-31.854,0
1398294658494,41927823243000,171538052000001,-5.342,-5.044,-31.854,0
1398294658504,41927833222000,171538052000001,-5.342,-5.044,-31.854,0
1398294658513,41927843232000,171538052000001,-5.644,-5.044,-31.854,0
1398294658524,41927853242000,171538052000001,-5.644,-5.044,-31.854,0
1398294658533,41927863252000,171538052000001,-5.644,-5.044,-31.854,0
1398294658543,41927873262000,171538052000001,-5.644,-5.044,-31.854,0
1398294658554,41927883271000,171538052000001,-5.644,-5.044,-31.854,0
1398294658565,41927894837000,171538052000001,-5.644,-5.044,-31.854,0
1398294658574,41927903352000,171538052000001,-5.644,-5.044,-31.854,0
1398294658584,41927913331000,171538052000001,-5.644,-5.044,-31.854,0
1398294658594,41927923341000,171538052000001,-5.644,-5.044,-31.854,0
1398294658604,41927933686000,171538052000001,-5.644,-5.044,-31.854,0
1398294658615,41927944917000,171538052000001,-5.644,-5.044,-31.854,0
1398294658628,41927953340000,171538052000001,-5.955,-5.044,-31.854,0
1398294658639,41927963349000,171538052000001,-5.955,-5.044,-31.854,0
1398294658648,41927973359000,171538052000001,-5.955,-5.044,-31.854,0
1398294658656,41927983491000,171538052000001,-5.955,-5.044,-31.854,0
1398294658664,41927993379000,171538052000001,-5.955,-5.044,-31.854,0
1398294658674,41928003419000,171538052000001,-5.955,-5.044,-31.854,0
1398294658684,41928013429000,171538052000001,-5.955,-5.044,-31.854,0
1398294658694,41928023408000,171538052000001,-5.955,-5.044,-31.854,0
1398294658704,41928033448000,171538052000001,-5.955,-5.044,-31.854,0
1398294658714,41928043458000,171538052000001,-5.955,-5.044,-31.854,0
1398294658723,41928053437000,171538052000001,-5.955,-5.044,-31.854,0
1398294658733,41928063447000,171538052000001,-5.955,-5.044,-31.854,0
1398294658745,41928075013000,171538052000001,-5.955,-5.044,-31.854,0
1398294658753,41928083497000,171538052000001,-5.955,-5.044,-31.854,0
1398294658763,41928093476000,171538052000001,-5.955,-5.044,-31.854,0
1398294658773,41928103486000,171538052000001,-5.955,-5.044,-31.854,0
1398294658783,41928113648000,171538052000001,-5.955,-5.044,-31.854,0
1398294658793,41928123506000,171538052000001,-5.955,-5.044,-31.854,0
1398294658803,41928133515000,171538052000001,-5.955,-5.044,-31.854,0
1398294658813,41928143525000,171538052000001,-5.955,-5.044,-31.854,0
1398294658823,41928153535000,171538052000001,-5.955,-5.044,-31.854,0
1398294658833,41928163545000,171538052000001,-5.955,-5.044,-31.854,0
1398294658843,41928173554000,171538052000001,-5.955,-5.044,-31.854,0
1398294658853,41928183564000,171538052000001,-5.955,-5.044,-31.854,0
1398294658863,41928193574000,171538052000001,-5.955,-5.044,-31.544,0
1398294658873,41928203584000,171538052000001,-5.955,-5.044,-31.544,0
1398294658883,41928213594000,171538052000001,-5.955,-5.044,-31.544,0
1398294658894,41928223603000,171538052000001,-5.955,-5.044,-31.544,0
1398294658906,41928233644000,171538052000001,-5.955,-5.044,-31.544,0
1398294658924,41928248017000,171538052000001,-5.955,-5.044,-31.544,0
1398294658925,41928255158000,171538052000001,-5.955,-5.044,-31.544,0
1398294658934,41928264131000,171538052000001,-5.955,-5.044,-31.544,0
1398294658944,41928273652000,171538052000001,-5.955,-5.044,-31.544,0
1398294658953,41928283631000,171538052000001,-5.955,-5.044,-31.544,0
1398294658964,41928293702000,171538052000001,-5.955,-5.044,-31.544,0
1398294658975,41928303742000,171538052000001,-5.955,-5.044,-31.544,0
1398294658984,41928313752000,171538052000001,-5.955,-5.044,-31.544,0
1398294658994,41928323762000,171538052000001,-5.955,-5.044,-31.544,0
1398294659004,41928333741000,171538052000001,-5.955,-5.044,-31.544,0
1398294659014,41928343751000,171538052000001,-5.955,-5.044,-31.544,0
1398294659024,41928353761000,171538052000001,-5.955,-5.044,-31.544,0
1398294659034,41928363771000,171538052000001,-5.955,-5.044,-31.544,0
1398294659044,41928373811000,171538052000001,-5.955,-5.044,-31.544,0
1398294659054,41928383821000,171538052000001,-5.955,-5.044,-31.544,0
1398294659064,41928393800000,171538052000001,-5.955,-5.044,-31.544,0
1398294659074,41928403840000,171538052000001,-5.955,-5.044,-31.544,0
1398294659084,41928413819000,171538052000001,-5.955,-5.044,-31.544,0
1398294659094,41928423829000,171538052000001,-5.625,-5.044,-31.544,0
1398294659105,41928435365000,171538052000001,-5.625,-5.044,-31.544,0
1398294659114,41928443879000,171538052000001,-5.625,-5.044,-31.544,0
1398294659125,41928453889000,171538052000001,-5.625,-5.044,-31.544,0
1398294659134,41928463899000,171538052000001,-5.625,-5.044,-31.544,0
1398294659144,41928473908000,171538052000001,-5.625,-5.044,-31.544,0
1398294659154,41928483888000,171538052000001,-5.325,-5.044,-31.544,0
1398294659164,41928493897000,171538052000001,-5.325,-5.044,-31.544,0
1398294659174,41928503907000,171538052000001,-5.325,-5.044,-31.544,0
1398294659184,41928513917000,171538052000001,-5.325,-5.044,-31.544,0
1398294659194,41928523927000,171538052000001,-5.325,-5.044,-31.544,0
1398294659204,41928533937000,171538052000001,-5.325,-5.044,-31.544,0
1398294659216,41928544129000,171538052000001,-5.325,-5.355,-31.544,0
1398294659227,41928556703000,171538052000001,-5.325,-5.355,-31.544,0
1398294659234,41928563935000,171538052000001,-5.325,-5.355,-31.544,0
1398294659244,41928573945000,171538052000001,-5.325,-5.355,-31.544,0
1398294659254,41928583955000,171538052000001,-5.001,-5.355,-31.544,0
1398294659264,41928594026000,171538052000001,-5.001,-5.355,-31.544,0
1398294659275,41928604920000,171538052000001,-5.001,-5.355,-31.544,0
1398294659290,41928619783000,171538052000001,-5.001,-5.355,-31.544,0
1398294659296,41928626069000,171538052000001,-5.001,-5.355,-31.544,0
1398294659308,41928638429000,171538052000001,-5.001,-5.355,-31.544,0
1398294659317,41928646699000,171538052000001,-5.001,-5.691,-31.544,0
1398294659328,41928658479000,171538052000001,-4.67,-5.691,-31.544,0
1398294659338,41928668244000,171538052000001,-4.67,-5.691,-31.544,0
1398294659350,41928679536000,171538052000001,-4.67,-5.691,-31.544,0
1398294659358,41928687623000,171538052000001,-4.67,-5.691,-31.544,0
1398294659368,41928698121000,171538052000001,-4.348,-5.691,-31.544,0
1398294659378,41928708314000,171538052000001,-4.348,-5.691,-31.544,0
1398294659388,41928718415000,171538052000001,-4.348,-5.691,-31.544,0
1398294659399,41928728486000,171538052000001,-4.348,-5.691,-31.544,0
1398294659409,41928738618000,171538052000001,-4.348,-5.691,-31.544,0
1398294659417,41928746766000,171538052000001,-4.348,-5.691,-31.544,0
1398294659426,41928756135000,171538052000001,-4.348,-5.691,-31.544,0
1398294659439,41928768373000,171538052000001,-4.348,-5.691,-31.544,0
1398294659445,41928774507000,171538052000001,-4.045,-5.691,-31.544,0
1398294659455,41928784181000,171538052000001,-4.045,-5.691,-31.544,0
1398294659466,41928795777000,171538052000001,-4.045,-5.691,-31.544,0
1398294659474,41928804231000,171538052000001,-4.045,-5.691,-31.544,0
1398294659484,41928814241000,171538052000001,-4.045,-5.691,-31.544,0
1398294659494,41928824220000,171538052000001,-4.045,-5.998,-31.544,0
1398294659504,41928834260000,171538052000001,-4.045,-5.998,-31.544,0
1398294659514,41928844270000,171538052000001,-4.045,-5.998,-31.544,0
1398294659530,41928860139000,171538052000001,-4.045,-5.998,-31.544,0
1398294659535,41928864625000,171538052000001,-4.045,-5.998,-31.544,0
1398294659549,41928878602000,171538052000001,-4.045,-5.998,-31.544,0
1398294659559,41928888673000,171538052000001,-4.045,-5.998,-31.544,0
1398294659569,41928899018000,171538052000001,-4.045,-5.998,-31.544,0
1398294659578,41928908326000,171538052000001,-4.045,-5.998,-31.544,0
1398294659589,41928918519000,171538052000001,-4.045,-5.998,-31.544,0
1398294659596,41928926271000,171538052000001,-4.045,-5.998,-31.544,0
1398294659606,41928935853000,171538052000001,-4.045,-5.998,-31.544,0
1398294659617,41928946992000,171538052000001,-4.045,-5.998,-31.544,0
1398294659629,41928958741000,171538052000001,-4.045,-5.998,-31.544,0
1398294659639,41928968751000,171538052000001,-3.735,-5.998,-31.544,0
1398294659650,41928980226000,171538052000001,-3.735,-5.998,-31.544,0
1398294659656,41928985139000,171538052000001,-3.735,-5.998,-31.544,0
1398294659669,41928998658000,171538052000001,-3.735,-5.998,-31.544,0
1398294659680,41929009950000,171538052000001,-3.735,-5.998,-31.544,0
1398294659687,41929016694000,171538052000001,-3.735,-5.998,-31.544,0
1398294659701,41929030641000,171538052000001,-3.735,-5.998,-31.863,0
1398294659707,41929036653000,171538052000001,-3.735,-5.998,-31.863,0
1398294659718,41929048005000,171538052000001,-3.735,-5.998,-31.863,0
1398294659728,41929058351000,171538052000001,-3.735,-5.998,-31.863,0
1398294659738,41929068421000,171538052000001,-3.735,-5.998,-31.863,0
1398294659750,41929079652000,171538052000001,-4.046,-5.998,-31.863,0
1398294659758,41929088349000,171538052000001,-4.046,-5.998,-31.863,0
1398294659770,41929099549000,171538052000001,-4.046,-5.998,-31.863,0
1398294659778,41929108369000,171538052000001,-4.046,-5.998,-31.863,0
1398294659788,41929118379000,171538052000001,-4.399,-5.998,-31.863,0
1398294659800,41929129609000,171538052000001,-4.399,-5.998,-31.863,0
1398294659808,41929138154000,171538052000001,-4.399,-5.998,-31.863,0
1398294659817,41929146638000,171538052000001,-4.399,-5.998,-31.863,0
1398294659828,41929157289000,171538052000001,-4.399,-5.998,-31.863,0
1398294659841,41929170686000,171538052000001,-4.704,-5.998,-31.863,0
1398294659846,41929176026000,171538052000001,-4.704,-5.998,-31.863,0
1398294659857,41929187196000,171538052000001,-4.704,-5.998,-31.863,0
1398294659869,41929198640000,171538052000001,-4.704,-5.998,-31.863,0
1398294659879,41929209382000,171538052000001,-4.704,-5.998,-31.863,0
1398294659889,41929218751000,171538052000001,-4.704,-5.998,-31.863,0
1398294659899,41929229188000,171538052000001,-4.704,-5.998,-31.538,0
1398294659909,41929238648000,171538052000001,-4.704,-5.998,-31.538,0
1398294659918,41929247834000,171538052000001,-4.704,-5.998,-31.538,0
1398294659927,41929256501000,171538052000001,-5.062,-5.998,-31.538,0
1398294659937,41929266755000,171538052000001,-5.062,-5.998,-31.538,0
1398294659945,41929274690000,171538052000001,-5.062,-5.998,-31.538,0
1398294659955,41929284669000,171538052000001,-5.062,-5.998,-31.538,0
1398294659965,41929294679000,171538052000001,-5.062,-5.998,-31.538,0
1398294659975,41929304689000,171538052000001,-5.062,-5.998,-31.538,0
1398294659985,41929314698000,171538052000001,-5.368,-5.998,-31.538,0
1398294659995,41929324708000,171538052000001,-5.368,-5.998,-31.538,0
1398294660010,41929336305000,171538052000001,-5.368,-5.998,-31.538,0
1398294660015,41929344789000,171538052000001,-5.368,-5.998,-31.538,0
1398294660026,41929354768000,171538052000001,-5.368,-5.998,-31.538,0
1398294660038,41929364778000,171538052000001,-5.368,-5.998,-31.538,0
1398294660045,41929374787000,171538052000001,-5.368,-5.998,-31.538,0
1398294660055,41929384767000,171538052000001,-5.683,-5.998,-31.538,0
1398294660065,41929394776000,171538052000001,-5.683,-5.998,-31.538,0
1398294660075,41929404939000,171538052000001,-5.683,-5.998,-31.538,0
1398294660085,41929414826000,171538052000001,-5.683,-5.69,-31.234,0
1398294660095,41929424806000,171538052000001,-5.683,-5.69,-31.234,0
1398294660105,41929434815000,171538052000001,-5.683,-5.69,-31.234,0
1398294660115,41929444825000,171538052000001,-5.683,-5.69,-31.234,0
1398294660125,41929454804000,171538052000001,-5.683,-5.69,-31.234,0
1398294660135,41929464845000,171538052000001,-5.683,-5.69,-31.234,0
1398294660145,41929474824000,171538052000001,-5.683,-5.69,-31.234,0
1398294660160,41929489930000,171538052000001,-5.683,-5.69,-31.234,0
1398294660168,41929498506000,171538052000001,-5.683,-5.69,-31.234,0
1398294660175,41929504914000,171538052000001,-5.683,-6.033,-31.234,0
1398294660186,41929516450000,171538052000001,-5.683,-6.033,-31.234,0
1398294660195,41929524934000,171538052000001,-5.683,-6.033,-31.234,0
1398294660205,41929534913000,171538052000001,-5.683,-6.033,-31.234,0
1398294660215,41929544923000,171538052000001,-5.335,-6.033,-31.234,0
1398294660225,41929554933000,171538052000001,-5.335,-6.033,-31.234,0
1398294660235,41929564942000,171538052000001,-5.335,-6.378,-31.234,0
1398294660245,41929574952000,171538052000001,-5.335,-6.378,-31.234,0
1398294660255,41929584962000,171538052000001,-5.335,-6.378,-31.234,0
1398294660265,41929594972000,171538052000001,-5.335,-6.378,-31.234,0
1398294660275,41929605012000,171538052000001,-5.335,-6.378,-31.234,0
1398294660285,41929615022000,171538052000001,-5.018,-6.378,-31.234,0
1398294660295,41929625032000,171538052000001,-5.018,-6.378,-31.234,0
1398294660305,41929635011000,171538052000001,-5.018,-6.378,-31.234,0
1398294660315,41929645021000,171538052000001,-5.018,-6.378,-31.234,0
1398294660325,41929655061000,171538052000001,-5.018,-6.378,-31.234,0
1398294660335,41929665071000,171538052000001,-5.018,-6.683,-31.234,0
1398294660345,41929675080000,171538052000001,-5.018,-6.683,-31.234,0
1398294660355,41929685060000,171538052000001,-5.018,-6.683,-31.234,0
1398294660366,41929696626000,171538052000001,-5.018,-6.683,-31.234,0
1398294660375,41929705140000,171538052000001,-5.018,-6.683,-31.234,0
1398294660386,41929715119000,171538052000001,-4.637,-6.683,-31.234,0
1398294660395,41929725129000,171538052000001,-4.637,-6.683,-31.234,0
1398294660405,41929735108000,171538052000001,-4.637,-6.683,-31.234,0
1398294660415,41929745118000,171538052000001,-4.637,-6.683,-31.234,0
1398294660425,41929755158000,171538052000001,-4.316,-6.683,-31.234,0
1398294660436,41929765138000,171538052000001,-4.316,-7.02,-31.234,0
1398294660453,41929775941000,171538052000001,-4.316,-7.02,-31.234,0
1398294660456,41929785157000,171538052000001,-4.316,-7.02,-31.234,0
1398294660472,41929795167000,171538052000001,-3.947,-7.02,-31.234,0
1398294660475,41929805177000,171538052000001,-3.947,-7.02,-31.234,0
1398294660486,41929815187000,171538052000001,-3.947,-7.02,-31.234,0
1398294660495,41929825196000,171538052000001,-3.947,-7.02,-31.234,0
1398294660505,41929835359000,171538052000001,-3.947,-7.02,-31.234,0
1398294660515,41929845216000,171538052000001,-3.947,-7.02,-31.234,0
1398294660525,41929855195000,171538052000001,-3.622,-7.02,-31.234,0
1398294660537,41929865205000,171538052000001,-3.622,-7.02,-31.234,0
1398294660547,41929876771000,171538052000001,-3.622,-7.02,-31.234,0
1398294660555,41929885285000,171538052000001,-3.622,-7.02,-31.234,0
1398294660565,41929895234000,171538052000001,-3.622,-7.02,-31.234,0
1398294660575,41929905244000,171538052000001,-3.622,-7.02,-31.234,0
1398294660585,41929915254000,171538052000001,-3.622,-7.02,-31.234,0
1398294660595,41929925263000,171538052000001,-3.622,-7.02,-31.234,0
1398294660605,41929935273000,171538052000001,-3.622,-7.02,-31.234,0
1398294660615,41929945283000,171538052000001,-3.622,-6.707,-31.234,0
1398294660625,41929955293000,171538052000001,-3.622,-6.707,-31.234,0
1398294660635,41929965303000,171538052000001,-3.622,-6.707,-31.234,0
1398294660645,41929975312000,171538052000001,-3.622,-6.707,-31.564,0
1398294660656,41929985322000,171538052000001,-3.622,-6.707,-31.564,0
1398294660665,41929995362000,171538052000001,-3.622,-6.707,-31.564,0
1398294660675,41930005342000,171538052000001,-3.622,-6.707,-31.564,0
1398294660686,41930015351000,171538052000001,-3.622,-6.707,-31.564,0
1398294660695,41930025361000,171538052000001,-3.622,-6.707,-31.564,0
1398294660705,41930035371000,171538052000001,-3.622,-6.707,-31.564,0
1398294660715,41930045381000,171538052000001,-3.622,-6.707,-31.564,0
1398294660727,41930056947000,171538052000001,-3.622,-6.707,-31.564,0
1398294660737,41930065431000,171538052000001,-3.622,-6.707,-31.564,0
1398294660746,41930075410000,171538052000001,-3.622,-6.707,-31.564,0
1398294660758,41930087922000,171538052000001,-3.622,-6.707,-31.564,0
1398294660766,41930095460000,171538052000001,-3.622,-6.707,-31.564,0
1398294660782,41930105470000,171538052000001,-3.622,-6.707,-31.564,0
1398294660789,41930115510000,171538052000001,-3.622,-6.707,-31.564,0
1398294660796,41930125520000,171538052000001,-3.622,-6.707,-31.564,0
1398294660806,41930135499000,171538052000001,-3.622,-6.707,-31.564,0
1398294660815,41930145509000,171538052000001,-3.622,-6.707,-31.564,0
1398294660825,41930155549000,171538052000001,-3.622,-6.707,-31.564,0
1398294660835,41930165528000,171538052000001,-3.622,-6.707,-31.564,0
1398294660845,41930175538000,171538052000001,-3.622,-6.707,-31.564,0
1398294660856,41930185578000,171538052000001,-3.622,-6.707,-31.564,0
1398294660866,41930195588000,171538052000001,-3.622,-6.707,-31.564,0
1398294660876,41930205598000,171538052000001,-3.622,-6.707,-31.564,0
1398294660887,41930215608000,171538052000001,-3.933,-6.707,-31.564,0
1398294660896,41930225617000,171538052000001,-3.933,-6.707,-31.564,0
1398294660908,41930237153000,171538052000001,-3.933,-6.707,-31.564,0
1398294660916,41930245698000,171538052000001,-3.933,-6.707,-31.564,0
1398294660926,41930255647000,171538052000001,-3.933,-6.707,-31.564,0
1398294660936,41930265809000,171538052000001,-3.933,-6.707,-31.564,0
1398294660946,41930275636000,171538052000001,-3.933,-6.707,-31.564,0
1398294660963,41930285676000,171538052000001,-3.933,-6.707,-31.564,0
1398294660966,41930295686000,171538052000001,-3.933,-6.707,-31.564,0
1398294660976,41930305696000,171538052000001,-3.933,-6.707,-31.564,0
1398294660986,41930315675000,171538052000001,-3.933,-6.707,-31.564,0
1398294660996,41930325746000,171538052000001,-3.933,-6.707,-31.564,0
1398294661006,41930335694000,171538052000001,-3.933,-6.707,-31.564,0
1398294661017,41930345735000,171538052000001,-3.933,-6.707,-31.564,0
1398294661026,41930355744000,171538052000001,-3.933,-6.707,-31.564,0
1398294661036,41930365724000,171538052000001,-3.623,-6.707,-31.564,0
1398294661046,41930375764000,171538052000001,-3.623,-6.707,-31.564,0
1398294661057,41930386384000,171538052000001,-3.623,-6.707,-31.564,0
1398294661066,41930395692000,171538052000001,-3.623,-6.707,-31.564,0
1398294661076,41930405763000,171538052000001,-3.623,-7.026,-31.564,0
1398294661088,41930417329000,171538052000001,-3.623,-7.026,-31.564,0
1398294661102,41930425843000,171538052000001,-3.32,-7.026,-31.564,0
1398294661112,41930435823000,171538052000001,-3.32,-7.026,-31.564,0
1398294661116,41930445832000,171538052000001,-3.32,-7.026,-31.564,0
1398294661126,41930455812000,171538052000001,-3.32,-7.026,-31.564,0
1398294661139,41930465852000,171538052000001,-3.32,-7.026,-31.564,0
1398294661146,41930475831000,171538052000001,-3.32,-7.026,-31.564,0
1398294661156,41930485841000,171538052000001,-3.32,-7.026,-31.564,0
1398294661166,41930495851000,171538052000001,-3.32,-7.026,-31.564,0
1398294661176,41930505860000,171538052000001,-3.32,-7.026,-31.564,0
1398294661186,41930515870000,171538052000001,-3.32,-7.026,-31.564,0
1398294661196,41930525880000,171538052000001,-3.32,-7.026,-31.564,0
1398294661206,41930535890000,171538052000001,-3.32,-7.026,-31.564,0
1398294661216,41930545899000,171538052000001,-3.32,-7.026,-31.564,0
1398294661226,41930555940000,171538052000001,-3.32,-7.026,-31.564,0
1398294661236,41930565919000,171538052000001,-3.642,-7.026,-31.564,0
1398294661246,41930575929000,171538052000001,-3.642,-6.715,-31.564,0
1398294661256,41930585939000,171538052000001,-3.642,-6.715,-31.564,0
1398294661267,41930597505000,171538052000001,-3.642,-6.715,-31.564,0
1398294661276,41930606019000,171538052000001,-3.642,-6.715,-31.564,0
1398294661286,41930615968000,171538052000001,-3.642,-6.715,-31.564,0
1398294661296,41930626008000,171538052000001,-3.642,-6.715,-31.564,0
1398294661306,41930635987000,171538052000001,-3.642,-6.715,-31.564,0
1398294661316,41930645997000,171538052000001,-3.97,-6.715,-31.564,0
1398294661326,41930656007000,171538052000001,-3.97,-6.715,-31.564,0
1398294661336,41930666017000,171538052000001,-3.97,-6.365,-31.564,0
1398294661346,41930676057000,171538052000001,-3.97,-6.365,-31.564,0
1398294661356,41930686036000,171538052000001,-3.97,-6.365,-31.564,0
1398294661366,41930696382000,171538052000001,-3.97,-6.365,-31.564,0
1398294661382,41930708009000,171538052000001,-3.97,-6.365,-31.564,0
1398294661388,41930718141000,171538052000001,-3.97,-6.365,-31.564,0
1398294661401,41930730531000,171538052000001,-3.97,-6.365,-31.564,0
1398294661409,41930739381000,171538052000001,-3.97,-6.365,-31.564,0
1398294661421,41930750886000,171538052000001,-3.97,-6.365,-31.564,0
1398294661429,41930758760000,171538052000001,-3.97,-6.365,-31.564,0
1398294661442,41930772309000,171538052000001,-3.97,-6.365,-31.564,0
1398294661450,41930779939000,171538052000001,-3.97,-6.365,-31.564,0
1398294661460,41930789979000,171538052000001,-3.97,-6.365,-31.564,0
1398294661470,41930799745000,171538052000001,-3.97,-6.365,-31.564,0
1398294661484,41930810243000,171538052000001,-3.97,-6.365,-31.564,0
1398294661491,41930816163000,171538052000001,-3.97,-6.365,-31.564,0
1398294661505,41930826325000,171538052000001,-3.97,-6.365,-31.564,0
1398294661507,41930836213000,171538052000001,-3.97,-6.365,-31.564,0
1398294661537,41930846192000,171538052000001,-3.97,-6.365,-31.564,0
1398294661539,41930856629000,171538052000001,-4.286,-6.365,-31.564,0
1398294661540,41930866212000,171538052000001,-4.286,-6.365,-31.564,0
1398294661552,41930876222000,171538052000001,-4.286,-6.365,-31.564,0
1398294661557,41930886201000,171538052000001,-4.286,-6.365,-31.564,0
1398294661577,41930896852000,171538052000001,-4.592,-6.365,-31.564,0
1398294661578,41930906282000,171538052000001,-4.592,-6.365,-31.564,0
1398294661602,41930916322000,171538052000001,-4.592,-6.365,-31.564,0
1398294661605,41930926271000,171538052000001,-4.592,-6.365,-31.564,0
1398294661623,41930937135000,171538052000001,-4.592,-6.365,-31.564,0
1398294661625,41930946290000,171538052000001,-4.936,-6.365,-31.564,0
1398294661628,41930957856000,171538052000001,-4.936,-6.365,-31.564,0
1398294661636,41930966310000,171538052000001,-4.936,-6.365,-31.564,0
1398294661646,41930976289000,171538052000001,-4.936,-6.365,-31.564,0
1398294661656,41930986268000,171538052000001,-4.936,-6.365,-31.564,0
1398294661666,41930996308000,171538052000001,-4.936,-6.365,-31.564,0
1398294661677,41931006867000,171538052000001,-4.936,-6.365,-31.216,0
1398294661688,41931016297000,171538052000001,-4.936,-6.365,-31.216,0
1398294661696,41931026368000,171538052000001,-4.936,-6.365,-31.216,0
1398294661706,41931036347000,171538052000001,-4.936,-6.365,-31.216,0
1398294661716,41931046357000,171538052000001,-4.936,-6.365,-31.216,0
1398294661726,41931056367000,171538052000001,-4.936,-6.365,-31.216,0
1398294661736,41931066377000,171538052000001,-4.936,-6.365,-31.216,0
1398294661746,41931076387000,171538052000001,-4.936,-6.365,-31.216,0
1398294661756,41931086396000,171538052000001,-4.51,-6.365,-31.216,0
1398294661766,41931096406000,171538052000001,-4.51,-6.365,-31.216,0
1398294661776,41931106416000,171538052000001,-4.51,-6.365,-31.216,0
1398294661786,41931116426000,171538052000001,-4.107,-6.365,-31.216,0
1398294661796,41931126435000,171538052000001,-4.107,-6.365,-31.216,0
1398294661808,41931138001000,171538052000001,-4.107,-6.365,-31.216,0
1398294661816,41931146485000,171538052000001,-3.735,-6.704,-31.216,0
1398294661826,41931156465000,171538052000001,-3.735,-6.704,-31.216,0
1398294661836,41931166474000,171538052000001,-3.735,-6.704,-31.216,0
1398294661846,41931176454000,171538052000001,-3.427,-6.704,-31.216,0
1398294661856,41931186494000,171538052000001,-3.427,-6.704,-31.216,0
1398294661867,41931196534000,171538052000001,-3.427,-6.704,-31.216,0
1398294661876,41931206513000,171538052000001,-3.427,-6.704,-31.216,0
1398294661887,41931216523000,171538052000001,-3.427,-6.704,-31.216,0
1398294661897,41931226564000,171538052000001,-3.427,-6.704,-31.216,0
1398294661907,41931236573000,171538052000001,-3.092,-6.704,-31.216,0
1398294661918,41931246553000,171538052000001,-3.092,-6.704,-31.541,0
1398294661927,41931256562000,171538052000001,-3.092,-6.704,-31.541,0
1398294661942,41931266603000,171538052000001,-3.092,-6.704,-31.541,0
1398294661947,41931276612000,171538052000001,-3.092,-6.704,-31.541,0
1398294661957,41931286622000,171538052000001,-3.092,-6.704,-31.541,0
1398294661966,41931296632000,171538052000001,-3.092,-6.704,-31.541,0
1398294661977,41931306642000,171538052000001,-3.092,-6.704,-31.541,0
1398294661992,41931321900000,171538052000001,-3.092,-6.704,-31.541,0
1398294661997,41931326692000,171538052000001,-3.451,-6.704,-31.541,0
1398294662006,41931336579000,171538052000001,-3.451,-6.704,-31.541,0
1398294662017,41931346620000,171538052000001,-3.451,-6.704,-31.541,0
1398294662027,41931356629000,171538052000001,-3.451,-6.704,-31.541,0
1398294662037,41931366639000,171538052000001,-3.451,-6.704,-31.541,0
1398294662046,41931376618000,171538052000001,-3.808,-6.704,-31.541,0
1398294662057,41931386628000,171538052000001,-3.808,-6.704,-31.541,0
1398294662066,41931396638000,171538052000001,-3.808,-6.704,-31.541,0
1398294662077,41931406678000,171538052000001,-3.808,-6.704,-31.541,0
1398294662087,41931416688000,171538052000001,-3.808,-6.704,-31.541,0
1398294662097,41931426728000,171538052000001,-4.144,-6.704,-31.541,0
1398294662107,41931436708000,171538052000001,-4.144,-6.704,-31.541,0
1398294662117,41931446748000,171538052000001,-4.144,-6.704,-31.214,0
1398294662127,41931456727000,171538052000001,-4.464,-6.704,-31.214,0
1398294662137,41931466737000,171538052000001,-4.464,-6.704,-31.214,0
1398294662147,41931476716000,171538052000001,-4.464,-6.704,-31.214,0
1398294662157,41931486726000,171538052000001,-4.464,-6.704,-31.214,0
1398294662169,41931498292000,171538052000001,-4.808,-6.704,-31.214,0
1398294662184,41931506837000,171538052000001,-4.808,-6.704,-31.214,0
1398294662187,41931516786000,171538052000001,-4.808,-6.704,-31.214,0
1398294662197,41931526765000,171538052000001,-4.808,-6.704,-31.214,0
1398294662207,41931536805000,171538052000001,-4.808,-6.704,-31.214,0
1398294662221,41931546815000,171538052000001,-5.142,-6.704,-30.885,0
1398294662227,41931556825000,171538052000001,-5.142,-6.704,-30.885,0
1398294662237,41931566835000,171538052000001,-5.142,-6.704,-30.885,0
1398294662248,41931576814000,171538052000001,-5.142,-6.704,-30.885,0
1398294662257,41931586824000,171538052000001,-5.45,-6.704,-30.885,0
1398294662267,41931596833000,171538052000001,-5.45,-6.704,-30.885,0
1398294662277,41931606843000,171538052000001,-5.45,-6.704,-30.885,0
1398294662291,41931621553000,171538052000001,-5.45,-6.704,-30.885,0
1398294662297,41931626863000,171538052000001,-5.778,-6.704,-30.885,0
1398294662310,41931636903000,171538052000001,-5.778,-6.704,-30.885,0
1398294662319,41931646913000,171538052000001,-5.778,-6.704,-30.885,0
1398294662327,41931656922000,171538052000001,-5.778,-6.704,-30.885,0
1398294662337,41931666932000,171538052000001,-5.778,-6.704,-30.885,0
1398294662348,41931678468000,171538052000001,-5.778,-6.704,-30.885,0
1398294662357,41931686982000,171538052000001,-5.778,-6.704,-30.885,0
1398294662367,41931696931000,171538052000001,-5.778,-6.704,-30.885,0
1398294662377,41931706941000,171538052000001,-5.778,-6.704,-30.885,0
1398294662387,41931717042000,171538052000001,-5.778,-6.704,-30.885,0
1398294662397,41931726960000,171538052000001,-6.103,-6.704,-30.885,0
1398294662407,41931736970000,171538052000001,-6.103,-6.704,-30.885,0
1398294662417,41931746980000,171538052000001,-6.103,-6.704,-30.885,0
1398294662427,41931756990000,171538052000001,-6.103,-6.704,-30.885,0
1398294662437,41931766999000,171538052000001,-6.103,-6.704,-30.885,0
1398294662447,41931777040000,171538052000001,-6.103,-6.704,-30.885,0
1398294662457,41931787019000,171538052000001,-6.103,-6.704,-30.885,0
1398294662467,41931797029000,171538052000001,-6.103,-6.704,-30.885,0
1398294662477,41931807038000,171538052000001,-6.103,-6.704,-30.885,0
1398294662487,41931817079000,171538052000001,-6.103,-6.704,-30.885,0
1398294662497,41931827058000,171538052000001,-6.103,-6.704,-30.885,0
1398294662507,41931837098000,171538052000001,-5.79,-6.704,-30.885,0
1398294662517,41931847077000,171538052000001,-5.79,-6.704,-30.885,0
1398294662531,41931858644000,171538052000001,-5.79,-6.704,-30.885,0
1398294662547,41931867189000,171538052000001,-5.79,-6.704,-30.885,0
1398294662548,41931877137000,171538052000001,-5.79,-6.704,-30.885,0
1398294662558,41931887147000,171538052000001,-5.79,-6.704,-30.885,0
1398294662568,41931897157000,171538052000001,-5.79,-6.704,-30.885,0
1398294662577,41931907136000,171538052000001,-5.79,-6.704,-30.885,0
1398294662587,41931917207000,171538052000001,-5.79,-6.704,-30.885,0
1398294662606,41931931092000,171538052000001,-5.79,-6.704,-30.885,0
1398294662608,41931937196000,171538052000001,-5.79,-6.704,-30.885,0
1398294662617,41931947175000,171538052000001,-5.79,-6.704,-30.885,0
1398294662627,41931957185000,171538052000001,-5.79,-6.704,-30.885,0
1398294662637,41931967195000,171538052000001,-5.79,-6.704,-30.885,0
1398294662647,41931977204000,171538052000001,-5.79,-6.704,-30.885,0
1398294662657,41931987275000,171538052000001,-6.126,-6.704,-30.885,0
1398294662667,41931997224000,171538052000001,-6.126,-6.704,-30.885,0
1398294662677,41932007234000,171538052000001,-6.126,-6.704,-30.885,0
1398294662687,41932017243000,171538052000001,-6.126,-6.404,-30.885,0
1398294662697,41932027253000,171538052000001,-6.126,-6.404,-30.885,0
1398294662709,41932038819000,171538052000001,-6.126,-6.404,-30.885,0
1398294662717,41932047303000,171538052000001,-6.126,-6.404,-30.885,0
1398294662727,41932057283000,171538052000001,-6.126,-6.404,-30.885,0
1398294662737,41932067323000,171538052000001,-6.126,-6.404,-30.885,0
1398294662747,41932077333000,171538052000001,-6.126,-6.404,-30.885,0
1398294662757,41932087312000,171538052000001,-6.126,-6.404,-30.885,0
1398294662767,41932097322000,171538052000001,-6.126,-6.404,-30.885,0
1398294662777,41932107362000,171538052000001,-6.126,-6.404,-30.885,0
1398294662787,41932117372000,171538052000001,-6.126,-6.063,-30.885,0
1398294662797,41932127381000,171538052000001,-6.126,-6.063,-30.885,0
1398294662807,41932137391000,171538052000001,-6.126,-6.063,-30.885,0
1398294662817,41932147401000,171538052000001,-6.126,-6.063,-30.885,0
1398294662827,41932157411000,171538052000001,-6.126,-6.063,-30.885,0
1398294662837,41932167420000,171538052000001,-6.126,-6.063,-30.885,0
1398294662847,41932177430000,171538052000001,-6.126,-6.063,-30.885,0
1398294662857,41932187440000,171538052000001,-6.126,-6.063,-30.885,0
1398294662867,41932197419000,171538052000001,-6.126,-5.708,-30.885,0
1398294662879,41932208802000,171538052000001,-6.126,-5.708,-30.885,0
1398294662899,41932224793000,171538052000001,-6.126,-5.708,-30.885,0
1398294662902,41932227662000,171538052000001,-6.126,-5.708,-30.885,0
1398294662922,41932242494000,171538052000001,-6.126,-5.708,-30.885,0
1398294662924,41932247560000,171538052000001,-6.126,-5.708,-30.885,0
1398294662934,41932258027000,171538052000001,-6.126,-5.708,-30.885,0
1398294662939,41932269288000,171538052000001,-6.126,-5.708,-30.885,0
1398294662958,41932278260000,171538052000001,-6.126,-5.708,-30.885,0
1398294662960,41932287629000,171538052000001,-6.126,-5.708,-30.885,0
1398294662969,41932297608000,171538052000001,-6.126,-5.708,-30.885,0
1398294662984,41932307984000,171538052000001,-6.126,-5.708,-31.217,0
1398294662988,41932317597000,171538052000001,-6.126,-5.708,-31.217,0
1398294663009,41932327607000,171538052000001,-6.126,-5.708,-31.217,0
1398294663011,41932337617000,171538052000001,-6.126,-5.708,-31.217,0
1398294663026,41932347657000,171538052000001,-6.126,-5.708,-31.217,0
1398294663043,41932357637000,171538052000001,-6.126,-5.708,-31.217,0
1398294663049,41932367646000,171538052000001,-6.126,-5.708,-31.217,0
1398294663065,41932377656000,171538052000001,-6.126,-5.708,-31.217,0
1398294663067,41932387635000,171538052000001,-6.126,-5.708,-31.217,0
1398294663072,41932399201000,171538052000001,-6.126,-5.708,-31.217,0
1398294663079,41932407899000,171538052000001,-6.126,-6.022,-31.217,0
1398294663091,41932417695000,171538052000001,-6.126,-6.022,-31.217,0
1398294663099,41932427705000,171538052000001,-6.126,-6.022,-31.217,0
1398294663108,41932437684000,171538052000001,-6.126,-6.022,-31.217,0
1398294663118,41932447694000,171538052000001,-6.126,-6.022,-31.217,0
1398294663128,41932457704000,171538052000001,-6.126,-6.022,-31.217,0
1398294663138,41932467713000,171538052000001,-6.126,-6.022,-31.217,0
1398294663148,41932477723000,171538052000001,-6.126,-6.022,-31.217,0
1398294663158,41932487733000,171538052000001,-6.126,-6.022,-31.217,0
1398294663168,41932497743000,171538052000001,-6.126,-6.022,-31.217,0
1398294663179,41932507783000,171538052000001,-6.126,-6.022,-31.217,0
1398294663200,41932517823000,171538052000001,-6.126,-6.022,-31.217,0
1398294663202,41932527772000,171538052000001,-6.126,-6.022,-31.217,0
1398294663213,41932542787000,171538052000001,-6.126,-6.022,-31.217,0
1398294663218,41932547853000,171538052000001,-6.126,-6.022,-31.217,0
1398294663228,41932557801000,171538052000001,-6.126,-6.022,-31.217,0
1398294663238,41932567811000,171538052000001,-6.126,-6.022,-31.217,0
1398294663249,41932579347000,171538052000001,-6.126,-6.022,-31.217,0
1398294663258,41932587861000,171538052000001,-6.126,-6.022,-31.217,0
1398294663269,41932597840000,171538052000001,-6.126,-6.022,-31.217,0
1398294663278,41932607850000,171538052000001,-6.126,-6.022,-31.217,0
1398294663288,41932617860000,171538052000001,-6.126,-6.022,-31.217,0
1398294663299,41932627839000,171538052000001,-6.126,-6.022,-31.217,0
1398294663308,41932637849000,171538052000001,-6.126,-6.022,-31.217,0
1398294663319,41932647889000,171538052000001,-6.126,-6.022,-31.217,0
1398294663329,41932657868000,171538052000001,-6.126,-6.022,-31.217,0
1398294663338,41932667878000,171538052000001,-6.126,-6.022,-31.217,0
1398294663348,41932677888000,171538052000001,-6.126,-6.358,-31.217,0
1398294663358,41932687898000,171538052000001,-6.126,-6.358,-31.217,0
1398294663370,41932697938000,171538052000001,-6.126,-6.358,-30.912,0
1398294663382,41932707917000,171538052000001,-6.451,-6.358,-30.912,0
1398294663388,41932717958000,171538052000001,-6.451,-6.358,-30.912,0
1398294663398,41932727937000,171538052000001,-6.451,-6.71,-30.912,0
1398294663408,41932737947000,171538052000001,-6.451,-6.71,-30.912,0
1398294663418,41932747956000,171538052000001,-6.451,-6.71,-30.912,0
1398294663429,41932759522000,171538052000001,-6.784,-6.71,-30.912,0
1398294663438,41932768006000,171538052000001,-6.784,-6.71,-30.912,0
1398294663448,41932778016000,171538052000001,-6.784,-6.71,-30.912,0
1398294663458,41932787995000,171538052000001,-6.784,-6.71,-30.912,0
1398294663468,41932798005000,171538052000001,-6.784,-7.066,-30.569,0
1398294663478,41932808015000,171538052000001,-6.784,-7.066,-30.569,0
1398294663488,41932818055000,171538052000001,-6.784,-7.066,-30.569,0
1398294663498,41932828065000,171538052000001,-6.784,-7.066,-30.569,0
1398294663508,41932838197000,171538052000001,-6.784,-7.066,-30.569,0
1398294663518,41932848054000,171538052000001,-6.784,-7.066,-30.569,0
1398294663528,41932858033000,171538052000001,-6.784,-7.066,-30.569,0
1398294663538,41932868074000,171538052000001,-6.784,-7.066,-30.569,0
1398294663552,41932878144000,171538052000001,-6.784,-7.066,-30.569,0
1398294663559,41932888124000,171538052000001,-6.784,-7.066,-30.569,0
1398294663568,41932898103000,171538052000001,-6.784,-7.066,-30.569,0
1398294663578,41932908113000,171538052000001,-6.784,-7.066,-30.569,0
1398294663588,41932918122000,171538052000001,-6.784,-7.066,-30.569,0
1398294663598,41932928193000,171538052000001,-6.784,-7.066,-30.569,0
1398294663610,41932939729000,171538052000001,-6.784,-7.066,-30.569,0
1398294663618,41932948243000,171538052000001,-6.784,-7.066,-30.569,0
1398294663628,41932958161000,171538052000001,-6.784,-7.066,-30.569,0
1398294663638,41932968171000,171538052000001,-6.784,-7.066,-30.569,0
1398294663648,41932978181000,171538052000001,-6.784,-6.753,-30.569,0
1398294663658,41932988160000,171538052000001,-6.784,-6.753,-30.569,0
1398294663668,41932998200000,171538052000001,-6.784,-6.753,-30.569,0
1398294663678,41933008210000,171538052000001,-6.784,-6.753,-30.569,0
1398294663688,41933018220000,171538052000001,-6.784,-6.753,-30.883,0
1398294663698,41933028230000,171538052000001,-6.784,-6.753,-30.883,0
1398294663708,41933038240000,171538052000001,-6.784,-6.446,-30.883,0
1398294663718,41933048249000,171538052000001,-6.784,-6.446,-30.883,0
1398294663728,41933058259000,171538052000001,-6.784,-6.446,-30.883,0
1398294663738,41933068269000,171538052000001,-6.784,-6.446,-30.883,0
1398294663748,41933078279000,171538052000001,-6.784,-6.446,-30.883,0
1398294663758,41933088288000,171538052000001,-6.784,-6.446,-30.883,0
1398294663768,41933098298000,171538052000001,-6.784,-6.446,-30.883,0
1398294663778,41933108308000,171538052000001,-6.784,-6.446,-30.883,0
1398294663790,41933119874000,171538052000001,-6.784,-6.446,-30.883,0
1398294663801,41933128388000,171538052000001,-6.478,-6.446,-30.883,0
1398294663812,41933138337000,171538052000001,-6.478,-6.118,-30.883,0
1398294663819,41933148347000,171538052000001,-6.478,-6.118,-30.883,0
1398294663830,41933158357000,171538052000001,-6.478,-6.118,-30.883,0
1398294663838,41933168366000,171538052000001,-6.478,-6.118,-30.883,0
1398294663849,41933178376000,171538052000001,-6.478,-6.118,-30.883,0
1398294663861,41933188417000,171538052000001,-6.478,-6.118,-30.883,0
1398294663869,41933198396000,171538052000001,-6.478,-6.118,-30.883,0
1398294663879,41933208406000,171538052000001,-6.478,-6.118,-30.883,0
1398294663888,41933218415000,171538052000001,-6.478,-6.118,-30.883,0
1398294663898,41933228425000,171538052000001,-6.478,-6.118,-31.192,0
1398294663908,41933238404000,171538052000001,-6.478,-6.118,-31.192,0
1398294663918,41933248445000,171538052000001,-6.143,-6.118,-31.192,0
1398294663929,41933258485000,171538052000001,-6.143,-6.118,-31.192,0
1398294663938,41933268647000,171538052000001,-6.143,-6.118,-31.192,0
1398294663948,41933278474000,171538052000001,-6.143,-6.118,-31.192,0
1398294663959,41933288484000,171538052000001,-6.143,-6.118,-31.192,0
1398294663970,41933300080000,171538052000001,-6.143,-6.118,-31.192,0
1398294663979,41933308534000,171538052000001,-6.143,-6.118,-31.192,0
1398294663989,41933318513000,171538052000001,-6.143,-6.118,-31.192,0
1398294663999,41933328523000,171538052000001,-6.143,-6.118,-31.192,0
1398294664010,41933338533000,171538052000001,-6.143,-6.118,-31.192,0
1398294664019,41933348542000,171538052000001,-6.143,-6.118,-31.192,0
1398294664029,41933358552000,171538052000001,-6.143,-6.118,-31.192,0
1398294664038,41933368562000,171538052000001,-6.143,-6.118,-31.192,0
1398294664049,41933378572000,171538052000001,-6.143,-6.118,-31.192,0
1398294664060,41933388581000,171538052000001,-6.143,-6.118,-31.192,0
1398294664068,41933398591000,171538052000001,-6.143,-6.118,-31.192,0
1398294664089,41933408601000,171538052000001,-6.143,-6.118,-31.192,0
1398294664090,41933418611000,171538052000001,-6.143,-6.118,-31.192,0
1398294664099,41933428651000,171538052000001,-6.143,-6.118,-31.192,0
1398294664111,41933438630000,171538052000001,-6.503,-6.118,-31.192,0
1398294664119,41933448670000,171538052000001,-6.503,-6.118,-31.192,0
1398294664129,41933458650000,171538052000001,-6.503,-6.419,-31.192,0
1398294664138,41933468629000,171538052000001,-6.503,-6.419,-31.192,0
1398294664150,41933480195000,171538052000001,-6.503,-6.419,-31.192,0
1398294664160,41933488710000,171538052000001,-6.503,-6.419,-31.192,0
1398294664169,41933498689000,171538052000001,-6.503,-6.419,-31.192,0
1398294664179,41933508699000,171538052000001,-6.805,-6.419,-30.885,0
1398294664189,41933518708000,171538052000001,-6.805,-6.75,-30.885,0
1398294664199,41933528718000,171538052000001,-6.805,-6.75,-30.885,0
1398294664210,41933538728000,171538052000001,-6.805,-6.75,-30.885,0
1398294664219,41933548738000,171538052000001,-6.805,-6.75,-30.885,0
1398294664229,41933558747000,171538052000001,-6.805,-6.75,-30.885,0
1398294664239,41933568727000,171538052000001,-6.805,-7.08,-30.885,0
1398294664249,41933578767000,171538052000001,-6.805,-7.08,-30.885,0
1398294664260,41933588777000,171538052000001,-6.805,-7.08,-30.885,0
1398294664269,41933598786000,171538052000001,-6.805,-7.08,-30.885,0
1398294664279,41933608796000,171538052000001,-7.131,-7.08,-30.584,0
1398294664289,41933618836000,171538052000001,-7.131,-7.08,-30.584,0
1398294664300,41933628877000,171538052000001,-7.131,-7.08,-30.584,0
1398294664309,41933638856000,171538052000001,-7.131,-7.08,-30.584,0
1398294664324,41933648896000,171538052000001,-7.131,-7.08,-30.584,0
1398294664333,41933660890000,171538052000001,-7.131,-7.08,-30.584,0
1398294664339,41933668946000,171538052000001,-7.476,-7.08,-30.584,0
1398294664349,41933678895000,171538052000001,-7.476,-7.08,-30.584,0
1398294664359,41933688935000,171538052000001,-7.476,-7.08,-30.584,0
1398294664370,41933699128000,171538052000001,-7.476,-7.08,-30.253,0
1398294664379,41933708955000,171538052000001,-7.476,-7.08,-30.253,0
1398294664389,41933718904000,171538052000001,-7.476,-7.08,-30.253,0
1398294664399,41933728944000,171538052000001,-7.476,-7.08,-30.253,0
1398294664409,41933738923000,171538052000001,-7.476,-7.08,-30.253,0
1398294664419,41933748963000,171538052000001,-7.476,-7.08,-30.253,0
1398294664437,41933758943000,171538052000001,-7.476,-7.08,-30.253,0
1398294664443,41933768952000,171538052000001,-7.476,-7.08,-30.253,0
1398294664456,41933779023000,171538052000001,-7.476,-6.765,-30.253,0
1398294664459,41933789033000,171538052000001,-7.476,-6.765,-30.253,0
1398294664473,41933799043000,171538052000001,-7.476,-6.765,-30.563,0
1398294664479,41933809053000,171538052000001,-7.476,-6.765,-30.563,0
1398294664489,41933819032000,171538052000001,-7.476,-6.765,-30.563,0
1398294664499,41933829042000,171538052000001,-7.125,-6.765,-30.563,0
1398294664511,41933840608000,171538052000001,-7.125,-6.765,-30.563,0
1398294664519,41933849092000,171538052000001,-7.125,-6.765,-30.563,0
1398294664529,41933859071000,171538052000001,-7.125,-6.765,-30.563,0
1398294664539,41933869081000,171538052000001,-6.816,-6.765,-30.87,0
1398294664549,41933879090000,171538052000001,-6.816,-6.765,-30.87,0
1398294664560,41933889131000,171538052000001,-6.816,-6.765,-30.87,0
1398294664570,41933899110000,171538052000001,-6.816,-6.765,-30.87,0
1398294664579,41933909120000,171538052000001,-6.816,-6.765,-30.87,0
1398294664589,41933919129000,171538052000001,-6.816,-6.765,-30.87,0
1398294664599,41933929139000,171538052000001,-6.816,-6.765,-30.87,0
1398294664610,41933939149000,171538052000001,-6.816,-6.765,-30.87,0
1398294664620,41933949159000,171538052000001,-6.816,-6.765,-30.87,0
1398294664629,41933959168000,171538052000001,-6.816,-6.765,-30.87,0
1398294664639,41933969209000,171538052000001,-6.816,-6.765,-30.87,0
1398294664649,41933979219000,171538052000001,-6.816,-6.765,-30.87,0
1398294664660,41933989198000,171538052000001,-6.816,-6.765,-30.87,0
1398294664669,41933999238000,171538052000001,-6.816,-6.765,-30.87,0
1398294664679,41934009217000,171538052000001,-6.816,-6.765,-30.87,0
1398294664692,41934020814000,171538052000001,-6.816,-6.765,-30.87,0
1398294664699,41934029237000,171538052000001,-6.816,-6.765,-30.87,0
1398294664710,41934039216000,171538052000001,-6.816,-6.765,-30.87,0
1398294664726,41934049226000,171538052000001,-6.816,-7.07,-30.87,0
1398294664729,41934059236000,171538052000001,-6.816,-7.07,-30.87,0
1398294664739,41934069215000,171538052000001,-6.816,-7.07,-30.87,0
1398294664749,41934079255000,171538052000001,-6.816,-7.07,-30.87,0
1398294664759,41934089265000,171538052000001,-6.816,-7.07,-30.87,0
1398294664769,41934099275000,171538052000001,-7.13,-7.07,-30.87,0
1398294664779,41934109254000,171538052000001,-7.13,-7.07,-30.543,0
1398294664789,41934119264000,171538052000001,-7.13,-7.07,-30.543,0
1398294664799,41934129487000,171538052000001,-7.13,-7.07,-30.543,0
1398294664809,41934139314000,171538052000001,-7.13,-7.07,-30.543,0
1398294664819,41934149324000,171538052000001,-7.13,-7.376,-30.543,0
1398294664830,41934159333000,171538052000001,-7.13,-7.376,-30.543,0
1398294664840,41934169313000,171538052000001,-7.13,-7.376,-30.543,0
1398294664850,41934179353000,171538052000001,-7.13,-7.376,-30.543,0
1398294664859,41934189363000,171538052000001,-7.13,-7.376,-30.543,0
1398294664871,41934200898000,171538052000001,-7.13,-7.733,-30.543,0
1398294664879,41934209413000,171538052000001,-7.13,-7.733,-30.543,0
1398294664889,41934219361000,171538052000001,-7.13,-7.733,-30.543,0
1398294664900,41934229371000,171538052000001,-7.13,-7.733,-30.242,0
1398294664910,41934239381000,171538052000001,-7.13,-7.733,-30.242,0
1398294664924,41934249421000,171538052000001,-7.13,-8.082,-30.242,0
1398294664932,41934259431000,171538052000001,-7.13,-8.082,-30.242,0
1398294664939,41934269441000,171538052000001,-7.13,-8.082,-30.242,0
1398294664949,41934279420000,171538052000001,-7.13,-8.082,-30.242,0
1398294664959,41934289430000,171538052000001,-7.13,-8.082,-30.242,0
1398294664970,41934299470000,171538052000001,-6.811,-8.082,-30.242,0
1398294664979,41934309449000,171538052000001,-6.811,-8.082,-30.242,0
1398294664990,41934319459000,171538052000001,-6.811,-8.082,-30.242,0
1398294665000,41934329499000,171538052000001,-6.811,-8.082,-30.242,0
1398294665010,41934339509000,171538052000001,-6.811,-8.082,-30.242,0
1398294665020,41934349519000,171538052000001,-6.811,-8.082,-30.242,0
1398294665031,41934359529000,171538052000001,-6.811,-8.082,-30.242,0
1398294665039,41934369508000,171538052000001,-6.811,-8.082,-30.242,0
1398294665051,41934381074000,171538052000001,-6.811,-8.082,-30.242,0
1398294665059,41934389588000,171538052000001,-6.811,-8.082,-30.242,0
1398294665070,41934399568000,171538052000001,-6.811,-8.082,-30.242,0
1398294665080,41934409577000,171538052000001,-6.811,-8.082,-30.242,0
1398294665093,41934419587000,171538052000001,-6.811,-8.082,-30.242,0
1398294665100,41934429597000,171538052000001,-6.811,-8.082,-30.242,0
1398294665110,41934439607000,171538052000001,-6.504,-8.082,-30.242,0
1398294665120,41934449586000,171538052000001,-6.504,-8.082,-30.242,0
1398294665130,41934459626000,171538052000001,-6.504,-8.082,-30.242,0
1398294665141,41934469606000,171538052000001,-6.504,-8.082,-30.242,0
1398294665150,41934479646000,171538052000001,-6.504,-8.082,-30.242,0
1398294665160,41934489656000,171538052000001,-6.504,-7.743,-30.242,0
1398294665170,41934499635000,171538052000001,-6.504,-7.743,-30.242,0
1398294665180,41934509645000,171538052000001,-6.504,-7.743,-30.242,0
1398294665190,41934519654000,171538052000001,-6.504,-7.743,-30.242,0
1398294665206,41934529725000,171538052000001,-6.504,-7.743,-30.242,0
1398294665223,41934539704000,171538052000001,-6.504,-7.743,-30.242,0
1398294665225,41934549745000,171538052000001,-6.805,-7.743,-30.242,0
1398294665231,41934561250000,171538052000001,-6.805,-7.743,-30.242,0
1398294665240,41934569764000,171538052000001,-6.805,-7.388,-30.242,0
1398294665250,41934579774000,171538052000001,-6.805,-7.388,-30.242,0
1398294665260,41934589753000,171538052000001,-6.805,-7.388,-30.242,0
1398294665270,41934599763000,171538052000001,-6.805,-7.388,-30.242,0
1398294665280,41934609773000,171538052000001,-6.805,-7.388,-30.242,0
1398294665290,41934619752000,171538052000001,-6.805,-7.388,-30.242,0
1398294665300,41934629792000,171538052000001,-6.805,-7.388,-30.242,0
1398294665310,41934639772000,171538052000001,-6.805,-7.388,-30.242,0
1398294665321,41934649842000,171538052000001,-6.805,-7.388,-30.552,0
1398294665333,41934659852000,171538052000001,-6.805,-7.388,-30.552,0
1398294665340,41934669801000,171538052000001,-6.805,-7.388,-30.552,0
1398294665350,41934679811000,171538052000001,-6.805,-7.388,-30.552,0
1398294665360,41934689820000,171538052000001,-6.805,-7.388,-30.552,0
1398294665370,41934699861000,171538052000001,-6.805,-7.388,-30.552,0
1398294665380,41934709870000,171538052000001,-6.805,-7.388,-30.552,0
1398294665390,41934719880000,171538052000001,-6.805,-7.388,-30.552,0
1398294665406,41934729920000,171538052000001,-6.805,-7.388,-30.552,0
1398294665414,41934741487000,171538052000001,-6.805,-7.388,-30.552,0
1398294665420,41934749970000,171538052000001,-6.805,-7.388,-30.552,0
1398294665430,41934759919000,171538052000001,-6.805,-7.388,-30.552,0
1398294665440,41934769929000,171538052000001,-6.805,-7.388,-30.552,0
1398294665450,41934779939000,171538052000001,-6.805,-7.388,-30.552,0
1398294665460,41934790071000,171538052000001,-6.805,-7.388,-30.552,0
1398294665470,41934799928000,171538052000001,-6.805,-7.388,-30.552,0
1398294665480,41934809968000,171538052000001,-6.805,-7.388,-30.552,0
1398294665490,41934819947000,171538052000001,-6.805,-7.388,-30.552,0
1398294665500,41934829957000,171538052000001,-6.805,-7.388,-30.552,0
1398294665510,41934839997000,171538052000001,-6.805,-7.388,-30.552,0
1398294665520,41934850007000,171538052000001,-6.805,-7.388,-30.552,0
1398294665530,41934860017000,171538052000001,-6.805,-7.388,-30.552,0
1398294665540,41934869996000,171538052000001,-6.805,-7.388,-30.552,0
1398294665550,41934880036000,171538052000001,-6.805,-7.388,-30.552,0
1398294665560,41934890016000,171538052000001,-6.805,-7.388,-30.552,0
1398294665570,41934900056000,171538052000001,-6.471,-7.388,-30.552,0
1398294665580,41934910066000,171538052000001,-6.471,-7.388,-30.552,0
1398294665592,41934921601000,171538052000001,-6.471,-7.388,-30.552,0
1398294665601,41934930116000,171538052000001,-6.471,-7.388,-30.552,0
1398294665610,41934940095000,171538052000001,-6.094,-7.388,-30.552,0
1398294665620,41934950105000,171538052000001,-6.094,-7.388,-30.552,0
1398294665631,41934960084000,171538052000001,-6.094,-7.388,-30.552,0
1398294665640,41934970094000,171538052000001,-6.094,-7.388,-30.552,0
1398294665650,41934980134000,171538052000001,-5.747,-7.388,-30.552,0
1398294665660,41934990144000,171538052000001,-5.747,-7.388,-30.552,0
1398294665675,41935000123000,171538052000001,-5.747,-7.388,-30.552,0
1398294665680,41935010194000,171538052000001,-5.747,-7.388,-30.552,0
1398294665697,41935020173000,171538052000001,-5.747,-7.388,-30.552,0
1398294665700,41935030244000,171538052000001,-5.747,-7.388,-30.552,0
1398294665710,41935040223000,171538052000001,-5.421,-7.388,-30.552,0
1398294665720,41935050202000,171538052000001,-5.421,-7.388,-30.552,0
1398294665730,41935060243000,171538052000001,-5.421,-7.388,-30.552,0
1398294665740,41935070222000,171538052000001,-5.421,-7.388,-30.552,0
1398294665750,41935080232000,171538052000001,-5.079,-7.388,-30.552,0
1398294665760,41935090241000,171538052000001,-5.079,-7.388,-30.552,0
1398294665773,41935101808000,171538052000001,-5.079,-7.388,-30.552,0
1398294665780,41935110322000,171538052000001,-5.079,-7.388,-30.871,0
1398294665790,41935120271000,171538052000001,-5.079,-7.388,-30.871,0
1398294665800,41935130281000,171538052000001,-5.079,-7.081,-30.871,0
1398294665811,41935140473000,171538052000001,-5.079,-7.081,-30.871,0
1398294665820,41935150300000,171538052000001,-5.079,-7.081,-30.871,0
1398294665830,41935160340000,171538052000001,-5.079,-7.081,-30.871,0
1398294665840,41935170320000,171538052000001,-5.079,-7.081,-30.871,0
1398294665850,41935180329000,171538052000001,-5.079,-6.71,-30.871,0
1398294665860,41935190339000,171538052000001,-5.079,-6.71,-30.871,0
1398294665870,41935200349000,171538052000001,-5.079,-6.71,-30.871,0
1398294665880,41935210359000,171538052000001,-5.079,-6.71,-30.871,0
1398294665890,41935220368000,171538052000001,-5.079,-6.71,-30.871,0
1398294665900,41935230378000,171538052000001,-5.079,-6.71,-30.871,0
1398294665911,41935240388000,171538052000001,-5.079,-6.71,-31.178,0
1398294665925,41935250398000,171538052000001,-5.079,-6.71,-31.178,0
1398294665931,41935260438000,171538052000001,-5.079,-6.375,-31.178,0
1398294665941,41935270448000,171538052000001,-5.079,-6.375,-31.178,0
1398294665952,41935281983000,171538052000001,-5.079,-6.375,-31.178,0
1398294665962,41935290467000,171538052000001,-5.079,-6.375,-31.178,0
1398294665973,41935300416000,171538052000001,-5.079,-6.375,-31.178,0
1398294665981,41935310426000,171538052000001,-5.079,-6.375,-31.178,0
1398294665990,41935320436000,171538052000001,-5.079,-6.375,-31.178,0
1398294666000,41935330445000,171538052000001,-5.079,-6.375,-31.178,0
1398294666010,41935340455000,171538052000001,-5.079,-6.375,-31.178,0
1398294666032,41935350556000,171538052000001,-5.079,-6.375,-31.178,0
1398294666034,41935360505000,171538052000001,-5.079,-6.375,-31.178,0
1398294666045,41935370484000,171538052000001,-5.079,-6.375,-31.178,0
1398294666050,41935380494000,171538052000001,-5.079,-6.375,-31.178,0
1398294666060,41935390504000,171538052000001,-5.079,-6.375,-31.481,0
1398294666071,41935400514000,171538052000001,-5.079,-6.375,-31.481,0
1398294666081,41935410523000,171538052000001,-5.079,-6.051,-31.481,0
1398294666090,41935420533000,171538052000001,-5.38,-6.051,-31.481,0
1398294666100,41935430512000,171538052000001,-5.38,-6.051,-31.481,0
1398294666111,41935440553000,171538052000001,-5.38,-6.051,-31.481,0
1398294666121,41935450563000,171538052000001,-5.38,-6.051,-31.481,0
1398294666132,41935462129000,171538052000001,-5.38,-6.051,-31.481,0
1398294666141,41935470796000,171538052000001,-5.38,-6.051,-31.481,0
1398294666151,41935480622000,171538052000001,-5.744,-6.051,-31.481,0
1398294666161,41935490632000,171538052000001,-5.744,-6.051,-31.481,0
1398294666171,41935500611000,171538052000001,-5.744,-5.747,-31.481,0
1398294666184,41935510621000,171538052000001,-5.744,-5.747,-31.481,0
1398294666192,41935520783000,171538052000001,-6.109,-5.747,-31.481,0
1398294666201,41935530641000,171538052000001,-6.109,-5.747,-31.481,0
1398294666211,41935540650000,171538052000001,-6.109,-5.747,-31.481,0
1398294666221,41935550660000,171538052000001,-6.109,-5.747,-31.181,0
1398294666231,41935560700000,171538052000001,-6.486,-5.387,-31.181,0
1398294666241,41935570771000,171538052000001,-6.486,-5.387,-31.181,0
1398294666251,41935580720000,171538052000001,-6.486,-5.387,-31.181,0
1398294666261,41935590760000,171538052000001,-6.486,-5.387,-31.181,0
1398294666272,41935600770000,171538052000001,-6.486,-5.387,-31.181,0
1398294666281,41935610780000,171538052000001,-6.486,-5.387,-31.181,0
1398294666291,41935620790000,171538052000001,-6.823,-5.387,-31.181,0
1398294666301,41935630769000,171538052000001,-6.823,-5.017,-31.181,0
1398294666312,41935642335000,171538052000001,-6.823,-5.017,-31.181,0
1398294666321,41935650819000,171538052000001,-6.823,-5.017,-31.181,0
1398294666331,41935660798000,171538052000001,-6.823,-5.017,-31.181,0
1398294666341,41935670808000,171538052000001,-6.823,-5.017,-31.181,0
1398294666351,41935680787000,171538052000001,-6.823,-5.017,-31.181,0
1398294666361,41935690797000,171538052000001,-6.823,-5.017,-31.181,0
1398294666376,41935700837000,171538052000001,-6.823,-5.017,-31.181,0
1398294666381,41935710877000,171538052000001,-6.823,-5.017,-31.181,0
1398294666391,41935720826000,171538052000001,-6.823,-5.017,-31.181,0
1398294666401,41935730836000,171538052000001,-6.823,-5.017,-31.181,0
1398294666411,41935740846000,171538052000001,-6.823,-5.017,-31.181,0
1398294666422,41935750855000,171538052000001,-6.823,-5.017,-31.181,0
1398294666431,41935760865000,171538052000001,-6.823,-5.017,-31.181,0
1398294666441,41935770875000,171538052000001,-6.823,-5.017,-31.181,0
1398294666451,41935780854000,171538052000001,-6.823,-5.017,-31.181,0
1398294666461,41935790864000,171538052000001,-6.823,-5.017,-31.181,0
1398294666481,41935800904000,171538052000001,-6.477,-5.017,-31.181,0
1398294666482,41935810914000,171538052000001,-6.477,-5.017,-31.181,0
1398294666493,41935823182000,171538052000001,-6.477,-5.017,-31.181,0
1398294666501,41935830964000,171538052000001,-6.477,-4.714,-31.181,0
1398294666511,41935840943000,171538052000001,-6.477,-4.714,-31.181,0
1398294666521,41935851136000,171538052000001,-6.477,-4.714,-31.181,0
1398294666531,41935860963000,171538052000001,-6.477,-4.714,-31.181,0
1398294666541,41935870942000,171538052000001,-6.477,-4.714,-31.181,0
1398294666551,41935880952000,171538052000001,-6.477,-4.714,-31.181,0
1398294666561,41935890992000,171538052000001,-6.477,-4.714,-31.181,0
1398294666571,41935901002000,171538052000001,-6.477,-4.714,-31.181,0
1398294666581,41935911012000,171538052000001,-6.477,-5.026,-31.181,0
1398294666592,41935921083000,171538052000001,-6.477,-5.026,-31.181,0
1398294666601,41935931031000,171538052000001,-6.477,-5.026,-31.181,0
1398294666611,41935941041000,171538052000001,-6.477,-5.026,-31.181,0
1398294666621,41935951051000,171538052000001,-6.477,-5.468,-31.181,0
1398294666631,41935961030000,171538052000001,-6.477,-5.468,-31.181,0
1398294666642,41935971070000,171538052000001,-6.477,-6.074,-31.181,0
1398294666653,41935981050000,171538052000001,-6.477,-6.074,-31.181,0
1398294666661,41935991120000,171538052000001,-6.477,-6.074,-30.87,0
1398294666673,41936002687000,171538052000001,-6.477,-6.575,-30.87,0
1398294666681,41936011170000,171538052000001,-6.477,-6.575,-30.87,0
1398294666691,41936021150000,171538052000001,-6.477,-6.575,-30.87,0
1398294666701,41936031159000,171538052000001,-6.477,-6.575,-30.87,0
1398294666717,41936041200000,171538052000001,-6.477,-6.575,-30.87,0
1398294666725,41936051210000,171538052000001,-6.477,-6.945,-30.567,0
1398294666731,41936061219000,171538052000001,-6.477,-6.945,-30.567,0
1398294666741,41936071229000,171538052000001,-6.477,-6.945,-30.567,0
1398294666751,41936081208000,171538052000001,-6.791,-6.945,-30.567,0
1398294666761,41936091218000,171538052000001,-6.791,-6.945,-30.567,0
1398294666771,41936101228000,171538052000001,-6.791,-6.945,-30.567,0
1398294666781,41936111238000,171538052000001,-6.791,-6.945,-30.567,0
1398294666791,41936121247000,171538052000001,-6.791,-6.945,-30.567,0
1398294666802,41936131257000,171538052000001,-6.791,-6.945,-30.567,0
1398294666811,41936141267000,171538052000001,-6.791,-6.945,-30.567,0
1398294666821,41936151277000,171538052000001,-6.791,-6.945,-30.567,0
1398294666831,41936161256000,171538052000001,-6.791,-6.945,-30.567,0
1398294666841,41936171266000,171538052000001,-6.791,-6.945,-30.567,0
1398294666853,41936182832000,171538052000001,-6.791,-6.64,-30.567,0
1398294666861,41936191316000,171538052000001,-6.455,-6.64,-30.567,0
1398294666871,41936201295000,171538052000001,-6.455,-6.64,-30.567,0
1398294666881,41936211305000,171538052000001,-6.455,-6.237,-30.871,0
1398294666891,41936221314000,171538052000001,-6.455,-6.237,-30.871,0
1398294666902,41936231935000,171538052000001,-6.455,-6.237,-30.871,0
1398294666912,41936241334000,171538052000001,-6.132,-5.865,-30.871,0
1398294666921,41936251344000,171538052000001,-6.132,-5.865,-30.871,0
1398294666931,41936261354000,171538052000001,-6.132,-5.865,-31.23,0
1398294666941,41936271363000,171538052000001,-5.795,-5.484,-31.23,0
1398294666951,41936281556000,171538052000001,-5.795,-5.484,-31.23,0
1398294666961,41936291413000,171538052000001,-5.795,-5.484,-31.23,0
1398294666971,41936301393000,171538052000001,-5.795,-5.087,-31.23,0
1398294666981,41936311402000,171538052000001,-5.795,-5.087,-31.532,0
1398294666991,41936321412000,171538052000001,-5.795,-5.087,-31.532,0
1398294667001,41936331422000,171538052000001,-5.795,-4.635,-31.532,0
1398294667011,41936341432000,171538052000001,-5.473,-4.635,-31.532,0
1398294667024,41936351838000,171538052000001,-5.473,-4.635,-31.532,0
1398294667035,41936365144000,171538052000001,-5.473,-4.275,-31.532,0
1398294667044,41936374208000,171538052000001,-5.473,-4.275,-31.532,0
1398294667055,41936385072000,171538052000001,-5.473,-4.275,-31.866,0
1398294667064,41936394105000,171538052000001,-5.473,-4.275,-31.866,0
1398294667075,41936404512000,171538052000001,-5.473,-3.958,-31.866,0
1398294667083,41936413240000,171538052000001,-5.473,-3.958,-31.866,0
1398294667096,41936422883000,171538052000001,-5.473,-3.958,-31.866,0
1398294667103,41936432527000,171538052000001,-5.473,-3.958,-31.866,0
1398294667116,41936441590000,171538052000001,-5.473,-3.958,-31.866,0
1398294667123,41936452607000,171538052000001,-5.473,-3.958,-31.866,0
1398294667134,41936463502000,171538052000001,-5.473,-3.958,-31.866,0
1398294667143,41936471894000,171538052000001,-5.473,-3.958,-31.866,0
1398294667158,41936482026000,171538052000001,-5.473,-3.958,-31.866,0
1398294667162,41936491609000,171538052000001,-5.473,-3.958,-31.866,0
1398294667172,41936501649000,171538052000001,-5.473,-3.958,-31.866,0
1398294667189,41936513246000,171538052000001,-5.473,-3.958,-31.866,0
1398294667192,41936521821000,171538052000001,-5.473,-3.958,-31.866,0
1398294667209,41936531648000,171538052000001,-5.473,-3.958,-31.866,0
1398294667213,41936543214000,171538052000001,-5.473,-3.958,-31.866,0
1398294667222,41936551728000,171538052000001,-5.473,-3.958,-31.866,0
1398294667240,41936561677000,171538052000001,-5.473,-3.958,-31.866,0
1398294667242,41936571717000,171538052000001,-5.473,-3.958,-31.866,0
1398294667252,41936581727000,171538052000001,-5.473,-3.958,-31.866,0
1398294667263,41936592988000,171538052000001,-5.473,-3.958,-31.866,0
1398294667273,41936601869000,171538052000001,-5.473,-3.958,-31.866,0
1398294667283,41936611756000,171538052000001,-5.473,-3.958,-31.866,0
1398294667292,41936621736000,171538052000001,-5.473,-3.656,-31.866,0
1398294667302,41936631776000,171538052000001,-5.473,-3.656,-31.866,0
1398294667312,41936641786000,171538052000001,-5.473,-3.656,-31.866,0
1398294667322,41936651826000,171538052000001,-5.473,-3.656,-31.866,0
1398294667332,41936661775000,171538052000001,-5.473,-3.656,-31.866,0
1398294667342,41936671815000,171538052000001,-5.473,-3.656,-31.866,0
1398294667352,41936682038000,171538052000001,-5.473,-3.656,-31.866,0
1398294667362,41936691896000,171538052000001,-5.813,-3.656,-31.866,0
1398294667372,41936701844000,171538052000001,-5.813,-3.656,-31.866,0
1398294667383,41936711915000,171538052000001,-5.813,-3.656,-31.866,0
1398294667393,41936723390000,171538052000001,-5.813,-3.656,-31.866,0
1398294667402,41936731874000,171538052000001,-5.813,-3.656,-31.866,0
1398294667412,41936741914000,171538052000001,-5.813,-3.656,-31.536,0
1398294667422,41936751893000,171538052000001,-5.813,-3.656,-31.536,0
1398294667432,41936761872000,171538052000001,-5.813,-3.656,-31.536,0
1398294667442,41936771882000,171538052000001,-5.813,-3.656,-31.536,0
1398294667452,41936781892000,171538052000001,-5.813,-3.656,-31.536,0
1398294667462,41936791902000,171538052000001,-5.813,-3.656,-31.536,0
1398294667472,41936801911000,171538052000001,-5.813,-3.656,-31.536,0
1398294667482,41936811921000,171538052000001,-5.813,-3.656,-31.536,0
1398294667492,41936821900000,171538052000001,-5.813,-3.656,-31.536,0
1398294667502,41936831941000,171538052000001,-5.813,-3.656,-31.536,0
1398294667517,41936846345000,171538052000001,-5.813,-3.656,-31.536,0
1398294667522,41936851899000,171538052000001,-5.813,-3.656,-31.536,0
1398294667532,41936861909000,171538052000001,-5.813,-3.656,-31.536,0
1398294667542,41936871919000,171538052000001,-5.813,-3.656,-31.536,0
1398294667552,41936881959000,171538052000001,-5.813,-3.656,-31.536,0
1398294667562,41936891938000,171538052000001,-5.813,-3.656,-31.536,0
1398294667574,41936903504000,171538052000001,-5.813,-3.977,-31.536,0
1398294667583,41936911988000,171538052000001,-5.451,-3.977,-31.536,0
1398294667592,41936921998000,171538052000001,-5.451,-3.977,-31.536,0
1398294667602,41936931977000,171538052000001,-5.451,-3.977,-31.536,0
1398294667612,41936941987000,171538052000001,-5.451,-3.977,-31.536,0
1398294667622,41936951997000,171538052000001,-5.451,-3.977,-31.536,0
1398294667633,41936962007000,171538052000001,-5.451,-3.977,-31.536,0
1398294667642,41936972047000,171538052000001,-5.451,-3.977,-31.536,0
1398294667652,41936982026000,171538052000001,-5.451,-3.977,-31.536,0
1398294667662,41936992036000,171538052000001,-5.451,-3.977,-31.536,0
1398294667672,41937002107000,171538052000001,-5.451,-3.977,-31.878,0
1398294667682,41937012055000,171538052000001,-5.451,-3.977,-31.878,0
1398294667692,41937022096000,171538052000001,-5.451,-3.977,-31.878,0
1398294667702,41937032106000,171538052000001,-5.451,-3.977,-31.878,0
1398294667712,41937042115000,171538052000001,-5.451,-3.977,-31.878,0
1398294667722,41937052125000,171538052000001,-5.773,-3.645,-31.878,0
1398294667732,41937062135000,171538052000001,-5.773,-3.645,-31.878,0
1398294667743,41937072480000,171538052000001,-5.773,-3.645,-31.878,0
1398294667754,41937083711000,171538052000001,-5.773,-3.645,-31.878,0
1398294667762,41937092195000,171538052000001,-5.773,-3.645,-32.18,0
1398294667772,41937102174000,171538052000001,-5.773,-3.645,-32.18,0
1398294667782,41937112184000,171538052000001,-5.773,-3.645,-32.18,0
1398294667792,41937122193000,171538052000001,-5.773,-3.645,-32.18,0
1398294667802,41937132203000,171538052000001,-5.773,-3.645,-32.18,0
1398294667817,41937146760000,171538052000001,-5.773,-3.645,-32.18,0
1398294667826,41937153749000,171538052000001,-5.773,-3.645,-32.18,0
1398294667832,41937162263000,171538052000001,-5.773,-3.645,-32.18,0
1398294667843,41937172822000,171538052000001,-5.773,-3.338,-32.18,0
1398294667856,41937185426000,171538052000001,-5.773,-3.338,-32.18,0
1398294667865,41937194490000,171538052000001,-5.773,-3.338,-32.18,0
1398294667873,41937202577000,171538052000001,-5.773,-3.338,-32.18,0
1398294667885,41937214845000,171538052000001,-5.773,-3.338,-32.18,0
1398294667895,41937224427000,171538052000001,-5.773,-3.338,-32.18,0
1398294667904,41937234315000,171538052000001,-5.773,-3.338,-32.18,0
1398294667915,41937245088000,171538052000001,-5.773,-3.338,-32.18,0
1398294667924,41937253755000,171538052000001,-5.773,-3.338,-32.18,0
1398294667935,41937265077000,171538052000001,-5.773,-3.338,-32.18,0
1398294667945,41937275239000,171538052000001,-5.773,-3.338,-32.18,0
1398294667955,41937285340000,171538052000001,-5.773,-3.338,-32.18,0
1398294667965,41937295228000,171538052000001,-5.773,-3.338,-32.18,0
1398294667975,41937305055000,171538052000001,-5.773,-3.338,-32.18,0
1398294667983,41937313142000,171538052000001,-5.773,-3.338,-32.18,0
1398294667996,41937325349000,171538052000001,-5.773,-3.338,-32.18,0
1398294668006,41937335572000,171538052000001,-5.773,-3.338,-32.18,0
1398294668015,41937345246000,171538052000001,-5.773,-3.338,-32.18,0
1398294668025,41937354676000,171538052000001,-5.773,-3.338,-32.18,0
1398294668035,41937365357000,171538052000001,-5.773,-3.338,-32.18,0
1398294668045,41937375245000,171538052000001,-5.773,-3.338,-32.18,0
1398294668056,41937385224000,171538052000001,-5.773,-3.338,-32.18,0
1398294668071,41937392518000,171538052000001,-5.773,-3.338,-32.18,0
1398294668073,41937402528000,171538052000001,-5.773,-3.671,-32.18,0
1398294668084,41937413758000,171538052000001,-5.773,-3.671,-31.871,0
1398294668095,41937425294000,171538052000001,-5.773,-3.671,-31.871,0
1398294668109,41937438661000,171538052000001,-5.773,-3.671,-31.871,0
1398294668117,41937446778000,171538052000001,-5.773,-3.671,-31.871,0
1398294668127,41937457032000,171538052000001,-5.773,-3.671,-31.871,0
1398294668135,41937464753000,171538052000001,-5.773,-4.003,-31.871,0
1398294668146,41937475312000,171538052000001,-5.773,-4.003,-31.871,0
1398294668155,41937485231000,171538052000001,-5.773,-4.003,-31.871,0
1398294668165,41937495240000,171538052000001,-5.773,-4.003,-31.871,0
1398294668175,41937505250000,171538052000001,-6.109,-4.003,-31.871,0
1398294668197,41937512635000,171538052000001,-6.109,-4.321,-31.871,0
1398294668199,41937522615000,171538052000001,-6.109,-4.321,-31.871,0
1398294668204,41937534089000,171538052000001,-6.109,-4.321,-31.871,0
1398294668216,41937545838000,171538052000001,-6.109,-4.321,-31.871,0
1398294668225,41937555268000,171538052000001,-6.109,-4.687,-31.565,0
1398294668235,41937562684000,171538052000001,-6.109,-4.687,-31.565,0
1398294668243,41937572694000,171538052000001,-6.109,-4.687,-31.565,0
1398294668254,41937582856000,171538052000001,-6.109,-5.023,-31.565,0
1398294668263,41937592713000,171538052000001,-6.109,-5.023,-31.565,0
1398294668273,41937602693000,171538052000001,-6.431,-5.023,-31.565,0
1398294668283,41937612702000,171538052000001,-6.431,-5.406,-31.565,0
1398294668294,41937624269000,171538052000001,-6.431,-5.406,-31.565,0
1398294668303,41937632783000,171538052000001,-6.431,-5.406,-31.254,0
1398294668313,41937642732000,171538052000001,-6.431,-5.805,-31.254,0
1398294668323,41937652741000,171538052000001,-6.431,-5.805,-31.254,0
1398294668335,41937664094000,171538052000001,-6.431,-5.805,-31.254,0
1398294668344,41937674012000,171538052000001,-6.431,-6.176,-31.254,0
1398294668354,41937684022000,171538052000001,-6.797,-6.176,-31.254,0
1398294668368,41937697419000,171538052000001,-6.797,-6.176,-30.928,0
1398294668375,41937705049000,171538052000001,-6.797,-6.555,-30.928,0
1398294668383,41937713441000,171538052000001,-6.797,-6.555,-30.928,0
1398294668393,41937722810000,171538052000001,-6.797,-6.555,-30.928,0
1398294668494,41937732850000,171538052000001,-6.797,-6.555,-30.928,0
1398294668496,41937742860000,171538052000001,-7.109,-6.555,-30.928,0
1398294668499,41937752870000,171538052000001,-7.109,-6.889,-30.928,0
1398294668500,41937764100000,171538052000001,-7.109,-6.889,-30.928,0
1398294668502,41937772889000,171538052000001,-7.109,-6.889,-30.928,0
1398294668504,41937782899000,171538052000001,-7.109,-6.889,-30.928,0
1398294668505,41937792909000,171538052000001,-7.109,-6.889,-30.928,0
1398294668507,41937804475000,171538052000001,-7.109,-6.889,-30.928,0
1398294668508,41937813111000,171538052000001,-7.109,-6.889,-30.928,0
1398294668510,41937823976000,171538052000001,-7.109,-6.889,-30.928,0
1398294668512,41937832948000,171538052000001,-7.109,-6.889,-30.928,0
1398294668514,41937842958000,171538052000001,-7.109,-6.889,-30.928,0
1398294668537,41937852967000,171538052000001,-7.109,-6.889,-30.928,0
1398294668539,41937862977000,171538052000001,-7.109,-6.889,-30.928,0
1398294668543,41937872987000,171538052000001,-7.109,-6.556,-30.928,0
1398294668553,41937882997000,171538052000001,-7.109,-6.556,-30.928,0
1398294668563,41937893037000,171538052000001,-7.109,-6.556,-30.928,0
1398294668573,41937903016000,171538052000001,-7.109,-6.21,-30.928,0
1398294668583,41937912995000,171538052000001,-7.109,-6.21,-30.928,0
1398294668593,41937923005000,171538052000001,-7.109,-6.21,-31.236,0
1398294668603,41937933015000,171538052000001,-7.109,-5.816,-31.236,0
1398294668613,41937943025000,171538052000001,-7.109,-5.816,-31.236,0
1398294668623,41937953034000,171538052000001,-7.109,-5.816,-31.236,0
1398294668633,41937963044000,171538052000001,-7.109,-5.369,-31.236,0
1398294668643,41937973054000,171538052000001,-6.787,-5.369,-31.236,0
1398294668654,41937984620000,171538052000001,-6.787,-4.989,-31.236,0
1398294668663,41937993104000,171538052000001,-6.787,-4.989,-31.236,0
1398294668673,41938003083000,171538052000001,-6.787,-4.678,-31.594,0
1398294668683,41938013276000,171538052000001,-6.787,-4.678,-31.594,0
1398294668693,41938023103000,171538052000001,-6.787,-4.318,-31.594,0
1398294668703,41938033113000,171538052000001,-6.787,-4.318,-31.594,0
1398294668714,41938043153000,171538052000001,-6.405,-4.318,-31.594,0
1398294668723,41938053163000,171538052000001,-6.405,-3.919,-31.594,0
1398294668733,41938063172000,171538052000001,-6.405,-3.919,-31.594,0
1398294668748,41938076234000,171538052000001,-6.405,-3.919,-31.594,0
1398294668753,41938083161000,171538052000001,-6.094,-3.579,-31.594,0
1398294668764,41938093141000,171538052000001,-6.094,-3.579,-31.594,0
1398294668773,41938103150000,171538052000001,-6.094,-3.579,-31.594,0
1398294668783,41938113160000,171538052000001,-6.094,-3.579,-31.956,0
1398294668793,41938123170000,171538052000001,-5.783,-3.233,-31.956,0
1398294668803,41938133210000,171538052000001,-5.783,-3.233,-31.956,0
1398294668814,41938143189000,171538052000001,-5.783,-3.233,-31.956,0
1398294668823,41938153199000,171538052000001,-5.783,-3.233,-31.956,0
1398294668835,41938164765000,171538052000001,-5.783,-3.233,-31.956,0
1398294668843,41938173280000,171538052000001,-5.783,-3.233,-31.956,0
1398294668853,41938183229000,171538052000001,-5.783,-3.233,-31.956,0
1398294668863,41938193238000,171538052000001,-5.468,-3.233,-31.956,0
1398294668873,41938203248000,171538052000001,-5.468,-2.923,-31.956,0
1398294668883,41938213258000,171538052000001,-5.468,-2.923,-31.956,0
1398294668893,41938223268000,171538052000001,-5.468,-2.923,-31.956,0
1398294668903,41938233277000,171538052000001,-5.468,-2.923,-31.956,0
1398294668913,41938243287000,171538052000001,-5.468,-2.923,-31.956,0
1398294668923,41938253297000,171538052000001,-5.468,-2.923,-31.956,0
1398294668933,41938263337000,171538052000001,-5.468,-2.923,-31.956,0
1398294668943,41938273316000,171538052000001,-5.468,-2.923,-31.956,0
1398294668953,41938283326000,171538052000001,-5.468,-2.923,-31.956,0
1398294668967,41938293336000,171538052000001,-5.468,-2.923,-31.956,0
1398294668973,41938303346000,171538052000001,-5.468,-2.923,-31.956,0
1398294668983,41938313356000,171538052000001,-5.78,-2.923,-31.956,0
1398294668993,41938323365000,171538052000001,-5.78,-2.923,-31.956,0
1398294669003,41938333375000,171538052000001,-5.78,-2.923,-31.956,0
1398294669015,41938344941000,171538052000001,-5.78,-2.923,-31.956,0
1398294669023,41938353425000,171538052000001,-5.78,-2.923,-31.956,0
1398294669033,41938363404000,171538052000001,-5.78,-2.923,-31.956,0
1398294669043,41938373414000,171538052000001,-6.094,-2.923,-31.956,0
1398294669053,41938383424000,171538052000001,-6.094,-2.923,-31.956,0
1398294669063,41938393434000,171538052000001,-6.094,-2.923,-31.956,0
1398294669074,41938403474000,171538052000001,-6.094,-2.923,-31.956,0
1398294669093,41938413484000,171538052000001,-6.094,-2.923,-31.956,0
1398294669095,41938423493000,171538052000001,-6.094,-2.597,-31.956,0
1398294669103,41938433473000,171538052000001,-6.405,-2.597,-31.956,0
1398294669113,41938443666000,171538052000001,-6.405,-2.597,-31.956,0
1398294669123,41938453492000,171538052000001,-6.405,-2.597,-31.956,0
1398294669133,41938463502000,171538052000001,-6.405,-2.597,-31.956,0
1398294669143,41938473512000,171538052000001,-6.405,-2.597,-31.956,0
1398294669153,41938483522000,171538052000001,-6.405,-2.597,-31.956,0
1398294669163,41938493531000,171538052000001,-6.405,-2.597,-31.956,0
1398294669173,41938503541000,171538052000001,-6.405,-2.597,-31.617,0
1398294669184,41938513551000,171538052000001,-6.405,-2.597,-31.617,0
1398294669195,41938525117000,171538052000001,-6.405,-2.597,-31.617,0
1398294669204,41938533662000,171538052000001,-6.405,-2.597,-31.617,0
1398294669215,41938543702000,171538052000001,-6.405,-2.597,-31.617,0
1398294669223,41938553559000,171538052000001,-6.405,-2.597,-31.617,0
1398294669234,41938563661000,171538052000001,-6.712,-2.597,-31.617,0
1398294669243,41938573640000,171538052000001,-6.712,-2.917,-31.617,0
1398294669254,41938583680000,171538052000001,-6.712,-2.917,-31.617,0
1398294669264,41938593659000,171538052000001,-6.712,-2.917,-31.617,0
1398294669274,41938603700000,171538052000001,-6.712,-2.917,-31.617,0
1398294669284,41938613679000,171538052000001,-6.712,-2.917,-31.617,0
1398294669294,41938623689000,171538052000001,-6.712,-3.239,-31.617,0
1398294669316,41938633729000,171538052000001,-6.712,-3.239,-31.617,0
1398294669318,41938643739000,171538052000001,-6.712,-3.239,-31.617,0
1398294669324,41938653749000,171538052000001,-6.712,-3.239,-31.617,0
1398294669334,41938663758000,171538052000001,-6.712,-3.239,-31.617,0
1398294669344,41938673738000,171538052000001,-6.712,-3.569,-31.617,0
1398294669354,41938684602000,171538052000001,-6.712,-3.569,-31.617,0
1398294669364,41938693727000,171538052000001,-6.712,-3.569,-31.617,0
1398294669375,41938705262000,171538052000001,-6.712,-3.569,-31.617,0
1398294669384,41938713777000,171538052000001,-6.712,-3.906,-31.617,0
1398294669394,41938723725000,171538052000001,-6.712,-3.906,-31.617,0
1398294669404,41938733735000,171538052000001,-6.712,-3.906,-31.617,0
1398294669414,41938743775000,171538052000001,-6.712,-3.906,-31.617,0
1398294669424,41938753785000,171538052000001,-6.712,-3.906,-31.617,0
1398294669434,41938763795000,171538052000001,-6.712,-4.263,-31.617,0
1398294669445,41938773805000,171538052000001,-6.712,-4.263,-31.617,0
1398294669454,41938783814000,171538052000001,-6.712,-4.263,-31.617,0
1398294669464,41938793824000,171538052000001,-6.712,-4.263,-31.617,0
1398294669474,41938803834000,171538052000001,-6.712,-4.263,-31.617,0
1398294669484,41938813844000,171538052000001,-6.712,-4.263,-31.617,0
1398294669495,41938823854000,171538052000001,-6.712,-4.58,-31.617,0
1398294669504,41938833894000,171538052000001,-6.712,-4.58,-31.272,0
1398294669514,41938843873000,171538052000001,-6.712,-4.58,-31.272,0
1398294669524,41938853883000,171538052000001,-6.712,-4.58,-31.272,0
1398294669534,41938863862000,171538052000001,-6.712,-4.58,-31.272,0
1398294669544,41938874085000,171538052000001,-6.712,-4.58,-31.272,0
1398294669555,41938885438000,171538052000001,-6.712,-4.58,-31.272,0
1398294669564,41938893952000,171538052000001,-6.712,-4.58,-31.272,0
1398294669574,41938903901000,171538052000001,-6.712,-4.58,-31.272,0
1398294669584,41938913911000,171538052000001,-6.712,-4.58,-31.272,0
1398294669594,41938923951000,171538052000001,-6.712,-4.58,-31.272,0
1398294669604,41938933961000,171538052000001,-6.712,-4.887,-31.272,0
1398294669614,41938943971000,171538052000001,-6.712,-4.887,-31.272,0
1398294669624,41938953950000,171538052000001,-6.712,-4.887,-31.272,0
1398294669634,41938963990000,171538052000001,-6.712,-4.887,-31.272,0
1398294669645,41938974855000,171538052000001,-6.712,-4.887,-31.272,0
1398294669658,41938987336000,171538052000001,-6.712,-4.887,-31.272,0
1398294669669,41938998567000,171538052000001,-6.712,-4.887,-31.272,0
1398294669675,41939004487000,171538052000001,-6.712,-4.887,-31.272,0
1398294669686,41939016053000,171538052000001,-6.712,-4.887,-31.272,0
1398294669698,41939028047000,171538052000001,-6.712,-4.887,-31.272,0
1398294669709,41939038758000,171538052000001,-6.712,-4.887,-31.272,0
1398294669719,41939048158000,171538052000001,-6.712,-4.887,-31.272,0
1398294669728,41939057710000,171538052000001,-6.712,-4.887,-31.272,0
1398294669742,41939071290000,171538052000001,-6.712,-4.887,-31.272,0
1398294669745,41939074555000,171538052000001,-6.404,-4.887,-31.272,0
1398294669758,41939088380000,171538052000001,-6.404,-4.887,-31.272,0
1398294669769,41939098573000,171538052000001,-6.404,-4.887,-31.272,0
1398294669779,41939108522000,171538052000001,-6.404,-4.887,-31.272,0
1398294669786,41939116212000,171538052000001,-6.404,-4.887,-31.272,0
1398294669798,41939128327000,171538052000001,-6.404,-4.887,-31.272,0
1398294669808,41939138032000,171538052000001,-6.404,-4.887,-31.272,0
1398294669817,41939146882000,171538052000001,-6.404,-4.887,-31.272,0
1398294669826,41939156129000,171538052000001,-6.404,-4.887,-31.272,0
1398294669835,41939164216000,171538052000001,-6.404,-4.887,-31.272,0
1398294669845,41939174226000,171538052000001,-6.404,-4.887,-31.272,0
1398294669854,41939184205000,171538052000001,-6.404,-4.887,-31.272,0
1398294669864,41939194215000,171538052000001,-6.404,-4.887,-31.272,0
1398294669874,41939204225000,171538052000001,-6.404,-4.887,-31.272,0
1398294669884,41939214204000,171538052000001,-6.404,-4.887,-31.272,0
1398294669894,41939224244000,171538052000001,-6.085,-4.887,-31.272,0
1398294669904,41939234254000,171538052000001,-6.085,-4.887,-31.272,0
1398294669916,41939245820000,171538052000001,-6.085,-4.887,-31.272,0
1398294669924,41939254304000,171538052000001,-6.085,-4.887,-31.272,0
1398294669938,41939268037000,171538052000001,-6.085,-4.887,-31.272,0
1398294669949,41939278718000,171538052000001,-6.085,-4.887,-31.272,0
1398294669958,41939288392000,171538052000001,-6.085,-4.887,-31.272,0
1398294669974,41939303437000,171538052000001,-6.085,-4.887,-31.272,0
1398294669975,41939305207000,171538052000001,-5.74,-4.887,-31.272,0
1398294669987,41939316499000,171538052000001,-5.74,-4.887,-31.272,0
1398294669999,41939328645000,171538052000001,-5.74,-4.887,-31.272,0
1398294670008,41939338502000,171538052000001,-5.74,-4.887,-31.272,0
1398294670017,41939347169000,171538052000001,-5.74,-4.887,-31.272,0
1398294670029,41939358674000,171538052000001,-5.74,-4.887,-31.272,0
1398294670039,41939369233000,171538052000001,-5.74,-5.233,-31.272,0
1398294670048,41939378053000,171538052000001,-5.74,-5.233,-31.272,0
1398294670059,41939388703000,171538052000001,-5.74,-5.233,-31.272,0
1398294670069,41939398744000,171538052000001,-5.74,-5.233,-31.272,0
1398294670079,41939408814000,171538052000001,-5.74,-5.558,-31.272,0
1398294670087,41939416535000,171538052000001,-5.74,-5.558,-31.272,0
1398294670101,41939431062000,171538052000001,-5.398,-5.558,-31.272,0
1398294670107,41939436585000,171538052000001,-5.398,-5.921,-31.272,0
1398294670119,41939448762000,171538052000001,-5.398,-5.921,-31.272,0
1398294670129,41939458894000,171538052000001,-5.006,-5.921,-31.272,0
1398294670137,41939466859000,171538052000001,-5.006,-6.378,-31.272,0
1398294670149,41939478608000,171538052000001,-5.006,-6.378,-31.272,0
1398294670160,41939489472000,171538052000001,-4.287,-6.895,-31.272,0
1398294670169,41939498567000,171538052000001,-3.944,-6.895,-31.272,0
1398294670179,41939508699000,171538052000001,-3.944,-7.354,-31.272,0
1398294670187,41939516633000,171538052000001,-3.411,-7.354,-31.272,0
1398294670200,41939528352000,171538052000001,-3.411,-7.354,-31.272,0
1398294670206,41939534547000,171538052000001,-3.108,-7.672,-31.272,0
1398294670216,41939545411000,171538052000001,-3.108,-7.672,-31.272,0
1398294670227,41939555757000,171538052000001,-3.108,-7.972,-30.966,0
1398294670240,41939569581000,171538052000001,-3.108,-7.972,-30.966,0
1398294670245,41939574769000,171538052000001,-2.745,-7.972,-30.966,0
1398294670260,41939589082000,171538052000001,-2.745,-8.378,-30.966,0
1398294670266,41939596040000,171538052000001,-2.439,-8.378,-30.966,0
1398294670285,41939613862000,171538052000001,-2.439,-8.378,-30.966,0
1398294670288,41939617829000,171538052000001,-2.439,-8.378,-30.966,0
1398294670317,41939624635000,171538052000001,-2.059,-8.378,-30.966,0
1398294670318,41939634645000,171538052000001,-2.059,-8.688,-30.966,0
1398294670320,41939644654000,171538052000001,-2.059,-8.688,-30.966,0
1398294670330,41939654664000,171538052000001,-2.059,-8.688,-30.966,0
1398294670350,41939664674000,171538052000001,-2.059,-8.688,-30.966,0
1398294670352,41939674653000,171538052000001,-2.059,-8.688,-30.966,0
1398294670355,41939684693000,171538052000001,-2.059,-8.688,-30.966,0
1398294670365,41939694703000,171538052000001,-2.059,-8.316,-30.966,0
1398294670379,41939704682000,171538052000001,-2.059,-8.316,-30.966,0
1398294670385,41939714692000,171538052000001,-2.059,-8.316,-30.966,0
1398294670395,41939724702000,171538052000001,-2.059,-7.865,-30.966,0
1398294670405,41939734895000,171538052000001,-2.059,-7.865,-31.298,0
1398294670415,41939744721000,171538052000001,-2.059,-7.524,-31.298,0
1398294670427,41939754731000,171538052000001,-2.059,-7.524,-31.298,0
1398294670435,41939764741000,171538052000001,-2.059,-7.127,-31.298,0
1398294670445,41939774751000,171538052000001,-2.366,-7.127,-31.298,0
1398294670456,41939786317000,171538052000001,-2.366,-6.478,-31.298,0
1398294670468,41939798493000,171538052000001,-2.366,-6.478,-31.298,0
1398294670477,41939806459000,171538052000001,-2.68,-6.076,-31.298,0
1398294670487,41939816926000,171538052000001,-2.68,-6.076,-31.298,0
1398294670495,41939824800000,171538052000001,-2.68,-6.076,-31.654,0
1398294670507,41939837159000,171538052000001,-2.68,-5.772,-31.654,0
1398294670519,41939849214000,171538052000001,-3.083,-5.772,-31.654,0
1398294670528,41939857667000,171538052000001,-3.083,-5.355,-31.654,0
1398294670540,41939870637000,171538052000001,-3.083,-5.355,-31.654,0
1398294670548,41939878480000,171538052000001,-3.083,-5.018,-31.654,0
1398294670561,41939890534000,171538052000001,-3.474,-5.018,-31.654,0
1398294670567,41939897340000,171538052000001,-3.474,-4.664,-31.654,0
1398294670588,41939911195000,171538052000001,-3.474,-4.664,-31.654,0
1398294670590,41939919496000,171538052000001,-3.91,-4.321,-31.964,0
1398294670599,41939928773000,171538052000001,-3.91,-4.321,-31.964,0
1398294670609,41939939363000,171538052000001,-4.217,-3.999,-31.964,0
1398294670618,41939948274000,171538052000001,-4.217,-3.999,-31.964,0
1398294670630,41939960481000,171538052000001,-4.217,-3.669,-31.964,0
1398294670640,41939969361000,171538052000001,-4.588,-3.669,-31.964,0
1398294670648,41939977967000,171538052000001,-4.588,-3.669,-31.964,0
1398294670660,41939989961000,171538052000001,-4.588,-3.251,-31.964,0
1398294670668,41939997376000,171538052000001,-4.588,-3.251,-31.964,0
1398294670680,41940009461000,171538052000001,-4.988,-3.251,-31.964,0
1398294670687,41940017152000,171538052000001,-4.988,-2.925,-32.27,0
1398294670700,41940029481000,171538052000001,-4.988,-2.925,-32.27,0
1398294670708,41940038453000,171538052000001,-5.307,-2.925,-32.27,0
1398294670719,41940049317000,171538052000001,-5.307,-2.925,-32.27,0
1398294670730,41940059876000,171538052000001,-5.307,-2.925,-32.27,0
1398294670739,41940068727000,171538052000001,-5.307,-2.6,-32.27,0
1398294670750,41940079499000,171538052000001,-5.307,-2.6,-32.27,0
1398294670758,41940088105000,171538052000001,-5.307,-2.6,-32.27,0
1398294670770,41940099946000,171538052000001,-5.307,-2.6,-32.27,0
1398294670779,41940108613000,171538052000001,-5.307,-2.6,-32.27,0
1398294670790,41940119355000,171538052000001,-5.307,-2.6,-32.27,0
1398294670798,41940128449000,171538052000001,-5.307,-2.6,-32.27,0
1398294670809,41940139344000,171538052000001,-5.307,-2.6,-32.27,0
1398294670819,41940148713000,171538052000001,-5.307,-2.6,-32.27,0
1398294670829,41940155610000,171538052000001,-5.307,-2.6,-32.27,0
1398294670835,41940165162000,171538052000001,-5.307,-2.6,-32.27,0
1398294670845,41940175172000,171538052000001,-5.307,-2.6,-32.27,0
1398294670855,41940185151000,171538052000001,-5.307,-2.6,-32.27,0
1398294670865,41940195191000,171538052000001,-5.307,-2.6,-32.27,0
1398294670875,41940205201000,171538052000001,-5.307,-2.6,-32.27,0
1398294670885,41940215211000,171538052000001,-5.307,-2.6,-32.27,0
1398294670897,41940226747000,171538052000001,-5.307,-2.6,-32.27,0
1398294670905,41940235200000,171538052000001,-5.307,-2.6,-32.27,0
1398294670915,41940245210000,171538052000001,-5.307,-2.937,-32.27,0
1398294670925,41940255220000,171538052000001,-5.307,-2.937,-32.27,0
1398294670940,41940269837000,171538052000001,-5.307,-2.937,-32.27,0
1398294670949,41940278901000,171538052000001,-5.307,-2.937,-32.27,0
1398294670960,41940290101000,171538052000001,-5.307,-2.937,-32.27,0
1398294670969,41940298799000,171538052000001,-5.307,-2.937,-32.27,0
1398294670980,41940309999000,171538052000001,-5.616,-2.937,-32.27,0
1398294670988,41940317628000,171538052000001,-5.616,-2.937,-31.956,0
1398294671002,41940331727000,171538052000001,-5.616,-3.245,-31.956,0
1398294671007,41940336854000,171538052000001,-5.616,-3.245,-31.956,0
1398294671021,41940350465000,171538052000001,-5.616,-3.245,-31.956,0
1398294671028,41940358003000,171538052000001,-5.616,-3.245,-31.956,0
1398294671041,41940370942000,171538052000001,-5.616,-3.245,-31.956,0
1398294671048,41940377931000,171538052000001,-5.616,-3.245,-31.956,0
1398294671061,41940390565000,171538052000001,-5.616,-3.245,-31.956,0
1398294671068,41940398042000,171538052000001,-5.616,-3.245,-31.956,0
1398294671081,41940410554000,171538052000001,-5.616,-3.245,-31.956,0
1398294671088,41940418122000,171538052000001,-5.616,-3.245,-31.956,0
1398294671100,41940430329000,171538052000001,-5.616,-3.245,-31.956,0
1398294671109,41940439027000,171538052000001,-5.616,-3.245,-31.956,0
1398294671120,41940449739000,171538052000001,-5.616,-3.245,-31.956,0
1398294671130,41940459840000,171538052000001,-5.616,-3.245,-31.956,0
1398294671141,41940471070000,171538052000001,-5.616,-3.245,-31.956,0
1398294671148,41940477815000,171538052000001,-5.616,-3.245,-31.956,0
1398294671162,41940491700000,171538052000001,-5.616,-3.245,-31.956,0
1398294671168,41940497651000,171538052000001,-5.616,-3.245,-31.956,0
1398294671182,41940512147000,171538052000001,-5.616,-3.245,-31.956,0
1398294671187,41940517182000,171538052000001,-5.616,-2.94,-31.956,0
1398294671208,41940537019000,171538052000001,-5.616,-2.94,-31.956,0
1398294671211,41940540895000,171538052000001,-5.943,-2.94,-31.956,0
1398294671218,41940548585000,171538052000001,-5.943,-2.94,-31.956,0
1398294671231,41940560578000,171538052000001,-5.943,-2.94,-31.956,0
1398294671239,41940568147000,171538052000001,-5.943,-2.94,-31.956,0
1398294671251,41940580506000,171538052000001,-5.943,-2.94,-31.956,0
1398294671258,41940588227000,171538052000001,-5.943,-2.94,-31.956,0
1398294671270,41940599458000,171538052000001,-5.943,-2.94,-31.956,0
1398294671279,41940608827000,171538052000001,-5.943,-2.94,-31.956,0
1398294671291,41940620576000,171538052000001,-5.943,-2.94,-31.956,0
1398294671298,41940628388000,171538052000001,-5.943,-2.94,-31.956,0
1398294671311,41940640565000,171538052000001,-5.943,-2.94,-31.956,0
1398294671318,41940648164000,171538052000001,-5.943,-2.94,-31.956,0
1398294671327,41940655732000,171538052000001,-5.943,-2.94,-31.956,0
1398294671370,41940665650000,171538052000001,-5.943,-2.94,-31.956,0
1398294671384,41940675630000,171538052000001,-5.943,-2.94,-31.956,0
1398294671386,41940687287000,171538052000001,-5.943,-2.94,-31.956,0
1398294671387,41940695680000,171538052000001,-5.943,-2.94,-31.956,0
1398294671396,41940705689000,171538052000001,-5.943,-2.94,-31.956,0
1398294671398,41940715699000,171538052000001,-5.943,-2.94,-31.956,0
1398294671401,41940725678000,171538052000001,-5.943,-2.94,-31.956,0
1398294671413,41940735688000,171538052000001,-5.943,-2.94,-31.956,0
1398294671416,41940745698000,171538052000001,-5.943,-2.94,-31.956,0
1398294671433,41940755708000,171538052000001,-5.943,-2.94,-31.956,0
1398294671436,41940765718000,171538052000001,-5.943,-2.94,-31.956,0
1398294671446,41940775727000,171538052000001,-5.943,-2.94,-31.956,0
1398294671458,41940785737000,171538052000001,-5.943,-2.94,-31.956,0
1398294671466,41940795747000,171538052000001,-5.943,-2.94,-31.956,0
1398294671476,41940805757000,171538052000001,-5.943,-2.94,-31.956,0
1398294671486,41940815766000,171538052000001,-5.943,-2.94,-31.956,0
1398294671496,41940825776000,171538052000001,-5.943,-2.94,-31.956,0
1398294671517,41940841096000,171538052000001,-5.943,-2.615,-31.956,0
1398294671518,41940845887000,171538052000001,-6.245,-2.615,-31.956,0
1398294671527,41940856355000,171538052000001,-6.245,-2.615,-31.956,0
1398294671586,41940867433000,171538052000001,-6.245,-2.615,-31.956,0
1398294671595,41940875886000,171538052000001,-6.245,-2.615,-31.956,0
1398294671597,41940885865000,171538052000001,-6.245,-2.615,-31.956,0
1398294671598,41940895875000,171538052000001,-6.245,-2.615,-31.956,0
1398294671603,41940906068000,171538052000001,-6.245,-2.615,-31.956,0
1398294671604,41940915956000,171538052000001,-6.245,-2.615,-31.956,0
1398294671606,41940925904000,171538052000001,-6.245,-2.615,-31.956,0
1398294671608,41940935945000,171538052000001,-6.245,-2.615,-31.956,0
1398294671629,41940947084000,171538052000001,-6.587,-2.615,-31.956,0
1398294671630,41940955934000,171538052000001,-6.587,-2.615,-31.956,0
1398294671636,41940965913000,171538052000001,-6.587,-2.615,-31.956,0
1398294671646,41940975923000,171538052000001,-6.587,-2.615,-31.956,0
1398294671656,41940985902000,171538052000001,-6.587,-2.615,-31.956,0
1398294671666,41940995912000,171538052000001,-6.587,-2.615,-31.956,0
1398294671676,41941005952000,171538052000001,-6.587,-2.615,-31.956,0
1398294671686,41941016114000,171538052000001,-6.587,-2.615,-31.956,0
1398294671696,41941025971000,171538052000001,-6.587,-2.615,-31.956,0
1398294671716,41941035981000,171538052000001,-6.587,-2.615,-31.956,0
1398294671718,41941047731000,171538052000001,-6.587,-2.615,-31.956,0
1398294671726,41941056031000,171538052000001,-6.587,-2.931,-31.956,0
1398294671736,41941065980000,171538052000001,-6.587,-2.931,-31.956,0
1398294671746,41941076020000,171538052000001,-6.587,-2.931,-31.956,0
1398294671757,41941086030000,171538052000001,-6.587,-2.931,-31.956,0
1398294671766,41941096040000,171538052000001,-6.587,-2.931,-31.956,0
1398294671776,41941106050000,171538052000001,-6.587,-2.931,-31.956,0
1398294671786,41941116029000,171538052000001,-6.587,-2.931,-31.956,0
1398294671796,41941126069000,171538052000001,-6.587,-2.931,-31.956,0
1398294671811,41941140443000,171538052000001,-6.587,-2.931,-31.956,0
1398294671816,41941146180000,171538052000001,-6.587,-2.931,-31.956,0
1398294671826,41941156068000,171538052000001,-6.587,-2.931,-31.956,0
1398294671836,41941166078000,171538052000001,-6.587,-2.931,-31.956,0
1398294671846,41941176087000,171538052000001,-6.587,-2.931,-31.956,0
1398294671856,41941186128000,171538052000001,-6.587,-2.931,-31.956,0
1398294671866,41941196107000,171538052000001,-6.587,-2.931,-31.956,0
1398294671876,41941206147000,171538052000001,-6.587,-2.931,-31.646,0
1398294671886,41941216126000,171538052000001,-6.925,-2.931,-31.646,0
1398294671898,41941227723000,171538052000001,-6.925,-2.931,-31.646,0
1398294671906,41941236207000,171538052000001,-6.925,-2.931,-31.646,0
1398294671916,41941246156000,171538052000001,-6.925,-2.931,-31.646,0
1398294671926,41941256196000,171538052000001,-6.925,-2.931,-31.646,0
1398294671936,41941266206000,171538052000001,-6.925,-2.931,-31.646,0
1398294671946,41941276216000,171538052000001,-6.925,-2.931,-31.646,0
1398294671956,41941286225000,171538052000001,-6.925,-2.931,-31.646,0
1398294671966,41941296205000,171538052000001,-6.925,-2.931,-31.646,0
1398294671976,41941306214000,171538052000001,-6.925,-2.931,-31.646,0
1398294671986,41941316224000,171538052000001,-6.925,-2.931,-31.646,0
1398294671996,41941326264000,171538052000001,-6.925,-2.931,-31.646,0
1398294672006,41941336274000,171538052000001,-6.925,-2.931,-31.646,0
1398294672016,41941346253000,171538052000001,-6.925,-2.931,-31.646,0
1398294672026,41941356294000,171538052000001,-6.925,-2.931,-31.646,0
1398294672036,41941366273000,171538052000001,-6.925,-2.931,-31.646,0
1398294672046,41941376283000,171538052000001,-6.925,-2.931,-31.646,0
1398294672059,41941388795000,171538052000001,-6.925,-2.931,-31.646,0
1398294672072,41941402375000,171538052000001,-6.925,-2.931,-31.646,0
1398294672080,41941410127000,171538052000001,-6.925,-2.931,-31.646,0
1398294672090,41941420137000,171538052000001,-6.925,-2.931,-31.646,0
1398294672100,41941429963000,171538052000001,-6.594,-2.931,-31.646,0
1398294672110,41941439973000,171538052000001,-6.594,-2.931,-31.646,0
1398294672127,41941456300000,171538052000001,-6.594,-2.931,-31.646,0
1398294672130,41941459779000,171538052000001,-6.594,-2.931,-31.646,0
1398294672138,41941467774000,171538052000001,-6.594,-2.931,-31.646,0
1398294672152,41941481324000,171538052000001,-6.594,-2.931,-31.646,0
1398294672159,41941488954000,171538052000001,-6.594,-2.931,-31.646,0
1398294672173,41941502412000,171538052000001,-6.594,-3.285,-31.646,0
1398294672178,41941508088000,171538052000001,-6.594,-3.285,-31.646,0
1398294672190,41941519349000,171538052000001,-6.28,-3.285,-31.646,0
1398294672198,41941527375000,171538052000001,-6.28,-3.285,-31.646,0
1398294672209,41941537019000,171538052000001,-6.28,-3.285,-31.646,0
1398294672217,41941546479000,171538052000001,-6.28,-3.285,-31.646,0
1398294672227,41941556489000,171538052000001,-6.28,-3.588,-31.646,0
1398294672237,41941566499000,171538052000001,-6.28,-3.588,-31.646,0
1398294672247,41941576509000,171538052000001,-6.28,-3.588,-31.646,0
1398294672258,41941588075000,171538052000001,-6.28,-3.588,-31.646,0
1398294672267,41941596559000,171538052000001,-6.28,-3.588,-31.646,0
1398294672277,41941606538000,171538052000001,-6.28,-3.588,-31.646,0
1398294672286,41941616517000,171538052000001,-6.28,-3.588,-31.646,0
1398294672297,41941626557000,171538052000001,-6.28,-3.588,-31.646,0
1398294672307,41941636567000,171538052000001,-6.28,-3.588,-31.646,0
1398294672322,41941652345000,171538052000001,-6.28,-3.588,-31.646,0
1398294672329,41941659150000,171538052000001,-6.28,-3.588,-31.646,0
1398294672343,41941673219000,171538052000001,-6.28,-3.588,-31.646,0
1398294672348,41941678071000,171538052000001,-6.28,-3.588,-31.646,0
1398294672363,41941693421000,171538052000001,-6.28,-3.588,-31.646,0
1398294672368,41941698335000,171538052000001,-6.28,-3.588,-31.646,0
1398294672383,41941712922000,171538052000001,-6.649,-3.588,-31.646,0
1398294672389,41941718843000,171538052000001,-6.649,-3.588,-31.646,0
1398294672403,41941732545000,171538052000001,-6.649,-3.588,-31.646,0
1398294672409,41941739228000,171538052000001,-6.649,-3.588,-31.646,0
1398294672423,41941753449000,171538052000001,-6.649,-3.588,-31.646,0
1398294672433,41941763154000,171538052000001,-6.649,-3.588,-31.646,0
1398294672440,41941769380000,171538052000001,-6.649,-3.588,-31.646,0
1398294672454,41941783448000,171538052000001,-6.649,-3.588,-31.646,0
1398294672458,41941788423000,171538052000001,-6.649,-3.588,-31.646,0
1398294672473,41941802796000,171538052000001,-6.649,-3.588,-31.646,0
1398294672478,41941808473000,171538052000001,-6.649,-3.588,-31.646,0
1398294672492,41941821931000,171538052000001,-6.649,-3.588,-31.646,0
1398294672499,41941829103000,171538052000001,-6.649,-3.898,-31.646,0
1398294672517,41941842103000,171538052000001,-6.649,-3.898,-31.646,0
1398294672518,41941846742000,171538052000001,-6.649,-3.898,-31.646,0
1398294672527,41941856782000,171538052000001,-6.649,-3.898,-31.646,0
1398294672538,41941867555000,171538052000001,-6.649,-3.898,-31.646,0
1398294672548,41941877809000,171538052000001,-6.649,-3.898,-31.646,0
1398294672559,41941886811000,171538052000001,-6.649,-3.898,-31.646,0
1398294672568,41941896852000,171538052000001,-6.649,-3.898,-31.646,0
1398294672578,41941906831000,171538052000001,-6.649,-3.898,-31.646,0
1398294672590,41941916871000,171538052000001,-6.649,-4.217,-31.646,0
1398294672597,41941926850000,171538052000001,-6.649,-4.217,-31.646,0
1398294672611,41941936891000,171538052000001,-6.649,-4.217,-31.646,0
1398294672625,41941948426000,171538052000001,-6.649,-4.217,-31.646,0
1398294672627,41941956910000,171538052000001,-6.649,-4.217,-31.646,0
1398294672639,41941966889000,171538052000001,-6.649,-4.217,-31.646,0
1398294672647,41941976899000,171538052000001,-6.649,-4.217,-31.646,0
1398294672657,41941986878000,171538052000001,-6.649,-4.217,-31.646,0
1398294672667,41941996919000,171538052000001,-6.649,-4.56,-31.646,0
1398294672677,41942006898000,171538052000001,-6.649,-4.56,-31.646,0
1398294672687,41942016877000,171538052000001,-6.649,-4.56,-31.646,0
1398294672697,41942026887000,171538052000001,-6.649,-4.56,-31.646,0
1398294672707,41942036927000,171538052000001,-6.99,-4.56,-31.332,0
1398294672718,41942046937000,171538052000001,-6.99,-4.887,-31.332,0
1398294672727,41942056947000,171538052000001,-6.99,-4.887,-31.332,0
1398294672737,41942066926000,171538052000001,-6.99,-4.887,-31.332,0
1398294672747,41942076936000,171538052000001,-6.99,-4.887,-31.332,0
1398294672757,41942086946000,171538052000001,-6.99,-4.887,-31.332,0
1398294672767,41942096955000,171538052000001,-6.99,-4.887,-31.332,0
1398294672777,41942107026000,171538052000001,-6.99,-4.887,-31.332,0
1398294672791,41942117005000,171538052000001,-7.351,-4.887,-31.332,0
1398294672799,41942128541000,171538052000001,-7.351,-4.887,-31.018,0
1398294672807,41942137025000,171538052000001,-7.351,-5.189,-31.018,0
1398294672817,41942147004000,171538052000001,-7.351,-5.189,-31.018,0
1398294672827,41942157014000,171538052000001,-7.351,-5.189,-31.018,0
1398294672837,41942167024000,171538052000001,-7.351,-5.189,-31.018,0
1398294672847,41942177064000,171538052000001,-7.658,-5.189,-31.018,0
1398294672864,41942187074000,171538052000001,-7.658,-5.189,-31.018,0
1398294672870,41942197084000,171538052000001,-7.658,-5.189,-31.018,0
1398294672877,41942207093000,171538052000001,-7.658,-5.189,-31.018,0
1398294672887,41942217073000,171538052000001,-7.658,-5.189,-31.018,0
1398294672897,41942227113000,171538052000001,-7.658,-5.189,-31.018,0
1398294672907,41942237123000,171538052000001,-7.658,-5.189,-31.018,0
1398294672917,41942247102000,171538052000001,-7.658,-5.189,-31.018,0
1398294672927,41942257112000,171538052000001,-7.658,-5.189,-31.018,0
1398294672937,41942267121000,171538052000001,-7.658,-5.189,-31.018,0
1398294672948,41942277162000,171538052000001,-7.658,-5.189,-31.018,0
1398294672965,41942287171000,171538052000001,-7.658,-4.882,-31.018,0
1398294672973,41942297334000,171538052000001,-7.658,-4.882,-31.018,0
1398294672979,41942308747000,171538052000001,-7.658,-4.882,-31.018,0
1398294672987,41942317231000,171538052000001,-7.658,-4.882,-31.018,0
1398294672997,41942327180000,171538052000001,-7.658,-4.882,-31.018,0
1398294673007,41942337190000,171538052000001,-7.658,-4.882,-31.018,0
1398294673017,41942347199000,171538052000001,-7.347,-4.882,-31.018,0
1398294673027,41942357209000,171538052000001,-7.347,-4.882,-31.018,0
1398294673038,41942367219000,171538052000001,-7.347,-4.882,-31.018,0
1398294673047,41942377229000,171538052000001,-7.347,-4.882,-31.018,0
1398294673058,41942387239000,171538052000001,-7.347,-4.882,-31.018,0
1398294673075,41942397248000,171538052000001,-7.347,-4.882,-31.018,0
1398294673077,41942407258000,171538052000001,-7.017,-4.882,-31.018,0
1398294673087,41942417268000,171538052000001,-7.017,-4.882,-31.018,0
1398294673097,41942427308000,171538052000001,-7.017,-4.882,-31.018,0
1398294673107,41942437318000,171538052000001,-7.017,-4.882,-31.018,0
1398294673117,41942447328000,171538052000001,-7.017,-4.882,-31.018,0
1398294673127,41942457307000,171538052000001,-7.017,-4.882,-31.018,0
1398294673137,41942467347000,171538052000001,-7.017,-4.882,-31.018,0
1398294673147,41942477326000,171538052000001,-7.017,-4.882,-31.018,0
1398294673159,41942488893000,171538052000001,-7.017,-4.882,-31.018,0
1398294673167,41942497407000,171538052000001,-7.017,-5.191,-31.018,0
1398294673177,41942507386000,171538052000001,-7.017,-5.191,-31.018,0
1398294673187,41942517366000,171538052000001,-7.017,-5.191,-31.018,0
1398294673204,41942527406000,171538052000001,-7.017,-5.191,-31.018,0
1398294673211,41942537385000,171538052000001,-7.017,-5.191,-31.018,0
1398294673217,41942547395000,171538052000001,-7.017,-5.191,-31.018,0
1398294673227,41942557435000,171538052000001,-7.017,-5.191,-31.018,0
1398294673237,41942567414000,171538052000001,-7.017,-5.191,-31.018,0
1398294673247,41942577424000,171538052000001,-7.017,-5.191,-31.018,0
1398294673257,41942587434000,171538052000001,-7.017,-5.191,-31.018,0
1398294673268,41942597444000,171538052000001,-7.017,-5.191,-31.018,0
1398294673277,41942607453000,171538052000001,-7.017,-5.191,-31.018,0
1398294673287,41942617463000,171538052000001,-7.017,-5.191,-31.018,0
1398294673297,41942627473000,171538052000001,-7.017,-5.191,-31.018,0
1398294673307,41942637483000,171538052000001,-7.017,-5.191,-31.018,0
1398294673320,41942649720000,171538052000001,-7.017,-5.191,-31.018,0
1398294673332,41942661775000,171538052000001,-7.017,-5.191,-31.018,0
1398294673341,41942671083000,171538052000001,-7.017,-5.191,-31.018,0
1398294673356,41942686250000,171538052000001,-7.017,-5.191,-31.018,0
1398294673360,41942690248000,171538052000001,-7.017,-5.191,-31.018,0
1398294673375,41942705201000,171538052000001,-7.017,-5.191,-31.018,0
1398294673379,41942708772000,171538052000001,-7.017,-5.191,-31.018,0
1398294673396,41942724671000,171538052000001,-7.017,-5.191,-31.018,0
1398294673399,41942728791000,171538052000001,-7.017,-5.191,-31.018,0
1398294673414,41942742860000,171538052000001,-6.716,-5.191,-31.018,0
1398294673418,41942748109000,171538052000001,-6.716,-5.191,-31.018,0
1398294673435,41942764131000,171538052000001,-6.716,-5.191,-31.018,0
1398294673439,41942768983000,171538052000001,-6.716,-5.191,-31.347,0
1398294673455,41942784761000,171538052000001,-6.716,-5.191,-31.347,0
1398294673458,41942787965000,171538052000001,-6.716,-5.191,-31.347,0
1398294673471,41942797975000,171538052000001,-6.399,-5.191,-31.347,0
1398294673478,41942807710000,171538052000001,-6.399,-5.191,-31.347,0
1398294673488,41942817720000,171538052000001,-6.399,-5.191,-31.347,0
1398294673498,41942827699000,171538052000001,-6.399,-5.191,-31.347,0
1398294673508,41942837770000,171538052000001,-6.399,-4.879,-31.347,0
1398294673520,41942849275000,171538052000001,-6.399,-4.879,-31.347,0
1398294673528,41942857789000,171538052000001,-6.06,-4.879,-31.347,0
1398294673538,41942867738000,171538052000001,-6.06,-4.879,-31.347,0
1398294673548,41942877748000,171538052000001,-6.06,-4.879,-31.347,0
1398294673558,41942887757000,171538052000001,-6.06,-4.879,-31.347,0
1398294673568,41942897767000,171538052000001,-6.06,-4.879,-31.347,0
1398294673584,41942914277000,171538052000001,-6.06,-4.879,-31.347,0
1398294673589,41942919282000,171538052000001,-6.06,-4.879,-31.347,0
1398294673604,41942933961000,171538052000001,-6.06,-4.879,-31.347,0
1398294673610,41942939912000,171538052000001,-6.06,-4.879,-31.347,0
1398294673624,41942954225000,171538052000001,-6.06,-4.879,-31.347,0
1398294673629,41942959168000,171538052000001,-6.06,-4.879,-31.347,0
1398294673644,41942974153000,171538052000001,-6.06,-4.879,-31.347,0
1398294673650,41942980195000,171538052000001,-6.06,-4.879,-31.347,0
1398294673665,41942994630000,171538052000001,-6.06,-4.879,-31.347,0
1398294673668,41942998414000,171538052000001,-6.06,-4.879,-31.347,0
1398294673680,41943010102000,171538052000001,-6.06,-4.879,-31.347,0
1398294673693,41943023286000,171538052000001,-6.06,-4.879,-31.347,0
1398294673703,41943032716000,171538052000001,-6.06,-4.879,-31.347,0
1398294673710,41943040254000,171538052000001,-6.06,-4.879,-31.347,0
1398294673725,41943054994000,171538052000001,-6.06,-4.879,-31.347,0
1398294673728,41943058381000,171538052000001,-6.06,-4.879,-31.347,0
1398294673744,41943074372000,171538052000001,-6.06,-4.879,-31.347,0
1398294673749,41943078736000,171538052000001,-6.06,-4.879,-31.347,0
1398294673765,41943094575000,171538052000001,-6.06,-4.879,-31.347,0
1398294673768,41943098481000,171538052000001,-6.06,-4.879,-31.347,0
1398294673785,41943114778000,171538052000001,-6.06,-4.879,-31.347,0
1398294673789,41943118440000,171538052000001,-6.06,-4.879,-31.347,0
1398294673804,41943134126000,171538052000001,-6.06,-4.879,-31.347,0
1398294673808,41943138429000,171538052000001,-6.06,-4.879,-31.652,0
1398294673824,41943153535000,171538052000001,-6.06,-4.879,-31.652,0
1398294673831,41943160554000,171538052000001,-6.06,-4.879,-31.652,0
1398294673845,41943175111000,171538052000001,-6.06,-4.879,-31.652,0
1398294673848,41943178315000,171538052000001,-6.06,-4.879,-31.652,0
1398294673865,41943194642000,171538052000001,-6.06,-4.879,-31.652,0
1398294673869,41943198518000,171538052000001,-6.06,-4.527,-31.652,0
1398294673885,41943214814000,171538052000001,-6.06,-4.527,-31.652,0
1398294673890,41943219819000,171538052000001,-6.06,-4.527,-31.652,0
1398294673904,41943234254000,171538052000001,-6.06,-4.527,-31.652,0
1398294673910,41943240266000,171538052000001,-6.06,-4.527,-31.652,0
1398294673925,41943254579000,171538052000001,-6.06,-4.135,-31.652,0
1398294673929,41943258607000,171538052000001,-6.06,-4.135,-31.652,0
1398294673945,41943274537000,171538052000001,-6.06,-4.135,-31.652,0
1398294673949,41943279481000,171538052000001,-6.06,-4.135,-31.652,0
1398294673972,41943300813000,171538052000001,-6.06,-3.822,-31.652,0
1398294673973,41943302613000,171538052000001,-6.06,-3.822,-31.652,0
1398294673981,41943310578000,171538052000001,-6.06,-3.822,-31.652,0
1398294673988,41943318208000,171538052000001,-6.06,-3.822,-31.985,0
1398294673999,41943328187000,171538052000001,-6.06,-3.822,-31.985,0
1398294674008,41943338197000,171538052000001,-6.387,-3.485,-31.985,0
1398294674018,41943348207000,171538052000001,-6.387,-3.485,-31.985,0
1398294674028,41943358216000,171538052000001,-6.387,-3.485,-31.985,0
1398294674038,41943368226000,171538052000001,-6.387,-3.485,-31.985,0
1398294674048,41943378236000,171538052000001,-6.387,-3.485,-31.985,0
1398294674060,41943389802000,171538052000001,-6.387,-3.485,-31.985,0
1398294674069,41943398286000,171538052000001,-6.387,-3.485,-31.985,0
1398294674078,41943408265000,171538052000001,-6.387,-3.485,-31.985,0
1398294674093,41943422761000,171538052000001,-6.387,-3.485,-31.985,0
1398294674101,41943430512000,171538052000001,-6.387,-3.485,-31.985,0
1398294674115,41943444551000,171538052000001,-6.387,-3.485,-31.985,0
1398294674120,41943449464000,171538052000001,-6.387,-3.485,-31.985,0
1398294674136,41943465333000,171538052000001,-6.387,-3.485,-31.985,0
1398294674142,41943468324000,171538052000001,-6.387,-3.485,-31.985,0
1398294674152,41943480043000,171538052000001,-6.387,-3.485,-31.985,0
1398294674159,41943488801000,171538052000001,-6.387,-3.485,-31.985,0
1398294674168,41943498353000,171538052000001,-6.387,-3.485,-31.985,0
1398294674180,41943509309000,171538052000001,-6.387,-3.485,-31.985,0
1398294674190,41943518403000,171538052000001,-6.387,-3.485,-31.985,0
1398294674204,41943528382000,171538052000001,-6.387,-3.485,-31.985,0
1398294674209,41943538392000,171538052000001,-6.387,-3.485,-31.985,0
1398294674220,41943548554000,171538052000001,-6.387,-3.485,-31.985,0
1398294674234,41943563142000,171538052000001,-6.387,-3.485,-31.985,0
1398294674242,41943571809000,171538052000001,-6.387,-3.485,-31.985,0
1398294674260,41943578492000,171538052000001,-6.387,-3.485,-31.985,0
1398294674262,41943588655000,171538052000001,-6.387,-3.485,-31.985,0
1398294674277,41943604188000,171538052000001,-6.387,-3.485,-31.985,0
1398294674279,41943608613000,171538052000001,-6.387,-3.485,-31.985,0
1398294674289,41943618531000,171538052000001,-6.387,-3.485,-31.985,0
1398294674299,41943628511000,171538052000001,-6.387,-3.485,-31.985,0
1398294674308,41943638520000,171538052000001,-6.387,-3.485,-31.985,0
1398294674318,41943648530000,171538052000001,-6.387,-3.485,-31.985,0
1398294674328,41943658509000,171538052000001,-6.387,-3.485,-31.985,0
1398294674339,41943668580000,171538052000001,-6.387,-3.485,-31.985,0
1398294674350,41943678559000,171538052000001,-6.387,-3.485,-31.985,0
1398294674359,41943688600000,171538052000001,-6.387,-3.485,-31.985,0
1398294674369,41943698579000,171538052000001,-6.387,-3.485,-31.985,0
1398294674379,41943708589000,171538052000001,-6.387,-3.485,-31.985,0
1398294674395,41943725038000,171538052000001,-6.387,-3.485,-31.985,0
1398294674398,41943728669000,171538052000001,-6.387,-3.485,-31.985,0
1398294674408,41943738618000,171538052000001,-6.387,-3.485,-31.985,0
1398294674420,41943750184000,171538052000001,-6.387,-3.485,-31.985,0
1398294674428,41943758668000,171538052000001,-6.387,-3.485,-31.985,0
1398294674438,41943768647000,171538052000001,-6.387,-3.485,-31.985,0
1398294674448,41943778688000,171538052000001,-6.387,-3.485,-31.985,0
1398294674458,41943788667000,171538052000001,-6.387,-3.485,-31.985,0
1398294674468,41943798677000,171538052000001,-6.387,-3.485,-31.985,0
1398294674478,41943808686000,171538052000001,-6.387,-3.485,-31.985,0
1398294674488,41943818696000,171538052000001,-6.387,-3.485,-31.985,0
1398294674499,41943828706000,171538052000001,-6.387,-3.485,-31.985,0
1398294674508,41943838716000,171538052000001,-6.387,-3.485,-31.985,0
1398294674518,41943848725000,171538052000001,-6.387,-3.485,-31.649,0
1398294674529,41943858735000,171538052000001,-6.387,-3.485,-31.649,0
1398294674539,41943868745000,171538052000001,-6.387,-3.485,-31.649,0
1398294674549,41943878755000,171538052000001,-6.387,-3.485,-31.649,0
1398294674559,41943888764000,171538052000001,-6.387,-3.485,-31.649,0
1398294674569,41943898774000,171538052000001,-6.387,-3.485,-31.649,0
1398294674582,41943912110000,171538052000001,-6.719,-3.485,-31.649,0
1398294674589,41943918763000,171538052000001,-6.719,-3.485,-31.649,0
1398294674600,41943930329000,171538052000001,-6.719,-3.485,-31.649,0
1398294674609,41943938813000,171538052000001,-6.719,-3.485,-31.649,0
1398294674619,41943948793000,171538052000001,-6.719,-3.485,-31.649,0
1398294674629,41943958802000,171538052000001,-6.719,-3.485,-31.649,0
1398294674639,41943968812000,171538052000001,-6.719,-3.485,-31.649,0
1398294674649,41943978822000,171538052000001,-6.719,-3.485,-31.649,0
1398294674659,41943988832000,171538052000001,-6.719,-3.797,-31.649,0
1398294674669,41943998841000,171538052000001,-6.719,-3.797,-31.649,0
1398294674680,41944008912000,171538052000001,-6.719,-3.797,-31.649,0
1398294674689,41944019044000,171538052000001,-6.405,-3.797,-31.649,0
1398294674699,41944028871000,171538052000001,-6.405,-3.797,-31.649,0
1398294674709,41944038880000,171538052000001,-6.405,-3.797,-31.649,0
1398294674719,41944048890000,171538052000001,-6.405,-3.797,-31.649,0
1398294674729,41944058900000,171538052000001,-6.405,-3.797,-31.649,0
1398294674739,41944068910000,171538052000001,-6.405,-3.797,-31.649,0
1398294674749,41944078919000,171538052000001,-6.405,-3.797,-31.649,0
1398294674759,41944088929000,171538052000001,-6.079,-3.797,-31.649,0
1398294674769,41944098939000,171538052000001,-6.079,-3.797,-31.649,0
1398294674781,41944110475000,171538052000001,-6.079,-3.797,-31.649,0
1398294674789,41944118989000,171538052000001,-6.079,-4.106,-31.649,0
1398294674799,41944128968000,171538052000001,-6.079,-4.106,-31.649,0
1398294674809,41944138978000,171538052000001,-6.079,-4.106,-31.649,0
1398294674819,41944148988000,171538052000001,-6.079,-4.106,-31.649,0
1398294674829,41944158998000,171538052000001,-6.079,-4.106,-31.649,0
1398294674839,41944169007000,171538052000001,-6.079,-4.106,-31.649,0
1398294674849,41944179017000,171538052000001,-6.079,-4.106,-31.649,0
1398294674859,41944189027000,171538052000001,-6.079,-4.106,-31.649,0
1398294674869,41944199037000,171538052000001,-6.079,-4.106,-31.649,0
1398294674879,41944209046000,171538052000001,-6.079,-4.106,-31.649,0
1398294674889,41944219270000,171538052000001,-6.079,-4.414,-31.649,0
1398294674899,41944229066000,171538052000001,-6.079,-4.414,-31.649,0
1398294674909,41944239076000,171538052000001,-6.079,-4.414,-31.649,0
1398294674919,41944249085000,171538052000001,-6.079,-4.414,-31.649,0
1398294674929,41944259095000,171538052000001,-6.388,-4.414,-31.649,0
1398294674939,41944269105000,171538052000001,-6.388,-4.414,-31.649,0
1398294674949,41944279115000,171538052000001,-6.388,-4.414,-31.649,0
1398294674961,41944290650000,171538052000001,-6.388,-4.414,-31.649,0
1398294674969,41944299165000,171538052000001,-6.388,-4.414,-31.649,0
1398294674979,41944309144000,171538052000001,-6.388,-4.414,-31.649,0
1398294674989,41944319154000,171538052000001,-6.388,-4.414,-31.338,0
1398294674999,41944329164000,171538052000001,-6.388,-4.414,-31.338,0
1398294675009,41944339173000,171538052000001,-6.388,-4.414,-31.338,0
1398294675019,41944349183000,171538052000001,-6.388,-4.414,-31.338,0
1398294675029,41944359193000,171538052000001,-6.388,-4.414,-31.338,0
1398294675039,41944369203000,171538052000001,-6.388,-4.414,-31.338,0
1398294675049,41944379182000,171538052000001,-6.388,-4.414,-31.338,0
1398294675059,41944389192000,171538052000001,-6.388,-4.414,-31.338,0
1398294675069,41944399201000,171538052000001,-6.388,-4.414,-31.338,0
1398294675079,41944409211000,171538052000001,-6.388,-4.414,-31.338,0
1398294675089,41944419221000,171538052000001,-6.388,-4.414,-31.338,0
1398294675099,41944429261000,171538052000001,-6.388,-4.414,-31.338,0
1398294675109,41944439271000,171538052000001,-6.388,-4.414,-31.338,0
1398294675120,41944449433000,171538052000001,-6.388,-4.414,-31.338,0
1398294675129,41944459291000,171538052000001,-6.074,-4.414,-31.338,0
1398294675141,41944470857000,171538052000001,-6.074,-4.414,-31.338,0
1398294675149,41944479341000,171538052000001,-6.074,-4.414,-31.338,0
1398294675159,41944489320000,171538052000001,-6.074,-4.414,-31.338,0
1398294675169,41944499330000,171538052000001,-6.074,-4.414,-31.338,0
1398294675182,41944509339000,171538052000001,-6.074,-4.414,-31.338,0
1398294675198,41944527711000,171538052000001,-6.074,-4.414,-31.338,0
1398294675201,41944531373000,171538052000001,-6.074,-4.414,-31.338,0
1398294675210,41944540223000,171538052000001,-6.074,-4.414,-31.338,0
1398294675226,41944555421000,171538052000001,-6.074,-4.414,-31.338,0
1398294675231,41944560517000,171538052000001,-6.074,-4.414,-31.338,0
1398294675245,41944575288000,171538052000001,-6.074,-4.414,-31.338,0
1398294675250,41944580110000,171538052000001,-6.074,-4.414,-31.338,0
1398294675266,41944593171000,171538052000001,-6.074,-4.414,-31.338,0
1398294675270,41944599458000,171538052000001,-6.074,-4.414,-31.338,0
1398294675281,41944609437000,171538052000001,-6.074,-4.414,-31.642,0
1398294675290,41944619447000,171538052000001,-6.074,-4.414,-31.642,0
1398294675300,41944629426000,171538052000001,-6.074,-4.414,-31.642,0
1398294675311,41944640901000,171538052000001,-6.074,-4.414,-31.642,0
1398294675321,41944651002000,171538052000001,-6.074,-4.414,-31.642,0
1398294675330,41944659516000,171538052000001,-6.074,-4.414,-31.642,0
1398294675340,41944669496000,171538052000001,-6.074,-4.414,-31.642,0
1398294675350,41944679475000,171538052000001,-6.074,-4.414,-31.642,0
1398294675361,41944689485000,171538052000001,-6.074,-4.414,-31.642,0
1398294675375,41944705476000,171538052000001,-6.074,-4.414,-31.642,0
1398294675381,41944710572000,171538052000001,-6.074,-4.414,-31.642,0
1398294675395,41944725221000,171538052000001,-6.074,-4.414,-31.642,0
1398294675401,41944730561000,171538052000001,-6.074,-4.414,-31.642,0
1398294675416,41944745851000,171538052000001,-6.074,-4.414,-31.642,0
1398294675422,41944751802000,171538052000001,-6.074,-4.414,-31.642,0
1398294675436,41944766084000,171538052000001,-6.074,-4.414,-31.642,0
1398294675441,41944771150000,171538052000001,-6.074,-4.414,-31.642,0
1398294675456,41944785890000,171538052000001,-6.074,-4.414,-31.642,0
1398294675462,41944791871000,171538052000001,-6.074,-4.414,-31.642,0
1398294675476,41944806123000,171538052000001,-6.074,-4.414,-31.642,0
1398294675481,41944811219000,171538052000001,-6.074,-4.76,-31.642,0
1398294675503,41944825929000,171538052000001,-6.074,-4.76,-31.642,0
1398294675507,41944835786000,171538052000001,-6.074,-4.76,-31.642,0
1398294675510,41944840272000,171538052000001,-6.074,-4.76,-31.642,0
1398294675526,41944855683000,171538052000001,-6.074,-4.76,-31.642,0
1398294675531,41944860566000,171538052000001,-6.074,-4.76,-31.642,0
1398294675546,41944875703000,171538052000001,-6.074,-4.76,-31.642,0
1398294675551,41944881043000,171538052000001,-6.074,-4.76,-31.642,0
1398294675565,41944894807000,171538052000001,-6.074,-4.76,-31.642,0
1398294675571,41944900575000,171538052000001,-6.074,-4.76,-31.642,0
1398294675586,41944915650000,171538052000001,-6.074,-4.76,-31.642,0
1398294675591,41944920899000,171538052000001,-6.074,-4.76,-31.642,0
1398294675604,41944934358000,171538052000001,-6.074,-4.76,-31.642,0
1398294675613,41944943116000,171538052000001,-6.074,-4.76,-31.642,0
1398294675623,41944953187000,171538052000001,-6.074,-4.76,-31.642,0
1398294675633,41944963502000,171538052000001,-6.074,-4.76,-31.642,0
1398294675643,41944972779000,171538052000001,-6.074,-4.76,-31.642,0
1398294675653,41944983003000,171538052000001,-6.074,-4.76,-31.642,0
1398294675664,41944993501000,171538052000001,-6.074,-4.76,-31.642,0
1398294675672,41945001741000,171538052000001,-6.074,-4.76,-31.642,0
1398294675683,41945012483000,171538052000001,-6.074,-4.76,-31.642,0
1398294675693,41945022889000,171538052000001,-6.074,-4.76,-31.642,0
1398294675705,41945030824000,171538052000001,-6.074,-4.76,-31.642,0
1398294675718,41945041658000,171538052000001,-6.074,-4.76,-31.642,0
1398294675721,41945049836000,171538052000001,-6.074,-4.76,-31.642,0
1398294675734,41945059876000,171538052000001,-6.074,-4.76,-31.642,0
1398294675741,41945070893000,171538052000001,-6.074,-4.76,-31.642,0
1398294675765,41945079866000,171538052000001,-6.074,-4.76,-31.642,0
1398294675767,41945089875000,171538052000001,-6.074,-4.76,-31.642,0
1398294675773,41945099916000,171538052000001,-6.074,-4.76,-31.642,0
1398294675783,41945109956000,171538052000001,-6.074,-4.76,-31.642,0
1398294675796,41945119935000,171538052000001,-6.074,-4.76,-31.642,0
1398294675806,41945135133000,171538052000001,-6.074,-4.76,-31.642,0
1398294675815,41945140443000,171538052000001,-6.074,-4.76,-31.642,0
1398294675823,41945149964000,171538052000001,-6.074,-4.76,-31.642,0
1398294675833,41945159974000,171538052000001,-6.074,-4.76,-31.642,0
1398294675840,41945169953000,171538052000001,-6.074,-4.76,-31.642,0
1398294675850,41945179963000,171538052000001,-6.074,-4.438,-31.642,0
1398294675861,41945191529000,171538052000001,-6.074,-4.438,-31.642,0
1398294675870,41945200044000,171538052000001,-6.074,-4.438,-31.642,0
1398294675880,41945210023000,171538052000001,-6.074,-4.438,-31.642,0
1398294675890,41945219972000,171538052000001,-6.074,-4.438,-31.642,0
1398294675900,41945230012000,171538052000001,-6.074,-4.438,-31.642,0
1398294675910,41945239991000,171538052000001,-6.074,-4.438,-31.642,0
1398294675920,41945250001000,171538052000001,-6.074,-4.438,-31.642,0
1398294675930,41945260011000,171538052000001,-6.074,-4.438,-31.642,0
1398294675940,41945270021000,171538052000001,-6.074,-4.438,-31.642,0
1398294675950,41945280030000,171538052000001,-6.074,-4.438,-31.642,0
1398294675960,41945290040000,171538052000001,-6.074,-4.438,-31.642,0
1398294675970,41945300050000,171538052000001,-6.074,-4.438,-31.642,0
1398294675980,41945310243000,171538052000001,-6.074,-4.438,-31.642,0
1398294675990,41945320069000,171538052000001,-6.074,-4.438,-31.642,0
1398294676000,41945330079000,171538052000001,-6.074,-4.438,-31.642,0
1398294676010,41945340119000,171538052000001,-6.074,-4.438,-31.642,0
1398294676020,41945350099000,171538052000001,-6.074,-4.438,-31.642,0
1398294676030,41945360139000,171538052000001,-6.074,-4.438,-31.642,0
1398294676042,41945371675000,171538052000001,-6.074,-4.438,-31.642,0
1398294676050,41945380189000,171538052000001,-6.074,-4.438,-31.642,0
1398294676060,41945390138000,171538052000001,-6.074,-4.093,-31.642,0
1398294676072,41945400147000,171538052000001,-6.074,-4.093,-31.642,0
1398294676080,41945410188000,171538052000001,-6.39,-4.093,-31.642,0
1398294676090,41945420167000,171538052000001,-6.39,-4.093,-31.642,0
1398294676100,41945430177000,171538052000001,-6.39,-4.093,-31.642,0
1398294676116,41945440187000,171538052000001,-6.39,-3.761,-31.642,0
1398294676120,41945450196000,171538052000001,-6.39,-3.761,-31.642,0
1398294676130,41945460206000,171538052000001,-6.719,-3.761,-31.642,0
1398294676140,41945470216000,171538052000001,-6.719,-3.761,-31.642,0
1398294676150,41945480226000,171538052000001,-6.719,-3.761,-31.642,0
1398294676160,41945490235000,171538052000001,-6.719,-3.761,-31.642,0
1398294676174,41945500245000,171538052000001,-6.719,-3.448,-31.642,0
1398294676183,41945512727000,171538052000001,-6.719,-3.448,-31.642,0
1398294676193,41945522523000,171538052000001,-6.719,-3.448,-31.642,0
1398294676203,41945532746000,171538052000001,-6.719,-3.448,-31.642,0
1398294676214,41945543946000,171538052000001,-6.719,-3.448,-31.642,0
1398294676224,41945553987000,171538052000001,-6.719,-3.448,-31.642,0
1398294676234,41945563844000,171538052000001,-6.719,-3.448,-31.642,0
1398294676244,41945573945000,171538052000001,-6.719,-3.448,-31.642,0
1398294676254,41945583955000,171538052000001,-6.719,-3.448,-31.642,0
1398294676264,41945593965000,171538052000001,-6.719,-3.448,-31.642,0
1398294676275,41945600404000,171538052000001,-6.719,-3.448,-31.642,0
1398294676285,41945610444000,171538052000001,-6.719,-3.448,-31.642,0
1398294676299,41945620729000,171538052000001,-6.719,-3.448,-31.642,0
1398294676301,41945630464000,171538052000001,-6.719,-3.448,-31.642,0
1398294676323,41945640443000,171538052000001,-6.719,-3.448,-31.642,0
1398294676325,41945650453000,171538052000001,-6.719,-3.448,-31.642,0
1398294676336,41945660493000,171538052000001,-6.719,-3.448,-31.642,0
1398294676340,41945670503000,171538052000001,-6.719,-3.448,-31.642,0
1398294676352,41945680482000,171538052000001,-6.719,-3.448,-31.642,0
1398294676361,41945690522000,171538052000001,-6.719,-3.448,-31.642,0
1398294676371,41945700501000,171538052000001,-6.719,-3.448,-31.642,0
1398294676381,41945710511000,171538052000001,-6.719,-3.448,-31.642,0
1398294676391,41945720765000,171538052000001,-6.719,-3.448,-31.642,0
1398294676407,41945737092000,171538052000001,-6.719,-3.448,-31.642,0
1398294676419,41945742646000,171538052000001,-6.719,-3.448,-31.642,0
1398294676422,41945751679000,171538052000001,-6.416,-3.448,-31.642,0
1398294676431,41945760896000,171538052000001,-6.416,-3.448,-31.642,0
1398294676441,41945771363000,171538052000001,-6.416,-3.448,-31.948,0
1398294676451,41945780549000,171538052000001,-6.416,-3.448,-31.948,0
1398294676462,41945790589000,171538052000001,-6.416,-3.448,-31.948,0
1398294676471,41945800599000,171538052000001,-6.416,-3.448,-31.948,0
1398294676482,41945811006000,171538052000001,-6.416,-3.448,-31.948,0
1398294676493,41945820863000,171538052000001,-6.416,-3.448,-31.948,0
1398294676502,41945831422000,171538052000001,-6.416,-3.448,-31.948,0
1398294676512,41945840821000,171538052000001,-6.416,-3.448,-31.948,0
1398294676524,41945852906000,171538052000001,-6.416,-3.448,-31.948,0
1398294676532,41945861756000,171538052000001,-6.416,-3.448,-31.948,0
1398294676541,41945870698000,171538052000001,-6.416,-3.448,-31.948,0
1398294676551,41945880677000,171538052000001,-6.416,-3.448,-31.948,0
1398294676561,41945890687000,171538052000001,-6.416,-3.448,-31.948,0
1398294676571,41945900697000,171538052000001,-6.416,-3.144,-31.948,0
1398294676585,41945914521000,171538052000001,-6.416,-3.144,-31.948,0
1398294676593,41945921876000,171538052000001,-6.416,-3.144,-31.948,0
1398294676604,41945934388000,171538052000001,-6.416,-3.144,-31.948,0
1398294676612,41945940736000,171538052000001,-6.416,-3.144,-31.948,0
1398294676626,41945953675000,171538052000001,-6.732,-3.144,-31.948,0
1398294676634,41945963441000,171538052000001,-6.732,-3.144,-31.948,0
1398294676643,41945972779000,171538052000001,-6.732,-3.144,-31.948,0
1398294676657,41945987123000,171538052000001,-6.732,-3.144,-31.948,0
1398294676663,41945992707000,171538052000001,-6.732,-3.144,-31.948,0
1398294676674,41946004182000,171538052000001,-6.732,-3.144,-31.948,0
1398294676699,41946013642000,171538052000001,-6.732,-3.144,-31.948,0
1398294676701,41946020845000,171538052000001,-6.732,-3.144,-31.948,0
1398294676703,41946030854000,171538052000001,-6.732,-3.144,-31.948,0
1398294676711,41946040834000,171538052000001,-6.732,-3.144,-31.948,0
1398294676732,41946059419000,171538052000001,-7.049,-3.144,-31.948,0
1398294676735,41946062898000,171538052000001,-7.049,-3.144,-31.948,0
1398294676744,41946074281000,171538052000001,-7.049,-3.445,-31.948,0
1398294676754,41946084352000,171538052000001,-7.049,-3.445,-31.948,0
1398294676764,41946093843000,171538052000001,-7.049,-3.445,-31.948,0
1398294676773,41946103028000,171538052000001,-7.049,-3.445,-31.948,0
1398294676783,41946112763000,171538052000001,-7.049,-3.445,-31.948,0
1398294676795,41946122315000,171538052000001,-7.049,-3.445,-31.948,0
1398294676801,41946130921000,171538052000001,-7.049,-3.445,-31.948,0
1398294676811,41946140931000,171538052000001,-7.049,-3.445,-31.948,0
1398294676821,41946150910000,171538052000001,-7.049,-3.445,-31.645,0
1398294676831,41946160920000,171538052000001,-7.049,-3.445,-31.645,0
1398294676841,41946170930000,171538052000001,-7.049,-3.445,-31.645,0
1398294676851,41946180940000,171538052000001,-7.049,-3.755,-31.645,0
1398294676861,41946190949000,171538052000001,-7.049,-3.755,-31.645,0
1398294676871,41946200959000,171538052000001,-7.049,-3.755,-31.645,0
1398294676881,41946210969000,171538052000001,-7.049,-3.755,-31.645,0
1398294676891,41946221192000,171538052000001,-7.049,-3.755,-31.645,0
1398294676905,41946234651000,171538052000001,-7.049,-3.755,-31.645,0
1398294676913,41946243440000,171538052000001,-6.706,-3.755,-31.645,0
1398294676927,41946257325000,171538052000001,-6.706,-3.755,-31.645,0
1398294676933,41946263307000,171538052000001,-6.706,-3.755,-31.645,0
1398294676948,41946277711000,171538052000001,-6.706,-3.755,-31.645,0
1398294676953,41946282563000,171538052000001,-6.706,-3.755,-31.645,0
1398294676965,41946294587000,171538052000001,-6.706,-3.755,-31.645,0
1398294676975,41946304566000,171538052000001,-6.706,-3.755,-31.645,0
1398294676987,41946316682000,171538052000001,-6.706,-3.755,-31.645,0
1398294676993,41946323365000,171538052000001,-6.706,-3.755,-31.645,0
1398294677008,41946337586000,171538052000001,-6.706,-3.755,-31.645,0
1398294677013,41946342530000,171538052000001,-6.706,-3.755,-31.645,0
1398294677027,41946357423000,171538052000001,-6.706,-3.755,-31.645,0
1398294677040,41946369569000,171538052000001,-6.706,-3.755,-31.645,0
1398294677042,41946371308000,171538052000001,-6.706,-3.755,-31.645,0
1398294677055,41946385011000,171538052000001,-6.706,-3.755,-31.645,0
1398294677064,41946393891000,171538052000001,-7.06,-3.755,-31.645,0
1398294677075,41946404634000,171538052000001,-7.06,-3.755,-31.645,0
1398294677084,41946413880000,171538052000001,-7.06,-3.755,-31.645,0
1398294677097,41946422914000,171538052000001,-7.06,-3.755,-31.645,0
1398294677103,41946432527000,171538052000001,-7.06,-3.755,-31.645,0
1398294677115,41946441163000,171538052000001,-7.06,-3.755,-31.645,0
1398294677131,41946453767000,171538052000001,-7.06,-3.755,-31.645,0
1398294677133,41946461305000,171538052000001,-7.06,-3.755,-31.645,0
1398294677157,41946471711000,171538052000001,-7.06,-3.755,-31.645,0
1398294677161,41946481233000,171538052000001,-7.06,-3.755,-31.645,0
1398294677164,41946491242000,171538052000001,-7.06,-3.755,-31.645,0
1398294677172,41946501252000,171538052000001,-7.06,-3.755,-31.645,0
1398294677181,41946511293000,171538052000001,-7.06,-3.755,-31.645,0
1398294677194,41946521272000,171538052000001,-7.06,-3.755,-31.645,0
1398294677202,41946531800000,171538052000001,-7.06,-3.755,-31.645,0
1398294677212,41946541352000,171538052000001,-7.06,-3.755,-31.645,0
1398294677224,41946553529000,171538052000001,-7.06,-3.755,-31.645,0
1398294677242,41946561891000,171538052000001,-7.06,-3.755,-31.645,0
1398294677244,41946571382000,171538052000001,-7.06,-3.755,-31.645,0
1398294677252,41946581391000,171538052000001,-7.06,-3.755,-31.645,0
1398294677262,41946591401000,171538052000001,-7.06,-3.755,-31.645,0
1398294677271,41946601350000,171538052000001,-7.06,-3.755,-31.645,0
1398294677281,41946611390000,171538052000001,-7.06,-3.755,-31.645,0
1398294677293,41946621888000,171538052000001,-7.06,-3.755,-31.645,0
1398294677303,41946632966000,171538052000001,-7.06,-3.755,-31.645,0
1398294677311,41946641450000,171538052000001,-7.06,-3.755,-31.645,0
1398294677321,41946651399000,171538052000001,-7.06,-3.755,-31.645,0
1398294677331,41946661408000,171538052000001,-7.06,-3.755,-31.645,0
1398294677345,41946675202000,171538052000001,-7.06,-3.755,-31.645,0
1398294677351,41946681428000,171538052000001,-7.06,-3.755,-31.645,0
1398294677362,41946691438000,171538052000001,-7.06,-3.755,-31.645,0
1398294677371,41946701448000,171538052000001,-7.06,-3.755,-31.645,0
1398294677381,41946711457000,171538052000001,-7.06,-3.755,-31.645,0
1398294677392,41946721467000,171538052000001,-7.06,-3.755,-31.645,0
1398294677402,41946731477000,171538052000001,-7.06,-3.755,-31.645,0
1398294677412,41946741487000,171538052000001,-7.06,-3.755,-31.645,0
1398294677422,41946751496000,171538052000001,-7.06,-3.755,-31.645,0
1398294677431,41946761506000,171538052000001,-7.06,-3.755,-31.645,0
1398294677442,41946771516000,171538052000001,-7.06,-3.755,-31.32,0
1398294677451,41946781526000,171538052000001,-7.06,-3.755,-31.32,0
1398294677461,41946791535000,171538052000001,-7.06,-3.755,-31.32,0
1398294677471,41946801545000,171538052000001,-7.06,-3.755,-31.32,0
1398294677483,41946813081000,171538052000001,-7.06,-3.755,-31.32,0
1398294677492,41946821595000,171538052000001,-7.06,-3.755,-31.32,0
1398294677502,41946831574000,171538052000001,-7.06,-3.755,-31.32,0
1398294677512,41946841584000,171538052000001,-7.06,-3.755,-31.32,0
1398294677522,41946851594000,171538052000001,-7.06,-3.755,-31.32,0
1398294677532,41946861604000,171538052000001,-7.06,-3.755,-31.32,0
1398294677542,41946871614000,171538052000001,-7.06,-3.755,-31.32,0
1398294677552,41946881623000,171538052000001,-7.06,-3.755,-31.32,0
1398294677562,41946891633000,171538052000001,-7.06,-3.755,-31.32,0
1398294677572,41946901643000,171538052000001,-7.06,-3.755,-31.32,0
1398294677582,41946911653000,171538052000001,-7.06,-3.755,-31.32,0
1398294677594,41946921815000,171538052000001,-7.06,-3.755,-31.32,0
1398294677605,41946935243000,171538052000001,-7.06,-3.755,-31.32,0
1398294677614,41946943910000,171538052000001,-7.06,-3.755,-31.32,0
1398294677625,41946955262000,171538052000001,-7.06,-3.755,-31.32,0
1398294677634,41946964295000,171538052000001,-7.06,-3.755,-31.32,0
1398294677646,41946975434000,171538052000001,-7.06,-3.755,-31.32,0
1398294677657,41946986512000,171538052000001,-7.06,-3.755,-31.32,0
1398294677665,41946994660000,171538052000001,-7.06,-3.755,-31.32,0
1398294677675,41947004670000,171538052000001,-7.06,-3.755,-31.32,0
1398294677685,41947014680000,171538052000001,-7.06,-3.755,-31.32,0
1398294677695,41947025086000,171538052000001,-7.06,-3.755,-31.32,0
1398294677704,41947034486000,171538052000001,-7.06,-3.755,-31.32,0
1398294677715,41947044587000,171538052000001,-7.06,-3.755,-31.32,0
1398294677726,41947053681000,171538052000001,-7.06,-3.755,-31.32,0
1398294677732,41947061799000,171538052000001,-7.06,-3.755,-31.32,0
1398294677742,41947071870000,171538052000001,-7.06,-3.755,-31.32,0
1398294677752,41947081819000,171538052000001,-7.06,-3.755,-31.32,0
1398294677762,41947091859000,171538052000001,-7.06,-3.755,-31.32,0
1398294677772,41947101869000,171538052000001,-7.06,-3.755,-31.32,0
1398294677782,41947111878000,171538052000001,-7.06,-3.755,-31.32,0
1398294677792,41947121888000,171538052000001,-7.06,-4.055,-31.32,0
1398294677802,41947131898000,171538052000001,-7.06,-4.055,-31.32,0
1398294677812,41947141908000,171538052000001,-7.06,-4.055,-31.32,0
1398294677823,41947152619000,171538052000001,-7.06,-4.055,-31.32,0
1398294677838,41947168214000,171538052000001,-7.06,-4.055,-31.32,0
1398294677846,41947175904000,171538052000001,-7.06,-4.055,-31.32,0
1398294677855,41947184480000,171538052000001,-7.06,-4.055,-31.32,0
1398294677865,41947195375000,171538052000001,-7.06,-4.055,-31.32,0
1398294677878,41947207490000,171538052000001,-7.06,-4.055,-31.32,0
1398294677886,41947215577000,171538052000001,-7.06,-4.055,-31.32,0
1398294677898,41947227632000,171538052000001,-7.06,-4.055,-31.32,0
1398294677904,41947234437000,171538052000001,-7.06,-4.055,-31.32,0
1398294677916,41947245545000,171538052000001,-7.06,-4.055,-31.32,0
1398294677928,41947257661000,171538052000001,-7.06,-4.055,-31.32,0
1398294677934,41947264436000,171538052000001,-7.06,-4.055,-31.32,0
1398294677948,41947278352000,171538052000001,-7.06,-4.055,-31.32,0
1398294677960,41947283387000,171538052000001,-7.06,-4.055,-31.32,0
1398294677963,41947292726000,171538052000001,-7.06,-4.055,-31.32,0
1398294677976,41947305390000,171538052000001,-7.06,-4.055,-31.32,0
1398294677982,41947312074000,171538052000001,-7.06,-4.055,-31.32,0
1398294677997,41947322053000,171538052000001,-7.06,-4.055,-31.32,0
1398294678003,41947332856000,171538052000001,-6.738,-4.055,-31.32,0
1398294678013,41947342073000,171538052000001,-6.738,-4.364,-31.32,0
1398294678029,41947354066000,171538052000001,-6.738,-4.364,-31.32,0
1398294678033,41947362123000,171538052000001,-6.738,-4.364,-31.32,0
1398294678044,41947372102000,171538052000001,-6.738,-4.364,-31.32,0
1398294678057,41947383699000,171538052000001,-6.384,-4.364,-31.32,0
1398294678062,41947392091000,171538052000001,-6.384,-4.682,-31.32,0
1398294678073,41947402131000,171538052000001,-6.384,-4.682,-31.32,0
1398294678094,41947412263000,171538052000001,-6.384,-4.682,-31.32,0
1398294678097,41947422120000,171538052000001,-6.384,-4.682,-31.32,0
1398294678102,41947432191000,171538052000001,-6.384,-4.682,-31.32,0
1398294678112,41947442140000,171538052000001,-6.384,-4.682,-31.32,0
1398294678126,41947452149000,171538052000001,-6.384,-4.682,-31.32,0
1398294678133,41947462373000,171538052000001,-6.384,-4.682,-31.32,0
1398294678142,41947472169000,171538052000001,-6.384,-4.682,-31.32,0
1398294678156,41947482209000,171538052000001,-6.384,-4.682,-31.32,0
1398294678162,41947492219000,171538052000001,-6.384,-4.682,-31.32,0
1398294678173,41947502198000,171538052000001,-6.384,-4.682,-31.32,0
1398294678182,41947512483000,171538052000001,-6.384,-4.682,-31.32,0
1398294678208,41947522248000,171538052000001,-6.384,-4.682,-31.32,0
1398294678218,41947533784000,171538052000001,-6.384,-4.682,-31.32,0
1398294678220,41947542268000,171538052000001,-6.715,-4.682,-31.32,0
1398294678226,41947552278000,171538052000001,-6.715,-4.682,-31.32,0
1398294678239,41947562257000,171538052000001,-6.715,-4.682,-31.32,0
1398294678242,41947572267000,171538052000001,-6.715,-4.682,-31.32,0
1398294678252,41947582276000,171538052000001,-6.715,-4.682,-31.32,0
1398294678263,41947593446000,171538052000001,-6.715,-4.682,-31.32,0
1398294678273,41947602296000,171538052000001,-6.715,-4.682,-31.32,0
1398294678282,41947612275000,171538052000001,-6.715,-4.682,-31.32,0
1398294678292,41947622285000,171538052000001,-6.715,-4.682,-31.32,0
1398294678302,41947632295000,171538052000001,-6.715,-4.682,-31.32,0
1398294678312,41947642304000,171538052000001,-6.715,-4.682,-31.32,0
1398294678322,41947652589000,171538052000001,-6.715,-4.682,-31.32,0
1398294678332,41947662324000,171538052000001,-6.715,-4.682,-31.32,0
1398294678342,41947672334000,171538052000001,-6.715,-4.682,-31.32,0
1398294678352,41947682344000,171538052000001,-6.715,-5.018,-31.32,0
1398294678362,41947692353000,171538052000001,-6.715,-5.018,-31.32,0
1398294678372,41947702363000,171538052000001,-6.715,-5.018,-31.32,0
1398294678384,41947713929000,171538052000001,-6.715,-5.018,-31.32,0
1398294678394,41947722444000,171538052000001,-6.715,-5.018,-31.32,0
1398294678402,41947732392000,171538052000001,-6.715,-5.018,-31.32,0
1398294678412,41947742402000,171538052000001,-6.715,-5.018,-31.32,0
1398294678424,41947752412000,171538052000001,-6.715,-5.018,-31.32,0
1398294678432,41947762422000,171538052000001,-6.408,-5.331,-31.32,0
1398294678443,41947772431000,171538052000001,-6.408,-5.331,-31.32,0
1398294678452,41947782441000,171538052000001,-6.408,-5.331,-31.32,0
1398294678462,41947792451000,171538052000001,-6.408,-5.331,-31.32,0
1398294678472,41947802461000,171538052000001,-6.408,-5.331,-31.32,0
1398294678483,41947812501000,171538052000001,-6.408,-5.331,-31.32,0
1398294678493,41947822694000,171538052000001,-6.408,-5.331,-31.32,0
1398294678502,41947832490000,171538052000001,-6.408,-5.331,-31.32,0
1398294678512,41947842500000,171538052000001,-6.408,-5.331,-31.32,0
1398294678527,41947852510000,171538052000001,-6.408,-5.331,-31.32,0
1398294678532,41947862519000,171538052000001,-6.408,-5.331,-31.32,0
1398294678542,41947872529000,171538052000001,-6.408,-5.331,-31.32,0
1398294678553,41947882539000,171538052000001,-6.408,-5.331,-31.32,0
1398294678564,41947894105000,171538052000001,-6.408,-5.331,-31.32,0
1398294678576,41947905702000,171538052000001,-6.408,-4.974,-31.32,0
1398294678582,41947912568000,171538052000001,-6.408,-4.974,-31.32,0
1398294678593,41947922792000,171538052000001,-6.408,-4.974,-31.32,0
1398294678602,41947932588000,171538052000001,-6.776,-4.974,-31.32,0
1398294678612,41947942567000,171538052000001,-6.776,-4.6,-31.32,0
1398294678622,41947952607000,171538052000001,-6.776,-4.6,-31.32,0
1398294678632,41947962617000,171538052000001,-6.776,-4.6,-31.32,0
1398294678643,41947972627000,171538052000001,-6.776,-4.6,-31.32,0
1398294678653,41947982637000,171538052000001,-6.776,-4.263,-31.32,0
1398294678663,41947992646000,171538052000001,-6.776,-4.263,-31.32,0
1398294678673,41948002656000,171538052000001,-7.104,-4.263,-31.32,0
1398294678683,41948012666000,171538052000001,-7.104,-3.953,-31.32,0
1398294678693,41948022676000,171538052000001,-7.104,-3.953,-31.32,0
1398294678703,41948032685000,171538052000001,-7.104,-3.953,-31.32,0
1398294678713,41948042695000,171538052000001,-7.104,-3.953,-31.32,0
1398294678723,41948052705000,171538052000001,-7.104,-3.625,-31.32,0
1398294678733,41948062715000,171538052000001,-7.104,-3.625,-31.32,0
1398294678744,41948074281000,171538052000001,-7.104,-3.625,-31.32,0
1398294678753,41948082795000,171538052000001,-7.104,-3.625,-31.32,0
1398294678763,41948092744000,171538052000001,-7.104,-3.625,-31.32,0
1398294678773,41948102754000,171538052000001,-7.104,-3.271,-31.32,0
1398294678783,41948112763000,171538052000001,-7.104,-3.271,-31.32,0
1398294678793,41948122773000,171538052000001,-7.104,-3.271,-31.32,0
1398294678805,41948134461000,171538052000001,-7.104,-3.271,-31.32,0
1398294678815,41948145234000,171538052000001,-7.104,-3.271,-31.32,0
1398294678825,41948155305000,171538052000001,-7.104,-3.271,-31.32,0
1398294678835,41948165193000,171538052000001,-7.104,-3.271,-31.32,0
1398294678845,41948175233000,171538052000001,-7.104,-2.969,-31.32,0
1398294678855,41948185426000,171538052000001,-7.104,-2.969,-31.32,0
1398294678865,41948195191000,171538052000001,-7.104,-2.969,-31.32,0
1398294678882,41948205293000,171538052000001,-7.104,-2.969,-31.32,0
1398294678884,41948214509000,171538052000001,-7.104,-2.969,-31.32,0
1398294678895,41948225221000,171538052000001,-7.441,-2.969,-31.32,0
1398294678904,41948233552000,171538052000001,-7.441,-2.969,-31.32,0
1398294678928,41948246614000,171538052000001,-7.441,-2.969,-31.32,0
1398294678938,41948254518000,171538052000001,-7.441,-2.969,-31.32,0
1398294678945,41948263032000,171538052000001,-7.441,-2.969,-31.32,0
1398294678947,41948272981000,171538052000001,-7.441,-2.969,-31.32,0
1398294678961,41948283723000,171538052000001,-7.789,-2.969,-31.32,0
1398294678965,41948293031000,171538052000001,-7.789,-2.969,-31.32,0
1398294678976,41948303010000,171538052000001,-7.789,-2.969,-31.32,0
1398294678984,41948313050000,171538052000001,-7.789,-2.969,-31.32,0
1398294678994,41948323030000,171538052000001,-7.789,-2.969,-31.32,0
1398294679009,41948333222000,171538052000001,-7.789,-2.969,-31.32,0
1398294679014,41948343080000,171538052000001,-7.789,-2.969,-31.32,0
1398294679040,41948353120000,171538052000001,-7.789,-2.969,-31.32,0
1398294679042,41948363099000,171538052000001,-7.789,-2.969,-31.32,0
1398294679044,41948373109000,171538052000001,-7.789,-2.969,-31.32,0
1398294679055,41948383271000,171538052000001,-7.789,-2.969,-31.32,0
1398294679063,41948393128000,171538052000001,-7.789,-2.969,-31.32,0
1398294679073,41948403108000,171538052000001,-7.789,-3.273,-31.32,0
1398294679083,41948413087000,171538052000001,-7.789,-3.273,-31.32,0
1398294679093,41948423127000,171538052000001,-7.789,-3.273,-31.32,0
1398294679105,41948434693000,171538052000001,-7.789,-3.273,-31.32,0
1398294679113,41948443177000,171538052000001,-7.789,-3.273,-31.32,0
1398294679123,41948453157000,171538052000001,-7.789,-3.273,-31.32,0
1398294679133,41948463136000,171538052000001,-7.789,-3.273,-31.32,0
1398294679143,41948473146000,171538052000001,-7.789,-3.273,-31.32,0
1398294679153,41948483186000,171538052000001,-7.789,-3.273,-31.32,0
1398294679163,41948493165000,171538052000001,-7.789,-3.273,-31.32,0
1398294679173,41948503205000,171538052000001,-7.789,-3.273,-31.32,0
1398294679183,41948513276000,171538052000001,-7.789,-3.273,-31.32,0
1398294679193,41948523194000,171538052000001,-7.789,-3.273,-31.32,0
1398294679204,41948533204000,171538052000001,-7.453,-3.608,-31.32,0
1398294679213,41948543214000,171538052000001,-7.453,-3.608,-31.32,0
1398294679223,41948553224000,171538052000001,-7.453,-3.608,-31.32,0
1398294679233,41948563233000,171538052000001,-7.453,-3.608,-31.32,0
1398294679243,41948573243000,171538052000001,-7.453,-3.608,-31.32,0
1398294679253,41948583283000,171538052000001,-7.453,-3.608,-31.32,0
1398294679263,41948593263000,171538052000001,-7.453,-3.608,-31.32,0
1398294679273,41948603272000,171538052000001,-7.453,-3.608,-31.32,0
1398294679286,41948614839000,171538052000001,-7.453,-3.913,-31.32,0
1398294679293,41948623323000,171538052000001,-7.128,-3.913,-31.32,0
1398294679307,41948633637000,171538052000001,-7.128,-3.913,-31.32,0
1398294679313,41948643312000,171538052000001,-7.128,-3.913,-31.32,0
1398294679323,41948653321000,171538052000001,-7.128,-3.913,-31.32,0
1398294679333,41948663301000,171538052000001,-7.128,-3.913,-31.32,0
1398294679343,41948673310000,171538052000001,-7.128,-3.913,-31.32,0
1398294679353,41948683320000,171538052000001,-7.128,-4.234,-31.32,0
1398294679363,41948693330000,171538052000001,-7.128,-4.234,-31.32,0
1398294679373,41948703340000,171538052000001,-6.822,-4.234,-31.32,0
1398294679383,41948713349000,171538052000001,-6.822,-4.234,-31.32,0
1398294679393,41948723390000,171538052000001,-6.822,-4.234,-31.32,0
1398294679404,41948733399000,171538052000001,-6.822,-4.234,-31.32,0
1398294679417,41948743440000,171538052000001,-6.822,-4.234,-31.32,0
1398294679424,41948753419000,171538052000001,-6.822,-4.234,-31.32,0
1398294679439,41948763429000,171538052000001,-6.822,-4.234,-31.32,0
1398294679447,41948773469000,171538052000001,-6.822,-4.234,-31.32,0
1398294679474,41948783448000,171538052000001,-6.822,-4.234,-31.32,0
1398294679476,41948795014000,171538052000001,-6.822,-4.234,-31.32,0
1398294679478,41948803529000,171538052000001,-6.822,-4.234,-31.32,0
1398294679484,41948813478000,171538052000001,-6.822,-4.234,-31.32,0
1398294679497,41948827394000,171538052000001,-6.822,-4.234,-31.32,0
1398294679504,41948833497000,171538052000001,-6.822,-4.234,-31.32,0
1398294679514,41948843507000,171538052000001,-6.822,-4.234,-31.642,0
1398294679524,41948853517000,171538052000001,-6.822,-4.234,-31.642,0
1398294679535,41948863526000,171538052000001,-6.822,-4.234,-31.642,0
1398294679544,41948873567000,171538052000001,-7.174,-4.234,-31.642,0
1398294679554,41948883546000,171538052000001,-7.174,-4.234,-31.642,0
1398294679564,41948893586000,171538052000001,-7.174,-3.863,-31.642,0
1398294679574,41948903626000,171538052000001,-7.499,-3.863,-31.642,0
1398294679585,41948913575000,171538052000001,-7.499,-3.863,-31.642,0
1398294679594,41948923554000,171538052000001,-7.499,-3.863,-31.642,0
1398294679604,41948933595000,171538052000001,-7.499,-3.863,-31.642,0
1398294679613,41948943574000,171538052000001,-7.499,-3.863,-31.642,0
1398294679624,41948953614000,171538052000001,-7.499,-3.863,-31.642,0
1398294679634,41948963594000,171538052000001,-7.499,-3.863,-31.642,0
1398294679645,41948975160000,171538052000001,-7.499,-3.863,-31.642,0
1398294679653,41948983644000,171538052000001,-7.499,-3.863,-31.642,0
1398294679663,41948993623000,171538052000001,-7.499,-3.863,-31.642,0
1398294679674,41949003663000,171538052000001,-7.499,-3.863,-31.642,0
1398294679685,41949013673000,171538052000001,-7.499,-3.863,-31.33,0
1398294679694,41949023683000,171538052000001,-7.499,-3.863,-31.33,0
1398294679704,41949033692000,171538052000001,-7.038,-3.863,-31.33,0
1398294679714,41949043702000,171538052000001,-7.038,-3.863,-31.33,0
1398294679724,41949053712000,171538052000001,-6.506,-4.223,-31.33,0
1398294679735,41949063722000,171538052000001,-6.506,-4.223,-31.33,0
1398294679744,41949073731000,171538052000001,-5.969,-4.223,-31.33,0
1398294679754,41949083741000,171538052000001,-5.969,-4.576,-31.33,0
1398294679764,41949093720000,171538052000001,-5.969,-4.576,-31.33,0
1398294679774,41949103761000,171538052000001,-5.969,-4.576,-31.33,0
1398294679784,41949113771000,171538052000001,-5.969,-4.968,-31.33,0
1398294679798,41949127748000,171538052000001,-5.969,-4.968,-31.33,0
1398294679804,41949133790000,171538052000001,-5.514,-4.968,-31.33,0
1398294679814,41949143800000,171538052000001,-5.514,-5.355,-31.33,0
1398294679826,41949155335000,171538052000001,-5.514,-5.355,-31.33,0
1398294679834,41949163850000,171538052000001,-5.085,-5.355,-31.33,0
1398294679844,41949173829000,171538052000001,-5.085,-5.355,-31.33,0
1398294679854,41949183839000,171538052000001,-5.085,-5.738,-31.33,0
1398294679864,41949193849000,171538052000001,-5.085,-5.738,-31.33,0
1398294679874,41949203858000,171538052000001,-4.681,-5.738,-31.33,0
1398294679884,41949213868000,171538052000001,-4.681,-5.738,-31.33,0
1398294679894,41949223878000,171538052000001,-4.681,-5.738,-31.33,0
1398294679904,41949233888000,171538052000001,-4.681,-5.738,-31.33,0
1398294679914,41949243897000,171538052000001,-4.681,-5.738,-31.33,0
1398294679924,41949253907000,171538052000001,-4.327,-5.738,-31.33,0
1398294679934,41949263917000,171538052000001,-4.327,-5.738,-31.33,0
1398294679944,41949273927000,171538052000001,-4.327,-5.738,-31.33,0
1398294679954,41949283937000,171538052000001,-4.327,-6.062,-31.33,0
1398294679964,41949293946000,171538052000001,-4.327,-6.062,-31.33,0
1398294679974,41949303956000,171538052000001,-4.327,-6.062,-31.33,0
1398294679984,41949313966000,171538052000001,-4.327,-6.062,-31.33,0
1398294679994,41949323976000,171538052000001,-4.022,-6.062,-31.33,0
1398294680006,41949335603000,171538052000001,-4.022,-6.062,-31.33,0
1398294680018,41949348451000,171538052000001,-4.022,-6.379,-31.33,0
1398294680025,41949355195000,171538052000001,-4.022,-6.379,-31.33,0
1398294680036,41949364411000,171538052000001,-4.022,-6.379,-31.33,0
1398294680044,41949374055000,171538052000001,-3.646,-6.7,-31.33,0
1398294680054,41949384065000,171538052000001,-3.646,-6.7,-31.33,0
1398294680064,41949394074000,171538052000001,-3.646,-6.7,-31.33,0
1398294680074,41949404084000,171538052000001,-3.646,-7.048,-30.998,0
1398294680084,41949414125000,171538052000001,-3.34,-7.048,-30.998,0
1398294680094,41949424104000,171538052000001,-3.34,-7.048,-30.998,0
1398294680111,41949434114000,171538052000001,-3.34,-7.46,-30.998,0
1398294680116,41949444123000,171538052000001,-3.34,-7.46,-30.998,0
1398294680125,41949454103000,171538052000001,-3.34,-7.46,-30.998,0
1398294680134,41949464143000,171538052000001,-3.028,-7.843,-30.683,0
1398294680148,41949477357000,171538052000001,-3.028,-7.843,-30.683,0
1398294680179,41949484132000,171538052000001,-3.028,-7.843,-30.683,0
1398294680183,41949494172000,171538052000001,-3.028,-7.843,-30.683,0
1398294680184,41949504335000,171538052000001,-3.028,-8.174,-30.683,0
1398294680186,41949515718000,171538052000001,-3.028,-8.174,-30.683,0
1398294680194,41949524171000,171538052000001,-3.028,-8.174,-30.683,0
1398294680204,41949534150000,171538052000001,-3.028,-8.174,-30.683,0
1398294680216,41949544160000,171538052000001,-3.028,-8.174,-30.683,0
1398294680224,41949554170000,171538052000001,-3.028,-8.174,-30.683,0
1398294680234,41949564179000,171538052000001,-3.028,-8.174,-30.683,0
1398294680244,41949574189000,171538052000001,-3.028,-8.174,-30.683,0
1398294680254,41949584199000,171538052000001,-3.028,-8.174,-30.683,0
1398294680266,41949594209000,171538052000001,-3.028,-8.174,-30.683,0
1398294680278,41949607728000,171538052000001,-3.028,-7.794,-30.683,0
1398294680284,41949614289000,171538052000001,-3.028,-7.794,-30.683,0
1398294680299,41949626863000,171538052000001,-3.028,-7.794,-30.683,0
1398294680308,41949638124000,171538052000001,-3.028,-7.794,-30.683,0
1398294680317,41949645936000,171538052000001,-3.028,-7.429,-30.683,0
1398294680327,41949656953000,171538052000001,-3.028,-7.429,-30.683,0
1398294680335,41949665010000,171538052000001,-3.028,-7.429,-30.683,0
1398294680356,41949678712000,171538052000001,-3.028,-7.429,-31.019,0
1398294680358,41949684358000,171538052000001,-3.028,-7.429,-31.019,0
1398294680368,41949697328000,171538052000001,-3.028,-7.077,-31.019,0
1398294680380,41949709565000,171538052000001,-3.028,-7.077,-31.019,0
1398294680387,41949716523000,171538052000001,-3.028,-7.077,-31.019,0
1398294680400,41949729798000,171538052000001,-3.028,-7.077,-31.019,0
1398294680408,41949736177000,171538052000001,-3.028,-7.077,-31.019,0
1398294680421,41949750550000,171538052000001,-3.028,-7.077,-31.336,0
1398294680428,41949758271000,171538052000001,-3.028,-7.077,-31.336,0
1398294680437,41949767182000,171538052000001,-3.028,-7.077,-31.336,0
1398294680451,41949774720000,171538052000001,-3.028,-7.077,-31.336,0
1398294680455,41949784486000,171538052000001,-3.028,-7.077,-31.336,0
1398294680465,41949794496000,171538052000001,-3.028,-7.077,-31.336,0
1398294680476,41949804872000,171538052000001,-3.028,-7.077,-31.336,0
1398294680489,41949818666000,171538052000001,-3.028,-7.077,-31.336,0
1398294680499,41949828889000,171538052000001,-3.028,-7.077,-31.336,0
1398294680509,41949838502000,171538052000001,-3.028,-7.077,-31.336,0
1398294680519,41949848756000,171538052000001,-3.028,-7.077,-31.336,0
1398294680527,41949856599000,171538052000001,-2.708,-7.077,-31.336,0
1398294680540,41949864533000,171538052000001,-2.708,-7.412,-31.336,0
1398294680546,41949876069000,171538052000001,-2.708,-7.412,-31.336,0
1398294680574,41949884584000,171538052000001,-2.708,-7.412,-31.336,0
1398294680576,41949894502000,171538052000001,-2.708,-7.412,-31.336,0
1398294680577,41949904573000,171538052000001,-2.708,-7.412,-31.336,0
1398294680588,41949914582000,171538052000001,-2.708,-7.771,-31.336,0
1398294680595,41949924592000,171538052000001,-2.708,-7.771,-31.336,0
1398294680605,41949934602000,171538052000001,-2.708,-7.771,-31.336,0
1398294680617,41949944581000,171538052000001,-2.708,-8.09,-31.336,0
1398294680625,41949954591000,171538052000001,-2.708,-8.09,-31.336,0
1398294680635,41949964601000,171538052000001,-2.708,-8.09,-31.336,0
1398294680645,41949974610000,171538052000001,-2.708,-8.471,-31.336,0
1398294680657,41949984620000,171538052000001,-2.708,-8.471,-30.987,0
1398294680667,41949994630000,171538052000001,-2.708,-8.779,-30.987,0
1398294680675,41950004609000,171538052000001,-2.391,-8.779,-30.987,0
1398294680686,41950014649000,171538052000001,-2.391,-9.106,-30.987,0
1398294680700,41950026582000,171538052000001,-2.391,-9.106,-30.68,0
1398294680706,41950036073000,171538052000001,-2.391,-9.425,-30.68,0
1398294680728,41950052186000,171538052000001,-2.391,-9.425,-30.68,0
1398294680731,41950057649000,171538052000001,-2.391,-9.776,-30.68,0
1398294680736,41950065553000,171538052000001,-2.391,-9.776,-30.332,0
1398294680746,41950076142000,171538052000001,-2.391,-10.13,-30.332,0
1398294680760,41950090119000,171538052000001,-2.391,-10.13,-30.332,0
1398294680766,41950094697000,171538052000001,-2.009,-10.491,-30.332,0
1398294680776,41950105775000,171538052000001,-2.009,-10.491,-30.332,0
1398294680822,41950114747000,171538052000001,-2.009,-10.491,-29.969,0
1398294680824,41950124787000,171538052000001,-2.009,-10.847,-29.969,0
1398294680826,41950134828000,171538052000001,-2.009,-10.847,-29.969,0
1398294680832,41950144837000,171538052000001,-2.009,-10.847,-29.969,0
1398294680834,41950154847000,171538052000001,-2.009,-10.847,-29.969,0
1398294680836,41950164826000,171538052000001,-2.009,-10.847,-29.969,0
1398294680845,41950174867000,171538052000001,-2.009,-10.847,-29.969,0
1398294680855,41950184876000,171538052000001,-2.009,-10.847,-29.969,0
1398294680866,41950194856000,171538052000001,-2.009,-10.847,-29.969,0
1398294680875,41950204835000,171538052000001,-2.009,-10.847,-29.969,0
1398294680885,41950214845000,171538052000001,-2.346,-10.847,-29.969,0
1398294680895,41950224855000,171538052000001,-2.346,-10.462,-29.969,0
1398294680906,41950236421000,171538052000001,-2.346,-10.462,-29.969,0
1398294680916,41950245362000,171538052000001,-2.346,-10.462,-29.969,0
1398294680927,41950256806000,171538052000001,-2.346,-10.13,-29.969,0
1398294680937,41950267335000,171538052000001,-2.346,-10.13,-29.969,0
1398294680949,41950277009000,171538052000001,-2.346,-10.13,-29.969,0
1398294680959,41950288850000,171538052000001,-2.346,-9.777,-29.969,0
1398294680966,41950295350000,171538052000001,-2.659,-9.777,-29.969,0
1398294680981,41950309236000,171538052000001,-2.659,-9.777,-29.969,0
1398294680988,41950317658000,171538052000001,-2.659,-9.777,-30.31,0
1398294681003,41950326966000,171538052000001,-2.659,-9.461,-30.31,0
1398294681006,41950335664000,171538052000001,-2.659,-9.461,-30.31,0
1398294681016,41950345155000,171538052000001,-2.659,-9.461,-30.31,0
1398294681027,41950356629000,171538052000001,-2.659,-9.461,-30.31,0
1398294681036,41950366365000,171538052000001,-2.659,-9.461,-30.31,0
1398294681047,41950376771000,171538052000001,-2.659,-9.461,-30.31,0
1398294681056,41950385255000,171538052000001,-2.659,-9.461,-30.31,0
1398294681089,41950394990000,171538052000001,-2.659,-9.461,-30.31,0
1398294681091,41950405030000,171538052000001,-2.659,-9.461,-30.31,0
1398294681092,41950416658000,171538052000001,-2.659,-9.461,-30.31,0
1398294681097,41950425111000,171538052000001,-2.659,-9.461,-30.31,0
1398294681105,41950435090000,171538052000001,-2.659,-9.461,-30.31,0
1398294681116,41950445069000,171538052000001,-2.659,-9.461,-30.31,0
1398294681125,41950455079000,171538052000001,-2.659,-9.78,-30.31,0
1398294681135,41950465058000,171538052000001,-2.659,-9.78,-30.31,0
1398294681146,41950475068000,171538052000001,-2.659,-9.78,-30.31,0
1398294681155,41950485261000,171538052000001,-2.659,-9.78,-30.31,0
1398294681165,41950495088000,171538052000001,-2.354,-10.079,-30.31,0
1398294681175,41950505097000,171538052000001,-2.354,-10.079,-30.31,0
1398294681185,41950515107000,171538052000001,-2.354,-10.079,-30.31,0
1398294681200,41950525117000,171538052000001,-2.354,-10.079,-30.31,0
1398294681206,41950536195000,171538052000001,-2.354,-10.417,-30.31,0
1398294681215,41950545137000,171538052000001,-1.989,-10.417,-30.31,0
1398294681231,41950556459000,171538052000001,-1.989,-10.417,-29.983,0
1398294681237,41950566072000,171538052000001,-1.989,-10.737,-29.983,0
1398294681248,41950576600000,171538052000001,-1.989,-10.737,-29.983,0
1398294681261,41950589723000,171538052000001,-1.989,-10.737,-29.983,0
1398294681269,41950597901000,171538052000001,-1.626,-10.737,-29.983,0
1398294681277,41950607331000,171538052000001,-1.626,-11.039,-29.983,0
1398294681289,41950619233000,171538052000001,-1.626,-11.039,-29.983,0
1398294681296,41950626252000,171538052000001,-1.626,-11.039,-29.983,0
1398294681310,41950639283000,171538052000001,-1.626,-11.039,-29.983,0
1398294681366,41950645234000,171538052000001,-1.239,-11.039,-29.983,0
1398294681367,41950655274000,171538052000001,-1.239,-11.372,-29.983,0
1398294681368,41950671266000,171538052000001,-1.239,-11.372,-29.983,0
1398294681370,41950677644000,171538052000001,-1.239,-11.372,-29.983,0
1398294681371,41950685273000,171538052000001,-1.239,-11.372,-29.983,0
1398294681373,41950695314000,171538052000001,-1.239,-11.372,-29.983,0
1398294681375,41950705293000,171538052000001,-1.239,-11.372,-29.983,0
1398294681401,41950715303000,171538052000001,-1.239,-11.372,-29.983,0
1398294681402,41950725282000,171538052000001,-1.239,-11.372,-29.983,0
1398294681405,41950735322000,171538052000001,-1.239,-10.987,-29.983,0
1398294681418,41950745362000,171538052000001,-1.239,-10.987,-29.983,0
1398294681425,41950755342000,171538052000001,-1.239,-10.987,-29.983,0
1398294681435,41950765351000,171538052000001,-1.239,-10.639,-29.983,0
1398294681447,41950776918000,171538052000001,-1.239,-10.639,-29.983,0
1398294681455,41950785401000,171538052000001,-1.239,-10.639,-29.983,0
1398294681465,41950795350000,171538052000001,-1.564,-10.639,-29.983,0
1398294681475,41950805360000,171538052000001,-1.564,-10.252,-29.983,0
1398294681485,41950815370000,171538052000001,-1.564,-10.252,-29.983,0
1398294681496,41950825410000,171538052000001,-1.564,-10.252,-29.983,0
1398294681505,41950835420000,171538052000001,-1.564,-9.849,-29.983,0
1398294681518,41950847749000,171538052000001,-1.564,-9.849,-29.983,0
1398294681534,41950857423000,171538052000001,-1.882,-9.538,-29.983,0
1398294681535,41950865449000,171538052000001,-1.882,-9.538,-30.358,0
1398294681548,41950875855000,171538052000001,-1.882,-9.236,-30.358,0
1398294681563,41950890565000,171538052000001,-1.882,-9.236,-30.358,0
1398294681567,41950896943000,171538052000001,-1.882,-9.236,-30.358,0
1398294681581,41950911317000,171538052000001,-1.882,-8.819,-30.358,0
1398294681588,41950918214000,171538052000001,-1.882,-8.819,-30.74,0
1398294681602,41950932252000,171538052000001,-2.224,-8.819,-30.74,0
1398294681607,41950937165000,171538052000001,-2.224,-8.412,-30.74,0
1398294681622,41950951814000,171538052000001,-2.224,-8.412,-30.74,0
1398294681658,41950959504000,171538052000001,-2.224,-8.412,-31.053,0
1398294681660,41950967744000,171538052000001,-2.224,-7.946,-31.053,0
1398294681661,41950981019000,171538052000001,-2.224,-7.946,-31.053,0
1398294681663,41950986482000,171538052000001,-2.593,-7.632,-31.053,0
1398294681666,41950995820000,171538052000001,-2.593,-7.632,-31.053,0
1398294681681,41951010469000,171538052000001,-2.593,-7.324,-31.419,0
1398294681689,41951019013000,171538052000001,-2.919,-7.324,-31.419,0
1398294681700,41951029939000,171538052000001,-2.919,-7.324,-31.419,0
1398294681710,41951039765000,171538052000001,-2.919,-6.918,-31.419,0
1398294681721,41951051179000,171538052000001,-2.919,-6.918,-31.419,0
1398294681728,41951058198000,171538052000001,-2.919,-6.918,-31.773,0
1398294681742,41951072206000,171538052000001,-2.919,-6.918,-31.773,0
1398294681747,41951077149000,171538052000001,-2.919,-6.604,-31.773,0
1398294681762,41951091981000,171538052000001,-3.279,-6.604,-31.773,0
1398294681768,41951097932000,171538052000001,-3.279,-6.604,-31.773,0
1398294681782,41951112184000,171538052000001,-3.279,-6.604,-31.773,0
1398294681787,41951117280000,171538052000001,-3.279,-6.604,-31.773,0
1398294681802,41951132020000,171538052000001,-3.279,-6.604,-31.773,0
1398294681810,41951139588000,171538052000001,-3.279,-6.286,-31.773,0
1398294681820,41951149781000,171538052000001,-3.279,-6.286,-31.773,0
1398294681830,41951159608000,171538052000001,-3.608,-6.286,-31.773,0
1398294681841,41951170899000,171538052000001,-3.608,-6.286,-31.773,0
1398294681849,41951179475000,171538052000001,-3.608,-6.286,-31.773,0
1398294681860,41951189485000,171538052000001,-3.608,-5.938,-31.773,0
1398294681867,41951195802000,171538052000001,-3.608,-5.938,-31.773,0
1398294681876,41951205812000,171538052000001,-3.974,-5.938,-31.773,0
1398294681886,41951215821000,171538052000001,-3.974,-5.938,-31.773,0
1398294681896,41951225831000,171538052000001,-3.974,-5.595,-31.773,0
1398294681906,41951235841000,171538052000001,-3.974,-5.595,-31.773,0
1398294681916,41951245820000,171538052000001,-4.342,-5.595,-31.773,0
1398294681926,41951255830000,171538052000001,-4.342,-5.262,-31.773,0
1398294681936,41951265870000,171538052000001,-4.342,-5.262,-31.773,0
1398294681946,41951275880000,171538052000001,-4.769,-5.262,-31.773,0
1398294681961,41951291108000,171538052000001,-4.769,-4.927,-31.773,0
1398294681966,41951295869000,171538052000001,-4.769,-4.927,-31.773,0
1398294681980,41951310395000,171538052000001,-5.175,-4.927,-31.773,0
1398294681992,41951321717000,171538052000001,-5.175,-4.536,-31.773,0
1398294681998,41951327851000,171538052000001,-5.175,-4.536,-31.773,0
1398294682011,41951340943000,171538052000001,-5.511,-4.536,-31.773,0
1398294682019,41951348725000,171538052000001,-5.511,-4.536,-31.773,0
1398294682033,41951363099000,171538052000001,-5.511,-4.193,-31.773,0
1398294682036,41951366120000,171538052000001,-5.511,-4.193,-31.773,0
1398294682053,41951382569000,171538052000001,-5.511,-4.193,-31.773,0
1398294682057,41951387391000,171538052000001,-5.511,-4.193,-31.773,0
1398294682072,41951402253000,171538052000001,-5.883,-4.193,-31.773,0
1398294682078,41951408235000,171538052000001,-5.883,-4.193,-31.773,0
1398294682091,41951420564000,171538052000001,-5.883,-4.193,-31.773,0
1398294682099,41951428895000,171538052000001,-5.883,-4.193,-31.773,0
1398294682112,41951442262000,171538052000001,-5.883,-3.872,-31.773,0
1398294682119,41951446015000,171538052000001,-5.883,-3.872,-31.773,0
1398294682132,41951456086000,171538052000001,-6.237,-3.872,-31.773,0
1398294682136,41951466096000,171538052000001,-6.237,-3.872,-31.773,0
1398294682162,41951476075000,171538052000001,-6.237,-3.872,-31.773,0
1398294682165,41951486116000,171538052000001,-6.237,-3.872,-31.773,0
1398294682170,41951497682000,171538052000001,-6.237,-3.872,-31.773,0
1398294682191,41951506166000,171538052000001,-6.237,-3.872,-31.773,0
1398294682205,41951516114000,171538052000001,-6.237,-3.872,-31.773,0
1398294682211,41951526155000,171538052000001,-6.237,-3.872,-31.773,0
1398294682216,41951536164000,171538052000001,-6.561,-3.872,-31.773,0
1398294682222,41951546174000,171538052000001,-6.561,-3.872,-31.773,0
1398294682234,41951556214000,171538052000001,-6.561,-3.872,-31.773,0
1398294682236,41951566194000,171538052000001,-6.874,-3.872,-31.773,0
1398294682246,41951576203000,171538052000001,-6.874,-3.872,-31.773,0
1398294682256,41951586213000,171538052000001,-6.874,-3.872,-31.773,0
1398294682267,41951596894000,171538052000001,-6.874,-3.872,-31.773,0
1398294682276,41951606141000,171538052000001,-6.874,-3.872,-31.773,0
1398294682286,41951616151000,171538052000001,-6.874,-3.872,-31.773,0
1398294682296,41951626161000,171538052000001,-6.874,-3.872,-31.773,0
1398294682306,41951636170000,171538052000001,-6.874,-3.872,-31.773,0
1398294682316,41951646180000,171538052000001,-6.874,-3.872,-31.773,0
1398294682326,41951656190000,171538052000001,-6.874,-3.872,-31.773,0
1398294682336,41951666230000,171538052000001,-6.874,-3.872,-31.773,0
1398294682348,41951677766000,171538052000001,-6.874,-3.872,-31.773,0
1398294682356,41951686250000,171538052000001,-6.874,-3.872,-31.773,0
1398294682366,41951696229000,171538052000001,-6.874,-3.872,-31.773,0
1398294682376,41951706239000,171538052000001,-6.874,-3.872,-31.773,0
1398294682386,41951716279000,171538052000001,-6.874,-3.872,-31.773,0
1398294682396,41951726289000,171538052000001,-6.874,-3.872,-31.773,0
1398294682406,41951736268000,171538052000001,-6.874,-3.872,-31.773,0
1398294682416,41951746278000,171538052000001,-6.512,-3.872,-31.773,0
1398294682426,41951756318000,171538052000001,-6.512,-3.872,-31.773,0
1398294682436,41951766328000,171538052000001,-6.512,-3.872,-31.773,0
1398294682446,41951776490000,171538052000001,-6.144,-3.872,-31.773,0
1398294682456,41951786347000,171538052000001,-6.144,-3.872,-31.773,0
1398294682466,41951796357000,171538052000001,-6.144,-3.872,-31.773,0
1398294682476,41951806336000,171538052000001,-6.144,-3.872,-31.773,0
1398294682487,41951816407000,171538052000001,-5.825,-3.872,-31.773,0
1398294682496,41951826387000,171538052000001,-5.825,-3.872,-31.773,0
1398294682506,41951836396000,171538052000001,-5.825,-3.872,-31.773,0
1398294682516,41951846376000,171538052000001,-5.825,-3.872,-31.773,0
1398294682528,41951857942000,171538052000001,-5.825,-3.872,-31.773,0
1398294682540,41951869172000,171538052000001,-5.825,-3.872,-31.773,0
1398294682549,41951878968000,171538052000001,-5.825,-3.872,-31.773,0
1398294682565,41951894319000,171538052000001,-5.825,-3.872,-31.773,0
1398294682574,41951896424000,171538052000001,-5.511,-3.872,-31.773,0
1398294682580,41951906495000,171538052000001,-5.511,-3.872,-31.773,0
1398294682590,41951918733000,171538052000001,-5.511,-3.872,-31.773,0
1398294682600,41951926454000,171538052000001,-5.511,-3.872,-31.773,0
1398294682615,41951940309000,171538052000001,-5.511,-3.872,-31.773,0
1398294682618,41951946504000,171538052000001,-5.511,-3.872,-31.773,0
1398294682638,41951958345000,171538052000001,-5.511,-3.872,-31.773,0
1398294682643,41951966523000,171538052000001,-5.511,-3.872,-31.773,0
1398294682648,41951976533000,171538052000001,-5.511,-3.872,-31.773,0
1398294682663,41951988160000,171538052000001,-5.511,-3.872,-31.773,0
1398294682671,41951996553000,171538052000001,-5.511,-3.872,-31.773,0
1398294682679,41952006562000,171538052000001,-5.511,-3.872,-31.773,0
1398294682692,41952016572000,171538052000001,-5.511,-3.872,-31.773,0
1398294682698,41952026612000,171538052000001,-5.511,-3.872,-31.773,0
1398294682710,41952038148000,171538052000001,-5.511,-3.872,-31.773,0
1398294682717,41952046632000,171538052000001,-5.511,-3.872,-31.773,0
1398294682732,41952056581000,171538052000001,-5.511,-3.872,-31.773,0
1398294682737,41952066621000,171538052000001,-5.511,-3.872,-31.773,0
1398294682747,41952076600000,171538052000001,-5.511,-3.872,-31.773,0
1398294682757,41952086610000,171538052000001,-5.511,-3.872,-31.773,0
1398294682767,41952096650000,171538052000001,-5.511,-3.872,-31.773,0
1398294682778,41952106660000,171538052000001,-5.821,-3.872,-31.773,0
1398294682787,41952116670000,171538052000001,-5.821,-3.872,-31.773,0
1398294682797,41952126679000,171538052000001,-5.821,-3.872,-31.773,0
1398294682807,41952136689000,171538052000001,-5.821,-3.872,-31.773,0
1398294682817,41952146699000,171538052000001,-5.821,-3.872,-31.773,0
1398294682827,41952156678000,171538052000001,-5.821,-3.872,-31.773,0
1398294682837,41952166688000,171538052000001,-5.821,-3.872,-31.773,0
1398294682847,41952176698000,171538052000001,-5.821,-3.872,-31.773,0
1398294682857,41952186708000,171538052000001,-5.821,-3.872,-31.773,0
1398294682871,41952201539000,171538052000001,-5.821,-3.872,-31.773,0
1398294682877,41952206910000,171538052000001,-5.821,-3.872,-31.773,0
1398294682889,41952218293000,171538052000001,-5.821,-3.872,-31.773,0
1398294682897,41952226777000,171538052000001,-5.821,-3.872,-31.773,0
1398294682907,41952236726000,171538052000001,-5.821,-3.872,-31.773,0
1398294682917,41952246736000,171538052000001,-5.821,-3.872,-31.773,0
1398294682927,41952256745000,171538052000001,-5.821,-3.872,-31.773,0
1398294682937,41952266786000,171538052000001,-5.821,-3.872,-31.773,0
1398294682947,41952276765000,171538052000001,-5.821,-3.872,-31.773,0
1398294682956,41952286775000,171538052000001,-5.821,-3.872,-31.773,0
1398294682967,41952296815000,171538052000001,-5.821,-3.872,-31.773,0
1398294682977,41952306794000,171538052000001,-5.821,-3.872,-31.773,0
1398294682987,41952316804000,171538052000001,-5.821,-3.872,-31.773,0
1398294682997,41952326844000,171538052000001,-5.821,-4.206,-31.773,0
1398294683011,41952336854000,171538052000001,-5.821,-4.206,-31.773,0
1398294683019,41952346894000,171538052000001,-5.821,-4.206,-31.773,0
1398294683031,41952356874000,171538052000001,-5.821,-4.206,-31.773,0
1398294683037,41952366883000,171538052000001,-5.821,-4.206,-31.773,0
1398294683047,41952376863000,171538052000001,-5.821,-4.206,-31.773,0
1398294683057,41952386872000,171538052000001,-5.821,-4.206,-31.773,0
1398294683070,41952398408000,171538052000001,-5.821,-4.206,-31.773,0
1398294683077,41952406922000,171538052000001,-5.821,-4.206,-31.773,0
1398294683087,41952416902000,171538052000001,-5.821,-4.206,-31.773,0
1398294683097,41952426911000,171538052000001,-5.821,-4.206,-31.773,0
1398294683108,41952436921000,171538052000001,-5.821,-4.206,-31.773,0
1398294683117,41952446931000,171538052000001,-5.821,-4.206,-31.773,0
1398294683127,41952456941000,171538052000001,-5.821,-4.206,-31.773,0
1398294683137,41952466981000,171538052000001,-5.821,-4.206,-31.773,0
1398294683147,41952476960000,171538052000001,-5.821,-4.206,-31.773,0
1398294683157,41952486970000,171538052000001,-5.821,-4.206,-31.773,0
1398294683167,41952496980000,171538052000001,-5.821,-4.206,-31.773,0
1398294683182,41952511994000,171538052000001,-5.821,-4.206,-31.773,0
1398294683187,41952517030000,171538052000001,-5.821,-4.206,-31.773,0
1398294683197,41952527009000,171538052000001,-5.821,-4.206,-31.773,0
1398294683216,41952537049000,171538052000001,-5.821,-4.206,-31.773,0
1398294683218,41952547029000,171538052000001,-5.821,-4.206,-31.773,0
1398294683227,41952557038000,171538052000001,-5.821,-4.206,-31.773,0
1398294683237,41952567079000,171538052000001,-5.821,-4.206,-31.773,0
1398294683248,41952578614000,171538052000001,-5.821,-4.206,-31.773,0
1398294683257,41952587129000,171538052000001,-5.821,-4.206,-31.773,0
1398294683267,41952597077000,171538052000001,-5.821,-4.206,-31.773,0
1398294683277,41952607087000,171538052000001,-5.821,-4.206,-31.773,0
1398294683287,41952617097000,171538052000001,-6.13,-4.206,-31.773,0
1398294683297,41952627107000,171538052000001,-6.13,-4.206,-31.773,0
1398294683307,41952637300000,171538052000001,-6.13,-4.206,-31.773,0
1398294683317,41952647126000,171538052000001,-6.13,-4.206,-31.773,0
1398294683327,41952657136000,171538052000001,-6.13,-3.823,-31.773,0
1398294683339,41952668458000,171538052000001,-6.13,-3.823,-31.773,0
1398294683353,41952682801000,171538052000001,-6.484,-3.823,-31.773,0
1398294683359,41952688539000,171538052000001,-6.484,-3.823,-31.773,0
1398294683377,41952701875000,171538052000001,-6.484,-3.823,-31.773,0
1398294683379,41952707246000,171538052000001,-6.484,-3.474,-31.773,0
1398294683388,41952717256000,171538052000001,-6.484,-3.474,-31.773,0
1398294683404,41952727265000,171538052000001,-6.484,-3.474,-31.773,0
1398294683412,41952737245000,171538052000001,-6.788,-3.474,-31.773,0
1398294683418,41952747285000,171538052000001,-6.788,-3.474,-31.773,0
1398294683432,41952758821000,171538052000001,-6.788,-3.474,-31.773,0
1398294683437,41952767335000,171538052000001,-6.788,-3.474,-31.773,0
1398294683447,41952777284000,171538052000001,-6.788,-3.474,-31.773,0
1398294683459,41952787324000,171538052000001,-6.788,-3.474,-31.773,0
1398294683467,41952797334000,171538052000001,-6.788,-3.474,-31.773,0
1398294683477,41952807313000,171538052000001,-6.788,-3.474,-31.773,0
1398294683492,41952822022000,171538052000001,-6.788,-3.474,-31.773,0
1398294683497,41952827302000,171538052000001,-6.788,-3.161,-31.773,0
1398294683510,41952839967000,171538052000001,-6.788,-3.161,-31.773,0
1398294683522,41952851838000,171538052000001,-6.788,-3.161,-31.773,0
1398294683530,41952859834000,171538052000001,-6.788,-3.161,-31.773,0
1398294683539,41952869172000,171538052000001,-6.788,-3.161,-31.773,0
1398294683550,41952879670000,171538052000001,-6.788,-3.161,-31.773,0
1398294683559,41952888673000,171538052000001,-6.788,-3.161,-31.773,0
1398294683572,41952902131000,171538052000001,-6.788,-3.161,-31.773,0
1398294683579,41952907441000,171538052000001,-6.788,-3.161,-31.773,0
1398294683589,41952918336000,171538052000001,-6.788,-3.161,-31.773,0
1398294683603,41952927491000,171538052000001,-6.788,-3.161,-31.773,0
1398294683610,41952938996000,171538052000001,-6.788,-3.161,-31.773,0
1398294683618,41952947511000,171538052000001,-6.475,-3.161,-31.773,0
1398294683629,41952957521000,171538052000001,-6.475,-3.161,-31.773,0
1398294683638,41952967530000,171538052000001,-6.475,-3.161,-31.773,0
1398294683648,41952977540000,171538052000001,-6.475,-3.161,-31.773,0
1398294683659,41952987550000,171538052000001,-6.475,-3.161,-31.773,0
1398294683668,41952997560000,171538052000001,-6.475,-3.161,-31.773,0
1398294683678,41953007539000,171538052000001,-6.475,-3.161,-31.773,0
1398294683688,41953017549000,171538052000001,-6.475,-3.161,-31.773,0
1398294683704,41953033998000,171538052000001,-6.475,-3.161,-31.773,0
1398294683709,41953039094000,171538052000001,-6.127,-3.469,-31.773,0
1398294683723,41953052674000,171538052000001,-6.127,-3.469,-31.773,0
1398294683731,41953061036000,171538052000001,-6.127,-3.469,-31.773,0
1398294683744,41953069886000,171538052000001,-6.127,-3.469,-31.773,0
1398294683748,41953078095000,171538052000001,-6.127,-3.469,-31.773,0
1398294683759,41953088960000,171538052000001,-6.127,-3.469,-31.773,0
1398294683773,41953102845000,171538052000001,-6.127,-3.469,-31.773,0
1398294683781,41953111054000,171538052000001,-6.127,-3.469,-31.773,0
1398294683804,41953130555000,171538052000001,-6.127,-3.469,-31.773,0
1398294683807,41953136567000,171538052000001,-6.127,-3.469,-31.773,0
1398294683811,41953140260000,171538052000001,-6.127,-3.469,-31.773,0
1398294683824,41953154145000,171538052000001,-6.127,-3.469,-31.773,0
1398294683830,41953159089000,171538052000001,-6.127,-3.469,-31.773,0
1398294683839,41953168885000,171538052000001,-6.127,-3.469,-31.773,0
1398294683854,41953184144000,171538052000001,-6.127,-3.469,-31.773,0
1398294683859,41953189027000,171538052000001,-6.127,-3.469,-31.773,0
1398294683874,41953204164000,171538052000001,-6.127,-3.469,-31.773,0
1398294683879,41953209046000,171538052000001,-6.127,-3.469,-31.773,0
1398294683894,41953224305000,171538052000001,-6.127,-3.469,-31.773,0
1398294683899,41953229219000,171538052000001,-6.127,-3.469,-31.773,0
1398294683914,41953244050000,171538052000001,-6.127,-3.469,-31.773,0
1398294683936,41953250001000,171538052000001,-6.127,-3.469,-31.773,0
1398294683938,41953257783000,171538052000001,-6.127,-3.469,-31.773,0
1398294683940,41953267793000,171538052000001,-6.127,-3.469,-31.773,0
1398294683950,41953279481000,171538052000001,-6.127,-3.469,-31.773,0
1398294683958,41953288270000,171538052000001,-6.127,-3.469,-31.773,0
1398294683970,41953300416000,171538052000001,-6.127,-3.469,-31.773,0
1398294683978,41953307832000,171538052000001,-6.127,-3.822,-31.773,0
1398294683990,41953318849000,171538052000001,-6.127,-3.822,-31.773,0
1398294683998,41953328279000,171538052000001,-6.127,-3.822,-31.773,0
1398294684014,41953337983000,171538052000001,-6.127,-3.822,-31.773,0
1398294684019,41953347871000,171538052000001,-6.127,-4.244,-31.773,0
1398294684029,41953357850000,171538052000001,-6.127,-4.244,-31.773,0
1398294684043,41953368684000,171538052000001,-6.127,-4.244,-31.773,0
1398294684048,41953377900000,171538052000001,-6.127,-4.608,-31.773,0
1398294684058,41953387910000,171538052000001,-6.127,-4.608,-31.773,0
1398294684073,41953397920000,171538052000001,-6.127,-4.608,-31.773,0
1398294684086,41953407929000,171538052000001,-6.488,-4.608,-31.773,0
1398294684091,41953417970000,171538052000001,-6.488,-4.998,-31.773,0
1398294684098,41953428254000,171538052000001,-6.488,-4.998,-31.448,0
1398294684108,41953437928000,171538052000001,-6.488,-4.998,-31.448,0
1398294684119,41953447969000,171538052000001,-6.488,-4.998,-31.448,0
1398294684128,41953457948000,171538052000001,-6.488,-5.375,-31.448,0
1398294684138,41953467927000,171538052000001,-6.488,-5.375,-31.448,0
1398294684150,41953479493000,171538052000001,-6.488,-5.375,-31.448,0
1398294684158,41953488008000,171538052000001,-6.488,-5.375,-31.448,0
1398294684168,41953497926000,171538052000001,-6.488,-5.375,-31.448,0
1398294684178,41953507966000,171538052000001,-6.187,-5.72,-31.448,0
1398294684189,41953517976000,171538052000001,-6.187,-5.72,-31.448,0
1398294684198,41953527986000,171538052000001,-6.187,-5.72,-31.448,0
1398294684208,41953537965000,171538052000001,-6.187,-5.72,-31.448,0
1398294684218,41953547975000,171538052000001,-6.187,-5.72,-31.448,0
1398294684228,41953558015000,171538052000001,-6.187,-5.72,-31.448,0
1398294684239,41953568055000,171538052000001,-6.187,-5.72,-31.448,0
1398294684249,41953578126000,171538052000001,-6.187,-5.72,-31.448,0
1398294684258,41953588044000,171538052000001,-6.187,-5.72,-31.448,0
1398294684268,41953598023000,171538052000001,-6.187,-5.72,-31.448,0
1398294684278,41953608033000,171538052000001,-5.871,-5.72,-31.448,0
1398294684288,41953618043000,171538052000001,-5.871,-5.72,-31.448,0
1398294684298,41953628053000,171538052000001,-5.871,-5.72,-31.448,0
1398294684308,41953638093000,171538052000001,-5.871,-5.72,-31.448,0
1398294684318,41953648072000,171538052000001,-5.871,-5.72,-31.448,0
1398294684330,41953659669000,171538052000001,-5.871,-5.72,-31.448,0
1398294684338,41953668183000,171538052000001,-5.871,-5.72,-31.448,0
1398294684348,41953678163000,171538052000001,-5.871,-5.72,-31.448,0
1398294684358,41953688142000,171538052000001,-5.871,-5.72,-31.448,0
1398294684368,41953698152000,171538052000001,-5.871,-5.72,-31.448,0
1398294684378,41953708161000,171538052000001,-5.871,-5.406,-31.448,0
1398294684388,41953718171000,171538052000001,-5.871,-5.406,-31.448,0
1398294684398,41953728181000,171538052000001,-5.871,-5.406,-31.448,0
1398294684410,41953738191000,171538052000001,-5.871,-5.406,-31.448,0
1398294684418,41953748200000,171538052000001,-5.871,-5.406,-31.448,0
1398294684428,41953758180000,171538052000001,-5.871,-5.406,-31.448,0
1398294684439,41953768189000,171538052000001,-5.871,-5.406,-31.448,0
1398294684448,41953778199000,171538052000001,-5.871,-5.406,-31.448,0
1398294684458,41953788209000,171538052000001,-5.871,-5.406,-31.448,0
1398294684468,41953798280000,171538052000001,-5.871,-5.406,-31.448,0
1398294684481,41953808290000,171538052000001,-6.239,-5.406,-31.448,0
1398294684488,41953818269000,171538052000001,-6.239,-5.406,-31.448,0
1398294684498,41953828279000,171538052000001,-6.239,-5.406,-31.448,0
1398294684510,41953839814000,171538052000001,-6.239,-5.406,-31.448,0
1398294684518,41953848298000,171538052000001,-6.239,-5.406,-31.448,0
1398294684528,41953858277000,171538052000001,-6.239,-5.406,-31.448,0
1398294684539,41953868318000,171538052000001,-6.239,-5.406,-31.448,0
1398294684548,41953878327000,171538052000001,-6.239,-5.812,-31.448,0
1398294684558,41953888337000,171538052000001,-6.239,-5.812,-31.1,0
1398294684568,41953898316000,171538052000001,-6.239,-5.812,-31.1,0
1398294684578,41953908357000,171538052000001,-5.931,-6.202,-31.1,0
1398294684588,41953918336000,171538052000001,-5.931,-6.202,-31.1,0
1398294684598,41953928376000,171538052000001,-5.931,-6.202,-31.1,0
1398294684608,41953938386000,171538052000001,-5.931,-6.587,-31.1,0
1398294684618,41953948396000,171538052000001,-5.606,-6.587,-31.1,0
1398294684628,41953958406000,171538052000001,-5.606,-6.587,-31.1,0
1398294684638,41953968415000,171538052000001,-5.606,-6.993,-31.1,0
1398294684648,41953978425000,171538052000001,-5.264,-6.993,-31.1,0
1398294684658,41953988435000,171538052000001,-5.264,-6.993,-31.1,0
1398294684668,41953998445000,171538052000001,-5.264,-7.386,-31.1,0
1398294684678,41954008454000,171538052000001,-5.264,-7.386,-30.798,0
1398294684690,41954019990000,171538052000001,-4.881,-7.386,-30.798,0
1398294684698,41954028504000,171538052000001,-4.881,-7.783,-30.798,0
1398294684709,41954038514000,171538052000001,-4.881,-7.783,-30.798,0
1398294684718,41954048463000,171538052000001,-4.881,-7.783,-30.798,0
1398294684729,41954058503000,171538052000001,-4.881,-7.783,-30.798,0
1398294684739,41954068513000,171538052000001,-4.579,-8.085,-30.798,0
1398294684748,41954078523000,171538052000001,-4.579,-8.085,-30.798,0
1398294684759,41954088533000,171538052000001,-4.579,-8.085,-30.798,0
1398294684770,41954098512000,171538052000001,-4.579,-8.085,-30.798,0
1398294684780,41954108552000,171538052000001,-4.579,-8.085,-30.798,0
1398294684791,41954118562000,171538052000001,-4.579,-8.085,-30.798,0
1398294684798,41954128541000,171538052000001,-4.579,-8.085,-30.798,0
1398294684808,41954138551000,171538052000001,-4.579,-8.085,-30.798,0
1398294684818,41954148561000,171538052000001,-4.579,-8.085,-30.798,0
1398294684828,41954158570000,171538052000001,-4.579,-8.085,-30.798,0
1398294684838,41954168580000,171538052000001,-4.579,-8.085,-30.798,0
1398294684848,41954178590000,171538052000001,-4.579,-8.085,-30.798,0
1398294684859,41954188600000,171538052000001,-4.579,-8.085,-30.798,0
1398294684870,41954200166000,171538052000001,-4.579,-7.733,-30.798,0
1398294684879,41954208650000,171538052000001,-4.579,-7.733,-30.798,0
1398294684888,41954218629000,171538052000001,-4.579,-7.733,-30.798,0
1398294684899,41954228639000,171538052000001,-4.579,-7.733,-30.798,0
1398294684909,41954238679000,171538052000001,-4.579,-7.432,-30.798,0
1398294684920,41954248658000,171538052000001,-4.916,-7.432,-30.798,0
1398294684929,41954258729000,171538052000001,-4.916,-7.432,-30.798,0
1398294684939,41954268708000,171538052000001,-4.916,-7.432,-30.798,0
1398294684949,41954278749000,171538052000001,-5.339,-7.084,-30.798,0
1398294684959,41954288728000,171538052000001,-5.339,-7.084,-30.798,0
1398294684970,41954298707000,171538052000001,-5.653,-7.084,-30.798,0
1398294684979,41954308717000,171538052000001,-5.653,-7.084,-30.798,0
1398294684989,41954318757000,171538052000001,-5.653,-7.084,-30.798,0
1398294684999,41954328736000,171538052000001,-5.653,-7.084,-30.798,0
1398294685011,41954338777000,171538052000001,-5.966,-7.084,-30.798,0
1398294685020,41954348786000,171538052000001,-5.966,-7.084,-30.798,0
1398294685029,41954358796000,171538052000001,-5.966,-7.084,-30.798,0
1398294685039,41954368775000,171538052000001,-5.966,-7.084,-30.798,0
1398294685051,41954380372000,171538052000001,-5.966,-7.084,-30.798,0
1398294685062,41954388887000,171538052000001,-5.966,-7.084,-30.798,0
1398294685069,41954398866000,171538052000001,-6.317,-7.084,-30.798,0
1398294685079,41954408876000,171538052000001,-6.317,-7.084,-30.798,0
1398294685090,41954418885000,171538052000001,-6.317,-7.084,-30.798,0
1398294685099,41954428895000,171538052000001,-6.317,-7.084,-30.798,0
1398294685109,41954438905000,171538052000001,-6.317,-7.084,-30.798,0
1398294685119,41954448915000,171538052000001,-6.317,-7.084,-30.798,0
1398294685129,41954458955000,171538052000001,-6.317,-7.084,-30.798,0
1398294685139,41954468934000,171538052000001,-6.317,-7.084,-30.798,0
1398294685156,41954478913000,171538052000001,-6.317,-7.084,-30.798,0
1398294685159,41954488923000,171538052000001,-6.317,-7.084,-30.798,0
1398294685169,41954498933000,171538052000001,-6.317,-7.084,-30.798,0
1398294685179,41954508912000,171538052000001,-6.317,-7.084,-30.798,0
1398294685189,41954518952000,171538052000001,-6.317,-7.084,-30.798,0
1398294685199,41954528932000,171538052000001,-6.317,-7.084,-30.798,0
1398294685209,41954538941000,171538052000001,-6.317,-7.084,-30.798,0
1398294685220,41954548951000,171538052000001,-6.317,-7.084,-30.798,0
1398294685231,41954560517000,171538052000001,-6.317,-7.084,-30.798,0
1398294685239,41954569062000,171538052000001,-6.317,-7.084,-30.798,0
1398294685249,41954579011000,171538052000001,-6.317,-7.084,-30.798,0
1398294685259,41954589021000,171538052000001,-6.317,-7.084,-30.798,0
1398294685269,41954599031000,171538052000001,-6.317,-7.084,-30.798,0
1398294685279,41954609040000,171538052000001,-6.317,-7.084,-30.798,0
1398294685289,41954619050000,171538052000001,-5.992,-7.084,-30.798,0
1398294685299,41954629060000,171538052000001,-5.992,-7.084,-30.798,0
1398294685309,41954639039000,171538052000001,-5.992,-7.084,-30.798,0
1398294685320,41954649049000,171538052000001,-5.992,-7.084,-31.13,0
1398294685330,41954659364000,171538052000001,-5.992,-7.084,-31.13,0
1398294685339,41954669068000,171538052000001,-5.992,-7.084,-31.13,0
1398294685350,41954679078000,171538052000001,-5.992,-6.777,-31.13,0
1398294685359,41954689088000,171538052000001,-5.992,-6.777,-31.13,0
1398294685369,41954699067000,171538052000001,-5.992,-6.777,-31.13,0
1398294685379,41954709107000,171538052000001,-5.992,-6.777,-31.13,0
1398294685389,41954719117000,171538052000001,-5.992,-6.777,-31.13,0
1398294685399,41954729127000,171538052000001,-5.992,-6.452,-31.13,0
1398294685411,41954740693000,171538052000001,-5.992,-6.452,-31.13,0
1398294685419,41954749177000,171538052000001,-5.992,-6.452,-31.13,0
1398294685429,41954759156000,171538052000001,-5.992,-6.452,-31.13,0
1398294685439,41954769166000,171538052000001,-5.992,-6.137,-31.13,0
1398294685449,41954779176000,171538052000001,-5.992,-6.137,-31.13,0
1398294685459,41954789186000,171538052000001,-5.992,-6.137,-31.13,0
1398294685469,41954799195000,171538052000001,-5.992,-6.137,-31.13,0
1398294685479,41954809236000,171538052000001,-5.992,-6.137,-31.13,0
1398294685489,41954819245000,171538052000001,-6.346,-6.137,-31.13,0
1398294685499,41954829225000,171538052000001,-6.346,-5.795,-31.13,0
1398294685509,41954839234000,171538052000001,-6.346,-5.795,-31.13,0
1398294685519,41954849244000,171538052000001,-6.346,-5.795,-31.13,0
1398294685533,41954859254000,171538052000001,-6.346,-5.795,-31.13,0
1398294685539,41954869294000,171538052000001,-6.669,-5.795,-31.13,0
1398294685549,41954879273000,171538052000001,-6.669,-5.795,-31.13,0
1398294685559,41954889314000,171538052000001,-6.669,-5.795,-31.13,0
1398294685570,41954899324000,171538052000001,-6.669,-5.484,-31.13,0
1398294685579,41954909303000,171538052000001,-7.02,-5.484,-31.13,0
1398294685591,41954920869000,171538052000001,-7.02,-5.484,-31.13,0
1398294685599,41954929383000,171538052000001,-7.02,-5.484,-31.13,0
1398294685610,41954939363000,171538052000001,-7.02,-5.484,-31.13,0
1398294685620,41954949372000,171538052000001,-7.02,-5.484,-31.13,0
1398294685629,41954959352000,171538052000001,-7.02,-5.484,-31.13,0
1398294685645,41954974458000,171538052000001,-7.02,-5.484,-31.13,0
1398294685650,41954979371000,171538052000001,-7.02,-5.484,-31.13,0
1398294685659,41954989381000,171538052000001,-7.337,-5.169,-31.13,0
1398294685675,41954999452000,171538052000001,-7.337,-5.169,-31.13,0
1398294685681,41955009400000,171538052000001,-7.337,-5.169,-31.13,0
1398294685691,41955019410000,171538052000001,-7.337,-5.169,-31.13,0
1398294685701,41955029450000,171538052000001,-7.337,-5.169,-31.13,0
1398294685709,41955039430000,171538052000001,-7.659,-5.169,-31.13,0
1398294685720,41955049439000,171538052000001,-7.659,-4.809,-31.13,0
1398294685729,41955059449000,171538052000001,-7.659,-4.809,-31.13,0
1398294685739,41955069459000,171538052000001,-7.659,-4.809,-31.13,0
1398294685749,41955079469000,171538052000001,-7.659,-4.809,-31.13,0
1398294685759,41955089479000,171538052000001,-7.659,-4.809,-31.13,0
1398294685771,41955101045000,171538052000001,-7.659,-4.809,-31.13,0
1398294685780,41955109529000,171538052000001,-7.659,-4.809,-31.13,0
1398294685789,41955119508000,171538052000001,-7.659,-4.809,-31.13,0
1398294685799,41955129487000,171538052000001,-7.659,-4.809,-31.13,0
1398294685809,41955139527000,171538052000001,-7.659,-4.809,-31.13,0
1398294685820,41955149537000,171538052000001,-7.659,-4.809,-31.13,0
1398294685829,41955159577000,171538052000001,-7.659,-4.809,-31.13,0
1398294685840,41955169557000,171538052000001,-7.659,-4.809,-31.13,0
1398294685849,41955179566000,171538052000001,-7.659,-4.809,-31.13,0
1398294685859,41955189576000,171538052000001,-7.659,-4.809,-31.13,0
1398294685879,41955199555000,171538052000001,-7.334,-4.809,-31.13,0
1398294685881,41955209840000,171538052000001,-7.334,-4.809,-31.13,0
1398294685890,41955219667000,171538052000001,-7.334,-4.809,-31.13,0
1398294685899,41955229615000,171538052000001,-7.334,-4.809,-31.13,0
1398294685909,41955239625000,171538052000001,-7.028,-4.809,-31.13,0
1398294685920,41955249635000,171538052000001,-7.028,-4.809,-31.13,0
1398294685930,41955259645000,171538052000001,-7.028,-4.809,-31.13,0
1398294685939,41955269654000,171538052000001,-7.028,-4.809,-31.13,0
1398294685951,41955281220000,171538052000001,-7.028,-4.809,-31.13,0
1398294685960,41955289826000,171538052000001,-7.028,-4.809,-31.13,0
1398294685970,41955299684000,171538052000001,-7.028,-4.809,-31.13,0
1398294685980,41955309693000,171538052000001,-7.028,-4.809,-31.13,0
1398294685990,41955319703000,171538052000001,-7.028,-4.809,-31.13,0
1398294686000,41955329713000,171538052000001,-7.028,-4.809,-31.13,0
1398294686009,41955339723000,171538052000001,-7.028,-4.809,-31.13,0
1398294686020,41955349732000,171538052000001,-7.028,-4.809,-31.13,0
1398294686030,41955359742000,171538052000001,-7.028,-4.809,-31.13,0
1398294686040,41955369752000,171538052000001,-7.028,-4.809,-31.13,0
1398294686051,41955379762000,171538052000001,-7.028,-4.809,-31.13,0
1398294686061,41955389802000,171538052000001,-7.028,-4.809,-31.13,0
1398294686070,41955399781000,171538052000001,-7.028,-4.809,-31.13,0
1398294686080,41955409791000,171538052000001,-7.028,-4.809,-31.13,0
1398294686090,41955419801000,171538052000001,-7.028,-4.809,-31.13,0
1398294686102,41955429780000,171538052000001,-7.028,-4.809,-31.13,0
1398294686111,41955439851000,171538052000001,-7.028,-4.809,-31.13,0
1398294686123,41955449861000,171538052000001,-7.028,-4.809,-31.13,0
1398294686133,41955461366000,171538052000001,-7.028,-4.809,-31.13,0
1398294686140,41955469880000,171538052000001,-7.028,-4.809,-31.13,0
1398294686150,41955479829000,171538052000001,-7.028,-4.809,-31.13,0
1398294686160,41955489839000,171538052000001,-7.028,-4.809,-31.13,0
1398294686170,41955499909000,171538052000001,-7.028,-4.809,-31.13,0
1398294686180,41955509889000,171538052000001,-7.028,-5.111,-31.13,0
1398294686190,41955519898000,171538052000001,-7.028,-5.111,-31.13,0
1398294686203,41955529939000,171538052000001,-7.028,-5.111,-31.13,0
1398294686210,41955539918000,171538052000001,-7.028,-5.111,-31.13,0
1398294686220,41955549928000,171538052000001,-7.028,-5.111,-31.13,0
1398294686230,41955559938000,171538052000001,-7.028,-5.111,-31.13,0
1398294686240,41955569947000,171538052000001,-7.028,-5.111,-31.13,0
1398294686250,41955580262000,171538052000001,-7.028,-5.111,-31.13,0
1398294686261,41955590943000,171538052000001,-7.028,-5.111,-31.13,0
1398294686270,41955599977000,171538052000001,-7.028,-5.111,-31.13,0
1398294686280,41955609986000,171538052000001,-7.028,-5.111,-31.13,0
1398294686290,41955619996000,171538052000001,-7.028,-5.111,-31.13,0
1398294686300,41955630006000,171538052000001,-7.028,-5.111,-31.13,0
1398294686312,41955641725000,171538052000001,-7.028,-5.111,-31.13,0
1398294686320,41955650117000,171538052000001,-7.028,-5.111,-31.13,0
1398294686330,41955660066000,171538052000001,-7.028,-5.111,-31.13,0
1398294686340,41955670045000,171538052000001,-7.028,-5.111,-31.13,0
1398294686351,41955680055000,171538052000001,-7.028,-5.111,-31.13,0
1398294686360,41955690095000,171538052000001,-7.028,-5.111,-31.13,0
1398294686370,41955700105000,171538052000001,-7.028,-5.111,-31.13,0
1398294686381,41955710084000,171538052000001,-7.028,-5.111,-31.13,0
1398294686390,41955720094000,171538052000001,-7.336,-5.111,-31.13,0
1398294686400,41955730104000,171538052000001,-7.336,-5.111,-31.13,0
1398294686410,41955740113000,171538052000001,-7.336,-5.462,-31.13,0
1398294686420,41955750123000,171538052000001,-7.336,-5.462,-31.13,0
1398294686430,41955760102000,171538052000001,-7.336,-5.462,-31.13,0
1398294686440,41955770112000,171538052000001,-7.336,-5.462,-31.13,0
1398294686450,41955780152000,171538052000001,-7.336,-5.462,-31.13,0
1398294686461,41955790162000,171538052000001,-7.336,-5.462,-31.13,0
1398294686472,41955800172000,171538052000001,-7.336,-5.462,-31.13,0
1398294686483,41955810182000,171538052000001,-7.336,-5.462,-31.13,0
1398294686492,41955821748000,171538052000001,-7.336,-5.462,-31.13,0
1398294686500,41955830232000,171538052000001,-7.336,-5.462,-31.13,0
1398294686510,41955840211000,171538052000001,-7.336,-5.462,-31.13,0
1398294686520,41955850221000,171538052000001,-7.662,-5.462,-31.13,0
1398294686530,41955860261000,171538052000001,-7.662,-5.462,-31.13,0
1398294686540,41955870240000,171538052000001,-7.662,-5.462,-31.13,0
1398294686550,41955880281000,171538052000001,-7.662,-5.462,-31.13,0
1398294686567,41955890260000,171538052000001,-7.662,-5.462,-31.13,0
1398294686570,41955900270000,171538052000001,-7.662,-5.462,-31.13,0
1398294686580,41955910310000,171538052000001,-7.662,-5.462,-31.13,0
1398294686590,41955920381000,171538052000001,-7.289,-5.13,-31.13,0
1398294686600,41955930329000,171538052000001,-7.289,-5.13,-31.13,0
1398294686610,41955940309000,171538052000001,-7.289,-5.13,-31.13,0
1398294686620,41955950318000,171538052000001,-6.973,-5.13,-31.13,0
1398294686630,41955960328000,171538052000001,-6.973,-4.739,-31.431,0
1398294686640,41955970338000,171538052000001,-6.973,-4.739,-31.431,0
1398294686650,41955980348000,171538052000001,-6.608,-4.739,-31.431,0
1398294686660,41955990357000,171538052000001,-6.608,-4.435,-31.431,0
1398294686672,41956001924000,171538052000001,-6.608,-4.435,-31.431,0
1398294686680,41956010469000,171538052000001,-6.144,-4.435,-31.431,0
1398294686691,41956020417000,171538052000001,-6.144,-4.127,-31.431,0
1398294686700,41956030427000,171538052000001,-5.715,-4.127,-31.431,0
1398294686710,41956040437000,171538052000001,-5.715,-4.127,-31.784,0
1398294686720,41956050447000,171538052000001,-5.348,-4.127,-31.784,0
1398294686731,41956060456000,171538052000001,-5.348,-3.788,-31.784,0
1398294686741,41956070649000,171538052000001,-5.348,-3.788,-31.784,0
1398294686750,41956080476000,171538052000001,-4.876,-3.788,-31.784,0
1398294686760,41956090486000,171538052000001,-4.876,-3.788,-31.784,0
1398294686770,41956100495000,171538052000001,-4.559,-3.456,-31.784,0
1398294686781,41956110505000,171538052000001,-4.559,-3.456,-32.141,0
1398294686790,41956120515000,171538052000001,-4.559,-3.456,-32.141,0
1398294686801,41956130525000,171538052000001,-4.206,-3.456,-32.141,0
1398294686810,41956140534000,171538052000001,-4.206,-3.456,-32.141,0
1398294686821,41956150544000,171538052000001,-4.206,-3.456,-32.141,0
1398294686834,41956160554000,171538052000001,-4.206,-3.456,-32.141,0
1398294686843,41956172822000,171538052000001,-4.206,-3.456,-32.141,0
1398294686854,41956183503000,171538052000001,-4.206,-3.456,-32.141,0
1398294686864,41956193605000,171538052000001,-4.206,-3.456,-32.141,0
1398294686874,41956203462000,171538052000001,-4.206,-3.456,-32.141,0
1398294686885,41956214784000,171538052000001,-4.206,-3.456,-32.141,0
1398294686893,41956222749000,171538052000001,-4.206,-3.456,-32.141,0
1398294686904,41956234193000,171538052000001,-4.206,-3.456,-32.141,0
1398294686914,41956244203000,171538052000001,-4.206,-3.456,-32.141,0
1398294686924,41956254212000,171538052000001,-4.512,-3.456,-32.141,0
1398294686934,41956263642000,171538052000001,-4.512,-3.456,-32.141,0
1398294686943,41956273042000,171538052000001,-4.512,-3.456,-32.141,0
1398294686954,41956284181000,171538052000001,-4.957,-3.155,-32.141,0
1398294686964,41956294160000,171538052000001,-4.957,-3.155,-32.141,0
1398294686974,41956304231000,171538052000001,-5.276,-3.155,-32.141,0
1398294686984,41956312104000,171538052000001,-5.276,-3.155,-32.141,0
1398294686991,41956320741000,171538052000001,-5.276,-3.155,-32.141,0
1398294687001,41956330720000,171538052000001,-5.725,-3.155,-32.141,0
1398294687011,41956340730000,171538052000001,-5.725,-3.155,-32.141,0
1398294687021,41956350770000,171538052000001,-5.725,-3.155,-32.141,0
1398294687033,41956362306000,171538052000001,-6.144,-3.155,-32.141,0
1398294687041,41956370820000,171538052000001,-6.144,-3.155,-32.141,0
1398294687051,41956380799000,171538052000001,-6.144,-3.503,-32.141,0
1398294687061,41956390809000,171538052000001,-6.452,-3.503,-32.141,0
1398294687071,41956400819000,171538052000001,-6.452,-3.503,-32.141,0
1398294687082,41956410951000,171538052000001,-6.452,-3.503,-32.141,0
1398294687091,41956420838000,171538052000001,-6.767,-3.503,-31.809,0
1398294687105,41956430848000,171538052000001,-6.767,-3.503,-31.809,0
1398294687118,41956440919000,171538052000001,-6.767,-3.503,-31.809,0
1398294687122,41956450837000,171538052000001,-6.767,-3.813,-31.809,0
1398294687154,41956460877000,171538052000001,-7.115,-3.813,-31.809,0
1398294687158,41956470857000,171538052000001,-7.115,-3.813,-31.809,0
1398294687159,41956480897000,171538052000001,-7.115,-3.813,-31.809,0
1398294687161,41956490907000,171538052000001,-7.115,-3.813,-31.809,0
1398294687177,41956506532000,171538052000001,-7.115,-3.813,-31.809,0
1398294687192,41956510957000,171538052000001,-7.115,-3.813,-31.809,0
1398294687195,41956520906000,171538052000001,-7.115,-3.813,-31.809,0
1398294687201,41956530915000,171538052000001,-7.115,-3.813,-31.809,0
1398294687214,41956543031000,171538052000001,-7.115,-3.813,-31.809,0
1398294687224,41956554505000,171538052000001,-7.115,-3.813,-31.809,0
1398294687234,41956564210000,171538052000001,-7.115,-3.813,-31.809,0
1398294687243,41956573060000,171538052000001,-7.115,-3.813,-31.809,0
1398294687254,41956584413000,171538052000001,-7.115,-3.813,-31.809,0
1398294687264,41956593293000,171538052000001,-7.115,-3.459,-31.809,0
1398294687277,41956607301000,171538052000001,-7.115,-3.459,-31.809,0
1398294687285,41956611390000,171538052000001,-7.115,-3.137,-31.809,0
1398294687292,41956621522000,171538052000001,-7.115,-3.137,-31.809,0
1398294687303,41956633332000,171538052000001,-7.115,-2.421,-31.809,0
1398294687314,41956643159000,171538052000001,-7.115,-1.837,-31.809,0
1398294687327,41956656678000,171538052000001,-7.115,-1.255,-31.809,0
1398294687334,41956664491000,171538052000001,-7.115,-0.802,-32.131,0
1398294687347,41956677369000,171538052000001,-7.115,-0.341,-32.131,0
1398294687354,41956683778000,171538052000001,-7.115,-0.341,-32.131,0
1398294687367,41956697297000,171538052000001,-7.115,-0.016,-32.131,0
1398294687373,41956702973000,171538052000001,-7.115,-0.016,-32.131,0
1398294687386,41956714723000,171538052000001,-7.115,-0.016,-32.131,0
1398294687394,41956723908000,171538052000001,-7.115,-0.016,-32.131,0
1398294687407,41956737458000,171538052000001,-7.115,-0.016,-32.131,0
1398294687413,41956742646000,171538052000001,-7.115,-0.016,-32.131,0
1398294687427,41956757386000,171538052000001,-7.115,-0.016,-32.131,0
1398294687433,41956763398000,171538052000001,-7.44,-0.016,-32.466,0
1398294687446,41956775880000,171538052000001,-7.44,-0.016,-32.466,0
1398294687455,41956785188000,171538052000001,-7.44,-0.016,-32.466,0
1398294687462,41956791627000,171538052000001,-7.44,-0.016,-32.466,0
1398294687476,41956805146000,171538052000001,-7.44,-0.016,-32.466,0
1398294687487,41956817323000,171538052000001,-7.746,-0.016,-32.466,0
1398294687493,41956822846000,171538052000001,-7.746,-0.016,-32.466,0
1398294687505,41956835115000,171538052000001,-7.746,-0.016,-32.466,0
1398294687513,41956843202000,171538052000001,-7.746,-0.465,-32.466,0
1398294687526,41956856019000,171538052000001,-7.746,-1.255,-32.466,0
1398294687535,41956864289000,171538052000001,-7.746,-1.255,-32.466,0
1398294687544,41956873902000,171538052000001,-7.746,-1.882,-32.466,0
1398294687555,41956884797000,171538052000001,-7.746,-2.189,-32.466,0
1398294687565,41956895021000,171538052000001,-7.746,-2.189,-32.466,0
1398294687574,41956903901000,171538052000001,-7.746,-2.189,-32.466,0
1398294687585,41956914826000,171538052000001,-7.746,-2.189,-32.466,0
1398294687594,41956923677000,171538052000001,-7.746,-2.189,-32.466,0
1398294687608,41956938172000,171538052000001,-7.746,-2.517,-32.13,0
1398294687612,41956941835000,171538052000001,-7.746,-2.517,-32.13,0
1398294687622,41956951356000,171538052000001,-7.746,-2.517,-32.13,0
1398294687632,41956961366000,171538052000001,-7.746,-2.517,-32.13,0
1398294687641,41956971376000,171538052000001,-7.746,-2.906,-32.13,0
1398294687651,41956981385000,171538052000001,-7.746,-2.906,-32.13,0
1398294687661,41956991395000,171538052000001,-7.431,-3.21,-32.13,0
1398294687671,41957001405000,171538052000001,-7.431,-3.21,-32.13,0
1398294687681,41957011415000,171538052000001,-7.431,-3.21,-31.822,0
1398294687692,41957021424000,171538052000001,-7.431,-3.21,-31.822,0
1398294687701,41957031434000,171538052000001,-7.431,-3.526,-31.822,0
1398294687712,41957042207000,171538052000001,-7.431,-3.526,-31.822,0
1398294687725,41957054963000,171538052000001,-7.431,-3.526,-31.822,0
1398294687737,41957067079000,171538052000001,-7.431,-3.526,-31.822,0
1398294687744,41957073854000,171538052000001,-7.431,-3.526,-31.822,0
1398294687758,41957088105000,171538052000001,-7.124,-3.526,-31.822,0
1398294687763,41957093019000,171538052000001,-7.124,-3.526,-31.822,0
1398294687775,41957104981000,171538052000001,-7.124,-3.526,-31.822,0
1398294687790,41957119172000,171538052000001,-7.124,-3.526,-31.822,0
1398294687793,41957123262000,171538052000001,-7.124,-3.526,-31.822,0
1398294687806,41957135865000,171538052000001,-7.124,-3.526,-31.822,0
1398294687815,41957144624000,171538052000001,-7.124,-3.182,-31.822,0
1398294687825,41957155427000,171538052000001,-7.124,-3.182,-31.822,0
1398294687834,41957164155000,171538052000001,-7.124,-3.182,-31.822,0
1398294687844,41957173982000,171538052000001,-6.793,-3.182,-31.822,0
1398294687855,41957185029000,171538052000001,-6.793,-3.182,-31.822,0
1398294687864,41957194398000,171538052000001,-6.793,-2.859,-31.822,0
1398294687875,41957205140000,171538052000001,-6.793,-2.859,-31.822,0
1398294687884,41957214204000,171538052000001,-6.793,-2.859,-31.822,0
1398294687898,41957228120000,171538052000001,-6.793,-2.859,-31.822,0
1398294687903,41957233064000,171538052000001,-6.793,-2.859,-31.822,0
1398294687918,41957247926000,171538052000001,-6.457,-2.859,-31.822,0
1398294687923,41957253083000,171538052000001,-6.457,-2.859,-32.124,0
1398294687940,41957263246000,171538052000001,-6.457,-2.546,-32.124,0
1398294687942,41957271730000,171538052000001,-6.457,-2.546,-32.124,0
1398294687952,41957281709000,171538052000001,-6.457,-2.546,-32.124,0
1398294687967,41957296693000,171538052000001,-6.457,-2.546,-32.124,0
1398294687974,41957304139000,171538052000001,-6.457,-2.546,-32.124,0
1398294687985,41957315156000,171538052000001,-6.457,-2.546,-32.124,0
1398294687994,41957324311000,171538052000001,-6.457,-2.546,-32.124,0
1398294688008,41957338380000,171538052000001,-6.457,-2.546,-32.124,0
1398294688013,41957343354000,171538052000001,-6.457,-2.546,-32.124,0
1398294688028,41957358003000,171538052000001,-6.457,-2.546,-32.124,0
1398294688033,41957363465000,171538052000001,-6.15,-2.546,-32.124,0
1398294688045,41957375215000,171538052000001,-6.15,-2.546,-32.124,0
1398294688055,41957384400000,171538052000001,-6.15,-2.546,-32.124,0
1398294688066,41957391786000,171538052000001,-6.15,-2.546,-32.124,0
1398294688072,41957402284000,171538052000001,-6.15,-2.546,-32.124,0
1398294688088,41957417604000,171538052000001,-6.15,-2.864,-32.124,0
1398294688093,41957422914000,171538052000001,-6.15,-2.864,-32.124,0
1398294688106,41957434693000,171538052000001,-6.15,-2.864,-32.124,0
1398294688116,41957443391000,171538052000001,-6.15,-2.864,-32.124,0
1398294688122,41957451844000,171538052000001,-6.15,-2.864,-32.124,0
1398294688132,41957461854000,171538052000001,-6.15,-2.864,-32.124,0
1398294688142,41957471864000,171538052000001,-6.15,-2.864,-32.124,0
1398294688152,41957481874000,171538052000001,-6.15,-3.198,-32.124,0
1398294688162,41957491883000,171538052000001,-6.15,-3.198,-32.124,0
1398294688172,41957501893000,171538052000001,-6.15,-3.198,-32.124,0
1398294688182,41957511903000,171538052000001,-6.15,-3.198,-32.124,0
1398294688192,41957521882000,171538052000001,-6.15,-3.198,-32.124,0
1398294688220,41957531922000,171538052000001,-6.15,-3.198,-32.124,0
1398294688225,41957542054000,171538052000001,-6.15,-3.198,-31.809,0
1398294688227,41957551911000,171538052000001,-6.15,-3.198,-31.809,0
1398294688235,41957564759000,171538052000001,-6.15,-3.198,-31.809,0
1398294688248,41957578126000,171538052000001,-6.15,-3.198,-31.809,0
1398294688253,41957583375000,171538052000001,-5.833,-3.198,-31.809,0
1398294688265,41957595429000,171538052000001,-5.833,-3.198,-31.809,0
1398294688274,41957604463000,171538052000001,-5.833,-3.198,-31.809,0
1398294688289,41957618501000,171538052000001,-5.833,-3.198,-31.809,0
1398294688295,41957624757000,171538052000001,-5.833,-3.198,-31.809,0
1398294688308,41957638307000,171538052000001,-5.833,-3.198,-31.809,0
1398294688314,41957643525000,171538052000001,-5.833,-3.198,-31.809,0
1398294688326,41957655427000,171538052000001,-5.833,-3.198,-31.809,0
1398294688334,41957664491000,171538052000001,-5.833,-3.198,-31.809,0
1398294688348,41957678468000,171538052000001,-5.833,-3.198,-31.809,0
1398294688353,41957683473000,171538052000001,-5.833,-3.198,-31.809,0
1398294688368,41957698335000,171538052000001,-5.833,-3.501,-31.809,0
1398294688374,41957703584000,171538052000001,-5.833,-3.501,-31.809,0
1398294688383,41957713227000,171538052000001,-5.833,-3.501,-31.809,0
1398294688396,41957725648000,171538052000001,-5.833,-3.501,-31.809,0
1398294688410,41957733705000,171538052000001,-5.833,-3.501,-31.809,0
1398294688413,41957743287000,171538052000001,-5.833,-3.501,-31.809,0
1398294688424,41957753602000,171538052000001,-5.833,-3.501,-31.809,0
1398294688434,41957763246000,171538052000001,-5.833,-3.501,-31.809,0
1398294688444,41957774415000,171538052000001,-5.833,-3.501,-31.809,0
1398294688455,41957785340000,171538052000001,-5.833,-3.813,-31.809,0
1398294688465,41957794496000,171538052000001,-5.833,-3.813,-31.809,0
1398294688475,41957804841000,171538052000001,-5.833,-3.813,-31.809,0
1398294688485,41957814515000,171538052000001,-5.833,-3.813,-31.809,0
1398294688495,41957825318000,171538052000001,-5.833,-3.813,-31.809,0
1398294688504,41957834535000,171538052000001,-5.833,-3.813,-31.809,0
1398294688515,41957845307000,171538052000001,-5.833,-3.813,-31.809,0
1398294688524,41957854371000,171538052000001,-5.833,-3.813,-31.809,0
1398294688535,41957865357000,171538052000001,-5.833,-3.813,-31.809,0
1398294688545,41957874482000,171538052000001,-5.833,-3.813,-31.809,0
1398294688556,41957885804000,171538052000001,-5.833,-3.813,-31.809,0
1398294688568,41957898042000,171538052000001,-5.833,-4.121,-31.809,0
1398294688575,41957905030000,171538052000001,-5.833,-4.121,-31.809,0
1398294688585,41957914491000,171538052000001,-5.833,-4.121,-31.809,0
1398294688595,41957925386000,171538052000001,-5.833,-4.121,-31.809,0
1398294688605,41957935151000,171538052000001,-5.833,-4.121,-31.809,0
1398294688614,41957942567000,171538052000001,-5.833,-4.121,-31.809,0
1398294688622,41957952302000,171538052000001,-5.833,-4.121,-31.809,0
1398294688632,41957962281000,171538052000001,-5.833,-4.121,-31.809,0
1398294688643,41957972322000,171538052000001,-5.833,-4.121,-31.809,0
1398294688654,41957983888000,171538052000001,-5.833,-4.121,-31.809,0
1398294688662,41957992372000,171538052000001,-5.833,-4.121,-31.809,0
1398294688672,41958002351000,171538052000001,-5.833,-4.121,-31.809,0
1398294688682,41958012361000,171538052000001,-5.833,-4.121,-31.809,0
1398294688693,41958022370000,171538052000001,-5.833,-4.121,-31.809,0
1398294688702,41958032350000,171538052000001,-5.833,-3.765,-31.809,0
1398294688715,41958045167000,171538052000001,-5.833,-3.765,-31.809,0
1398294688725,41958054689000,171538052000001,-5.833,-3.765,-31.809,0
1398294688735,41958064851000,171538052000001,-5.833,-3.765,-31.809,0
1398294688746,41958075654000,171538052000001,-5.833,-3.765,-31.809,0
1398294688754,41958084321000,171538052000001,-5.833,-3.765,-31.809,0
1398294688767,41958097016000,171538052000001,-6.134,-3.463,-31.809,0
1398294688774,41958104158000,171538052000001,-6.134,-3.463,-31.809,0
1398294688785,41958115327000,171538052000001,-6.134,-3.463,-31.809,0
1398294688795,41958125245000,171538052000001,-6.134,-3.463,-31.809,0
1398294688805,41958134675000,171538052000001,-6.134,-3.463,-31.809,0
1398294688815,41958145356000,171538052000001,-6.134,-3.463,-31.809,0
1398294688825,41958155244000,171538052000001,-6.134,-3.463,-31.809,0
1398294688837,41958166688000,171538052000001,-6.134,-3.463,-31.809,0
1398294688852,41958176820000,171538052000001,-6.134,-3.463,-31.809,0
1398294688853,41958182527000,171538052000001,-6.134,-3.463,-31.809,0
1398294688867,41958192506000,171538052000001,-6.134,-3.463,-31.809,0
1398294688880,41958204255000,171538052000001,-6.134,-3.463,-31.809,0
1398294688884,41958213380000,171538052000001,-6.134,-3.463,-31.809,0
1398294688903,41958223481000,171538052000001,-6.134,-3.15,-31.809,0
1398294688907,41958232575000,171538052000001,-6.134,-3.15,-31.809,0
1398294688915,41958242585000,171538052000001,-6.134,-3.15,-31.809,0
1398294688929,41958252595000,171538052000001,-6.134,-3.15,-31.809,0
1398294688936,41958262574000,171538052000001,-6.134,-3.15,-31.809,0
1398294688951,41958272615000,171538052000001,-6.134,-3.15,-31.809,0
1398294688954,41958282594000,171538052000001,-6.134,-3.15,-31.809,0
1398294688963,41958292604000,171538052000001,-6.134,-3.15,-31.809,0
1398294688973,41958302613000,171538052000001,-6.134,-3.15,-31.809,0
1398294688983,41958312623000,171538052000001,-6.134,-3.15,-31.809,0
1398294688993,41958322633000,171538052000001,-6.134,-3.15,-31.809,0
1398294689003,41958332612000,171538052000001,-6.134,-3.15,-31.809,0
1398294689020,41958347322000,171538052000001,-6.134,-3.15,-31.809,0
1398294689023,41958352662000,171538052000001,-6.134,-3.15,-31.809,0
1398294689034,41958363587000,171538052000001,-6.134,-3.15,-31.809,0
1398294689044,41958373597000,171538052000001,-6.134,-3.15,-32.112,0
1398294689055,41958383607000,171538052000001,-6.134,-3.15,-32.112,0
1398294689063,41958392793000,171538052000001,-6.134,-3.15,-32.112,0
1398294689072,41958402680000,171538052000001,-6.134,-3.15,-32.112,0
1398294689083,41958412690000,171538052000001,-6.134,-3.15,-32.112,0
1398294689093,41958422700000,171538052000001,-6.134,-3.15,-32.112,0
1398294689103,41958432710000,171538052000001,-6.134,-3.15,-32.112,0
1398294689116,41958442750000,171538052000001,-6.134,-3.15,-32.112,0
1398294689123,41958452760000,171538052000001,-6.134,-3.15,-32.112,0
1398294689140,41958462770000,171538052000001,-6.488,-3.15,-32.112,0
1398294689143,41958472779000,171538052000001,-6.488,-3.15,-32.112,0
1398294689153,41958482789000,171538052000001,-6.488,-3.15,-32.112,0
1398294689163,41958492799000,171538052000001,-6.488,-3.15,-32.112,0
1398294689173,41958502809000,171538052000001,-6.488,-3.15,-32.112,0
1398294689183,41958512818000,171538052000001,-6.488,-3.15,-32.112,0
1398294689195,41958524385000,171538052000001,-6.488,-3.15,-32.112,0
1398294689203,41958532899000,171538052000001,-6.488,-3.15,-32.112,0
1398294689213,41958542878000,171538052000001,-6.802,-3.15,-32.112,0
1398294689223,41958552857000,171538052000001,-6.802,-3.15,-32.112,0
1398294689234,41958562867000,171538052000001,-6.802,-3.15,-31.736,0
1398294689244,41958572877000,171538052000001,-6.802,-3.15,-31.736,0
1398294689253,41958582887000,171538052000001,-6.802,-3.15,-31.736,0
1398294689263,41958592897000,171538052000001,-6.802,-3.15,-31.736,0
1398294689273,41958602906000,171538052000001,-6.802,-3.15,-31.736,0
1398294689283,41958612886000,171538052000001,-6.802,-3.15,-31.736,0
1398294689293,41958622956000,171538052000001,-6.802,-3.15,-31.736,0
1398294689303,41958632966000,171538052000001,-6.802,-3.15,-31.736,0
1398294689313,41958642945000,171538052000001,-6.802,-3.15,-31.736,0
1398294689323,41958652894000,171538052000001,-6.802,-3.15,-31.736,0
1398294689333,41958662934000,171538052000001,-6.802,-3.15,-31.736,0
1398294689343,41958672944000,171538052000001,-6.802,-3.469,-31.736,0
1398294689353,41958682954000,171538052000001,-6.802,-3.469,-31.736,0
1398294689363,41958692964000,171538052000001,-6.802,-3.469,-31.736,0
1398294689376,41958704499000,171538052000001,-6.484,-3.469,-31.736,0
1398294689383,41958712983000,171538052000001,-6.484,-3.469,-31.736,0
1398294689393,41958722962000,171538052000001,-6.484,-3.469,-31.736,0
1398294689403,41958732972000,171538052000001,-6.484,-3.469,-31.736,0
1398294689413,41958742982000,171538052000001,-6.172,-3.469,-31.736,0
1398294689423,41958752992000,171538052000001,-6.172,-3.469,-31.736,0
1398294689433,41958763001000,171538052000001,-6.172,-3.469,-31.736,0
1398294689443,41958773042000,171538052000001,-6.172,-3.469,-31.736,0
1398294689453,41958783052000,171538052000001,-6.172,-3.469,-31.736,0
1398294689463,41958793122000,171538052000001,-6.172,-3.469,-31.736,0
1398294689473,41958803102000,171538052000001,-6.172,-3.469,-31.736,0
1398294689483,41958813111000,171538052000001,-6.172,-3.469,-31.736,0
1398294689493,41958823121000,171538052000001,-6.172,-3.469,-31.736,0
1398294689503,41958833131000,171538052000001,-6.172,-3.469,-31.736,0
1398294689513,41958843141000,171538052000001,-6.172,-3.469,-31.736,0
1398294689523,41958853150000,171538052000001,-6.172,-3.469,-31.736,0
1398294689533,41958863160000,171538052000001,-6.172,-3.469,-31.736,0
1398294689543,41958873170000,171538052000001,-6.172,-3.469,-31.736,0
1398294689555,41958884736000,171538052000001,-6.172,-3.469,-31.736,0
1398294689563,41958893220000,171538052000001,-6.172,-3.469,-31.736,0
1398294689573,41958903169000,171538052000001,-6.172,-3.469,-31.736,0
1398294689583,41958913178000,171538052000001,-6.172,-3.469,-31.736,0
1398294689593,41958923188000,171538052000001,-6.172,-3.167,-31.736,0
1398294689603,41958933198000,171538052000001,-6.172,-3.167,-31.736,0
1398294689613,41958943208000,171538052000001,-6.48,-3.167,-31.736,0
1398294689624,41958953492000,171538052000001,-6.48,-3.167,-31.736,0
1398294689634,41958964418000,171538052000001,-6.48,-3.167,-31.736,0
1398294689643,41958973237000,171538052000001,-6.48,-3.167,-31.736,0
1398294689653,41958983308000,171538052000001,-6.48,-3.167,-31.736,0
1398294689663,41958993257000,171538052000001,-6.48,-3.167,-31.736,0
1398294689673,41959003327000,171538052000001,-6.48,-3.167,-31.736,0
1398294689684,41959013276000,171538052000001,-6.784,-3.167,-31.736,0
1398294689693,41959023286000,171538052000001,-6.784,-3.167,-31.736,0
1398294689703,41959033296000,171538052000001,-6.784,-3.167,-31.736,0
1398294689713,41959043305000,171538052000001,-6.784,-3.167,-31.736,0
1398294689723,41959053315000,171538052000001,-6.784,-3.167,-31.736,0
1398294689735,41959064851000,171538052000001,-6.784,-3.167,-31.736,0
1398294689743,41959073365000,171538052000001,-6.784,-3.167,-31.736,0
1398294689753,41959083345000,171538052000001,-6.784,-3.167,-31.736,0
1398294689763,41959093354000,171538052000001,-6.784,-3.167,-31.736,0
1398294689773,41959103364000,171538052000001,-6.784,-3.167,-31.736,0
1398294689783,41959113374000,171538052000001,-6.784,-2.844,-31.736,0
1398294689793,41959123384000,171538052000001,-6.784,-2.844,-31.736,0
1398294689804,41959133637000,171538052000001,-6.784,-2.844,-31.736,0
1398294689816,41959145295000,171538052000001,-6.784,-2.844,-31.736,0
1398294689827,41959157044000,171538052000001,-6.784,-2.844,-31.736,0
1398294689837,41959167054000,171538052000001,-6.469,-2.844,-31.736,0
1398294689847,41959177095000,171538052000001,-6.469,-2.844,-31.736,0
1398294689857,41959187318000,171538052000001,-6.469,-2.844,-31.736,0
1398294689867,41959197022000,171538052000001,-6.469,-2.844,-31.736,0
1398294689877,41959207154000,171538052000001,-6.469,-2.844,-31.736,0
1398294689889,41959219300000,171538052000001,-6.469,-2.844,-31.736,0
1398294689896,41959226075000,171538052000001,-6.469,-2.844,-31.736,0
1398294689907,41959236970000,171538052000001,-6.469,-2.844,-32.064,0
1398294689919,41959249147000,171538052000001,-6.469,-2.844,-32.064,0
1398294689926,41959256105000,171538052000001,-6.469,-2.844,-32.064,0
1398294689936,41959265626000,171538052000001,-6.469,-2.844,-32.064,0
1398294689947,41959277131000,171538052000001,-6.469,-2.844,-32.064,0
1398294689957,41959287232000,171538052000001,-6.469,-2.844,-32.064,0
1398294689967,41959296479000,171538052000001,-6.469,-2.844,-32.064,0
1398294689976,41959304048000,171538052000001,-6.469,-2.844,-32.064,0
1398294689985,41959314393000,171538052000001,-6.469,-2.844,-32.064,0
1398294689994,41959323640000,171538052000001,-6.469,-2.844,-32.064,0
1398294690004,41959333650000,171538052000001,-6.469,-2.844,-32.064,0
1398294690014,41959343629000,171538052000001,-6.469,-2.844,-32.064,0
1398294690024,41959353669000,171538052000001,-6.469,-2.844,-32.064,0
1398294690034,41959363648000,171538052000001,-6.469,-2.844,-32.064,0
1398294690044,41959373689000,171538052000001,-6.469,-2.844,-32.064,0
1398294690054,41959383699000,171538052000001,-6.469,-2.844,-32.064,0
1398294690064,41959393708000,171538052000001,-6.469,-2.844,-32.064,0
1398294690076,41959406129000,171538052000001,-6.469,-2.844,-32.064,0
1398294690088,41959417787000,171538052000001,-6.469,-2.844,-32.064,0
1398294690100,41959429597000,171538052000001,-6.469,-2.844,-32.064,0
1398294690106,41959435823000,171538052000001,-6.469,-2.844,-32.064,0
1398294690120,41959450074000,171538052000001,-6.469,-2.844,-32.064,0
1398294690125,41959455293000,171538052000001,-6.469,-2.844,-32.064,0
1398294690140,41959470033000,171538052000001,-6.469,-2.844,-32.064,0
1398294690145,41959475160000,171538052000001,-6.469,-2.844,-32.064,0
1398294690160,41959483827000,171538052000001,-6.469,-2.844,-32.064,0
1398294690164,41959493806000,171538052000001,-6.469,-2.844,-32.064,0
1398294690174,41959503816000,171538052000001,-6.469,-2.844,-32.064,0
1398294690185,41959514039000,171538052000001,-6.469,-2.844,-32.064,0
1398294690201,41959530213000,171538052000001,-6.469,-2.844,-32.064,0
1398294690211,41959534150000,171538052000001,-6.469,-2.844,-32.064,0
1398294690220,41959544282000,171538052000001,-6.469,-2.844,-32.064,0
1398294690228,41959557740000,171538052000001,-6.469,-2.844,-32.064,0
1398294690235,41959564271000,171538052000001,-6.469,-2.844,-32.064,0
1398294690248,41959577882000,171538052000001,-6.469,-2.844,-32.064,0
1398294690258,41959588166000,171538052000001,-6.469,-2.844,-32.064,0
1398294690269,41959598847000,171538052000001,-6.469,-2.844,-32.064,0
1398294690278,41959607759000,171538052000001,-6.469,-2.844,-32.064,0
1398294690288,41959618165000,171538052000001,-6.469,-2.844,-32.064,0
1398294690299,41959628755000,171538052000001,-6.469,-2.844,-32.064,0
1398294690307,41959637452000,171538052000001,-6.469,-2.844,-32.064,0
1398294690318,41959648408000,171538052000001,-6.469,-2.844,-32.064,0
1398294690328,41959658052000,171538052000001,-6.469,-2.844,-32.064,0
1398294690339,41959668550000,171538052000001,-6.469,-2.844,-32.064,0
1398294690348,41959678346000,171538052000001,-6.469,-2.844,-32.064,0
1398294690360,41959685731000,171538052000001,-6.469,-2.844,-32.064,0
1398294690367,41959696748000,171538052000001,-6.469,-2.844,-32.064,0
1398294690378,41959703950000,171538052000001,-6.469,-2.844,-32.064,0
1398294690385,41959715333000,171538052000001,-6.469,-2.844,-32.064,0
1398294690397,41959724031000,171538052000001,-6.469,-2.844,-32.064,0
1398294690411,41959734895000,171538052000001,-6.469,-2.844,-32.064,0
1398294690415,41959744050000,171538052000001,-6.469,-2.844,-32.064,0
1398294690427,41959754060000,171538052000001,-6.469,-2.844,-32.064,0
1398294690441,41959767732000,171538052000001,-6.469,-2.844,-32.064,0
1398294690445,41959774812000,171538052000001,-6.469,-2.844,-32.064,0
1398294690459,41959787629000,171538052000001,-6.469,-2.844,-32.064,0
1398294690465,41959794740000,171538052000001,-6.469,-2.844,-32.064,0
1398294690476,41959804231000,171538052000001,-6.469,-2.844,-32.064,0
1398294690491,41959814118000,171538052000001,-6.469,-2.844,-32.064,0
1398294690499,41959824098000,171538052000001,-6.469,-2.844,-32.064,0
1398294690506,41959834107000,171538052000001,-6.469,-2.844,-32.064,0
1398294690514,41959844087000,171538052000001,-6.773,-2.844,-32.064,0
1398294690524,41959854127000,171538052000001,-6.773,-2.844,-32.064,0
1398294690534,41959864137000,171538052000001,-6.773,-2.844,-32.064,0
1398294690544,41959874177000,171538052000001,-6.773,-2.844,-32.064,0
1398294690561,41959887849000,171538052000001,-6.773,-2.844,-32.064,0
1398294690568,41959894136000,171538052000001,-6.773,-2.844,-32.064,0
1398294690574,41959904145000,171538052000001,-6.773,-2.844,-32.064,0
1398294690585,41959914186000,171538052000001,-6.773,-2.844,-32.064,0
1398294690595,41959924165000,171538052000001,-6.773,-2.844,-32.064,0
1398294690613,41959934327000,171538052000001,-6.773,-2.844,-32.064,0
1398294690614,41959944367000,171538052000001,-6.773,-2.844,-32.064,0
1398294690624,41959954225000,171538052000001,-6.773,-2.844,-32.064,0
1398294690636,41959965730000,171538052000001,-6.773,-2.844,-32.064,0
1398294690646,41959974275000,171538052000001,-6.773,-2.844,-32.064,0
1398294690654,41959984315000,171538052000001,-6.773,-2.844,-32.064,0
1398294690664,41959994294000,171538052000001,-6.773,-2.844,-32.064,0
1398294690674,41960004273000,171538052000001,-6.773,-2.844,-32.064,0
1398294690684,41960014283000,171538052000001,-6.773,-2.844,-32.064,0
1398294690694,41960024262000,171538052000001,-6.773,-2.844,-32.064,0
1398294690705,41960034272000,171538052000001,-6.773,-2.844,-32.064,0
1398294690714,41960044282000,171538052000001,-6.773,-2.844,-32.064,0
1398294690724,41960054292000,171538052000001,-6.773,-2.844,-32.064,0
1398294690734,41960064302000,171538052000001,-6.773,-2.844,-32.064,0
1398294690744,41960074311000,171538052000001,-6.773,-2.844,-32.064,0
1398294690754,41960084321000,171538052000001,-6.773,-2.844,-32.064,0
1398294690764,41960094331000,171538052000001,-6.773,-2.844,-32.064,0
1398294690774,41960104341000,171538052000001,-6.773,-2.844,-32.064,0
1398294690784,41960114350000,171538052000001,-6.773,-2.844,-32.064,0
1398294690794,41960124360000,171538052000001,-6.773,-2.844,-32.064,0
1398294690804,41960134370000,171538052000001,-6.773,-2.844,-32.064,0
1398294690819,41960145967000,171538052000001,-6.773,-2.844,-32.064,0
1398294690828,41960154450000,171538052000001,-6.773,-2.844,-32.064,0
1398294690835,41960164430000,171538052000001,-6.773,-2.844,-32.064,0
1398294690845,41960174439000,171538052000001,-6.773,-2.844,-32.064,0
1398294690855,41960184449000,171538052000001,-6.773,-2.844,-32.064,0
1398294690865,41960194398000,171538052000001,-6.773,-2.844,-32.064,0
1398294690875,41960204408000,171538052000001,-6.773,-2.844,-32.064,0
1398294690885,41960214479000,171538052000001,-6.773,-2.844,-32.064,0
1398294690895,41960224488000,171538052000001,-6.773,-2.844,-32.064,0
1398294690905,41960234498000,171538052000001,-6.773,-2.844,-32.064,0
1398294690915,41960244508000,171538052000001,-6.773,-2.844,-32.064,0
1398294690925,41960254487000,171538052000001,-6.773,-2.844,-32.064,0
1398294690935,41960264558000,171538052000001,-6.773,-2.844,-32.064,0
1398294690945,41960274507000,171538052000001,-6.773,-2.844,-32.064,0
1398294690956,41960284516000,171538052000001,-6.773,-2.844,-32.064,0
1398294690965,41960294526000,171538052000001,-6.773,-2.844,-32.064,0
1398294690975,41960304536000,171538052000001,-6.773,-2.844,-32.064,0
1398294690984,41960314515000,171538052000001,-6.773,-2.844,-32.064,0
1398294690996,41960326081000,171538052000001,-6.773,-2.844,-32.064,0
1398294691005,41960334565000,171538052000001,-7.077,-2.844,-32.064,0
1398294691014,41960344544000,171538052000001,-7.077,-2.844,-32.064,0
1398294691024,41960354524000,171538052000001,-7.077,-2.844,-32.064,0
1398294691034,41960364533000,171538052000001,-7.077,-2.844,-32.064,0
1398294691045,41960374726000,171538052000001,-7.077,-2.844,-32.064,0
1398294691054,41960384553000,171538052000001,-7.077,-2.844,-32.064,0
1398294691064,41960394563000,171538052000001,-7.077,-2.844,-32.064,0
1398294691074,41960404603000,171538052000001,-7.077,-2.844,-32.064,0
1398294691084,41960414613000,171538052000001,-7.077,-2.844,-32.064,0
1398294691094,41960424623000,171538052000001,-7.077,-2.844,-32.064,0
1398294691104,41960434632000,171538052000001,-7.077,-2.844,-32.064,0
1398294691114,41960444642000,171538052000001,-7.077,-2.844,-32.064,0
1398294691124,41960454652000,171538052000001,-7.077,-2.844,-32.064,0
1398294691135,41960464631000,171538052000001,-7.077,-2.844,-32.064,0
1398294691145,41960474702000,171538052000001,-7.077,-2.844,-32.064,0
1398294691160,41960484712000,171538052000001,-7.077,-2.844,-32.064,0
1398294691177,41960499391000,171538052000001,-7.077,-2.844,-32.064,0
1398294691178,41960506318000,171538052000001,-7.077,-2.844,-32.064,0
1398294691185,41960514833000,171538052000001,-7.077,-2.844,-32.064,0
1398294691195,41960524781000,171538052000001,-7.077,-2.844,-32.064,0
1398294691205,41960534791000,171538052000001,-7.077,-2.844,-32.064,0
1398294691215,41960544801000,171538052000001,-7.077,-2.844,-32.064,0
1398294691225,41960554811000,171538052000001,-7.077,-2.844,-32.064,0
1398294691235,41960564820000,171538052000001,-7.077,-2.844,-32.064,0
1398294691245,41960574861000,171538052000001,-7.077,-2.844,-32.064,0
1398294691255,41960584809000,171538052000001,-7.077,-2.844,-32.064,0
1398294691265,41960594819000,171538052000001,-7.077,-2.844,-32.064,0
1398294691275,41960604829000,171538052000001,-7.077,-2.844,-32.064,0
1398294691284,41960614839000,171538052000001,-7.077,-2.844,-32.064,0
1398294691295,41960624818000,171538052000001,-7.077,-2.844,-32.064,0
1398294691305,41960634858000,171538052000001,-7.077,-2.844,-32.064,0
1398294691315,41960644868000,171538052000001,-7.077,-2.844,-32.064,0
1398294691325,41960654908000,171538052000001,-7.077,-2.844,-32.064,0
1398294691335,41960664887000,171538052000001,-7.077,-2.844,-32.064,0
1398294691345,41960674928000,171538052000001,-7.077,-2.844,-32.064,0
1398294691357,41960686494000,171538052000001,-7.077,-2.844,-32.064,0
1398294691365,41960694978000,171538052000001,-7.077,-2.844,-32.064,0
1398294691375,41960704988000,171538052000001,-7.077,-2.844,-32.064,0
1398294691387,41960714936000,171538052000001,-7.077,-2.844,-32.064,0
1398294691395,41960724946000,171538052000001,-7.077,-2.844,-32.064,0
1398294691405,41960734956000,171538052000001,-7.077,-2.844,-32.064,0
1398294691415,41960744996000,171538052000001,-7.077,-2.844,-32.064,0
1398294691425,41960754975000,171538052000001,-7.077,-2.844,-31.752,0
1398294691435,41960764985000,171538052000001,-7.077,-2.844,-31.752,0
1398294691445,41960774995000,171538052000001,-7.077,-2.844,-31.752,0
1398294691455,41960784974000,171538052000001,-7.077,-2.844,-31.752,0
1398294691465,41960795014000,171538052000001,-7.077,-2.844,-31.752,0
1398294691477,41960805238000,171538052000001,-7.405,-2.844,-31.752,0
1398294691486,41960815064000,171538052000001,-7.405,-2.844,-31.752,0
1398294691495,41960825074000,171538052000001,-7.405,-2.844,-31.752,0
1398294691505,41960835053000,171538052000001,-7.405,-2.844,-31.752,0
1398294691515,41960845063000,171538052000001,-7.405,-2.844,-31.752,0
1398294691525,41960855073000,171538052000001,-7.405,-2.844,-31.752,0
1398294691536,41960866609000,171538052000001,-7.405,-2.844,-31.752,0
1398294691545,41960875123000,171538052000001,-7.405,-2.844,-31.752,0
1398294691555,41960885102000,171538052000001,-7.405,-2.844,-31.752,0
1398294691565,41960895082000,171538052000001,-7.405,-2.844,-31.752,0
1398294691575,41960905122000,171538052000001,-7.405,-2.844,-31.752,0
1398294691589,41960915101000,171538052000001,-7.405,-2.844,-31.752,0
1398294691595,41960925294000,171538052000001,-7.405,-2.844,-31.752,0
1398294691605,41960935182000,171538052000001,-7.405,-2.844,-31.752,0
1398294691615,41960945161000,171538052000001,-7.405,-2.844,-31.752,0
1398294691625,41960955140000,171538052000001,-7.405,-2.844,-31.752,0
1398294691648,41960966004000,171538052000001,-7.405,-2.844,-31.752,0
1398294691650,41960975221000,171538052000001,-7.405,-2.844,-31.752,0
1398294691655,41960985231000,171538052000001,-7.405,-2.844,-31.752,0
1398294691665,41960995210000,171538052000001,-7.405,-2.844,-31.752,0
1398294691675,41961005250000,171538052000001,-7.405,-2.844,-31.752,0
1398294691685,41961015229000,171538052000001,-7.405,-2.844,-31.752,0
1398294691695,41961025239000,171538052000001,-7.405,-2.844,-31.752,0
1398294691705,41961035249000,171538052000001,-7.405,-2.844,-31.752,0
1398294691717,41961046815000,171538052000001,-7.405,-2.844,-31.752,0
1398294691725,41961055299000,171538052000001,-7.405,-2.844,-31.752,0
1398294691735,41961065278000,171538052000001,-7.405,-2.844,-31.752,0
1398294691747,41961075288000,171538052000001,-7.405,-2.844,-31.752,0
1398294691756,41961085359000,171538052000001,-7.405,-2.844,-31.752,0
1398294691770,41961095338000,171538052000001,-7.405,-2.844,-31.752,0
1398294691775,41961105378000,171538052000001,-7.405,-2.844,-31.752,0
1398294691785,41961115296000,171538052000001,-7.405,-2.844,-31.752,0
1398294691795,41961125306000,171538052000001,-7.405,-2.844,-31.752,0
1398294691805,41961135316000,171538052000001,-7.405,-2.844,-31.752,0
1398294691815,41961145356000,171538052000001,-7.713,-2.844,-31.752,0
1398294691826,41961155366000,171538052000001,-7.713,-2.844,-31.752,0
1398294691836,41961165376000,171538052000001,-7.713,-2.844,-31.752,0
1398294691846,41961175355000,171538052000001,-7.713,-2.844,-31.752,0
1398294691855,41961185365000,171538052000001,-7.713,-3.179,-31.752,0
1398294691865,41961195344000,171538052000001,-7.713,-3.179,-31.44,0
1398294691875,41961205384000,171538052000001,-7.713,-3.179,-31.44,0
1398294691885,41961215394000,171538052000001,-7.713,-3.179,-31.44,0
1398294691897,41961226930000,171538052000001,-7.713,-3.511,-31.44,0
1398294691905,41961235444000,171538052000001,-7.713,-3.511,-31.44,0
1398294691916,41961245423000,171538052000001,-7.713,-3.511,-31.44,0
1398294691925,41961255433000,171538052000001,-8.039,-3.511,-31.44,0
1398294691935,41961265443000,171538052000001,-8.039,-3.511,-31.44,0
1398294691945,41961275422000,171538052000001,-8.039,-3.511,-31.44,0
1398294691955,41961285462000,171538052000001,-8.039,-3.846,-31.101,0
1398294691965,41961295472000,171538052000001,-8.039,-3.846,-31.101,0
1398294691976,41961305482000,171538052000001,-8.039,-3.846,-31.101,0
1398294691986,41961315461000,171538052000001,-8.039,-3.846,-31.101,0
1398294691996,41961325471000,171538052000001,-8.039,-3.846,-31.101,0
1398294692005,41961335511000,171538052000001,-8.039,-3.846,-31.101,0
1398294692016,41961345521000,171538052000001,-8.039,-3.846,-31.101,0
1398294692026,41961355531000,171538052000001,-8.039,-3.846,-31.101,0
1398294692035,41961365510000,171538052000001,-8.039,-3.846,-31.101,0
1398294692046,41961375550000,171538052000001,-8.039,-3.846,-31.101,0
1398294692055,41961385560000,171538052000001,-8.039,-3.846,-31.101,0
1398294692065,41961395539000,171538052000001,-8.039,-3.846,-31.101,0
1398294692077,41961407106000,171538052000001,-8.039,-3.846,-31.101,0
1398294692086,41961415620000,171538052000001,-8.039,-3.846,-31.101,0
1398294692095,41961425569000,171538052000001,-8.039,-3.846,-31.101,0
1398294692106,41961435578000,171538052000001,-8.039,-3.846,-31.101,0
1398294692115,41961445588000,171538052000001,-7.736,-3.846,-31.101,0
1398294692126,41961455628000,171538052000001,-7.736,-3.846,-31.101,0
1398294692135,41961465608000,171538052000001,-7.736,-3.846,-31.101,0
1398294692146,41961475648000,171538052000001,-7.736,-3.846,-31.101,0
1398294692156,41961485658000,171538052000001,-7.736,-3.846,-31.402,0
1398294692166,41961495668000,171538052000001,-7.429,-3.518,-31.402,0
1398294692176,41961505677000,171538052000001,-7.429,-3.518,-31.402,0
1398294692186,41961515687000,171538052000001,-7.429,-3.518,-31.402,0
1398294692196,41961525666000,171538052000001,-7.429,-3.518,-31.402,0
1398294692207,41961535707000,171538052000001,-7.429,-3.195,-31.402,0
1398294692216,41961545716000,171538052000001,-7.429,-3.195,-31.402,0
1398294692226,41961555726000,171538052000001,-7.429,-3.195,-31.402,0
1398294692236,41961565736000,171538052000001,-7.429,-3.195,-31.402,0
1398294692245,41961575715000,171538052000001,-7.429,-3.195,-31.402,0
1398294692257,41961587281000,171538052000001,-7.429,-2.864,-31.402,0
1398294692266,41961595765000,171538052000001,-7.429,-2.864,-31.402,0
1398294692276,41961605744000,171538052000001,-7.429,-2.864,-31.402,0
1398294692286,41961615785000,171538052000001,-7.429,-2.864,-31.402,0
1398294692296,41961625794000,171538052000001,-7.429,-2.864,-31.71,0
1398294692306,41961635957000,171538052000001,-7.429,-2.864,-31.71,0
1398294692316,41961645783000,171538052000001,-7.429,-2.864,-31.71,0
1398294692326,41961655824000,171538052000001,-7.429,-2.548,-31.71,0
1398294692341,41961665834000,171538052000001,-7.429,-2.548,-31.71,0
1398294692346,41961675843000,171538052000001,-7.429,-2.548,-31.71,0
1398294692357,41961685853000,171538052000001,-7.429,-2.548,-31.71,0
1398294692366,41961695863000,171538052000001,-7.429,-2.548,-31.71,0
1398294692377,41961705903000,171538052000001,-7.429,-2.548,-31.71,0
1398294692386,41961715882000,171538052000001,-7.429,-2.548,-31.71,0
1398294692396,41961725862000,171538052000001,-7.035,-2.896,-31.71,0
1398294692417,41961735902000,171538052000001,-7.035,-2.896,-31.71,0
1398294692419,41961745881000,171538052000001,-7.035,-2.896,-31.71,0
1398294692426,41961755921000,171538052000001,-6.733,-3.297,-31.71,0
1398294692438,41961767457000,171538052000001,-6.733,-3.297,-31.71,0
1398294692446,41961775941000,171538052000001,-6.733,-3.297,-31.71,0
1398294692456,41961785890000,171538052000001,-6.733,-3.724,-31.71,0
1398294692466,41961795930000,171538052000001,-6.733,-3.724,-31.71,0
1398294692476,41961805970000,171538052000001,-6.416,-3.724,-31.71,0
1398294692486,41961815980000,171538052000001,-6.416,-4.171,-31.71,0
1398294692496,41961825990000,171538052000001,-6.416,-4.171,-31.71,0
1398294692506,41961835969000,171538052000001,-6.416,-4.536,-31.71,0
1398294692516,41961845979000,171538052000001,-6.416,-4.536,-31.375,0
1398294692526,41961855989000,171538052000001,-6.416,-4.536,-31.375,0
1398294692536,41961866029000,171538052000001,-6.079,-4.948,-31.375,0
1398294692546,41961876039000,171538052000001,-6.079,-4.948,-31.375,0
1398294692556,41961886048000,171538052000001,-6.079,-4.948,-31.375,0
1398294692566,41961896028000,171538052000001,-6.079,-5.323,-31.375,0
1398294692576,41961906037000,171538052000001,-6.079,-5.323,-31.375,0
1398294692586,41961916078000,171538052000001,-5.755,-5.323,-31.375,0
1398294692596,41961926057000,171538052000001,-5.755,-5.323,-31.375,0
1398294692607,41961936067000,171538052000001,-5.755,-5.323,-31.375,0
1398294692618,41961947633000,171538052000001,-5.755,-5.323,-31.375,0
1398294692626,41961956178000,171538052000001,-5.755,-5.323,-31.375,0
1398294692637,41961966157000,171538052000001,-5.755,-5.323,-31.375,0
1398294692646,41961976136000,171538052000001,-5.755,-5.323,-31.375,0
1398294692656,41961986177000,171538052000001,-5.755,-5.323,-31.375,0
1398294692666,41961996186000,171538052000001,-5.755,-5.323,-31.375,0
1398294692680,41962006227000,171538052000001,-5.755,-5.323,-31.375,0
1398294692689,41962016206000,171538052000001,-5.755,-5.323,-31.375,0
1398294692700,41962026216000,171538052000001,-5.755,-5.323,-31.375,0
1398294692706,41962036256000,171538052000001,-5.755,-5.323,-31.375,0
1398294692717,41962046266000,171538052000001,-5.755,-5.323,-31.375,0
1398294692728,41962056245000,171538052000001,-5.755,-5.323,-31.375,0
1398294692736,41962066255000,171538052000001,-5.755,-5.323,-31.375,0
1398294692746,41962076234000,171538052000001,-5.755,-5.323,-31.375,0
1398294692756,41962086274000,171538052000001,-5.755,-5.323,-31.375,0
1398294692767,41962096253000,171538052000001,-5.755,-5.323,-31.375,0
1398294692777,41962106263000,171538052000001,-5.755,-5.323,-31.375,0
1398294692787,41962116273000,171538052000001,-5.755,-5.323,-31.375,0
1398294692799,41962127839000,171538052000001,-5.755,-5.009,-31.375,0
1398294692806,41962136384000,171538052000001,-5.755,-5.009,-31.375,0
1398294692816,41962146302000,171538052000001,-5.755,-5.009,-31.375,0
1398294692826,41962156343000,171538052000001,-5.755,-5.009,-31.375,0
1398294692836,41962166322000,171538052000001,-5.755,-5.009,-31.375,0
1398294692846,41962176332000,171538052000001,-5.755,-5.009,-31.375,0
1398294692856,41962186372000,171538052000001,-5.755,-5.009,-31.375,0
1398294692866,41962196351000,171538052000001,-5.755,-5.009,-31.375,0
1398294692880,41962206391000,171538052000001,-5.755,-5.009,-31.375,0
1398294692888,41962216432000,171538052000001,-5.755,-5.009,-31.686,0
1398294692896,41962226411000,171538052000001,-5.755,-5.009,-31.686,0
1398294692906,41962236390000,171538052000001,-5.755,-5.009,-31.686,0
1398294692917,41962246430000,171538052000001,-5.755,-4.685,-31.686,0
1398294692926,41962256440000,171538052000001,-5.755,-4.685,-31.686,0
1398294692936,41962266450000,171538052000001,-5.755,-4.685,-31.686,0
1398294692947,41962276429000,171538052000001,-5.755,-4.685,-31.686,0
1398294692956,41962286470000,171538052000001,-5.755,-4.685,-31.686,0
1398294692966,41962296479000,171538052000001,-5.755,-4.685,-31.686,0
1398294692978,41962308045000,171538052000001,-5.755,-4.348,-31.686,0
1398294692986,41962316499000,171538052000001,-5.755,-4.348,-31.686,0
1398294692996,41962326478000,171538052000001,-5.755,-4.348,-31.686,0
1398294693006,41962336488000,171538052000001,-5.755,-4.348,-31.686,0
1398294693016,41962346498000,171538052000001,-5.755,-4.348,-31.686,0
1398294693026,41962356507000,171538052000001,-5.755,-4.348,-31.686,0
1398294693036,41962366517000,171538052000001,-5.755,-4.348,-31.686,0
1398294693046,41962376527000,171538052000001,-5.755,-4.348,-31.686,0
1398294693056,41962386537000,171538052000001,-5.755,-4.348,-31.686,0
1398294693066,41962396546000,171538052000001,-5.755,-4.046,-31.686,0
1398294693077,41962406556000,171538052000001,-5.755,-4.046,-31.686,0
1398294693086,41962416566000,171538052000001,-5.755,-4.046,-31.686,0
1398294693096,41962426576000,171538052000001,-5.755,-4.046,-31.686,0
1398294693106,41962436585000,171538052000001,-6.056,-4.046,-31.686,0
1398294693116,41962446595000,171538052000001,-6.056,-4.046,-31.686,0
1398294693126,41962456605000,171538052000001,-6.056,-4.046,-31.686,0
1398294693136,41962466615000,171538052000001,-6.056,-3.718,-31.686,0
1398294693146,41962476625000,171538052000001,-6.381,-3.718,-31.686,0
1398294693158,41962488191000,171538052000001,-6.381,-3.718,-31.686,0
1398294693167,41962496705000,171538052000001,-6.381,-3.718,-31.686,0
1398294693176,41962506654000,171538052000001,-6.381,-3.718,-31.686,0
1398294693186,41962516664000,171538052000001,-6.381,-3.718,-31.686,0
1398294693197,41962526673000,171538052000001,-6.381,-3.718,-31.686,0
1398294693207,41962536683000,171538052000001,-6.741,-3.718,-31.686,0
1398294693219,41962546723000,171538052000001,-6.741,-3.718,-31.686,0
1398294693227,41962557069000,171538052000001,-6.741,-3.718,-31.686,0
1398294693250,41962566743000,171538052000001,-6.741,-3.718,-31.686,0
1398294693253,41962576722000,171538052000001,-7.072,-3.718,-31.686,0
1398294693257,41962586762000,171538052000001,-7.072,-3.718,-31.686,0
1398294693269,41962596772000,171538052000001,-7.072,-3.718,-31.686,0
1398294693277,41962606751000,171538052000001,-7.072,-3.413,-31.686,0
1398294693287,41962616761000,171538052000001,-7.072,-3.413,-31.686,0
1398294693297,41962626771000,171538052000001,-7.383,-3.413,-31.686,0
1398294693307,41962636811000,171538052000001,-7.383,-3.413,-31.686,0
1398294693321,41962651490000,171538052000001,-7.383,-3.413,-31.686,0
1398294693327,41962656709000,171538052000001,-7.383,-3.413,-31.686,0
1398294693338,41962668336000,171538052000001,-7.383,-3.413,-31.686,0
1398294693347,41962676820000,171538052000001,-7.383,-3.413,-31.686,0
1398294693357,41962686799000,171538052000001,-7.383,-3.413,-31.686,0
1398294693367,41962696809000,171538052000001,-7.383,-3.413,-31.686,0
1398294693377,41962706788000,171538052000001,-7.383,-3.413,-31.686,0
1398294693387,41962716798000,171538052000001,-7.383,-3.413,-31.686,0
1398294693397,41962726808000,171538052000001,-7.383,-3.413,-31.686,0
1398294693407,41962736848000,171538052000001,-7.383,-3.729,-31.686,0
1398294693417,41962746888000,171538052000001,-7.383,-3.729,-31.686,0
1398294693427,41962756867000,171538052000001,-7.383,-3.729,-31.686,0
1398294693437,41962766877000,171538052000001,-7.383,-3.729,-31.373,0
1398294693448,41962776887000,171538052000001,-7.383,-3.729,-31.373,0
1398294693457,41962786897000,171538052000001,-7.383,-3.729,-31.373,0
1398294693467,41962796907000,171538052000001,-7.067,-3.729,-31.373,0
1398294693477,41962806916000,171538052000001,-7.067,-3.729,-31.373,0
1398294693487,41962816926000,171538052000001,-7.067,-3.729,-31.373,0
1398294693497,41962826936000,171538052000001,-7.067,-3.729,-31.373,0
1398294693507,41962836946000,171538052000001,-7.067,-3.729,-31.373,0
1398294693519,41962848512000,171538052000001,-7.067,-3.729,-31.373,0
1398294693527,41962856996000,171538052000001,-7.067,-3.729,-31.373,0
1398294693537,41962866975000,171538052000001,-7.067,-3.729,-31.373,0
1398294693547,41962876985000,171538052000001,-7.067,-3.729,-31.373,0
1398294693557,41962886994000,171538052000001,-7.067,-3.729,-31.373,0
1398294693567,41962897004000,171538052000001,-7.067,-3.729,-31.373,0
1398294693577,41962907014000,171538052000001,-7.067,-3.729,-31.373,0
1398294693587,41962917024000,171538052000001,-7.067,-3.729,-31.373,0
1398294693597,41962927033000,171538052000001,-7.067,-3.729,-31.373,0
1398294693607,41962937043000,171538052000001,-7.067,-4.048,-31.373,0
1398294693620,41962949464000,171538052000001,-7.067,-4.048,-31.373,0
1398294693630,41962960267000,171538052000001,-6.713,-4.048,-31.373,0
1398294693643,41962972352000,171538052000001,-6.713,-4.048,-31.373,0
1398294693650,41962978425000,171538052000001,-6.713,-4.048,-31.373,0
1398294693665,41962995057000,171538052000001,-6.713,-4.048,-31.373,0
1398294693668,41962997224000,171538052000001,-6.713,-4.048,-31.373,0
1398294693679,41963009309000,171538052000001,-6.713,-4.048,-31.373,0
1398294693695,41963024812000,171538052000001,-6.713,-4.048,-31.373,0
1398294693699,41963029176000,171538052000001,-6.713,-4.048,-31.373,0
1398294693710,41963039491000,171538052000001,-6.713,-4.048,-31.373,0
1398294693719,41963049287000,171538052000001,-6.713,-4.048,-31.373,0
1398294693734,41963061769000,171538052000001,-6.713,-4.048,-31.373,0
1398294693738,41963067201000,171538052000001,-6.713,-4.048,-31.373,0
1398294693747,41963077241000,171538052000001,-6.713,-4.048,-31.373,0
1398294693757,41963087220000,171538052000001,-6.713,-4.048,-31.373,0
1398294693767,41963097230000,171538052000001,-6.713,-4.048,-31.373,0
1398294693777,41963107240000,171538052000001,-6.713,-4.048,-31.373,0
1398294693787,41963117250000,171538052000001,-6.713,-4.048,-31.373,0
1398294693797,41963127290000,171538052000001,-6.713,-4.048,-31.373,0
1398294693807,41963137300000,171538052000001,-6.713,-4.048,-31.373,0
1398294693817,41963147309000,171538052000001,-6.713,-4.048,-31.373,0
1398294693827,41963157289000,171538052000001,-6.713,-4.048,-31.373,0
1398294693844,41963173982000,171538052000001,-6.713,-4.048,-31.373,0
1398294693849,41963178865000,171538052000001,-6.713,-4.048,-31.373,0
1398294693864,41963193635000,171538052000001,-6.713,-4.048,-31.373,0
1398294693870,41963199555000,171538052000001,-6.713,-4.048,-31.373,0
1398294693882,41963211274000,171538052000001,-6.713,-4.048,-31.373,0
1398294693893,41963222688000,171538052000001,-6.713,-4.048,-31.373,0
1398294693901,41963230836000,171538052000001,-6.713,-4.048,-31.373,0
1398294693913,41963243012000,171538052000001,-6.713,-4.048,-31.373,0
1398294693920,41963249757000,171538052000001,-6.407,-4.048,-31.373,0
1398294693940,41963269044000,171538052000001,-6.407,-4.048,-31.373,0
1398294693943,41963272645000,171538052000001,-6.407,-4.048,-31.373,0
1398294693950,41963280152000,171538052000001,-6.407,-4.048,-31.373,0
1398294693964,41963293916000,171538052000001,-6.407,-4.048,-31.373,0
1398294693969,41963298860000,171538052000001,-6.407,-4.048,-31.373,0
1398294693979,41963308930000,171538052000001,-6.407,-4.048,-31.373,0
1398294693995,41963325135000,171538052000001,-6.407,-4.048,-31.373,0
1398294693998,41963327882000,171538052000001,-6.407,-4.048,-31.373,0
1398294694014,41963343965000,171538052000001,-6.407,-4.048,-31.373,0
1398294694019,41963348847000,171538052000001,-6.407,-4.048,-31.373,0
1398294694034,41963363923000,171538052000001,-6.407,-4.048,-31.373,0
1398294694039,41963368806000,171538052000001,-6.407,-4.048,-31.373,0
1398294694054,41963384004000,171538052000001,-6.407,-4.048,-31.373,0
1398294694062,41963391572000,171538052000001,-6.407,-4.048,-31.373,0
1398294694073,41963399049000,171538052000001,-6.407,-4.048,-31.373,0
1398294694086,41963409394000,171538052000001,-6.407,-4.048,-31.373,0
1398294694088,41963417543000,171538052000001,-6.407,-4.048,-31.373,0
1398294694101,41963427552000,171538052000001,-6.407,-4.048,-31.373,0
1398294694109,41963438966000,171538052000001,-6.407,-4.048,-31.373,0
1398294694122,41963447602000,171538052000001,-6.407,-4.048,-31.373,0
1398294694132,41963457673000,171538052000001,-6.407,-4.048,-31.373,0
1398294694138,41963467591000,171538052000001,-6.407,-4.048,-31.373,0
1398294694149,41963477601000,171538052000001,-6.738,-4.048,-31.373,0
1398294694163,41963492280000,171538052000001,-6.738,-4.048,-31.373,0
1398294694169,41963498933000,171538052000001,-6.738,-4.048,-31.373,0
1398294694180,41963509309000,171538052000001,-6.738,-4.048,-31.373,0
1398294694191,41963517671000,171538052000001,-6.738,-4.048,-31.373,0
1398294694201,41963527650000,171538052000001,-7.052,-3.712,-31.373,0
1398294694213,41963537690000,171538052000001,-7.052,-3.712,-31.373,0
1398294694218,41963547669000,171538052000001,-7.052,-3.712,-31.373,0
1398294694237,41963557679000,171538052000001,-7.052,-3.712,-31.373,0
1398294694240,41963569642000,171538052000001,-7.052,-3.712,-31.373,0
1398294694248,41963577729000,171538052000001,-7.052,-3.332,-31.683,0
1398294694258,41963587709000,171538052000001,-7.052,-3.332,-31.683,0
1398294694268,41963597749000,171538052000001,-7.052,-3.332,-31.683,0
1398294694280,41963607728000,171538052000001,-7.36,-3.332,-31.683,0
1398294694289,41963617738000,171538052000001,-7.36,-3.03,-31.683,0
1398294694298,41963627748000,171538052000001,-7.36,-3.03,-31.683,0
1398294694312,41963639833000,171538052000001,-7.36,-3.03,-31.683,0
1398294694319,41963647798000,171538052000001,-7.36,-3.03,-31.683,0
1398294694330,41963659181000,171538052000001,-7.36,-3.03,-31.683,0
1398294694338,41963667787000,171538052000001,-7.36,-3.03,-31.683,0
1398294694349,41963677796000,171538052000001,-7.36,-2.72,-31.683,0
1398294694363,41963690095000,171538052000001,-7.025,-2.72,-31.683,0
1398294694371,41963700135000,171538052000001,-7.025,-2.72,-31.683,0
1398294694380,41963709687000,171538052000001,-7.025,-2.72,-31.683,0
1398294694388,41963717866000,171538052000001,-7.025,-2.72,-31.683,0
1398294694401,41963727906000,171538052000001,-7.025,-2.72,-31.683,0
1398294694414,41963737916000,171538052000001,-6.655,-2.72,-31.683,0
1398294694420,41963749452000,171538052000001,-6.655,-2.72,-31.683,0
1398294694449,41963757936000,171538052000001,-6.655,-2.72,-31.683,0
1398294694450,41963767884000,171538052000001,-6.655,-2.72,-31.683,0
1398294694452,41963777894000,171538052000001,-6.655,-2.72,-31.683,0
1398294694476,41963787904000,171538052000001,-6.655,-2.72,-31.683,0
1398294694480,41963797975000,171538052000001,-6.655,-2.72,-31.683,0
1398294694483,41963807954000,171538052000001,-6.655,-2.72,-31.683,0
1398294694488,41963817994000,171538052000001,-6.655,-2.72,-31.683,0
1398294694498,41963827973000,171538052000001,-6.655,-2.72,-31.683,0
1398294694508,41963837983000,171538052000001,-6.991,-2.72,-31.683,0
1398294694518,41963847993000,171538052000001,-6.991,-2.72,-31.683,0
1398294694528,41963858003000,171538052000001,-6.991,-2.72,-31.683,0
1398294694547,41963868012000,171538052000001,-6.991,-2.72,-31.683,0
1398294694550,41963878022000,171538052000001,-6.991,-2.72,-31.683,0
1398294694558,41963888063000,171538052000001,-6.991,-2.72,-31.683,0
1398294694568,41963898042000,171538052000001,-6.991,-2.72,-31.683,0
1398294694578,41963908082000,171538052000001,-7.316,-2.72,-31.683,0
1398294694588,41963918061000,171538052000001,-7.316,-2.72,-31.683,0
1398294694600,41963929627000,171538052000001,-7.316,-2.72,-31.683,0
1398294694608,41963938111000,171538052000001,-7.316,-2.72,-31.683,0
1398294694618,41963948091000,171538052000001,-7.316,-2.72,-31.683,0
1398294694629,41963958100000,171538052000001,-7.316,-2.72,-31.683,0
1398294694638,41963968080000,171538052000001,-7.316,-2.72,-31.683,0
1398294694651,41963978120000,171538052000001,-7.316,-2.72,-31.683,0
1398294694660,41963988160000,171538052000001,-7.316,-2.72,-31.683,0
1398294694670,41963998170000,171538052000001,-7.316,-2.72,-31.683,0
1398294694679,41964008149000,171538052000001,-7.316,-2.72,-31.683,0
1398294694688,41964018159000,171538052000001,-7.316,-2.72,-31.683,0
1398294694698,41964028169000,171538052000001,-7.316,-2.72,-31.683,0
1398294694708,41964038178000,171538052000001,-6.95,-2.72,-31.683,0
1398294694718,41964048158000,171538052000001,-6.95,-2.72,-31.683,0
1398294694728,41964058198000,171538052000001,-6.95,-2.72,-31.683,0
1398294694738,41964068208000,171538052000001,-6.95,-2.72,-31.683,0
1398294694749,41964078218000,171538052000001,-6.95,-2.72,-31.683,0
1398294694758,41964088227000,171538052000001,-6.95,-3.041,-31.683,0
1398294694769,41964098237000,171538052000001,-6.95,-3.041,-31.683,0
1398294694781,41964109803000,171538052000001,-6.95,-3.041,-31.683,0
1398294694788,41964118287000,171538052000001,-6.95,-3.041,-31.683,0
1398294694798,41964128266000,171538052000001,-6.95,-3.041,-31.683,0
1398294694808,41964138246000,171538052000001,-6.95,-3.041,-31.683,0
1398294694818,41964148255000,171538052000001,-6.95,-3.041,-31.683,0
1398294694828,41964158296000,171538052000001,-6.95,-3.041,-31.683,0
1398294694839,41964168305000,171538052000001,-6.95,-3.041,-31.683,0
1398294694848,41964178376000,171538052000001,-6.95,-3.041,-31.683,0
1398294694858,41964188264000,171538052000001,-6.95,-3.041,-31.683,0
1398294694868,41964198274000,171538052000001,-6.95,-3.041,-31.683,0
1398294694878,41964208314000,171538052000001,-6.95,-3.041,-31.683,0
1398294694888,41964218293000,171538052000001,-6.95,-3.041,-31.683,0
1398294694898,41964228334000,171538052000001,-6.95,-3.041,-31.683,0
1398294694908,41964238343000,171538052000001,-6.95,-3.041,-31.683,0
1398294694918,41964248506000,171538052000001,-6.95,-3.041,-31.683,0
1398294694928,41964258363000,171538052000001,-6.95,-3.041,-31.683,0
1398294694938,41964268373000,171538052000001,-6.95,-3.041,-31.683,0
1398294694948,41964278413000,171538052000001,-7.264,-3.041,-31.683,0
1398294694960,41964289918000,171538052000001,-7.264,-3.041,-31.683,0
1398294694968,41964298432000,171538052000001,-7.264,-3.041,-31.683,0
1398294694980,41964308412000,171538052000001,-7.264,-3.041,-31.683,0
1398294694988,41964318391000,171538052000001,-7.264,-3.041,-31.683,0
1398294694998,41964328431000,171538052000001,-7.264,-3.041,-31.683,0
1398294695010,41964338410000,171538052000001,-7.264,-3.041,-31.683,0
1398294695018,41964348451000,171538052000001,-7.264,-3.041,-31.683,0
1398294695028,41964358430000,171538052000001,-7.264,-3.041,-31.683,0
1398294695038,41964368440000,171538052000001,-7.264,-3.041,-31.683,0
1398294695050,41964378449000,171538052000001,-7.264,-3.041,-31.683,0
1398294695059,41964388490000,171538052000001,-7.264,-3.041,-31.683,0
1398294695072,41964398500000,171538052000001,-7.264,-3.041,-31.683,0
1398294695079,41964408601000,171538052000001,-7.264,-3.041,-31.683,0
1398294695089,41964418519000,171538052000001,-7.264,-3.041,-31.683,0
1398294695099,41964428529000,171538052000001,-7.264,-3.041,-31.683,0
1398294695109,41964438539000,171538052000001,-7.264,-3.041,-31.683,0
1398294695119,41964448548000,171538052000001,-7.264,-3.041,-31.683,0
1398294695129,41964458558000,171538052000001,-6.964,-3.041,-31.683,0
1398294695140,41964470094000,171538052000001,-6.964,-3.353,-31.683,0
1398294695150,41964478608000,171538052000001,-6.964,-3.353,-31.683,0
1398294695160,41964489686000,171538052000001,-6.964,-3.353,-31.683,0
1398294695169,41964498567000,171538052000001,-6.964,-3.353,-31.683,0
1398294695179,41964508576000,171538052000001,-6.964,-3.353,-31.683,0
1398294695189,41964518586000,171538052000001,-6.964,-3.353,-31.683,0
1398294695199,41964528596000,171538052000001,-6.964,-3.353,-31.683,0
1398294695209,41964538636000,171538052000001,-6.964,-3.353,-31.683,0
1398294695219,41964548616000,171538052000001,-6.964,-3.353,-31.683,0
1398294695229,41964558656000,171538052000001,-6.964,-3.353,-31.683,0
1398294695239,41964568635000,171538052000001,-6.964,-3.353,-31.683,0
1398294695249,41964578645000,171538052000001,-6.964,-3.353,-31.683,0
1398294695260,41964588685000,171538052000001,-6.964,-3.353,-31.683,0
1398294695276,41964598695000,171538052000001,-6.964,-3.353,-31.683,0
1398294695280,41964608674000,171538052000001,-6.964,-3.353,-31.683,0
1398294695288,41964618684000,171538052000001,-6.964,-3.353,-31.683,0
1398294695299,41964628724000,171538052000001,-6.964,-3.353,-31.683,0
1398294695311,41964638703000,171538052000001,-6.964,-3.353,-31.683,0
1398294695321,41964650270000,171538052000001,-6.964,-3.654,-31.683,0
1398294695329,41964658753000,171538052000001,-6.964,-3.654,-31.683,0
1398294695340,41964668733000,171538052000001,-6.964,-3.654,-31.376,0
1398294695349,41964678773000,171538052000001,-6.964,-3.654,-31.376,0
1398294695359,41964688752000,171538052000001,-6.964,-3.654,-31.376,0
1398294695369,41964698762000,171538052000001,-6.964,-3.654,-31.376,0
1398294695379,41964708772000,171538052000001,-7.299,-3.654,-31.376,0
1398294695389,41964718782000,171538052000001,-7.299,-3.654,-31.376,0
1398294695399,41964728791000,171538052000001,-7.299,-3.654,-31.376,0
1398294695409,41964738801000,171538052000001,-7.299,-3.654,-31.376,0
1398294695419,41964748811000,171538052000001,-7.299,-3.654,-31.376,0
1398294695429,41964758851000,171538052000001,-7.299,-3.654,-31.376,0
1398294695439,41964768830000,171538052000001,-7.299,-3.654,-31.376,0
1398294695449,41964778840000,171538052000001,-7.299,-3.654,-31.376,0
1398294695459,41964788850000,171538052000001,-7.299,-3.654,-31.376,0
1398294695471,41964800965000,171538052000001,-7.299,-3.654,-31.376,0
1398294695479,41964808869000,171538052000001,-7.299,-3.654,-31.376,0
1398294695489,41964818879000,171538052000001,-7.299,-3.991,-31.376,0
1398294695500,41964830445000,171538052000001,-7.299,-3.991,-31.376,0
1398294695509,41964838960000,171538052000001,-7.299,-3.991,-31.376,0
1398294695519,41964848939000,171538052000001,-7.299,-3.991,-31.376,0
1398294695529,41964858918000,171538052000001,-7.299,-3.991,-31.376,0
1398294695539,41964868928000,171538052000001,-7.299,-3.991,-31.376,0
1398294695549,41964878938000,171538052000001,-7.299,-3.991,-31.376,0
1398294695559,41964889009000,171538052000001,-7.299,-3.991,-31.376,0
1398294695578,41964899018000,171538052000001,-7.299,-3.991,-31.376,0
1398294695580,41964908998000,171538052000001,-7.299,-3.991,-31.376,0
1398294695589,41964918977000,171538052000001,-7.299,-3.991,-31.376,0
1398294695599,41964928987000,171538052000001,-7.299,-3.991,-31.376,0
1398294695609,41964938996000,171538052000001,-7.299,-3.991,-31.376,0
1398294695619,41964949006000,171538052000001,-7.299,-4.298,-31.376,0
1398294695629,41964959016000,171538052000001,-7.299,-4.298,-31.376,0
1398294695639,41964969026000,171538052000001,-7.299,-4.298,-31.376,0
1398294695649,41964979035000,171538052000001,-6.986,-4.298,-31.376,0
1398294695659,41964989045000,171538052000001,-6.986,-4.298,-31.376,0
1398294695669,41964999055000,171538052000001,-6.986,-4.298,-31.376,0
1398294695681,41965010621000,171538052000001,-6.986,-4.298,-31.376,0
1398294695689,41965019136000,171538052000001,-6.986,-4.298,-31.376,0
1398294695699,41965029115000,171538052000001,-6.986,-4.298,-31.376,0
1398294695709,41965039094000,171538052000001,-6.986,-4.298,-31.376,0
1398294695719,41965049104000,171538052000001,-6.986,-4.298,-31.376,0
1398294695729,41965059114000,171538052000001,-6.986,-4.298,-31.376,0
1398294695739,41965069123000,171538052000001,-6.986,-4.298,-31.376,0
1398294695749,41965079133000,171538052000001,-6.674,-4.298,-31.376,0
1398294695760,41965089143000,171538052000001,-6.674,-4.298,-31.376,0
1398294695769,41965099153000,171538052000001,-6.674,-4.298,-31.376,0
1398294695779,41965109162000,171538052000001,-6.674,-4.298,-31.376,0
1398294695789,41965119233000,171538052000001,-6.674,-4.298,-31.376,0
1398294695800,41965129243000,171538052000001,-6.352,-4.298,-31.376,0
1398294695809,41965139222000,171538052000001,-6.352,-4.298,-31.376,0
1398294695820,41965149262000,171538052000001,-6.352,-4.298,-31.376,0
1398294695829,41965159272000,171538052000001,-6.352,-4.298,-31.376,0
1398294695841,41965169313000,171538052000001,-6.044,-4.298,-31.376,0
1398294695849,41965179231000,171538052000001,-6.044,-4.298,-31.376,0
1398294695863,41965190797000,171538052000001,-6.044,-4.298,-31.376,0
1398294695871,41965199311000,171538052000001,-6.044,-4.298,-31.376,0
1398294695880,41965209657000,171538052000001,-6.044,-4.298,-31.692,0
1398294695891,41965219270000,171538052000001,-5.691,-4.298,-31.692,0
1398294695899,41965229280000,171538052000001,-5.691,-4.298,-31.692,0
1398294695909,41965239289000,171538052000001,-5.691,-4.62,-31.692,0
1398294695919,41965249299000,171538052000001,-5.691,-4.62,-31.692,0
1398294695929,41965259309000,171538052000001,-5.691,-4.62,-31.692,0
1398294695940,41965269319000,171538052000001,-5.691,-4.62,-31.692,0
1398294695949,41965279328000,171538052000001,-5.383,-4.62,-31.692,0
1398294695960,41965289338000,171538052000001,-5.383,-4.62,-31.692,0
1398294695970,41965299409000,171538052000001,-5.383,-4.62,-31.692,0
1398294695981,41965309419000,171538052000001,-5.383,-4.62,-31.692,0
1398294695990,41965319459000,171538052000001,-5.383,-4.62,-31.692,0
1398294695999,41965329377000,171538052000001,-5.383,-4.62,-31.692,0
1398294696009,41965339387000,171538052000001,-5.383,-4.62,-31.692,0
1398294696019,41965349397000,171538052000001,-5.383,-4.62,-31.692,0
1398294696030,41965359407000,171538052000001,-5.383,-4.965,-31.692,0
1398294696041,41965370973000,171538052000001,-5.383,-4.965,-31.692,0
1398294696049,41965379457000,171538052000001,-5.383,-4.965,-31.692,0
1398294696059,41965389436000,171538052000001,-5.383,-4.965,-31.692,0
1398294696070,41965399446000,171538052000001,-5.383,-4.965,-31.692,0
1398294696085,41965409455000,171538052000001,-5.055,-5.342,-31.692,0
1398294696092,41965419465000,171538052000001,-5.055,-5.342,-31.692,0
1398294696100,41965429475000,171538052000001,-5.055,-5.342,-31.692,0
1398294696110,41965439485000,171538052000001,-5.055,-5.342,-31.692,0
1398294696120,41965449494000,171538052000001,-5.055,-5.342,-31.692,0
1398294696129,41965459504000,171538052000001,-5.055,-5.671,-31.692,0
1398294696140,41965469514000,171538052000001,-5.055,-5.671,-31.692,0
1398294696149,41965479524000,171538052000001,-5.055,-5.671,-31.692,0
1398294696159,41965489533000,171538052000001,-4.71,-5.671,-31.692,0
1398294696170,41965499543000,171538052000001,-4.71,-5.671,-31.692,0
1398294696183,41965509553000,171538052000001,-4.71,-5.671,-31.692,0
1398294696194,41965519593000,171538052000001,-4.71,-5.671,-31.692,0
1398294696200,41965529817000,171538052000001,-4.71,-5.671,-31.692,0
1398294696210,41965539582000,171538052000001,-4.71,-5.671,-31.692,0
1398294696221,41965551148000,171538052000001,-4.71,-5.671,-31.692,0
1398294696230,41965559663000,171538052000001,-4.71,-5.671,-31.692,0
1398294696240,41965569612000,171538052000001,-4.71,-5.671,-31.692,0
1398294696254,41965583680000,171538052000001,-4.71,-5.671,-31.692,0
1398294696269,41965598664000,171538052000001,-4.71,-5.671,-31.692,0
1398294696271,41965600434000,171538052000001,-4.71,-5.358,-31.692,0
1398294696280,41965609681000,171538052000001,-4.71,-5.358,-31.692,0
1398294696289,41965619660000,171538052000001,-4.71,-5.358,-31.692,0
1398294696301,41965629670000,171538052000001,-4.71,-5.358,-31.692,0
1398294696309,41965639649000,171538052000001,-4.71,-5.358,-31.692,0
1398294696320,41965649690000,171538052000001,-4.71,-5.023,-31.692,0
1398294696330,41965659699000,171538052000001,-4.71,-5.023,-31.692,0
1398294696340,41965669709000,171538052000001,-4.71,-5.023,-31.692,0
1398294696350,41965679719000,171538052000001,-4.71,-5.023,-31.692,0
1398294696360,41965689729000,171538052000001,-4.71,-5.023,-31.692,0
1398294696370,41965699708000,171538052000001,-4.71,-5.023,-31.692,0
1398294696380,41965709748000,171538052000001,-4.71,-5.023,-31.692,0
1398294696390,41965719758000,171538052000001,-4.71,-5.023,-31.692,0
1398294696401,41965731355000,171538052000001,-4.71,-5.023,-31.692,0
1398294696410,41965739869000,171538052000001,-4.71,-5.023,-31.692,0
1398294696420,41965749787000,171538052000001,-4.71,-5.023,-31.692,0
1398294696430,41965759797000,171538052000001,-4.71,-5.023,-31.692,0
1398294696440,41965769807000,171538052000001,-4.71,-5.023,-31.692,0
1398294696450,41965779817000,171538052000001,-4.71,-5.023,-31.692,0
1398294696460,41965789826000,171538052000001,-4.71,-5.023,-31.692,0
1398294696470,41965799836000,171538052000001,-4.71,-5.023,-31.692,0
1398294696480,41965809876000,171538052000001,-4.71,-5.023,-31.692,0
1398294696493,41965819856000,171538052000001,-4.71,-5.023,-31.692,0
1398294696500,41965829866000,171538052000001,-4.71,-5.023,-31.692,0
1398294696510,41965839875000,171538052000001,-4.71,-5.38,-31.692,0
1398294696520,41965849885000,171538052000001,-4.71,-5.38,-31.692,0
1398294696530,41965859895000,171538052000001,-5.032,-5.38,-31.692,0
1398294696540,41965869874000,171538052000001,-5.032,-5.38,-31.692,0
1398294696550,41965879914000,171538052000001,-5.032,-5.38,-31.692,0
1398294696560,41965889924000,171538052000001,-5.032,-5.38,-31.692,0
1398294696570,41965899934000,171538052000001,-5.032,-5.38,-31.35,0
1398294696582,41965911500000,171538052000001,-5.032,-5.708,-31.35,0
1398294696590,41965920045000,171538052000001,-5.032,-5.708,-31.35,0
1398294696600,41965929963000,171538052000001,-5.032,-5.708,-31.35,0
1398294696611,41965940064000,171538052000001,-5.032,-5.708,-31.35,0
1398294696620,41965949983000,171538052000001,-5.032,-5.708,-31.35,0
1398294696630,41965960023000,171538052000001,-5.032,-5.708,-31.35,0
1398294696640,41965970033000,171538052000001,-5.032,-5.708,-31.35,0
1398294696650,41965980073000,171538052000001,-5.032,-5.708,-31.35,0
1398294696660,41965990052000,171538052000001,-5.032,-5.708,-31.037,0
1398294696670,41966000093000,171538052000001,-5.032,-5.708,-31.037,0
1398294696680,41966010072000,171538052000001,-5.032,-6.008,-31.037,0
1398294696690,41966020112000,171538052000001,-5.032,-6.008,-31.037,0
1398294696701,41966030763000,171538052000001,-5.032,-6.008,-31.037,0
1398294696710,41966040101000,171538052000001,-5.032,-6.008,-31.037,0
1398294696720,41966050111000,171538052000001,-5.032,-6.008,-31.037,0
1398294696731,41966060090000,171538052000001,-5.032,-6.008,-31.037,0
1398294696740,41966070100000,171538052000001,-5.032,-6.008,-31.037,0
1398294696750,41966080079000,171538052000001,-5.032,-6.008,-31.037,0
1398294696763,41966091676000,171538052000001,-5.032,-6.008,-31.037,0
1398294696772,41966100160000,171538052000001,-4.682,-6.008,-31.037,0
1398294696783,41966110200000,171538052000001,-4.682,-6.008,-31.037,0
1398294696790,41966120179000,171538052000001,-4.682,-6.008,-31.037,0
1398294696800,41966130189000,171538052000001,-4.682,-6.008,-31.037,0
1398294696810,41966140229000,171538052000001,-4.682,-6.008,-31.037,0
1398294696822,41966150239000,171538052000001,-4.682,-6.008,-31.037,0
1398294696830,41966160249000,171538052000001,-4.682,-5.659,-31.037,0
1398294696840,41966170259000,171538052000001,-4.682,-5.659,-31.037,0
1398294696850,41966180238000,171538052000001,-4.682,-5.659,-31.037,0
1398294696860,41966190248000,171538052000001,-4.682,-5.659,-31.037,0
1398294696872,41966200318000,171538052000001,-4.682,-5.659,-31.378,0
1398294696881,41966210542000,171538052000001,-4.682,-5.316,-31.378,0
1398294696890,41966220277000,171538052000001,-4.682,-5.316,-31.378,0
1398294696900,41966230317000,171538052000001,-4.682,-5.316,-31.378,0
1398294696910,41966240296000,171538052000001,-4.682,-5.316,-31.378,0
1398294696922,41966250306000,171538052000001,-4.682,-5.316,-31.378,0
1398294696930,41966260346000,171538052000001,-4.371,-5.316,-31.378,0
1398294696945,41966271913000,171538052000001,-4.371,-4.948,-31.378,0
1398294696950,41966280397000,171538052000001,-4.371,-4.948,-31.378,0
1398294696960,41966290345000,171538052000001,-4.371,-4.948,-31.378,0
1398294696971,41966300355000,171538052000001,-4.371,-4.948,-31.378,0
1398294696980,41966310365000,171538052000001,-4.371,-4.948,-31.378,0
1398294696991,41966320344000,171538052000001,-4.371,-4.948,-31.378,0
1398294697006,41966333039000,171538052000001,-4.371,-4.948,-31.378,0
1398294697013,41966340364000,171538052000001,-4.371,-4.948,-31.378,0
1398294697020,41966350373000,171538052000001,-4.754,-4.948,-31.378,0
1398294697030,41966360383000,171538052000001,-4.754,-4.948,-31.378,0
1398294697040,41966370393000,171538052000001,-4.754,-4.948,-31.378,0
1398294697051,41966380403000,171538052000001,-4.754,-4.948,-31.378,0
1398294697060,41966390412000,171538052000001,-4.754,-4.948,-31.378,0
1398294697071,41966400422000,171538052000001,-4.754,-4.948,-31.378,0
1398294697080,41966410401000,171538052000001,-4.754,-4.948,-31.378,0
1398294697090,41966420411000,171538052000001,-5.059,-4.948,-31.378,0
1398294697100,41966430390000,171538052000001,-5.059,-5.31,-31.378,0
1398294697110,41966440492000,171538052000001,-5.059,-5.31,-31.378,0
1398294697122,41966451966000,171538052000001,-5.059,-5.31,-31.378,0
1398294697131,41966460511000,171538052000001,-5.059,-5.31,-31.378,0
1398294697141,41966470521000,171538052000001,-5.059,-5.622,-31.378,0
1398294697151,41966480500000,171538052000001,-5.059,-5.622,-31.378,0
1398294697161,41966490541000,171538052000001,-5.059,-5.622,-31.378,0
1398294697175,41966500581000,171538052000001,-5.059,-5.622,-31.378,0
1398294697180,41966510560000,171538052000001,-5.383,-5.622,-31.378,0
1398294697190,41966520570000,171538052000001,-5.383,-5.622,-31.378,0
1398294697200,41966530580000,171538052000001,-5.383,-5.622,-31.378,0
1398294697211,41966540589000,171538052000001,-5.383,-5.938,-31.378,0
1398294697220,41966550630000,171538052000001,-5.383,-5.938,-31.378,0
1398294697230,41966560578000,171538052000001,-5.383,-5.938,-31.378,0
1398294697241,41966570619000,171538052000001,-5.383,-5.938,-31.048,0
1398294697250,41966580598000,171538052000001,-5.783,-5.938,-31.048,0
1398294697260,41966590638000,171538052000001,-5.783,-5.938,-31.048,0
1398294697271,41966600648000,171538052000001,-5.783,-5.938,-31.048,0
1398294697281,41966610658000,171538052000001,-5.783,-5.938,-31.048,0
1398294697291,41966620668000,171538052000001,-6.109,-5.63,-31.048,0
1398294697308,41966632234000,171538052000001,-6.109,-5.63,-31.048,0
1398294697311,41966640687000,171538052000001,-6.109,-5.63,-31.048,0
1398294697321,41966650666000,171538052000001,-6.109,-5.63,-31.048,0
1398294697330,41966660676000,171538052000001,-6.109,-5.63,-31.048,0
1398294697341,41966670686000,171538052000001,-6.43,-5.273,-31.048,0
1398294697351,41966680696000,171538052000001,-6.43,-5.273,-31.048,0
1398294697361,41966690705000,171538052000001,-6.43,-5.273,-31.048,0
1398294697373,41966700715000,171538052000001,-6.43,-5.273,-31.048,0
1398294697381,41966710694000,171538052000001,-6.43,-5.273,-31.048,0
1398294697393,41966720735000,171538052000001,-6.43,-5.273,-31.048,0
1398294697401,41966730714000,171538052000001,-6.43,-4.972,-31.048,0
1398294697416,41966740754000,171538052000001,-6.43,-4.972,-31.048,0
1398294697421,41966750733000,171538052000001,-6.43,-4.972,-31.048,0
1398294697431,41966760774000,171538052000001,-6.43,-4.972,-31.048,0
1398294697441,41966770814000,171538052000001,-6.43,-4.972,-31.048,0
1398294697451,41966780793000,171538052000001,-6.43,-4.972,-31.048,0
1398294697461,41966790834000,171538052000001,-6.43,-4.972,-31.048,0
1398294697471,41966800813000,171538052000001,-6.43,-4.972,-31.048,0
1398294697483,41966812409000,171538052000001,-6.43,-4.972,-31.048,0
1398294697491,41966821046000,171538052000001,-6.43,-4.972,-31.048,0
1398294697501,41966830842000,171538052000001,-6.43,-4.67,-31.048,0
1398294697511,41966840882000,171538052000001,-6.43,-4.67,-31.048,0
1398294697521,41966850862000,171538052000001,-6.43,-4.67,-31.048,0
1398294697531,41966860871000,171538052000001,-6.43,-4.67,-31.048,0
1398294697541,41966870881000,171538052000001,-6.43,-4.67,-31.048,0
1398294697551,41966880891000,171538052000001,-6.43,-4.67,-31.048,0
1398294697561,41966890901000,171538052000001,-6.43,-4.67,-31.048,0
1398294697571,41966900941000,171538052000001,-6.43,-4.313,-31.048,0
1398294697581,41966910981000,171538052000001,-6.43,-4.313,-31.048,0
1398294697591,41966920960000,171538052000001,-6.43,-4.313,-31.048,0
1398294697602,41966930970000,171538052000001,-6.43,-4.313,-31.048,0
1398294697611,41966940980000,171538052000001,-6.43,-4.313,-31.048,0
1398294697622,41966952363000,171538052000001,-6.43,-4.313,-31.048,0
1398294697631,41966960939000,171538052000001,-6.43,-4.313,-31.048,0
1398294697641,41966970948000,171538052000001,-6.43,-4.003,-31.048,0
1398294697651,41966980989000,171538052000001,-6.43,-4.003,-31.048,0
1398294697663,41966992524000,171538052000001,-6.43,-4.003,-31.048,0
1398294697671,41967001039000,171538052000001,-6.43,-4.003,-31.048,0
1398294697681,41967010987000,171538052000001,-6.43,-4.003,-31.048,0
1398294697691,41967020997000,171538052000001,-6.43,-4.003,-31.048,0
1398294697702,41967031037000,171538052000001,-6.43,-4.003,-31.048,0
1398294697711,41967041017000,171538052000001,-6.43,-4.003,-31.048,0
1398294697728,41967051026000,171538052000001,-6.43,-4.003,-31.048,0
1398294697731,41967061036000,171538052000001,-6.43,-4.003,-31.048,0
1398294697741,41967071076000,171538052000001,-6.43,-4.003,-31.352,0
1398294697753,41967081056000,171538052000001,-6.43,-4.003,-31.352,0
1398294697761,41967091065000,171538052000001,-6.43,-4.003,-31.352,0
1398294697771,41967101075000,171538052000001,-6.43,-4.003,-31.352,0
1398294697781,41967111085000,171538052000001,-6.43,-4.003,-31.352,0
1398294697794,41967121125000,171538052000001,-6.43,-4.325,-31.352,0
1398294697801,41967131135000,171538052000001,-6.75,-4.325,-31.352,0
1398294697811,41967141145000,171538052000001,-6.75,-4.325,-31.352,0
1398294697821,41967151124000,171538052000001,-6.75,-4.325,-31.352,0
1398294697831,41967161134000,171538052000001,-6.75,-4.325,-31.352,0
1398294697843,41967172700000,171538052000001,-6.75,-4.325,-31.352,0
1398294697851,41967181184000,171538052000001,-6.75,-4.325,-31.352,0
1398294697861,41967191163000,171538052000001,-6.75,-4.325,-31.352,0
1398294697871,41967201203000,171538052000001,-6.75,-4.325,-31.352,0
1398294697881,41967211213000,171538052000001,-6.75,-4.325,-31.352,0
1398294697891,41967221223000,171538052000001,-6.75,-4.325,-31.352,0
1398294697901,41967231202000,171538052000001,-6.75,-4.325,-31.352,0
1398294697911,41967241242000,171538052000001,-6.75,-4.325,-31.352,0
1398294697925,41967254518000,171538052000001,-7.051,-4.325,-31.352,0
1398294697931,41967261231000,171538052000001,-7.051,-4.325,-31.352,0
1398294697941,41967271272000,171538052000001,-7.051,-4.325,-31.352,0
1398294697952,41967281220000,171538052000001,-7.051,-4.325,-31.352,0
1398294697961,41967291261000,171538052000001,-7.051,-4.325,-31.352,0
1398294697971,41967301301000,171538052000001,-7.051,-4.325,-31.352,0
1398294697981,41967311280000,171538052000001,-7.051,-4.325,-31.352,0
1398294697991,41967321290000,171538052000001,-7.051,-4.325,-31.352,0
1398294698001,41967331269000,171538052000001,-7.051,-4.325,-31.352,0
1398294698011,41967341279000,171538052000001,-7.051,-4.66,-31.352,0
1398294698023,41967352906000,171538052000001,-6.736,-4.66,-31.352,0
1398294698038,41967361451000,171538052000001,-6.736,-4.66,-31.352,0
1398294698045,41967371400000,171538052000001,-6.736,-4.66,-31.352,0
1398294698052,41967381410000,171538052000001,-6.736,-4.66,-31.352,0
1398294698061,41967391358000,171538052000001,-6.736,-4.969,-31.352,0
1398294698071,41967401368000,171538052000001,-6.736,-4.969,-31.352,0
1398294698081,41967411378000,171538052000001,-6.736,-4.969,-31.03,0
1398294698091,41967421357000,171538052000001,-6.736,-4.969,-31.03,0
1398294698103,41967431397000,171538052000001,-6.736,-4.969,-31.03,0
1398294698111,41967441407000,171538052000001,-6.736,-4.969,-31.03,0
1398294698122,41967451417000,171538052000001,-6.736,-5.268,-31.03,0
1398294698131,41967461427000,171538052000001,-6.736,-5.268,-31.03,0
1398294698141,41967471437000,171538052000001,-6.736,-5.268,-31.03,0
1398294698152,41967481416000,171538052000001,-6.736,-5.268,-31.03,0
1398294698162,41967491456000,171538052000001,-6.736,-5.268,-31.03,0
1398294698172,41967501466000,171538052000001,-6.736,-5.268,-31.03,0
1398294698181,41967511476000,171538052000001,-6.736,-5.268,-31.03,0
1398294698192,41967521485000,171538052000001,-6.736,-5.268,-31.03,0
1398294698203,41967533021000,171538052000001,-6.736,-5.268,-31.03,0
1398294698211,41967541535000,171538052000001,-6.736,-5.268,-31.03,0
1398294698222,41967551545000,171538052000001,-6.736,-5.268,-31.03,0
1398294698244,41967561585000,171538052000001,-6.736,-5.268,-31.03,0
1398294698256,41967571534000,171538052000001,-6.736,-5.268,-31.03,0
1398294698257,41967581544000,171538052000001,-6.736,-5.268,-31.03,0
1398294698270,41967591584000,171538052000001,-6.736,-5.268,-31.03,0
1398294698272,41967601564000,171538052000001,-6.736,-5.268,-31.03,0
1398294698282,41967611573000,171538052000001,-6.736,-5.268,-31.03,0
1398294698292,41967621583000,171538052000001,-6.736,-5.268,-31.03,0
1398294698302,41967631684000,171538052000001,-6.736,-5.268,-31.03,0
1398294698312,41967641603000,171538052000001,-6.736,-5.268,-31.03,0
1398294698322,41967651612000,171538052000001,-6.736,-5.268,-31.03,0
1398294698332,41967661622000,171538052000001,-6.736,-5.268,-31.03,0
1398294698342,41967671632000,171538052000001,-6.736,-5.268,-31.03,0
1398294698352,41967681642000,171538052000001,-6.736,-5.268,-31.03,0
1398294698362,41967691651000,171538052000001,-6.736,-5.268,-31.03,0
1398294698374,41967701661000,171538052000001,-6.423,-5.268,-31.03,0
1398294698383,41967713227000,171538052000001,-6.423,-5.268,-31.03,0
1398294698392,41967721742000,171538052000001,-6.423,-5.268,-31.03,0
1398294698402,41967731690000,171538052000001,-6.423,-5.268,-31.03,0
1398294698412,41967741700000,171538052000001,-6.423,-5.268,-31.03,0
1398294698422,41967751710000,171538052000001,-6.423,-5.268,-31.03,0
1398294698431,41967761720000,171538052000001,-6.423,-5.268,-31.03,0
1398294698442,41967771730000,171538052000001,-6.423,-5.268,-31.03,0
1398294698453,41967781739000,171538052000001,-6.423,-5.268,-31.03,0
1398294698462,41967791780000,171538052000001,-6.423,-5.268,-31.03,0
1398294698472,41967801820000,171538052000001,-6.423,-5.268,-31.03,0
1398294698482,41967811769000,171538052000001,-6.423,-5.268,-31.03,0
1398294698492,41967821992000,171538052000001,-6.423,-5.268,-31.03,0
1398294698503,41967831880000,171538052000001,-6.423,-5.268,-31.03,0
1398294698512,41967841828000,171538052000001,-6.423,-5.268,-31.03,0
1398294698522,41967851808000,171538052000001,-6.423,-5.268,-31.03,0
1398294698532,41967861817000,171538052000001,-6.423,-5.268,-31.03,0
1398294698542,41967871827000,171538052000001,-6.423,-5.268,-31.03,0
1398294698552,41967881837000,171538052000001,-6.423,-5.268,-31.03,0
1398294698563,41967893403000,171538052000001,-6.423,-5.268,-31.03,0
1398294698572,41967901887000,171538052000001,-6.423,-5.268,-31.03,0
1398294698582,41967911836000,171538052000001,-6.423,-5.268,-31.03,0
1398294698592,41967921845000,171538052000001,-6.423,-5.268,-31.03,0
1398294698602,41967931855000,171538052000001,-6.423,-5.268,-31.03,0
1398294698612,41967941865000,171538052000001,-6.423,-5.268,-31.03,0
1398294698622,41967951905000,171538052000001,-6.423,-5.268,-31.03,0
1398294698632,41967961915000,171538052000001,-6.423,-5.268,-31.03,0
1398294698644,41967971955000,171538052000001,-6.423,-5.268,-31.03,0
1398294698655,41967981935000,171538052000001,-6.423,-5.268,-31.03,0
1398294698662,41967991944000,171538052000001,-6.423,-5.268,-31.03,0
1398294698672,41968001954000,171538052000001,-6.423,-5.268,-31.03,0
1398294698682,41968011964000,171538052000001,-6.423,-5.268,-31.03,0
1398294698692,41968021974000,171538052000001,-6.423,-5.268,-31.03,0
1398294698702,41968031983000,171538052000001,-6.423,-5.268,-31.03,0
1398294698712,41968041993000,171538052000001,-6.423,-5.268,-31.03,0
1398294698722,41968052003000,171538052000001,-6.423,-5.268,-31.03,0
1398294698734,41968062013000,171538052000001,-6.423,-5.268,-31.03,0
1398294698744,41968073548000,171538052000001,-6.423,-5.268,-31.03,0
1398294698754,41968082521000,171538052000001,-6.423,-5.268,-31.03,0
1398294698762,41968092134000,171538052000001,-6.423,-5.268,-31.03,0
1398294698772,41968102052000,171538052000001,-6.423,-5.268,-31.03,0
1398294698785,41968112306000,171538052000001,-6.423,-5.589,-31.03,0
1398294698793,41968122102000,171538052000001,-6.423,-5.589,-31.03,0
1398294698802,41968132112000,171538052000001,-6.423,-5.589,-31.03,0
1398294698812,41968142091000,171538052000001,-6.115,-5.589,-31.03,0
1398294698822,41968152131000,171538052000001,-6.115,-5.589,-31.03,0
1398294698835,41968162171000,171538052000001,-6.115,-5.589,-31.03,0
1398294698848,41968172151000,171538052000001,-6.115,-5.589,-31.03,0
1398294698852,41968182160000,171538052000001,-6.115,-5.897,-31.03,0
1398294698862,41968192170000,171538052000001,-6.115,-5.897,-31.03,0
1398294698876,41968202210000,171538052000001,-6.115,-5.897,-31.03,0
1398294698882,41968212190000,171538052000001,-6.115,-5.897,-31.03,0
1398294698892,41968222199000,171538052000001,-6.115,-5.897,-31.03,0
1398294698902,41968232209000,171538052000001,-6.115,-5.897,-31.03,0
1398294698915,41968242250000,171538052000001,-6.115,-5.897,-31.03,0
1398294698924,41968253816000,171538052000001,-6.115,-5.897,-31.03,0
1398294698936,41968262330000,171538052000001,-6.115,-5.897,-31.03,0
1398294698942,41968272279000,171538052000001,-6.115,-5.897,-31.03,0
1398294698952,41968282258000,171538052000001,-6.115,-5.897,-31.03,0
1398294698963,41968292298000,171538052000001,-6.46,-5.897,-31.03,0
1398294698972,41968302369000,171538052000001,-6.46,-5.897,-31.03,0
1398294698982,41968312226000,171538052000001,-6.46,-5.897,-31.03,0
1398294698992,41968322267000,171538052000001,-6.46,-5.897,-31.03,0
1398294699002,41968332246000,171538052000001,-6.46,-5.897,-31.03,0
1398294699012,41968342256000,171538052000001,-6.46,-5.897,-31.03,0
1398294699023,41968352571000,171538052000001,-6.46,-5.897,-31.03,0
1398294699032,41968362275000,171538052000001,-6.46,-5.897,-31.03,0
1398294699042,41968372315000,171538052000001,-6.46,-5.897,-31.03,0
1398294699052,41968382325000,171538052000001,-6.46,-5.897,-31.03,0
1398294699062,41968392304000,171538052000001,-6.46,-5.897,-31.03,0
1398294699073,41968402314000,171538052000001,-6.46,-5.897,-31.03,0
1398294699082,41968412355000,171538052000001,-6.46,-5.897,-31.03,0
1398294699092,41968422334000,171538052000001,-6.46,-5.897,-31.03,0
1398294699104,41968433930000,171538052000001,-6.46,-5.897,-30.728,0
1398294699112,41968442414000,171538052000001,-6.46,-5.897,-30.728,0
1398294699122,41968452394000,171538052000001,-6.46,-5.897,-30.728,0
1398294699132,41968462403000,171538052000001,-6.46,-6.243,-30.728,0
1398294699142,41968472413000,171538052000001,-6.46,-6.243,-30.728,0
1398294699152,41968482392000,171538052000001,-6.46,-6.243,-30.728,0
1398294699162,41968492433000,171538052000001,-6.46,-6.243,-30.728,0
1398294699172,41968502442000,171538052000001,-6.46,-6.243,-30.728,0
1398294699182,41968512452000,171538052000001,-6.46,-6.243,-30.728,0
1398294699192,41968522462000,171538052000001,-6.46,-6.243,-30.728,0
1398294699202,41968532472000,171538052000001,-6.46,-6.559,-30.728,0
1398294699212,41968542481000,171538052000001,-6.46,-6.559,-30.728,0
1398294699222,41968552491000,171538052000001,-6.46,-6.559,-30.422,0
1398294699233,41968562501000,171538052000001,-6.46,-6.559,-30.422,0
1398294699243,41968572541000,171538052000001,-6.46,-6.559,-30.422,0
1398294699253,41968582551000,171538052000001,-6.79,-6.559,-30.422,0
1398294699263,41968592561000,171538052000001,-6.79,-6.559,-30.422,0
1398294699273,41968602571000,171538052000001,-6.79,-6.559,-30.422,0
1398294699285,41968614137000,171538052000001,-6.79,-6.559,-30.422,0
1398294699293,41968622651000,171538052000001,-6.79,-6.559,-30.422,0
1398294699303,41968632600000,171538052000001,-6.79,-6.559,-30.422,0
1398294699312,41968642579000,171538052000001,-6.79,-6.867,-30.422,0
1398294699323,41968652619000,171538052000001,-6.79,-6.867,-30.422,0
1398294699334,41968662629000,171538052000001,-6.79,-6.867,-30.422,0
1398294699343,41968672669000,171538052000001,-6.79,-6.867,-30.422,0
1398294699357,41968682649000,171538052000001,-6.79,-6.867,-30.422,0
1398294699365,41968692689000,171538052000001,-6.79,-6.867,-30.422,0
1398294699376,41968702668000,171538052000001,-6.79,-6.867,-30.422,0
1398294699383,41968712678000,171538052000001,-6.79,-6.867,-30.422,0
1398294699393,41968722779000,171538052000001,-6.79,-6.867,-30.422,0
1398294699403,41968732637000,171538052000001,-7.115,-6.867,-30.422,0
1398294699413,41968742677000,171538052000001,-7.115,-6.867,-30.422,0
1398294699422,41968752656000,171538052000001,-7.115,-6.867,-30.422,0
1398294699433,41968762696000,171538052000001,-7.115,-6.867,-30.422,0
1398294699443,41968772676000,171538052000001,-7.115,-6.867,-30.422,0
1398294699453,41968782685000,171538052000001,-7.115,-6.867,-30.422,0
1398294699464,41968794221000,171538052000001,-7.115,-6.867,-30.422,0
1398294699473,41968802918000,171538052000001,-7.115,-6.867,-30.422,0
1398294699483,41968812745000,171538052000001,-7.115,-6.867,-30.422,0
1398294699493,41968822724000,171538052000001,-7.115,-6.867,-30.422,0
1398294699503,41968832704000,171538052000001,-7.115,-6.867,-30.422,0
1398294699514,41968842774000,171538052000001,-7.115,-6.867,-30.422,0
1398294699523,41968852754000,171538052000001,-7.115,-6.867,-30.422,0
1398294699533,41968862763000,171538052000001,-7.115,-6.867,-30.422,0
1398294699543,41968872834000,171538052000001,-7.424,-6.867,-30.422,0
1398294699553,41968882814000,171538052000001,-7.424,-6.867,-30.422,0
1398294699564,41968892793000,171538052000001,-7.424,-6.867,-30.422,0
1398294699577,41968902833000,171538052000001,-7.424,-6.867,-30.422,0
1398294699586,41968912843000,171538052000001,-7.424,-6.867,-30.422,0
1398294699593,41968922853000,171538052000001,-7.424,-6.565,-30.422,0
1398294699603,41968932862000,171538052000001,-7.424,-6.565,-30.422,0
1398294699613,41968942842000,171538052000001,-7.424,-6.565,-30.422,0
1398294699623,41968952851000,171538052000001,-7.424,-6.565,-30.422,0
1398294699633,41968963044000,171538052000001,-7.424,-6.565,-30.422,0
1398294699644,41968974427000,171538052000001,-7.424,-6.565,-30.422,0
1398294699653,41968982942000,171538052000001,-7.424,-6.565,-30.422,0
1398294699663,41968992921000,171538052000001,-7.424,-6.565,-30.422,0
1398294699673,41969002931000,171538052000001,-7.424,-6.565,-30.422,0
1398294699683,41969012910000,171538052000001,-7.424,-6.565,-30.422,0
1398294699693,41969022920000,171538052000001,-7.112,-6.565,-30.422,0
1398294699703,41969032929000,171538052000001,-7.112,-6.245,-30.422,0
1398294699713,41969042939000,171538052000001,-7.112,-6.245,-30.422,0
1398294699723,41969052949000,171538052000001,-7.112,-6.245,-30.422,0
1398294699733,41969062959000,171538052000001,-6.811,-6.245,-30.744,0
1398294699743,41969072969000,171538052000001,-6.811,-6.245,-30.744,0
1398294699753,41969083009000,171538052000001,-6.811,-6.245,-30.744,0
1398294699763,41969093019000,171538052000001,-6.478,-6.245,-30.744,0
1398294699773,41969103028000,171538052000001,-6.478,-6.245,-30.744,0
1398294699783,41969113038000,171538052000001,-6.478,-6.245,-30.744,0
1398294699793,41969123048000,171538052000001,-6.105,-6.245,-30.744,0
1398294699803,41969133058000,171538052000001,-6.105,-6.245,-30.744,0
1398294699813,41969143067000,171538052000001,-6.105,-6.245,-30.744,0
1398294699824,41969154603000,171538052000001,-5.755,-6.245,-30.744,0
1398294699833,41969163117000,171538052000001,-5.755,-6.245,-30.744,0
1398294699843,41969173097000,171538052000001,-5.755,-6.245,-30.744,0
1398294699853,41969183106000,171538052000001,-5.448,-6.245,-30.744,0
1398294699865,41969193086000,171538052000001,-5.448,-6.245,-30.744,0
1398294699874,41969204011000,171538052000001,-5.448,-6.245,-30.744,0
1398294699886,41969213105000,171538052000001,-5.448,-6.245,-30.744,0
1398294699896,41969224855000,171538052000001,-5.448,-6.245,-30.744,0
1398294699905,41969233155000,171538052000001,-5.448,-6.579,-30.744,0
1398294699916,41969243623000,171538052000001,-5.107,-6.579,-30.744,0
1398294699923,41969253144000,171538052000001,-5.107,-6.579,-30.744,0
1398294699935,41969263185000,171538052000001,-5.107,-6.579,-30.744,0
1398294699948,41969275209000,171538052000001,-5.107,-6.579,-30.744,0
1398294699956,41969284761000,171538052000001,-5.107,-6.579,-31.086,0
1398294699967,41969293244000,171538052000001,-5.107,-6.579,-31.086,0
1398294699976,41969305787000,171538052000001,-5.107,-6.579,-31.086,0
1398294699985,41969313539000,171538052000001,-5.107,-6.579,-31.086,0
1398294699998,41969323243000,171538052000001,-5.107,-6.579,-31.086,0
1398294700005,41969334779000,171538052000001,-5.107,-6.579,-31.086,0
1398294700016,41969343324000,171538052000001,-5.107,-6.579,-31.086,0
1398294700026,41969353242000,171538052000001,-5.107,-6.579,-31.086,0
1398294700033,41969363282000,171538052000001,-5.107,-6.579,-31.086,0
1398294700043,41969373262000,171538052000001,-5.107,-6.579,-31.086,0
1398294700053,41969383332000,171538052000001,-5.107,-6.579,-31.086,0
1398294700064,41969393312000,171538052000001,-5.107,-6.579,-31.086,0
1398294700074,41969403504000,171538052000001,-5.107,-6.579,-31.086,0
1398294700083,41969413331000,171538052000001,-5.107,-6.579,-31.086,0
1398294700093,41969423310000,171538052000001,-5.107,-6.579,-31.086,0
1398294700104,41969433351000,171538052000001,-5.107,-6.579,-31.086,0
1398294700113,41969443360000,171538052000001,-5.107,-6.579,-31.086,0
1398294700124,41969453370000,171538052000001,-5.107,-6.579,-31.086,0
1398294700133,41969463349000,171538052000001,-5.107,-6.579,-31.086,0
1398294700143,41969473359000,171538052000001,-5.107,-6.579,-31.086,0
1398294700153,41969483369000,171538052000001,-5.107,-6.579,-31.086,0
1398294700163,41969493379000,171538052000001,-5.107,-6.579,-31.086,0
1398294700173,41969503388000,171538052000001,-5.107,-6.579,-31.086,0
1398294700185,41969514955000,171538052000001,-5.107,-6.579,-31.086,0
1398294700193,41969523439000,171538052000001,-5.107,-6.579,-31.086,0
1398294700203,41969533418000,171538052000001,-5.416,-6.274,-31.086,0
1398294700213,41969543428000,171538052000001,-5.416,-6.274,-31.086,0
1398294700223,41969553468000,171538052000001,-5.416,-6.274,-31.086,0
1398294700233,41969563417000,171538052000001,-5.416,-6.274,-31.086,0
1398294700243,41969573426000,171538052000001,-5.416,-6.274,-31.086,0
1398294700253,41969583436000,171538052000001,-5.416,-6.274,-31.086,0
1398294700263,41969593446000,171538052000001,-5.416,-5.953,-31.086,0
1398294700273,41969603456000,171538052000001,-5.416,-5.953,-31.086,0
1398294700283,41969613496000,171538052000001,-5.416,-5.953,-31.086,0
1398294700293,41969623475000,171538052000001,-5.416,-5.953,-31.086,0
1398294700303,41969633485000,171538052000001,-5.735,-5.953,-31.086,0
1398294700314,41969643495000,171538052000001,-5.735,-5.953,-31.086,0
1398294700324,41969653504000,171538052000001,-5.735,-5.953,-31.086,0
1398294700334,41969663514000,171538052000001,-5.735,-5.953,-31.086,0
1398294700344,41969673524000,171538052000001,-5.735,-5.953,-31.086,0
1398294700354,41969683534000,171538052000001,-5.735,-5.953,-31.086,0
1398294700365,41969695100000,171538052000001,-5.735,-5.953,-31.086,0
1398294700373,41969703553000,171538052000001,-5.735,-5.953,-31.086,0
1398294700384,41969713533000,171538052000001,-5.735,-5.953,-31.086,0
1398294700395,41969723573000,171538052000001,-5.735,-5.953,-31.086,0
1398294700405,41969733644000,171538052000001,-5.735,-6.323,-31.086,0
1398294700416,41969743653000,171538052000001,-5.735,-6.323,-31.086,0
1398294700424,41969753663000,171538052000001,-5.735,-6.323,-31.086,0
1398294700434,41969763642000,171538052000001,-5.735,-6.323,-31.086,0
1398294700445,41969773652000,171538052000001,-5.735,-6.323,-31.086,0
1398294700456,41969783692000,171538052000001,-5.735,-6.323,-31.086,0
1398294700464,41969793702000,171538052000001,-5.735,-6.623,-31.086,0
1398294700474,41969803681000,171538052000001,-5.735,-6.623,-31.086,0
1398294700484,41969813874000,171538052000001,-5.735,-6.623,-31.086,0
1398294700494,41969823701000,171538052000001,-5.735,-6.623,-31.086,0
1398294700504,41969833741000,171538052000001,-5.735,-6.623,-31.086,0
1398294700514,41969843659000,171538052000001,-5.735,-6.623,-31.086,0
1398294700526,41969853700000,171538052000001,-5.735,-6.623,-31.086,0
1398294700539,41969863740000,171538052000001,-5.735,-6.623,-31.086,0
1398294700546,41969875276000,171538052000001,-5.735,-6.623,-31.086,0
1398294700554,41969884004000,171538052000001,-5.735,-6.623,-31.086,0
1398294700564,41969893739000,171538052000001,-5.735,-6.623,-31.086,0
1398294700574,41969903749000,171538052000001,-5.735,-6.253,-31.086,0
1398294700584,41969913758000,171538052000001,-5.735,-6.253,-31.086,0
1398294700594,41969923768000,171538052000001,-6.079,-6.253,-31.086,0
1398294700604,41969933778000,171538052000001,-6.079,-5.914,-31.086,0
1398294700614,41969943788000,171538052000001,-6.079,-5.914,-31.086,0
1398294700624,41969953797000,171538052000001,-6.079,-5.914,-31.086,0
1398294700634,41969963807000,171538052000001,-6.079,-5.914,-31.086,0
1398294700644,41969973817000,171538052000001,-6.079,-5.603,-31.086,0
1398294700654,41969983827000,171538052000001,-6.079,-5.603,-31.086,0
1398294700664,41969993836000,171538052000001,-6.079,-5.603,-31.086,0
1398294700674,41970003846000,171538052000001,-6.079,-5.603,-31.086,0
1398294700684,41970013856000,171538052000001,-6.079,-5.265,-31.086,0
1398294700694,41970023866000,171538052000001,-6.079,-5.265,-31.086,0
1398294700704,41970033876000,171538052000001,-6.401,-5.265,-31.086,0
1398294700714,41970043885000,171538052000001,-6.401,-5.265,-31.086,0
1398294700729,41970055451000,171538052000001,-6.401,-5.265,-31.086,0
1398294700734,41970063966000,171538052000001,-6.401,-4.936,-31.086,0
1398294700744,41970073915000,171538052000001,-6.401,-4.936,-31.086,0
1398294700754,41970083924000,171538052000001,-6.401,-4.936,-31.086,0
1398294700766,41970093965000,171538052000001,-6.401,-4.936,-31.086,0
1398294700774,41970103944000,171538052000001,-6.401,-4.936,-31.086,0
1398294700785,41970113954000,171538052000001,-6.401,-4.936,-31.086,0
1398294700797,41970123963000,171538052000001,-6.401,-4.936,-31.086,0
1398294700804,41970133973000,171538052000001,-6.401,-4.936,-31.086,0
1398294700814,41970143983000,171538052000001,-6.401,-4.936,-31.086,0
1398294700824,41970153993000,171538052000001,-6.401,-4.936,-31.086,0
1398294700834,41970164002000,171538052000001,-6.401,-4.936,-31.086,0
1398294700851,41970174043000,171538052000001,-6.401,-4.936,-31.086,0
1398294700854,41970184022000,171538052000001,-6.401,-4.936,-31.086,0
1398294700864,41970194032000,171538052000001,-6.401,-4.936,-31.086,0
1398294700874,41970204042000,171538052000001,-6.401,-4.615,-31.396,0
1398294700884,41970214051000,171538052000001,-6.401,-4.615,-31.396,0
1398294700894,41970224061000,171538052000001,-6.401,-4.615,-31.396,0
1398294700905,41970235597000,171538052000001,-6.401,-4.615,-31.396,0
1398294700915,41970244111000,171538052000001,-6.401,-4.615,-31.396,0
1398294700924,41970254090000,171538052000001,-6.401,-4.615,-31.396,0
1398294700934,41970264100000,171538052000001,-6.401,-4.615,-31.396,0
1398294700944,41970274110000,171538052000001,-6.401,-4.615,-31.396,0
1398294700954,41970284089000,171538052000001,-6.401,-4.615,-31.396,0
1398294700964,41970294099000,171538052000001,-6.401,-4.615,-31.396,0
1398294700974,41970304170000,171538052000001,-6.401,-4.615,-31.396,0
1398294700984,41970314179000,171538052000001,-6.401,-4.615,-31.396,0
1398294700995,41970324189000,171538052000001,-6.401,-4.615,-31.396,0
1398294701005,41970334230000,171538052000001,-6.759,-4.615,-31.396,0
1398294701014,41970344209000,171538052000001,-6.759,-4.295,-31.396,0
1398294701024,41970354219000,171538052000001,-6.759,-4.295,-31.396,0
1398294701034,41970364228000,171538052000001,-6.759,-4.295,-31.396,0
1398294701044,41970374238000,171538052000001,-6.759,-4.295,-31.396,0
1398294701055,41970384278000,171538052000001,-6.759,-4.295,-31.396,0
1398294701065,41970394258000,171538052000001,-6.759,-4.295,-31.396,0
1398294701074,41970404267000,171538052000001,-6.759,-4.295,-31.396,0
1398294701086,41970415834000,171538052000001,-6.759,-4.295,-31.396,0
1398294701094,41970424348000,171538052000001,-6.759,-4.295,-31.396,0
1398294701104,41970434297000,171538052000001,-6.759,-3.953,-31.396,0
1398294701114,41970444306000,171538052000001,-7.067,-3.953,-31.396,0
1398294701124,41970454316000,171538052000001,-7.067,-3.953,-31.396,0
1398294701134,41970464326000,171538052000001,-7.067,-3.953,-31.396,0
1398294701144,41970474336000,171538052000001,-7.067,-3.953,-31.396,0
1398294701154,41970484345000,171538052000001,-7.067,-3.953,-31.396,0
1398294701164,41970494325000,171538052000001,-7.067,-3.953,-31.396,0
1398294701174,41970504365000,171538052000001,-7.067,-3.953,-31.396,0
1398294701184,41970514375000,171538052000001,-7.067,-3.953,-31.396,0
1398294701194,41970524385000,171538052000001,-7.067,-3.953,-31.396,0
1398294701204,41970534394000,171538052000001,-7.067,-3.953,-31.396,0
1398294701214,41970544404000,171538052000001,-7.067,-3.953,-31.396,0
1398294701224,41970554414000,171538052000001,-7.067,-3.953,-31.396,0
1398294701234,41970564424000,171538052000001,-7.067,-3.953,-31.396,0
1398294701244,41970574464000,171538052000001,-7.067,-3.953,-31.396,0
1398294701255,41970584443000,171538052000001,-7.067,-3.953,-31.396,0
1398294701266,41970596009000,171538052000001,-7.067,-3.953,-31.396,0
1398294701274,41970604493000,171538052000001,-7.067,-3.953,-31.396,0
1398294701285,41970614472000,171538052000001,-7.067,-3.953,-31.396,0
1398294701297,41970624513000,171538052000001,-7.067,-3.953,-31.396,0
1398294701305,41970634522000,171538052000001,-7.067,-3.953,-31.396,0
1398294701315,41970644532000,171538052000001,-7.067,-3.953,-31.396,0
1398294701324,41970654450000,171538052000001,-7.067,-3.953,-31.396,0
1398294701335,41970664521000,171538052000001,-7.067,-3.953,-31.396,0
1398294701347,41970674501000,171538052000001,-7.067,-3.953,-31.396,0
1398294701356,41970684541000,171538052000001,-7.067,-3.953,-31.396,0
1398294701364,41970694520000,171538052000001,-7.067,-3.953,-31.396,0
1398294701374,41970704499000,171538052000001,-7.067,-3.953,-31.396,0
1398294701384,41970714509000,171538052000001,-7.067,-3.953,-31.396,0
1398294701394,41970724519000,171538052000001,-7.067,-3.953,-31.396,0
1398294701404,41970734529000,171538052000001,-7.067,-3.953,-31.396,0
1398294701414,41970744569000,171538052000001,-7.067,-3.953,-31.396,0
1398294701424,41970754548000,171538052000001,-7.067,-3.953,-31.396,0
1398294701434,41970764558000,171538052000001,-7.067,-3.953,-31.396,0
1398294701446,41970776094000,171538052000001,-7.067,-3.953,-31.396,0
1398294701454,41970784638000,171538052000001,-7.067,-3.953,-31.396,0
1398294701464,41970794618000,171538052000001,-7.067,-3.953,-31.396,0
1398294701474,41970804627000,171538052000001,-7.377,-3.953,-31.396,0
1398294701484,41970814637000,171538052000001,-7.377,-3.953,-31.396,0
1398294701494,41970824616000,171538052000001,-7.377,-3.953,-31.396,0
1398294701508,41970834687000,171538052000001,-7.377,-3.953,-31.396,0
1398294701515,41970844697000,171538052000001,-7.377,-3.953,-31.396,0
1398294701526,41970854646000,171538052000001,-7.377,-3.953,-31.396,0
1398294701535,41970864686000,171538052000001,-7.377,-3.953,-31.396,0
1398294701546,41970874696000,171538052000001,-7.377,-3.953,-31.396,0
1398294701555,41970884675000,171538052000001,-7.377,-3.953,-31.396,0
1398294701566,41970894715000,171538052000001,-7.377,-3.953,-31.396,0
1398294701577,41970904725000,171538052000001,-7.377,-3.953,-31.396,0
1398294701585,41970914735000,171538052000001,-7.377,-4.307,-31.396,0
1398294701595,41970924775000,171538052000001,-7.377,-4.307,-31.396,0
1398294701605,41970934938000,171538052000001,-7.377,-4.307,-31.396,0
1398294701615,41970944825000,171538052000001,-7.377,-4.307,-31.396,0
1398294701627,41970956361000,171538052000001,-7.073,-4.307,-31.396,0
1398294701635,41970964845000,171538052000001,-7.073,-4.307,-31.396,0
1398294701658,41970975678000,171538052000001,-7.073,-4.307,-31.396,0
1398294701659,41970984834000,171538052000001,-7.073,-4.307,-31.396,0
1398294701665,41970994844000,171538052000001,-6.77,-4.647,-31.396,0
1398294701675,41971004823000,171538052000001,-6.77,-4.647,-31.396,0
1398294701685,41971014833000,171538052000001,-6.77,-4.647,-31.396,0
1398294701695,41971024873000,171538052000001,-6.439,-4.647,-31.396,0
1398294701705,41971034883000,171538052000001,-6.439,-4.647,-31.396,0
1398294701715,41971044862000,171538052000001,-6.439,-4.647,-31.396,0
1398294701725,41971054933000,171538052000001,-6.439,-4.647,-31.396,0
1398294701735,41971064881000,171538052000001,-6.439,-4.647,-31.396,0
1398294701745,41971074891000,171538052000001,-6.439,-4.647,-31.396,0
1398294701755,41971084901000,171538052000001,-6.103,-4.647,-31.396,0
1398294701765,41971095063000,171538052000001,-6.103,-4.647,-31.396,0
1398294701775,41971104981000,171538052000001,-6.103,-4.647,-31.396,0
1398294701785,41971114930000,171538052000001,-6.103,-4.647,-31.396,0
1398294701795,41971124909000,171538052000001,-6.103,-4.647,-31.396,0
1398294701806,41971136476000,171538052000001,-6.103,-4.647,-31.396,0
1398294701815,41971144990000,171538052000001,-6.103,-4.647,-31.396,0
1398294701825,41971154939000,171538052000001,-6.103,-4.957,-31.396,0
1398294701835,41971164949000,171538052000001,-6.103,-4.957,-31.396,0
1398294701845,41971174958000,171538052000001,-5.773,-4.957,-31.396,0
1398294701855,41971184968000,171538052000001,-5.773,-4.957,-31.396,0
1398294701865,41971194978000,171538052000001,-5.773,-4.957,-31.396,0
1398294701877,41971206758000,171538052000001,-5.773,-4.957,-31.396,0
1398294701889,41971219300000,171538052000001,-5.773,-4.957,-31.396,0
1398294701900,41971229493000,171538052000001,-5.773,-4.957,-31.396,0
1398294701908,41971238435000,171538052000001,-5.773,-4.957,-31.396,0
1398294701918,41971247529000,171538052000001,-5.773,-4.957,-31.396,0
1398294701930,41971260285000,171538052000001,-5.427,-4.957,-31.396,0
1398294701939,41971268922000,171538052000001,-5.427,-4.957,-31.396,0
1398294701948,41971278047000,171538052000001,-5.427,-4.957,-31.396,0
1398294701959,41971288636000,171538052000001,-5.427,-4.957,-31.396,0
1398294701970,41971299470000,171538052000001,-5.427,-4.957,-31.396,0
1398294701980,41971308961000,171538052000001,-5.427,-4.957,-31.396,0
1398294701991,41971320954000,171538052000001,-5.056,-4.957,-31.396,0
1398294701999,41971326539000,171538052000001,-5.056,-4.957,-31.396,0
1398294702016,41971337190000,171538052000001,-5.056,-4.957,-31.396,0
1398294702018,41971345185000,171538052000001,-5.056,-4.957,-31.396,0
1398294702031,41971356599000,171538052000001,-5.056,-4.957,-31.396,0
1398294702037,41971365266000,171538052000001,-4.725,-4.957,-31.396,0
1398294702055,41971375215000,171538052000001,-4.725,-4.957,-31.396,0
1398294702068,41971385224000,171538052000001,-4.725,-4.957,-31.396,0
1398294702071,41971395234000,171538052000001,-4.725,-5.284,-31.396,0
1398294702078,41971405244000,171538052000001,-4.725,-5.284,-31.396,0
1398294702085,41971415254000,171538052000001,-4.725,-5.284,-31.396,0
1398294702095,41971425263000,171538052000001,-4.386,-5.284,-31.396,0
1398294702105,41971435243000,171538052000001,-4.386,-5.284,-31.396,0
1398294702115,41971445283000,171538052000001,-4.386,-5.284,-31.396,0
1398294702131,41971455323000,171538052000001,-4.386,-5.284,-31.396,0
1398294702146,41971465303000,171538052000001,-4.386,-5.284,-31.396,0
1398294702154,41971475312000,171538052000001,-4.386,-5.284,-31.396,0
1398294702157,41971485322000,171538052000001,-4.386,-5.593,-31.396,0
1398294702167,41971496888000,171538052000001,-4.386,-5.593,-31.396,0
1398294702175,41971505372000,171538052000001,-4.386,-5.593,-31.396,0
1398294702185,41971515321000,171538052000001,-4.386,-5.593,-31.396,0
1398294702196,41971525544000,171538052000001,-4.386,-5.593,-31.396,0
1398294702205,41971535340000,171538052000001,-4.386,-5.926,-31.396,0
1398294702216,41971545381000,171538052000001,-4.386,-5.926,-31.396,0
1398294702230,41971556459000,171538052000001,-4.045,-5.926,-31.396,0
1398294702236,41971565431000,171538052000001,-4.045,-5.926,-31.396,0
1398294702251,41971579866000,171538052000001,-4.045,-5.926,-31.396,0
1398294702258,41971588105000,171538052000001,-4.045,-6.251,-31.396,0
1398294702271,41971600556000,171538052000001,-4.045,-6.251,-31.396,0
1398294702278,41971608003000,171538052000001,-4.045,-6.251,-31.396,0
1398294702293,41971619172000,171538052000001,-4.045,-6.251,-31.396,0
1398294702297,41971625978000,171538052000001,-4.045,-6.251,-31.396,0
1398294702315,41971637178000,171538052000001,-4.045,-6.552,-31.396,0
1398294702318,41971645478000,171538052000001,-4.045,-6.552,-31.396,0
1398294702332,41971655488000,171538052000001,-4.045,-6.552,-31.396,0
1398294702338,41971667665000,171538052000001,-4.045,-6.552,-31.396,0
1398294702348,41971677064000,171538052000001,-4.045,-6.552,-31.396,0
1398294702361,41971686036000,171538052000001,-4.045,-6.552,-31.396,0
1398294702368,41971697267000,171538052000001,-4.045,-6.552,-31.396,0
1398294702376,41971705537000,171538052000001,-4.045,-6.552,-31.396,0
1398294702391,41971715577000,171538052000001,-4.045,-6.552,-31.396,0
1398294702402,41971725556000,171538052000001,-4.045,-6.552,-31.396,0
1398294702407,41971735566000,171538052000001,-4.045,-6.552,-31.396,0
1398294702416,41971745545000,171538052000001,-4.045,-6.552,-31.396,0
1398294702426,41971755555000,171538052000001,-4.045,-6.552,-31.396,0
1398294702436,41971765565000,171538052000001,-4.386,-6.552,-31.396,0
1398294702446,41971775605000,171538052000001,-4.386,-6.552,-31.396,0
1398294702457,41971785585000,171538052000001,-4.386,-6.552,-31.396,0
1398294702466,41971795625000,171538052000001,-4.386,-6.233,-31.396,0
1398294702476,41971805604000,171538052000001,-4.716,-6.233,-31.396,0
1398294702486,41971815614000,171538052000001,-4.716,-6.233,-31.396,0
1398294702496,41971825654000,171538052000001,-4.716,-6.233,-31.396,0
1398294702511,41971837068000,171538052000001,-5.088,-5.924,-31.396,0
1398294702519,41971845674000,171538052000001,-5.088,-5.924,-31.071,0
1398294702541,41971857240000,171538052000001,-5.088,-5.924,-31.071,0
1398294702544,41971868897000,171538052000001,-5.476,-5.924,-31.071,0
1398294702548,41971875672000,171538052000001,-5.476,-5.924,-31.071,0
1398294702575,41971885682000,171538052000001,-5.476,-5.924,-31.071,0
1398294702582,41971895753000,171538052000001,-5.476,-5.924,-31.071,0
1398294702591,41971906037000,171538052000001,-5.476,-5.595,-31.071,0
1398294702593,41971915742000,171538052000001,-5.476,-5.595,-31.071,0
1398294702598,41971926057000,171538052000001,-5.812,-5.595,-31.071,0
1398294702611,41971935762000,171538052000001,-5.812,-5.595,-31.071,0
1398294702616,41971945771000,171538052000001,-5.812,-5.595,-31.071,0
1398294702626,41971955934000,171538052000001,-5.812,-5.595,-31.071,0
1398294702636,41971965760000,171538052000001,-5.812,-5.595,-31.071,0
1398294702646,41971975770000,171538052000001,-5.812,-5.595,-31.071,0
1398294702656,41971985780000,171538052000001,-5.812,-5.595,-31.071,0
1398294702666,41971995790000,171538052000001,-5.812,-5.595,-31.071,0
1398294702676,41972005799000,171538052000001,-5.812,-5.595,-31.071,0
1398294702686,41972015809000,171538052000001,-5.812,-5.595,-31.071,0
1398294702696,41972025849000,171538052000001,-5.812,-5.595,-31.071,0
1398294702708,41972037385000,171538052000001,-5.812,-5.595,-31.071,0
1398294702717,41972045899000,171538052000001,-5.812,-5.595,-31.071,0
1398294702748,41972055909000,171538052000001,-5.496,-5.595,-31.071,0
1398294702750,41972065858000,171538052000001,-5.496,-5.595,-31.071,0
1398294702751,41972075868000,171538052000001,-5.496,-5.595,-31.071,0
1398294702756,41972085908000,171538052000001,-5.496,-5.595,-31.071,0
1398294702771,41972095887000,171538052000001,-5.496,-5.595,-31.071,0
1398294702776,41972105928000,171538052000001,-5.189,-5.595,-31.071,0
1398294702792,41972120851000,171538052000001,-5.189,-5.595,-31.071,0
1398294702796,41972125886000,171538052000001,-5.189,-5.595,-31.071,0
1398294702806,41972135896000,171538052000001,-5.189,-5.595,-31.071,0
1398294702816,41972145906000,171538052000001,-5.189,-5.595,-31.071,0
1398294702826,41972155915000,171538052000001,-5.189,-5.595,-31.071,0
1398294702836,41972165925000,171538052000001,-5.189,-5.595,-31.071,0
1398294702846,41972175935000,171538052000001,-5.189,-5.595,-31.071,0
1398294702856,41972185945000,171538052000001,-4.867,-5.595,-31.071,0
1398294702866,41972195954000,171538052000001,-4.867,-5.595,-31.071,0
1398294702876,41972205964000,171538052000001,-4.867,-5.595,-31.071,0
1398294702888,41972217530000,171538052000001,-4.867,-5.595,-31.071,0
1398294702896,41972226014000,171538052000001,-4.867,-5.595,-31.071,0
1398294702906,41972235993000,171538052000001,-4.867,-5.595,-31.071,0
1398294702916,41972246003000,171538052000001,-4.867,-5.595,-31.071,0
1398294702926,41972256013000,171538052000001,-4.867,-5.595,-31.071,0
1398294702936,41972266023000,171538052000001,-4.867,-5.595,-31.071,0
1398294702946,41972276033000,171538052000001,-4.867,-5.595,-31.071,0
1398294702956,41972286073000,171538052000001,-4.867,-5.595,-31.071,0
1398294702966,41972296083000,171538052000001,-4.867,-5.595,-31.071,0
1398294702984,41972306062000,171538052000001,-4.867,-5.595,-31.071,0
1398294702986,41972316072000,171538052000001,-4.867,-5.595,-31.071,0
1398294702996,41972326081000,171538052000001,-4.867,-5.595,-31.071,0
1398294703007,41972336091000,171538052000001,-4.867,-5.595,-31.071,0
1398294703016,41972346101000,171538052000001,-4.867,-5.595,-31.071,0
1398294703026,41972356111000,171538052000001,-4.867,-5.595,-31.071,0
1398294703036,41972366151000,171538052000001,-4.867,-5.281,-31.071,0
1398294703046,41972376161000,171538052000001,-4.867,-5.281,-31.071,0
1398294703056,41972386201000,171538052000001,-4.867,-5.281,-31.071,0
1398294703068,41972397737000,171538052000001,-4.867,-5.281,-31.071,0
1398294703076,41972406220000,171538052000001,-4.867,-5.281,-31.071,0
1398294703086,41972416200000,171538052000001,-4.867,-5.281,-31.071,0
1398294703096,41972426210000,171538052000001,-4.867,-5.281,-31.071,0
1398294703106,41972436219000,171538052000001,-5.184,-5.281,-31.071,0
1398294703116,41972446260000,171538052000001,-5.184,-5.281,-31.071,0
1398294703126,41972456300000,171538052000001,-5.184,-5.281,-31.071,0
1398294703136,41972466310000,171538052000001,-5.184,-5.281,-31.071,0
1398294703151,41972480287000,171538052000001,-5.184,-5.281,-31.071,0
1398294703156,41972486238000,171538052000001,-5.52,-5.281,-31.071,0
1398294703166,41972496247000,171538052000001,-5.52,-5.281,-31.071,0
1398294703176,41972506257000,171538052000001,-5.52,-5.281,-31.071,0
1398294703186,41972516267000,171538052000001,-5.52,-5.281,-31.071,0
1398294703196,41972526277000,171538052000001,-5.52,-5.281,-31.071,0
1398294703207,41972536286000,171538052000001,-5.52,-5.281,-31.071,0
1398294703216,41972546296000,171538052000001,-5.863,-5.281,-31.071,0
1398294703227,41972556367000,171538052000001,-5.863,-5.281,-31.071,0
1398294703236,41972566316000,171538052000001,-5.863,-5.281,-31.071,0
1398294703258,41972577851000,171538052000001,-5.863,-4.974,-31.071,0
1398294703270,41972586366000,171538052000001,-5.863,-4.974,-31.071,0
1398294703272,41972596314000,171538052000001,-5.863,-4.974,-31.071,0
1398294703276,41972606355000,171538052000001,-5.863,-4.974,-31.071,0
1398294703286,41972616365000,171538052000001,-5.863,-4.974,-31.071,0
1398294703296,41972626374000,171538052000001,-5.863,-4.974,-31.071,0
1398294703306,41972636384000,171538052000001,-6.211,-4.974,-31.071,0
1398294703316,41972646394000,171538052000001,-6.211,-4.974,-31.071,0
1398294703326,41972656404000,171538052000001,-6.211,-4.974,-31.071,0
1398294703336,41972666413000,171538052000001,-6.211,-4.974,-31.071,0
1398294703346,41972676423000,171538052000001,-6.211,-4.974,-31.071,0
1398294703356,41972686433000,171538052000001,-6.211,-4.669,-31.071,0
1398294703366,41972696443000,171538052000001,-6.211,-4.669,-31.071,0
1398294703376,41972706452000,171538052000001,-6.211,-4.669,-31.071,0
1398294703386,41972716462000,171538052000001,-6.211,-4.669,-31.071,0
1398294703396,41972726472000,171538052000001,-6.211,-4.669,-31.071,0
1398294703406,41972736482000,171538052000001,-6.211,-4.669,-31.071,0
1398294703416,41972746491000,171538052000001,-6.211,-4.669,-31.071,0
1398294703431,41972760163000,171538052000001,-6.211,-4.669,-31.071,0
1398294703440,41972769502000,171538052000001,-6.211,-4.669,-31.071,0
1398294703458,41972787965000,171538052000001,-6.211,-4.669,-31.071,0
1398294703463,41972793458000,171538052000001,-6.211,-4.669,-31.071,0
1398294703469,41972798677000,171538052000001,-6.211,-4.669,-31.071,0
1398294703478,41972807954000,171538052000001,-6.211,-4.669,-31.071,0
1398294703493,41972823030000,171538052000001,-6.211,-4.669,-31.071,0
1398294703498,41972827973000,171538052000001,-5.848,-4.669,-31.071,0
1398294703511,41972840913000,171538052000001,-5.848,-4.669,-31.071,0
1398294703521,41972850587000,171538052000001,-5.848,-4.669,-31.373,0
1398294703530,41972859437000,171538052000001,-5.848,-4.669,-31.373,0
1398294703543,41972872834000,171538052000001,-5.848,-4.669,-31.373,0
1398294703549,41972878877000,171538052000001,-5.506,-4.669,-31.373,0
1398294703563,41972892793000,171538052000001,-5.506,-4.669,-31.373,0
1398294703569,41972898835000,171538052000001,-5.506,-4.669,-31.373,0
1398294703583,41972912843000,171538052000001,-5.506,-4.669,-31.373,0
1398294703589,41972918885000,171538052000001,-5.506,-4.669,-31.695,0
1398294703603,41972933229000,171538052000001,-5.506,-4.669,-31.695,0
1398294703611,41972940766000,171538052000001,-5.506,-4.669,-31.695,0
1398294703622,41972952210000,171538052000001,-5.506,-4.669,-31.695,0
1398294703630,41972959474000,171538052000001,-5.506,-4.669,-31.695,0
1398294703640,41972968110000,171538052000001,-5.506,-4.669,-31.695,0
1398294703647,41972976777000,171538052000001,-5.506,-4.669,-31.695,0
1398294703657,41972986756000,171538052000001,-5.506,-4.669,-31.695,0
1398294703667,41972996766000,171538052000001,-5.506,-4.669,-31.695,0
1398294703677,41973006806000,171538052000001,-5.506,-4.669,-31.695,0
1398294703687,41973016816000,171538052000001,-5.506,-4.669,-31.695,0
1398294703697,41973026826000,171538052000001,-5.506,-4.669,-31.695,0
1398294703707,41973036836000,171538052000001,-5.506,-4.669,-31.695,0
1398294703717,41973046815000,171538052000001,-5.506,-4.669,-31.695,0
1398294703727,41973056825000,171538052000001,-5.506,-4.669,-31.695,0
1398294703737,41973066835000,171538052000001,-5.506,-4.669,-31.695,0
1398294703754,41973083436000,171538052000001,-5.506,-4.669,-31.695,0
1398294703765,41973088380000,171538052000001,-5.506,-4.669,-31.695,0
1398294703768,41973097901000,171538052000001,-5.506,-4.669,-31.695,0
1398294703784,41973113404000,171538052000001,-5.506,-4.669,-31.695,0
1398294703790,41973119630000,171538052000001,-5.506,-4.669,-31.695,0
1398294703806,41973135621000,171538052000001,-5.506,-4.669,-31.695,0
1398294703808,41973137574000,171538052000001,-5.506,-4.669,-31.394,0
1398294703823,41973152986000,171538052000001,-5.506,-4.669,-31.394,0
1398294703828,41973158021000,171538052000001,-5.506,-4.669,-31.394,0
1398294703843,41973173463000,171538052000001,-5.506,-4.669,-31.394,0
1398294703848,41973178315000,171538052000001,-5.506,-4.669,-31.394,0
1398294703863,41973193116000,171538052000001,-5.506,-4.669,-31.394,0
1398294703869,41973198731000,171538052000001,-5.506,-4.669,-31.394,0
1398294703879,41973207002000,171538052000001,-5.506,-4.981,-31.394,0
1398294703894,41973217042000,171538052000001,-5.506,-4.981,-31.394,0
1398294703908,41973227052000,171538052000001,-5.506,-4.981,-31.394,0
1398294703910,41973237245000,171538052000001,-5.506,-4.981,-31.394,0
1398294703917,41973247041000,171538052000001,-5.506,-4.981,-31.394,0
1398294703945,41973257081000,171538052000001,-5.506,-4.981,-31.394,0
1398294703947,41973267091000,171538052000001,-5.506,-4.981,-31.394,0
1398294703950,41973277101000,171538052000001,-5.506,-4.981,-31.394,0
1398294703957,41973287080000,171538052000001,-5.506,-4.981,-31.394,0
1398294703970,41973298677000,171538052000001,-5.506,-4.981,-31.394,0
1398294703977,41973307130000,171538052000001,-5.506,-4.981,-31.394,0
1398294703987,41973317109000,171538052000001,-5.506,-4.981,-31.394,0
1398294703997,41973327088000,171538052000001,-5.506,-4.981,-31.394,0
1398294704013,41973343354000,171538052000001,-5.506,-4.981,-31.394,0
1398294704020,41973349855000,171538052000001,-5.506,-4.981,-31.394,0
1398294704029,41973359254000,171538052000001,-5.506,-4.981,-31.394,0
1398294704039,41973368989000,171538052000001,-5.506,-4.981,-31.394,0
1398294704052,41973381776000,171538052000001,-5.815,-4.981,-31.394,0
1398294704058,41973387147000,171538052000001,-5.815,-4.981,-31.394,0
1398294704078,41973400392000,171538052000001,-5.815,-4.981,-31.394,0
1398294704080,41973409761000,171538052000001,-5.815,-4.981,-31.394,0
1398294704087,41973417420000,171538052000001,-5.815,-4.981,-31.394,0
1398294704103,41973432801000,171538052000001,-5.815,-4.981,-31.394,0
1398294704109,41973439363000,171538052000001,-5.815,-4.981,-31.394,0
1398294704123,41973453126000,171538052000001,-6.126,-4.981,-31.394,0
1398294704129,41973459260000,171538052000001,-6.126,-4.981,-31.394,0
1398294704143,41973472901000,171538052000001,-6.126,-4.981,-31.394,0
1398294704151,41973480866000,171538052000001,-6.126,-4.981,-31.394,0
1398294704163,41973492768000,171538052000001,-6.126,-4.981,-31.394,0
1398294704170,41973499635000,171538052000001,-6.126,-4.981,-31.394,0
1398294704179,41973508485000,171538052000001,-6.439,-5.296,-31.394,0
1398294704193,41973523439000,171538052000001,-6.439,-5.296,-31.394,0
1398294704199,41973529450000,171538052000001,-6.439,-5.296,-31.394,0
1398294704214,41973543855000,171538052000001,-6.439,-5.296,-31.394,0
1398294704219,41973548738000,171538052000001,-6.439,-5.296,-31.394,0
1398294704229,41973559449000,171538052000001,-6.794,-5.296,-31.394,0
1398294704244,41973573915000,171538052000001,-6.794,-5.296,-31.394,0
1398294704249,41973578767000,171538052000001,-6.794,-5.296,-31.068,0
1398294704264,41973593629000,171538052000001,-6.794,-5.296,-31.068,0
1398294704270,41973599580000,171538052000001,-6.794,-5.296,-31.068,0
1398294704284,41973613893000,171538052000001,-7.107,-5.296,-31.068,0
1398294704289,41973618714000,171538052000001,-7.107,-5.296,-31.068,0
1398294704304,41973633668000,171538052000001,-7.107,-5.296,-31.068,0
1398294704308,41973638246000,171538052000001,-7.107,-5.618,-31.068,0
1398294704325,41973648805000,171538052000001,-7.107,-5.618,-31.068,0
1398294704330,41973659333000,171538052000001,-7.107,-5.618,-31.068,0
1398294704341,41973667451000,171538052000001,-7.107,-5.618,-31.068,0
1398294704358,41973679536000,171538052000001,-7.107,-5.618,-31.068,0
1398294704361,41973687440000,171538052000001,-7.107,-5.618,-31.068,0
1398294704377,41973697480000,171538052000001,-7.107,-5.618,-31.068,0
1398294704385,41973711122000,171538052000001,-7.107,-5.618,-31.068,0
1398294704387,41973717439000,171538052000001,-7.107,-5.618,-31.068,0
1398294704397,41973727449000,171538052000001,-7.42,-5.618,-30.749,0
1398294704408,41973737458000,171538052000001,-7.42,-5.618,-30.749,0
1398294704422,41973747499000,171538052000001,-7.42,-5.618,-30.749,0
1398294704427,41973757478000,171538052000001,-7.42,-5.618,-30.749,0
1398294704439,41973767488000,171538052000001,-7.42,-5.618,-30.749,0
1398294704448,41973777497000,171538052000001,-7.42,-5.618,-30.749,0
1398294704458,41973787477000,171538052000001,-7.42,-5.618,-30.749,0
1398294704467,41973797486000,171538052000001,-7.42,-5.618,-30.749,0
1398294704477,41973807496000,171538052000001,-7.42,-5.618,-30.749,0
1398294704487,41973817506000,171538052000001,-7.42,-5.618,-30.749,0
1398294704497,41973827516000,171538052000001,-7.42,-5.934,-30.749,0
1398294704509,41973839082000,171538052000001,-7.101,-5.934,-30.749,0
1398294704518,41973847596000,171538052000001,-7.101,-5.934,-30.749,0
1398294704528,41973857545000,171538052000001,-7.101,-5.934,-30.749,0
1398294704537,41973867555000,171538052000001,-7.101,-5.934,-30.749,0
1398294704548,41973877564000,171538052000001,-6.785,-5.934,-30.749,0
1398294704558,41973887605000,171538052000001,-6.785,-5.934,-30.749,0
1398294704568,41973897584000,171538052000001,-6.785,-5.934,-30.749,0
1398294704578,41973907624000,171538052000001,-6.785,-5.934,-30.749,0
1398294704588,41973917634000,171538052000001,-6.785,-5.934,-30.749,0
1398294704598,41973927644000,171538052000001,-6.785,-5.934,-30.749,0
1398294704608,41973937654000,171538052000001,-6.785,-5.934,-30.749,0
1398294704619,41973947663000,171538052000001,-6.439,-5.934,-30.749,0
1398294704627,41973957673000,171538052000001,-6.439,-5.934,-30.749,0
1398294704637,41973967683000,171538052000001,-6.439,-5.934,-30.749,0
1398294704647,41973977662000,171538052000001,-6.439,-5.934,-30.749,0
1398294704661,41973987702000,171538052000001,-6.439,-5.934,-30.749,0
1398294704675,41973997743000,171538052000001,-6.439,-5.934,-30.749,0
1398294704678,41974007722000,171538052000001,-6.439,-5.934,-30.749,0
1398294704693,41974023408000,171538052000001,-6.439,-5.934,-30.749,0
1398294704697,41974027650000,171538052000001,-6.439,-5.934,-30.749,0
1398294704708,41974037721000,171538052000001,-6.439,-5.622,-30.749,0
1398294704718,41974047730000,171538052000001,-6.439,-5.622,-30.749,0
1398294704728,41974057740000,171538052000001,-6.439,-5.622,-30.749,0
1398294704738,41974067750000,171538052000001,-6.439,-5.622,-30.749,0
1398294704747,41974077760000,171538052000001,-6.742,-5.622,-30.749,0
1398294704758,41974087800000,171538052000001,-6.742,-5.622,-30.749,0
1398294704767,41974097779000,171538052000001,-6.742,-5.271,-30.749,0
1398294704778,41974107789000,171538052000001,-6.742,-5.271,-30.749,0
1398294704788,41974117799000,171538052000001,-6.742,-5.271,-30.749,0
1398294704798,41974127809000,171538052000001,-6.742,-5.271,-30.749,0
1398294704808,41974137818000,171538052000001,-6.742,-5.271,-31.068,0
1398294704818,41974147828000,171538052000001,-6.742,-4.902,-31.068,0
1398294704828,41974157838000,171538052000001,-6.742,-4.902,-31.068,0
1398294704838,41974167848000,171538052000001,-6.742,-4.902,-31.068,0
1398294704848,41974177857000,171538052000001,-6.742,-4.902,-31.068,0
1398294704858,41974187867000,171538052000001,-6.742,-4.902,-31.068,0
1398294704871,41974199433000,171538052000001,-6.742,-4.902,-31.068,0
1398294704878,41974207917000,171538052000001,-6.742,-4.902,-31.068,0
1398294704888,41974217927000,171538052000001,-6.742,-4.902,-31.068,0
1398294704901,41974227967000,171538052000001,-6.742,-4.602,-31.068,0
1398294704908,41974237947000,171538052000001,-6.42,-4.602,-31.068,0
1398294704919,41974247956000,171538052000001,-6.42,-4.602,-31.068,0
1398294704931,41974257997000,171538052000001,-6.42,-4.602,-31.068,0
1398294704948,41974267976000,171538052000001,-6.42,-4.602,-31.391,0
1398294704951,41974277986000,171538052000001,-6.42,-4.602,-31.391,0
1398294704958,41974288026000,171538052000001,-6.42,-4.602,-31.391,0
1398294704968,41974298005000,171538052000001,-6.42,-4.602,-31.391,0
1398294704978,41974308045000,171538052000001,-6.42,-4.602,-31.391,0
1398294704990,41974318055000,171538052000001,-6.42,-4.278,-31.391,0
1398294705000,41974329866000,171538052000001,-6.42,-4.278,-31.391,0
1398294705008,41974338014000,171538052000001,-6.42,-4.278,-31.391,0
1398294705018,41974348023000,171538052000001,-6.42,-4.278,-31.391,0
1398294705028,41974358033000,171538052000001,-6.42,-4.278,-31.391,0
1398294705038,41974368074000,171538052000001,-6.42,-4.278,-31.391,0
1398294705052,41974379609000,171538052000001,-6.42,-4.278,-31.391,0
1398294705058,41974388124000,171538052000001,-6.42,-4.278,-31.391,0
1398294705068,41974398103000,171538052000001,-6.42,-4.278,-31.391,0
1398294705078,41974408082000,171538052000001,-6.42,-4.278,-31.391,0
1398294705088,41974418092000,171538052000001,-6.42,-4.278,-31.391,0
1398294705098,41974428102000,171538052000001,-6.42,-4.278,-31.391,0
1398294705111,41974438172000,171538052000001,-6.42,-4.278,-31.391,0
1398294705130,41974448152000,171538052000001,-6.42,-4.278,-31.391,0
1398294705131,41974458131000,171538052000001,-6.42,-4.278,-31.391,0
1398294705138,41974468141000,171538052000001,-6.42,-4.278,-31.391,0
1398294705148,41974478181000,171538052000001,-6.42,-4.278,-31.391,0
1398294705158,41974488160000,171538052000001,-6.42,-4.278,-31.391,0
1398294705168,41974498170000,171538052000001,-6.42,-4.278,-31.391,0
1398294705178,41974508180000,171538052000001,-6.42,-4.278,-31.391,0
1398294705188,41974518342000,171538052000001,-6.42,-4.278,-31.391,0
1398294705199,41974528230000,171538052000001,-6.723,-4.278,-31.391,0
1398294705208,41974538209000,171538052000001,-6.723,-4.278,-31.391,0
1398294705218,41974548219000,171538052000001,-6.723,-4.278,-31.391,0
1398294705230,41974559754000,171538052000001,-6.723,-4.278,-31.391,0
1398294705238,41974568269000,171538052000001,-6.723,-4.278,-31.391,0
1398294705248,41974578218000,171538052000001,-6.723,-4.278,-31.391,0
1398294705258,41974588258000,171538052000001,-6.723,-4.278,-31.391,0
1398294705273,41974598329000,171538052000001,-6.723,-4.278,-31.391,0
1398294705278,41974608308000,171538052000001,-6.723,-4.278,-31.391,0
1398294705288,41974618318000,171538052000001,-6.723,-4.278,-31.391,0
1398294705302,41974632081000,171538052000001,-6.723,-4.278,-31.391,0
1398294705308,41974638307000,171538052000001,-6.723,-4.586,-31.391,0
1398294705318,41974648347000,171538052000001,-6.384,-4.586,-31.391,0
1398294705328,41974658357000,171538052000001,-6.384,-4.586,-31.391,0
1398294705338,41974668336000,171538052000001,-6.384,-4.911,-31.391,0
1398294705349,41974678346000,171538052000001,-6.074,-4.911,-31.391,0
1398294705358,41974688355000,171538052000001,-6.074,-4.911,-31.391,0
1398294705368,41974698365000,171538052000001,-6.074,-4.911,-31.391,0
1398294705378,41974708375000,171538052000001,-6.074,-5.264,-31.391,0
1398294705388,41974718385000,171538052000001,-5.732,-5.264,-31.391,0
1398294705398,41974728395000,171538052000001,-5.732,-5.264,-31.391,0
1398294705410,41974739961000,171538052000001,-5.732,-5.264,-31.391,0
1398294705418,41974748445000,171538052000001,-5.732,-5.264,-31.391,0
1398294705428,41974758424000,171538052000001,-5.732,-5.264,-31.391,0
1398294705439,41974768434000,171538052000001,-5.732,-5.606,-31.391,0
1398294705448,41974778443000,171538052000001,-5.732,-5.606,-31.391,0
1398294705458,41974788453000,171538052000001,-5.732,-5.606,-31.091,0
1398294705469,41974798463000,171538052000001,-5.732,-5.606,-31.091,0
1398294705478,41974808473000,171538052000001,-5.732,-5.606,-31.091,0
1398294705489,41974818513000,171538052000001,-5.424,-5.606,-31.091,0
1398294705500,41974828492000,171538052000001,-5.424,-5.606,-31.091,0
1398294705508,41974838502000,171538052000001,-5.424,-5.606,-31.091,0
1398294705518,41974848512000,171538052000001,-5.424,-5.606,-31.091,0
1398294705530,41974858552000,171538052000001,-5.424,-5.606,-31.091,0
1398294705539,41974868562000,171538052000001,-5.424,-5.606,-31.091,0
1398294705548,41974878541000,171538052000001,-5.424,-5.606,-31.091,0
1398294705559,41974888581000,171538052000001,-5.108,-5.606,-31.091,0
1398294705568,41974898591000,171538052000001,-5.108,-5.606,-31.091,0
1398294705578,41974908601000,171538052000001,-5.108,-5.606,-31.091,0
1398294705590,41974920167000,171538052000001,-5.108,-5.606,-31.091,0
1398294705608,41974928651000,171538052000001,-5.108,-5.606,-31.091,0
1398294705610,41974939851000,171538052000001,-5.108,-5.606,-31.091,0
1398294705619,41974948793000,171538052000001,-5.108,-5.606,-31.091,0
1398294705629,41974958619000,171538052000001,-5.108,-5.606,-31.091,0
1398294705639,41974968629000,171538052000001,-5.108,-5.606,-31.091,0
1398294705649,41974978639000,171538052000001,-5.108,-5.606,-31.091,0
1398294705658,41974988648000,171538052000001,-5.108,-5.606,-31.091,0
1398294705669,41974998658000,171538052000001,-5.108,-5.606,-31.091,0
1398294705678,41975008668000,171538052000001,-5.108,-5.606,-31.091,0
1398294705689,41975018678000,171538052000001,-5.108,-5.606,-31.091,0
1398294705699,41975028688000,171538052000001,-5.108,-5.606,-31.091,0
1398294705708,41975038697000,171538052000001,-5.108,-5.252,-31.091,0
1398294705719,41975048707000,171538052000001,-5.108,-5.252,-31.091,0
1398294705728,41975058717000,171538052000001,-5.108,-5.252,-31.091,0
1398294705739,41975068727000,171538052000001,-5.421,-5.252,-31.091,0
1398294705749,41975078736000,171538052000001,-5.421,-5.252,-31.091,0
1398294705759,41975088746000,171538052000001,-5.421,-5.252,-31.391,0
1398294705770,41975100282000,171538052000001,-5.421,-5.252,-31.391,0
1398294705778,41975108796000,171538052000001,-5.421,-5.252,-31.391,0
1398294705789,41975118775000,171538052000001,-5.421,-4.943,-31.391,0
1398294705801,41975131166000,171538052000001,-5.421,-4.943,-31.391,0
1398294705816,41975145997000,171538052000001,-5.421,-4.943,-31.391,0
1398294705819,41975148774000,171538052000001,-5.421,-4.943,-31.391,0
1398294705829,41975158814000,171538052000001,-5.421,-4.943,-31.391,0
1398294705839,41975168824000,171538052000001,-5.421,-4.943,-31.391,0
1398294705849,41975178834000,171538052000001,-5.421,-4.943,-31.391,0
1398294705859,41975188844000,171538052000001,-5.421,-4.943,-31.391,0
1398294705869,41975198854000,171538052000001,-5.421,-4.943,-31.391,0
1398294705879,41975208863000,171538052000001,-5.421,-4.943,-31.391,0
1398294705889,41975218873000,171538052000001,-5.421,-4.943,-31.391,0
1398294705899,41975228883000,171538052000001,-5.421,-4.943,-31.391,0
1398294705912,41975241822000,171538052000001,-5.421,-4.943,-31.391,0
1398294705921,41975248902000,171538052000001,-5.421,-4.943,-31.391,0
1398294705930,41975258943000,171538052000001,-5.421,-4.943,-31.391,0
1398294705939,41975268952000,171538052000001,-5.421,-4.943,-31.391,0
1398294705950,41975280458000,171538052000001,-5.421,-4.943,-31.391,0
1398294705959,41975288972000,171538052000001,-5.421,-4.943,-31.391,0
1398294705969,41975298951000,171538052000001,-5.421,-4.943,-31.391,0
1398294705980,41975308930000,171538052000001,-5.421,-4.943,-31.391,0
1398294705989,41975318971000,171538052000001,-5.421,-4.943,-31.391,0
1398294705999,41975328980000,171538052000001,-5.421,-4.943,-31.391,0
1398294706009,41975338990000,171538052000001,-5.421,-4.943,-31.391,0
1398294706019,41975349000000,171538052000001,-5.421,-4.943,-31.391,0
1398294706034,41975359010000,171538052000001,-5.421,-4.943,-31.391,0
1398294706039,41975369020000,171538052000001,-5.421,-4.943,-31.391,0
1398294706052,41975379212000,171538052000001,-5.421,-4.943,-31.391,0
1398294706059,41975389039000,171538052000001,-5.421,-4.943,-31.391,0
1398294706069,41975399049000,171538052000001,-5.421,-4.943,-31.391,0
1398294706079,41975409059000,171538052000001,-5.421,-4.943,-31.391,0
1398294706089,41975419038000,171538052000001,-5.421,-4.943,-31.391,0
1398294706099,41975429078000,171538052000001,-5.421,-4.943,-31.391,0
1398294706109,41975439088000,171538052000001,-5.108,-4.943,-31.391,0
1398294706120,41975449098000,171538052000001,-5.108,-4.943,-31.391,0
1398294706131,41975460633000,171538052000001,-5.108,-4.943,-31.391,0
1398294706139,41975469148000,171538052000001,-5.108,-4.943,-31.391,0
1398294706150,41975479127000,171538052000001,-5.108,-4.943,-31.391,0
1398294706159,41975489137000,171538052000001,-5.108,-4.943,-31.391,0
1398294706169,41975499147000,171538052000001,-5.108,-4.943,-31.391,0
1398294706179,41975509156000,171538052000001,-5.108,-4.943,-31.391,0
1398294706189,41975519197000,171538052000001,-5.108,-4.943,-31.391,0
1398294706199,41975529176000,171538052000001,-5.108,-4.943,-31.391,0
1398294706209,41975539186000,171538052000001,-5.108,-4.943,-31.391,0
1398294706224,41975553895000,171538052000001,-5.108,-4.943,-31.391,0
1398294706229,41975559205000,171538052000001,-5.108,-4.943,-31.391,0
1398294706239,41975569245000,171538052000001,-5.108,-4.943,-31.391,0
1398294706249,41975579225000,171538052000001,-5.108,-4.943,-31.391,0
1398294706259,41975589234000,171538052000001,-5.108,-4.943,-31.391,0
1398294706269,41975599244000,171538052000001,-5.108,-4.943,-31.391,0
1398294706279,41975609254000,171538052000001,-5.108,-4.943,-31.391,0
1398294706289,41975619264000,171538052000001,-5.108,-4.943,-31.391,0
1398294706299,41975629273000,171538052000001,-5.108,-4.943,-31.391,0
1398294706311,41975640840000,171538052000001,-5.108,-4.943,-31.391,0
1398294706319,41975649324000,171538052000001,-5.108,-4.943,-31.391,0
1398294706329,41975659303000,171538052000001,-5.108,-4.943,-31.391,0
1398294706339,41975669313000,171538052000001,-5.108,-4.943,-31.391,0
1398294706349,41975679322000,171538052000001,-5.108,-4.943,-31.391,0
1398294706359,41975689332000,171538052000001,-5.108,-4.943,-31.391,0
1398294706369,41975699342000,171538052000001,-5.108,-4.943,-31.391,0
1398294706383,41975709352000,171538052000001,-5.108,-4.943,-31.391,0
1398294706393,41975722749000,171538052000001,-5.108,-4.943,-31.391,0
1398294706402,41975731538000,171538052000001,-5.108,-4.943,-31.391,0
1398294706413,41975742738000,171538052000001,-5.108,-4.943,-31.391,0
1398294706423,41975752778000,171538052000001,-5.108,-4.943,-31.391,0
1398294706432,41975761567000,171538052000001,-5.108,-4.943,-31.391,0
1398294706443,41975772737000,171538052000001,-5.108,-4.943,-31.391,0
1398294706453,41975782716000,171538052000001,-5.108,-4.943,-31.391,0
1398294706466,41975796083000,171538052000001,-5.108,-4.943,-31.391,0
1398294706471,41975800904000,171538052000001,-5.108,-4.943,-31.391,0
1398294706485,41975814973000,171538052000001,-5.108,-4.943,-31.391,0
1398294706493,41975822480000,171538052000001,-5.108,-4.943,-31.391,0
1398294706501,41975831208000,171538052000001,-5.108,-4.943,-31.391,0
1398294706513,41975842866000,171538052000001,-5.108,-4.943,-31.391,0
1398294706523,41975853028000,171538052000001,-5.108,-4.943,-31.391,0
1398294706533,41975862916000,171538052000001,-5.108,-4.943,-31.391,0
1398294706543,41975872773000,171538052000001,-5.108,-4.943,-31.391,0
1398294706550,41975879579000,171538052000001,-5.108,-4.943,-31.391,0
1398294706560,41975889558000,171538052000001,-5.108,-4.943,-31.391,0
1398294706570,41975899598000,171538052000001,-5.108,-4.943,-31.391,0
1398294706580,41975909608000,171538052000001,-5.108,-4.943,-31.391,0
1398294706590,41975919587000,171538052000001,-5.416,-4.943,-31.391,0
1398294706600,41975929597000,171538052000001,-5.416,-4.943,-31.391,0
1398294706610,41975939607000,171538052000001,-5.416,-4.943,-31.391,0
1398294706620,41975949647000,171538052000001,-5.416,-4.943,-31.391,0
1398294706630,41975959626000,171538052000001,-5.416,-4.943,-31.391,0
1398294706641,41975969636000,171538052000001,-5.416,-4.943,-31.391,0
1398294706655,41975985444000,171538052000001,-5.416,-4.943,-31.391,0
1398294706662,41975992189000,171538052000001,-5.416,-4.943,-31.391,0
1398294706674,41976003633000,171538052000001,-5.416,-4.943,-31.391,0
1398294706685,41976015107000,171538052000001,-5.416,-4.943,-31.391,0
1398294706693,41976023255000,171538052000001,-5.416,-4.943,-31.391,0
1398294706705,41976035340000,171538052000001,-5.416,-4.943,-31.391,0
1398294706712,41976042024000,171538052000001,-5.416,-4.943,-31.391,0
1398294706723,41976052980000,171538052000001,-5.416,-4.943,-31.391,0
1398294706732,41976061830000,171538052000001,-5.416,-4.943,-31.391,0
1398294706743,41976072969000,171538052000001,-5.416,-4.943,-31.391,0
1398294706756,41976086335000,171538052000001,-5.11,-4.943,-31.391,0
1398294706761,41976091188000,171538052000001,-5.11,-4.943,-31.391,0
1398294706776,41976106080000,171538052000001,-5.11,-4.943,-31.391,0
1398294706782,41976112031000,171538052000001,-5.11,-4.943,-31.391,0
1398294706792,41976121461000,171538052000001,-5.11,-4.943,-31.391,0
1398294706803,41976132844000,171538052000001,-5.11,-4.943,-31.391,0
1398294706813,41976143006000,171538052000001,-5.11,-4.943,-31.391,0
1398294706825,41976154542000,171538052000001,-5.11,-4.943,-31.391,0
1398294706834,41976163697000,171538052000001,-5.11,-4.943,-31.391,0
1398294706848,41976176026000,171538052000001,-5.11,-4.943,-31.391,0
1398294706852,41976182191000,171538052000001,-5.11,-4.943,-31.391,0
1398294706863,41976192750000,171538052000001,-5.11,-4.943,-31.391,0
1398294706873,41976202760000,171538052000001,-5.11,-4.943,-31.391,0
1398294706884,41976211061000,171538052000001,-5.11,-4.943,-31.391,0
1398294706893,41976222993000,171538052000001,-5.11,-4.943,-31.391,0
1398294706900,41976229859000,171538052000001,-5.11,-4.943,-31.391,0
1398294706912,41976240541000,171538052000001,-5.11,-4.943,-31.391,0
1398294706921,41976250398000,171538052000001,-5.11,-4.943,-31.391,0
1398294706930,41976259919000,171538052000001,-5.11,-4.943,-31.391,0
1398294706941,41976269960000,171538052000001,-5.11,-4.943,-31.391,0
1398294706950,41976279969000,171538052000001,-5.11,-4.943,-31.391,0
1398294706961,41976289979000,171538052000001,-5.473,-4.943,-31.391,0
1398294706971,41976299958000,171538052000001,-5.473,-4.943,-31.391,0
1398294706984,41976309999000,171538052000001,-5.473,-4.943,-31.391,0
1398294706995,41976321199000,171538052000001,-5.473,-4.943,-31.391,0
1398294707006,41976329988000,171538052000001,-5.473,-4.943,-31.391,0
1398294707015,41976340058000,171538052000001,-5.473,-4.943,-31.391,0
1398294707022,41976350068000,171538052000001,-5.473,-4.943,-31.391,0
1398294707032,41976361573000,171538052000001,-5.473,-4.943,-31.391,0
1398294707043,41976370088000,171538052000001,-5.473,-4.943,-31.391,0
1398294707050,41976380067000,171538052000001,-5.473,-4.943,-31.391,0
1398294707060,41976390046000,171538052000001,-5.473,-4.943,-31.391,0
1398294707070,41976400056000,171538052000001,-5.473,-4.943,-31.391,0
1398294707080,41976410066000,171538052000001,-5.473,-4.943,-31.391,0
1398294707090,41976420106000,171538052000001,-5.473,-4.943,-31.391,0
1398294707100,41976430085000,171538052000001,-5.473,-4.943,-31.391,0
1398294707110,41976440095000,171538052000001,-5.473,-4.943,-31.391,0
1398294707120,41976450105000,171538052000001,-5.473,-4.943,-31.391,0
1398294707130,41976460084000,171538052000001,-5.473,-4.943,-31.391,0
1398294707140,41976470491000,171538052000001,-5.473,-4.943,-31.391,0
1398294707150,41976480287000,171538052000001,-5.473,-4.943,-31.391,0
1398294707160,41976490113000,171538052000001,-5.473,-4.943,-31.391,0
1398294707170,41976500093000,171538052000001,-5.473,-4.943,-31.391,0
1398294707180,41976510102000,171538052000001,-5.473,-4.943,-31.391,0
1398294707190,41976520143000,171538052000001,-5.473,-4.943,-31.391,0
1398294707200,41976530152000,171538052000001,-5.473,-4.943,-31.391,0
1398294707212,41976541688000,171538052000001,-5.473,-4.943,-31.391,0
1398294707220,41976550202000,171538052000001,-5.473,-4.943,-31.391,0
1398294707230,41976560151000,171538052000001,-5.473,-4.943,-31.391,0
1398294707240,41976570191000,171538052000001,-5.473,-5.255,-31.391,0
1398294707250,41976580171000,171538052000001,-5.473,-5.255,-31.391,0
1398294707261,41976590180000,171538052000001,-5.473,-5.255,-31.391,0
1398294707270,41976600221000,171538052000001,-5.473,-5.255,-31.391,0
1398294707280,41976610200000,171538052000001,-5.157,-5.255,-31.391,0
1398294707290,41976620210000,171538052000001,-5.157,-5.255,-31.391,0
1398294707300,41976630250000,171538052000001,-5.157,-5.255,-31.391,0
1398294707310,41976640229000,171538052000001,-5.157,-5.255,-31.391,0
1398294707320,41976650239000,171538052000001,-5.157,-5.255,-31.391,0
1398294707330,41976660249000,171538052000001,-5.157,-5.255,-31.391,0
1398294707343,41976670442000,171538052000001,-4.772,-5.255,-31.391,0
1398294707355,41976680299000,171538052000001,-4.772,-5.575,-31.391,0
1398294707368,41976690309000,171538052000001,-4.772,-5.575,-31.391,0
1398294707370,41976700318000,171538052000001,-4.772,-5.575,-31.391,0
1398294707380,41976710298000,171538052000001,-4.772,-5.575,-31.391,0
1398294707392,41976721864000,171538052000001,-4.772,-5.575,-31.391,0
1398294707400,41976730348000,171538052000001,-4.772,-5.575,-31.391,0
1398294707410,41976740327000,171538052000001,-4.772,-5.575,-31.391,0
1398294707420,41976750337000,171538052000001,-4.772,-5.575,-31.391,0
1398294707431,41976760377000,171538052000001,-4.772,-5.575,-31.391,0
1398294707440,41976770387000,171538052000001,-4.772,-5.575,-31.391,0
1398294707451,41976780397000,171538052000001,-4.772,-5.213,-31.391,0
1398294707460,41976790376000,171538052000001,-4.772,-5.213,-31.391,0
1398294707471,41976800538000,171538052000001,-4.772,-5.213,-31.391,0
1398294707480,41976810395000,171538052000001,-4.772,-5.213,-31.391,0
1398294707491,41976820405000,171538052000001,-4.772,-5.213,-31.391,0
1398294707500,41976830415000,171538052000001,-4.772,-5.213,-31.391,0
1398294707510,41976840425000,171538052000001,-4.772,-5.213,-31.391,0
1398294707520,41976850434000,171538052000001,-4.772,-5.213,-31.391,0
1398294707531,41976860444000,171538052000001,-4.772,-5.213,-31.391,0
1398294707540,41976870484000,171538052000001,-4.772,-5.213,-31.391,0
1398294707550,41976880464000,171538052000001,-5.107,-5.213,-31.391,0
1398294707560,41976890473000,171538052000001,-5.107,-5.213,-31.391,0
1398294707572,41976902040000,171538052000001,-5.107,-5.213,-31.391,0
1398294707581,41976910554000,171538052000001,-5.107,-5.213,-31.391,0
1398294707591,41976920533000,171538052000001,-5.107,-5.213,-31.391,0
1398294707600,41976930543000,171538052000001,-5.107,-5.213,-31.391,0
1398294707611,41976940553000,171538052000001,-5.107,-5.532,-31.391,0
1398294707621,41976950563000,171538052000001,-5.107,-5.532,-31.391,0
1398294707631,41976960572000,171538052000001,-5.107,-5.532,-31.391,0
1398294707644,41976970582000,171538052000001,-5.107,-5.833,-31.063,0
1398294707654,41976984223000,171538052000001,-5.107,-5.833,-31.063,0
1398294707664,41976994111000,171538052000001,-5.107,-5.833,-31.063,0
1398294707674,41977004212000,171538052000001,-5.107,-5.833,-31.063,0
1398294707684,41977014161000,171538052000001,-5.458,-6.176,-31.063,0
1398294707694,41977024415000,171538052000001,-5.458,-6.176,-31.063,0
1398294707707,41977032868000,171538052000001,-5.458,-6.176,-31.063,0
1398294707779,41977040711000,171538052000001,-5.458,-6.176,-30.747,0
1398294707781,41977050721000,171538052000001,-5.458,-6.176,-30.747,0
1398294707782,41977060762000,171538052000001,-5.816,-6.491,-30.747,0
1398294707784,41977070741000,171538052000001,-5.816,-6.491,-30.747,0
1398294707785,41977087556000,171538052000001,-5.816,-6.491,-30.747,0
1398294707786,41977090760000,171538052000001,-5.816,-6.491,-30.747,0
1398294707789,41977100740000,171538052000001,-5.816,-6.491,-30.747,0
1398294707793,41977110749000,171538052000001,-6.146,-6.491,-30.747,0
1398294707794,41977120759000,171538052000001,-6.146,-6.491,-30.747,0
1398294707802,41977131593000,171538052000001,-6.146,-6.491,-30.747,0
1398294707812,41977140809000,171538052000001,-6.146,-6.491,-30.747,0
1398294707825,41977151979000,171538052000001,-6.146,-6.491,-30.747,0
1398294707834,41977160829000,171538052000001,-6.146,-6.491,-30.747,0
1398294707846,41977171510000,171538052000001,-6.146,-6.491,-30.747,0
1398294707853,41977180879000,171538052000001,-6.146,-6.491,-30.747,0
1398294707861,41977190827000,171538052000001,-6.146,-6.491,-30.747,0
1398294707871,41977200868000,171538052000001,-6.146,-6.491,-30.747,0
1398294707882,41977210877000,171538052000001,-6.146,-6.491,-30.747,0
1398294707891,41977220887000,171538052000001,-6.146,-6.491,-30.747,0
1398294707901,41977230866000,171538052000001,-6.146,-6.491,-30.747,0
1398294707911,41977240907000,171538052000001,-6.146,-6.491,-30.747,0
1398294707921,41977250886000,171538052000001,-6.146,-6.491,-30.747,0
1398294707932,41977262483000,171538052000001,-6.146,-6.491,-30.747,0
1398294707942,41977270936000,171538052000001,-6.146,-6.491,-30.747,0
1398294707951,41977281068000,171538052000001,-6.146,-6.491,-30.747,0
1398294707961,41977290925000,171538052000001,-6.146,-6.491,-30.747,0
1398294707971,41977300935000,171538052000001,-6.146,-6.491,-30.747,0
1398294707982,41977310975000,171538052000001,-6.146,-6.491,-30.747,0
1398294707991,41977320954000,171538052000001,-6.146,-6.155,-30.747,0
1398294708001,41977330964000,171538052000001,-6.455,-6.155,-30.747,0
1398294708011,41977340974000,171538052000001,-6.455,-6.155,-30.747,0
1398294708021,41977350984000,171538052000001,-6.455,-6.155,-30.747,0
1398294708031,41977360993000,171538052000001,-6.455,-6.155,-30.747,0
1398294708045,41977371064000,171538052000001,-6.455,-6.155,-30.747,0
1398294708051,41977381043000,171538052000001,-6.455,-6.155,-30.747,0
1398294708070,41977395356000,171538052000001,-6.455,-6.155,-30.747,0
1398294708072,41977401033000,171538052000001,-6.455,-6.155,-30.747,0
1398294708081,41977411012000,171538052000001,-6.455,-5.85,-30.747,0
1398294708091,41977421052000,171538052000001,-6.455,-5.85,-30.747,0
1398294708101,41977431031000,171538052000001,-6.455,-5.85,-30.747,0
1398294708112,41977442567000,171538052000001,-6.455,-5.85,-30.747,0
1398294708121,41977451081000,171538052000001,-6.455,-5.85,-30.747,0
1398294708131,41977461091000,171538052000001,-6.455,-5.85,-30.747,0
1398294708142,41977471070000,171538052000001,-6.455,-5.85,-30.747,0
1398294708151,41977481080000,171538052000001,-6.455,-5.85,-30.747,0
1398294708161,41977491090000,171538052000001,-6.455,-5.531,-30.747,0
1398294708171,41977501100000,171538052000001,-6.455,-5.531,-30.747,0
1398294708181,41977511140000,171538052000001,-6.455,-5.531,-30.747,0
1398294708191,41977521119000,171538052000001,-6.455,-5.531,-30.747,0
1398294708201,41977531129000,171538052000001,-6.455,-5.531,-30.747,0
1398294708212,41977541139000,171538052000001,-6.455,-5.531,-30.747,0
1398294708221,41977551118000,171538052000001,-6.455,-5.531,-30.747,0
1398294708231,41977561158000,171538052000001,-6.455,-5.201,-30.747,0
1398294708353,41977571168000,171538052000001,-6.455,-5.201,-31.05,0
1398294708376,41977581178000,171538052000001,-6.455,-5.201,-31.05,0
1398294708377,41977591188000,171538052000001,-6.455,-5.201,-31.05,0
1398294708379,41977601197000,171538052000001,-6.455,-5.201,-31.05,0
1398294708381,41977611177000,171538052000001,-6.455,-5.201,-31.05,0
1398294708383,41977622773000,171538052000001,-6.455,-5.201,-31.05,0
1398294708384,41977631257000,171538052000001,-6.455,-5.201,-31.05,0
1398294708385,41977641206000,171538052000001,-6.455,-5.201,-31.05,0
1398294708387,41977651216000,171538052000001,-6.455,-5.201,-31.05,0
1398294708388,41977661561000,171538052000001,-6.455,-5.201,-31.05,0
1398294708389,41977671266000,171538052000001,-6.455,-5.201,-31.05,0
1398294708391,41977681275000,171538052000001,-6.455,-5.201,-31.05,0
1398294708392,41977691316000,171538052000001,-6.111,-5.201,-31.05,0
1398294708394,41977711305000,171538052000001,-6.111,-5.201,-31.05,0
1398294708395,41977721314000,171538052000001,-6.111,-5.201,-31.05,0
1398294708404,41977731324000,171538052000001,-6.111,-5.201,-31.05,0
1398294708420,41977741303000,171538052000001,-6.111,-5.201,-31.358,0
1398294708422,41977751344000,171538052000001,-6.111,-5.201,-31.358,0
1398294708433,41977761415000,171538052000001,-6.111,-5.201,-31.358,0
1398294708443,41977771455000,171538052000001,-6.111,-5.201,-31.358,0
1398294708467,41977781465000,171538052000001,-6.111,-5.201,-31.358,0
1398294708468,41977791444000,171538052000001,-6.111,-5.201,-31.358,0
1398294708476,41977803010000,171538052000001,-6.111,-5.201,-31.358,0
1398294708481,41977811463000,171538052000001,-6.111,-5.201,-31.358,0
1398294708492,41977821473000,171538052000001,-6.111,-5.201,-31.358,0
1398294708501,41977831452000,171538052000001,-6.111,-5.201,-31.358,0
1398294708511,41977841462000,171538052000001,-6.111,-5.201,-31.358,0
1398294708531,41977851441000,171538052000001,-6.111,-4.873,-31.358,0
1398294708537,41977866242000,171538052000001,-6.111,-4.873,-31.665,0
1398294708546,41977871461000,171538052000001,-6.111,-4.873,-31.665,0
1398294708552,41977881501000,171538052000001,-6.111,-4.873,-31.665,0
1398294708562,41977891511000,171538052000001,-6.111,-4.873,-31.665,0
1398294708573,41977901460000,171538052000001,-6.111,-4.873,-31.665,0
1398294708581,41977911531000,171538052000001,-6.111,-4.873,-31.665,0
1398294708591,41977921540000,171538052000001,-6.111,-4.873,-31.665,0
1398294708601,41977931550000,171538052000001,-6.111,-4.55,-31.665,0
1398294708612,41977941560000,171538052000001,-6.111,-4.55,-31.665,0
1398294708621,41977951692000,171538052000001,-6.111,-4.55,-31.665,0
1398294708631,41977961549000,171538052000001,-6.111,-4.55,-31.665,0
1398294708641,41977971559000,171538052000001,-6.111,-4.55,-31.665,0
1398294708653,41977983094000,171538052000001,-6.111,-4.55,-31.665,0
1398294708661,41977991609000,171538052000001,-6.111,-4.55,-31.665,0
1398294708673,41978001618000,171538052000001,-6.111,-4.55,-31.665,0
1398294708681,41978011628000,171538052000001,-5.761,-4.55,-31.665,0
1398294708692,41978021607000,171538052000001,-5.761,-4.55,-31.665,0
1398294708701,41978031617000,171538052000001,-5.761,-4.55,-31.665,0
1398294708712,41978041688000,171538052000001,-5.761,-4.55,-31.665,0
1398294708723,41978051698000,171538052000001,-5.761,-4.55,-31.665,0
1398294708732,41978061647000,171538052000001,-5.761,-4.55,-31.665,0
1398294708742,41978071656000,171538052000001,-5.761,-4.55,-31.665,0
1398294708751,41978081666000,171538052000001,-5.761,-4.55,-31.665,0
1398294708762,41978091706000,171538052000001,-5.761,-4.55,-31.665,0
1398294708773,41978101686000,171538052000001,-5.761,-4.55,-31.665,0
1398294708782,41978111726000,171538052000001,-5.459,-4.55,-31.665,0
1398294708792,41978121705000,171538052000001,-5.459,-4.55,-31.665,0
1398294708801,41978131715000,171538052000001,-5.459,-4.55,-31.665,0
1398294708812,41978141755000,171538052000001,-5.459,-4.55,-31.665,0
1398294708823,41978151734000,171538052000001,-5.459,-4.55,-31.665,0
1398294708833,41978163270000,171538052000001,-5.459,-4.55,-31.344,0
1398294708842,41978171815000,171538052000001,-5.459,-4.55,-31.344,0
1398294708852,41978181825000,171538052000001,-5.459,-4.55,-31.344,0
1398294708862,41978191804000,171538052000001,-5.459,-4.55,-31.344,0
1398294708874,41978201814000,171538052000001,-5.459,-4.55,-31.344,0
1398294708882,41978211824000,171538052000001,-5.859,-4.55,-31.344,0
1398294708892,41978221803000,171538052000001,-5.859,-4.55,-31.344,0
1398294708902,41978231782000,171538052000001,-5.859,-4.55,-31.344,0
1398294708912,41978241792000,171538052000001,-5.859,-4.55,-31.344,0
1398294708922,41978251802000,171538052000001,-5.859,-4.55,-31.344,0
1398294708937,41978261842000,171538052000001,-6.17,-4.55,-31.344,0
1398294708947,41978271882000,171538052000001,-6.17,-4.55,-31.344,0
1398294708952,41978281861000,171538052000001,-6.17,-4.55,-31.344,0
1398294708962,41978291841000,171538052000001,-6.17,-4.55,-31.344,0
1398294708972,41978301850000,171538052000001,-6.17,-4.55,-31.344,0
1398294708982,41978311860000,171538052000001,-6.17,-4.55,-31.344,0
1398294708992,41978321870000,171538052000001,-6.17,-4.55,-31.344,0
1398294709002,41978331880000,171538052000001,-6.17,-4.55,-31.344,0
1398294709014,41978343476000,171538052000001,-6.17,-4.55,-31.344,0
1398294709022,41978351991000,171538052000001,-6.17,-4.55,-31.344,0
1398294709032,41978361939000,171538052000001,-6.17,-4.55,-31.344,0
1398294709042,41978372315000,171538052000001,-6.17,-4.55,-31.344,0
1398294709052,41978382112000,171538052000001,-6.17,-4.55,-31.344,0
1398294709062,41978391938000,171538052000001,-6.17,-4.55,-31.344,0
1398294709072,41978401948000,171538052000001,-6.17,-4.55,-31.344,0
1398294709082,41978411988000,171538052000001,-6.17,-4.55,-31.344,0
1398294709096,41978422029000,171538052000001,-6.17,-4.55,-31.344,0
1398294709102,41978432008000,171538052000001,-6.17,-4.55,-31.344,0
1398294709112,41978442018000,171538052000001,-6.17,-4.55,-31.344,0
1398294709122,41978451997000,171538052000001,-6.17,-4.55,-31.344,0
1398294709132,41978462007000,171538052000001,-6.17,-4.55,-31.344,0
1398294709142,41978472016000,171538052000001,-6.17,-4.55,-31.344,0
1398294709153,41978482057000,171538052000001,-6.17,-4.55,-31.344,0
1398294709165,41978492066000,171538052000001,-6.17,-4.55,-31.344,0
1398294709172,41978502076000,171538052000001,-6.17,-4.55,-31.344,0
1398294709182,41978512086000,171538052000001,-6.17,-4.55,-31.344,0
1398294709194,41978523622000,171538052000001,-6.17,-4.55,-31.344,0
1398294709202,41978532106000,171538052000001,-6.17,-4.55,-31.344,0
1398294709212,41978542085000,171538052000001,-6.512,-4.55,-31.344,0
1398294709223,41978552095000,171538052000001,-6.512,-4.55,-31.344,0
1398294709232,41978562135000,171538052000001,-6.512,-4.55,-31.344,0
1398294709242,41978572114000,171538052000001,-6.512,-4.55,-31.344,0
1398294709252,41978582124000,171538052000001,-6.512,-4.867,-31.344,0
1398294709263,41978592591000,171538052000001,-6.512,-4.867,-31.344,0
1398294709272,41978602174000,171538052000001,-6.512,-4.867,-31.344,0
1398294709282,41978612214000,171538052000001,-6.512,-4.867,-31.344,0
1398294709299,41978623292000,171538052000001,-6.512,-4.867,-31.344,0
1398294709302,41978632173000,171538052000001,-6.512,-4.867,-31.344,0
1398294709312,41978642213000,171538052000001,-6.512,-4.867,-31.344,0
1398294709322,41978652223000,171538052000001,-6.512,-4.867,-31.344,0
1398294709332,41978662202000,171538052000001,-6.835,-4.867,-31.344,0
1398294709345,41978672242000,171538052000001,-6.835,-5.221,-31.344,0
1398294709352,41978682252000,171538052000001,-6.835,-5.221,-31.344,0
1398294709362,41978692262000,171538052000001,-6.835,-5.221,-31.344,0
1398294709374,41978703797000,171538052000001,-6.835,-5.221,-31.344,0
1398294709382,41978712281000,171538052000001,-6.835,-5.221,-31.344,0
1398294709392,41978722261000,171538052000001,-6.835,-5.221,-31.344,0
1398294709402,41978732270000,171538052000001,-6.835,-5.221,-31.344,0
1398294709412,41978742280000,171538052000001,-6.835,-5.221,-31.344,0
1398294709423,41978752290000,171538052000001,-6.835,-5.221,-31.344,0
1398294709432,41978762330000,171538052000001,-6.835,-5.221,-31.344,0
1398294709442,41978772309000,171538052000001,-6.835,-5.221,-31.344,0
1398294709452,41978782319000,171538052000001,-6.835,-5.221,-31.344,0
1398294709463,41978792787000,171538052000001,-6.835,-5.221,-31.344,0
1398294709472,41978802339000,171538052000001,-6.835,-5.221,-31.344,0
1398294709482,41978812532000,171538052000001,-6.835,-5.221,-31.344,0
1398294709492,41978822358000,171538052000001,-6.835,-5.221,-31.344,0
1398294709502,41978832368000,171538052000001,-6.835,-5.221,-31.344,0
1398294709512,41978842378000,171538052000001,-6.835,-5.221,-31.344,0
1398294709522,41978852387000,171538052000001,-6.835,-5.221,-31.344,0
1398294709532,41978862397000,171538052000001,-6.835,-5.221,-31.344,0
1398294709542,41978872407000,171538052000001,-6.835,-4.904,-31.344,0
1398294709554,41978883973000,171538052000001,-6.835,-4.904,-31.344,0
1398294709563,41978892488000,171538052000001,-6.835,-4.904,-31.344,0
1398294709576,41978902467000,171538052000001,-6.835,-4.904,-31.344,0
1398294709588,41978912568000,171538052000001,-6.835,-4.904,-31.344,0
1398294709593,41978922914000,171538052000001,-6.835,-4.904,-31.344,0
1398294709604,41978933595000,171538052000001,-6.835,-4.904,-31.344,0
1398294709613,41978942567000,171538052000001,-6.533,-4.904,-31.344,0
1398294709623,41978952546000,171538052000001,-6.533,-4.904,-31.344,0
1398294709633,41978962556000,171538052000001,-6.533,-4.904,-31.344,0
1398294709643,41978972535000,171538052000001,-6.533,-4.904,-31.344,0
1398294709653,41978982545000,171538052000001,-6.533,-4.904,-31.344,0
1398294709662,41978992555000,171538052000001,-6.533,-4.904,-31.344,0
1398294709673,41979002595000,171538052000001,-6.533,-4.904,-31.344,0
1398294709683,41979012849000,171538052000001,-6.533,-4.904,-31.344,0
1398294709692,41979022584000,171538052000001,-6.533,-4.904,-31.344,0
1398294709702,41979032594000,171538052000001,-6.533,-4.904,-31.344,0
1398294709712,41979042604000,171538052000001,-6.533,-4.904,-31.344,0
1398294709723,41979052644000,171538052000001,-6.533,-4.904,-31.344,0
1398294709734,41979064179000,171538052000001,-6.533,-4.904,-31.344,0
1398294709742,41979072663000,171538052000001,-6.202,-4.904,-31.344,0
1398294709753,41979082643000,171538052000001,-6.202,-4.904,-31.344,0
1398294709763,41979092683000,171538052000001,-6.202,-4.904,-31.344,0
1398294709773,41979102693000,171538052000001,-6.202,-4.904,-31.344,0
1398294709783,41979112702000,171538052000001,-6.202,-4.904,-31.344,0
1398294709793,41979122712000,171538052000001,-6.202,-4.904,-31.344,0
1398294709803,41979132691000,171538052000001,-6.202,-4.904,-31.344,0
1398294709813,41979142732000,171538052000001,-6.202,-4.904,-31.344,0
1398294709823,41979152741000,171538052000001,-6.202,-4.904,-31.344,0
1398294709833,41979162721000,171538052000001,-5.856,-4.904,-31.344,0
1398294709843,41979172761000,171538052000001,-5.856,-4.904,-31.344,0
1398294709853,41979182740000,171538052000001,-5.856,-4.904,-31.344,0
1398294709863,41979192781000,171538052000001,-5.856,-4.904,-31.344,0
1398294709873,41979202821000,171538052000001,-5.856,-4.904,-31.344,0
1398294709883,41979212800000,171538052000001,-5.856,-4.904,-31.344,0
1398294709893,41979222810000,171538052000001,-5.856,-4.904,-31.344,0
1398294709903,41979232820000,171538052000001,-5.856,-4.904,-31.344,0
1398294709917,41979244355000,171538052000001,-5.856,-4.904,-31.344,0
1398294709923,41979252870000,171538052000001,-5.856,-4.904,-31.344,0
1398294709933,41979262818000,171538052000001,-5.856,-4.904,-31.344,0
1398294709943,41979272920000,171538052000001,-5.856,-4.904,-31.344,0
1398294709953,41979282838000,171538052000001,-5.856,-4.904,-31.344,0
1398294709963,41979292817000,171538052000001,-5.856,-4.904,-31.344,0
1398294709973,41979302827000,171538052000001,-5.856,-4.904,-31.344,0
1398294709983,41979312837000,171538052000001,-5.856,-4.904,-31.344,0
1398294709995,41979324555000,171538052000001,-5.856,-4.904,-31.344,0
1398294710011,41979333345000,171538052000001,-5.856,-4.904,-31.344,0
1398294710013,41979342927000,171538052000001,-5.856,-4.904,-31.344,0
1398294710023,41979352937000,171538052000001,-5.856,-4.904,-31.344,0
1398294710033,41979362947000,171538052000001,-5.856,-4.904,-31.344,0
1398294710044,41979372956000,171538052000001,-5.856,-4.904,-31.344,0
1398294710055,41979385163000,171538052000001,-5.856,-4.904,-31.344,0
1398294710065,41979395295000,171538052000001,-5.537,-4.904,-31.344,0
1398294710076,41979406007000,171538052000001,-5.537,-4.904,-31.651,0
1398294710095,41979417268000,171538052000001,-5.537,-4.904,-31.651,0
1398294710097,41979424501000,171538052000001,-5.537,-4.904,-31.651,0
1398294710109,41979433015000,171538052000001,-5.537,-4.904,-31.651,0
1398294710113,41979442964000,171538052000001,-5.537,-4.904,-31.651,0
1398294710125,41979453004000,171538052000001,-5.186,-4.904,-31.651,0
1398294710133,41979463014000,171538052000001,-5.186,-4.904,-31.651,0
1398294710147,41979473023000,171538052000001,-5.186,-4.904,-31.651,0
1398294710157,41979483064000,171538052000001,-5.186,-4.904,-31.651,0
1398294710164,41979493043000,171538052000001,-5.186,-4.904,-31.651,0
1398294710173,41979503083000,171538052000001,-5.186,-4.904,-31.651,0
1398294710184,41979513246000,171538052000001,-5.186,-4.904,-31.651,0
1398294710196,41979525697000,171538052000001,-5.186,-4.904,-31.651,0
1398294710204,41979534089000,171538052000001,-4.872,-4.904,-31.651,0
1398294710218,41979548371000,171538052000001,-4.872,-4.904,-31.651,0
1398294710231,41979553681000,171538052000001,-4.872,-4.904,-31.651,0
1398294710234,41979563600000,171538052000001,-4.872,-4.904,-31.651,0
1398294710249,41979573152000,171538052000001,-4.872,-4.904,-31.651,0
1398294710253,41979583161000,171538052000001,-4.872,-4.904,-31.651,0
1398294710263,41979593141000,171538052000001,-4.872,-4.904,-31.651,0
1398294710275,41979604707000,171538052000001,-4.872,-4.904,-31.651,0
1398294710283,41979613191000,171538052000001,-4.872,-4.904,-31.651,0
1398294710293,41979623200000,171538052000001,-4.872,-4.904,-31.651,0
1398294710305,41979633210000,171538052000001,-4.872,-4.904,-31.651,0
1398294710313,41979643220000,171538052000001,-4.872,-4.904,-31.651,0
1398294710323,41979653230000,171538052000001,-4.872,-4.904,-31.651,0
1398294710333,41979663209000,171538052000001,-4.872,-4.904,-31.651,0
1398294710346,41979675660000,171538052000001,-4.872,-4.904,-31.651,0
1398294710354,41979684022000,171538052000001,-4.872,-4.904,-31.651,0
1398294710366,41979696046000,171538052000001,-4.872,-4.904,-31.651,0
1398294710373,41979703218000,171538052000001,-4.872,-4.904,-31.651,0
1398294710386,41979714936000,171538052000001,-4.872,-4.904,-31.651,0
1398294710394,41979723268000,171538052000001,-4.872,-4.904,-31.651,0
1398294710404,41979733247000,171538052000001,-4.872,-4.904,-31.651,0
1398294710413,41979743257000,171538052000001,-4.872,-4.904,-31.651,0
1398294710423,41979753266000,171538052000001,-4.872,-4.904,-31.651,0
1398294710436,41979763887000,171538052000001,-4.872,-4.904,-31.651,0
1398294710450,41979773377000,171538052000001,-4.872,-4.904,-31.651,0
1398294710458,41979784913000,171538052000001,-4.872,-4.904,-31.651,0
1398294710469,41979793428000,171538052000001,-4.872,-4.904,-31.651,0
1398294710473,41979803376000,171538052000001,-5.198,-4.904,-31.651,0
1398294710485,41979813355000,171538052000001,-5.198,-4.904,-31.651,0
1398294710494,41979823396000,171538052000001,-5.198,-4.904,-31.651,0
1398294710504,41979833375000,171538052000001,-5.198,-4.904,-31.651,0
1398294710515,41979844758000,171538052000001,-5.198,-4.904,-31.651,0
1398294710530,41979855592000,171538052000001,-5.198,-4.904,-31.651,0
1398294710536,41979863435000,171538052000001,-5.198,-4.904,-31.651,0
1398294710544,41979873414000,171538052000001,-5.198,-4.904,-31.651,0
1398294710553,41979883424000,171538052000001,-5.198,-4.904,-31.651,0
1398294710566,41979896150000,171538052000001,-5.198,-4.904,-31.651,0
1398294710577,41979907136000,171538052000001,-5.198,-4.904,-31.651,0
1398294710587,41979917085000,171538052000001,-5.198,-4.904,-31.651,0
1398294710597,41979926881000,171538052000001,-5.198,-4.904,-31.651,0
1398294710607,41979937226000,171538052000001,-5.198,-4.904,-31.651,0
1398294710617,41979947114000,171538052000001,-5.198,-4.904,-31.651,0
1398294710629,41979959199000,171538052000001,-5.198,-4.904,-31.651,0
1398294710638,41979967897000,171538052000001,-5.198,-4.904,-31.651,0
1398294710648,41979977571000,171538052000001,-5.198,-4.904,-31.651,0
1398294710656,41979985597000,171538052000001,-5.198,-4.904,-31.651,0
1398294710667,41979997132000,171538052000001,-5.198,-4.904,-31.651,0
1398294710677,41980007081000,171538052000001,-5.198,-4.904,-31.651,0
1398294710688,41980018037000,171538052000001,-5.198,-4.904,-31.651,0
1398294710698,41980027619000,171538052000001,-5.198,-4.904,-31.651,0
1398294710708,41980037934000,171538052000001,-5.198,-4.904,-31.651,0
1398294710717,41980046784000,171538052000001,-5.198,-4.904,-31.651,0
1398294710727,41980057099000,171538052000001,-5.198,-4.904,-31.651,0
1398294710737,41980067170000,171538052000001,-5.198,-5.206,-31.651,0
1398294710749,41980079194000,171538052000001,-5.198,-5.206,-31.651,0
1398294710756,41980085664000,171538052000001,-5.198,-5.206,-31.651,0
1398294710767,41980097291000,171538052000001,-5.198,-5.206,-31.651,0
1398294710791,41980107789000,171538052000001,-5.198,-5.206,-31.651,0
1398294710793,41980113710000,171538052000001,-5.198,-5.206,-31.651,0
1398294710795,41980123719000,171538052000001,-5.198,-5.206,-31.651,0
1398294710805,41980133729000,171538052000001,-5.198,-5.206,-31.651,0
1398294710817,41980146577000,171538052000001,-5.198,-5.206,-31.651,0
1398294710828,41980157777000,171538052000001,-5.198,-5.206,-31.651,0
1398294710841,41980169923000,171538052000001,-5.198,-5.206,-31.651,0
1398294710845,41980175019000,171538052000001,-5.198,-5.206,-31.651,0
1398294710856,41980185823000,171538052000001,-5.198,-5.206,-31.651,0
1398294710868,41980197816000,171538052000001,-5.198,-5.206,-31.651,0
1398294710888,41980207917000,171538052000001,-5.198,-5.206,-31.651,0
1398294710891,41980213716000,171538052000001,-5.198,-5.206,-31.651,0
1398294710896,41980225312000,171538052000001,-5.198,-5.206,-31.651,0
1398294710909,41980233766000,171538052000001,-5.506,-5.206,-31.651,0
1398294710924,41980245942000,171538052000001,-5.506,-5.206,-31.651,0
1398294710925,41980253755000,171538052000001,-5.506,-5.206,-31.651,0
1398294710937,41980264527000,171538052000001,-5.506,-5.206,-31.651,0
1398294710947,41980276490000,171538052000001,-5.506,-5.206,-31.651,0
1398294710957,41980283814000,171538052000001,-5.506,-5.206,-31.651,0
1398294710964,41980293824000,171538052000001,-5.506,-5.206,-31.651,0
1398294710974,41980303834000,171538052000001,-5.506,-5.206,-31.651,0
1398294710984,41980313844000,171538052000001,-5.506,-5.206,-31.651,0
1398294710997,41980325410000,171538052000001,-5.506,-5.206,-31.651,0
1398294711007,41980333924000,171538052000001,-5.506,-5.206,-31.651,0
1398294711017,41980343873000,171538052000001,-5.506,-5.206,-31.651,0
1398294711024,41980353913000,171538052000001,-5.506,-5.206,-31.651,0
1398294711034,41980363893000,171538052000001,-5.506,-5.206,-31.651,0
1398294711044,41980373902000,171538052000001,-5.506,-5.206,-31.651,0
1398294711054,41980383912000,171538052000001,-5.506,-5.206,-31.651,0
1398294711064,41980393922000,171538052000001,-5.506,-5.206,-31.651,0
1398294711074,41980403932000,171538052000001,-5.506,-5.206,-31.651,0
1398294711086,41980413941000,171538052000001,-5.506,-5.206,-31.651,0
1398294711094,41980423951000,171538052000001,-5.175,-5.206,-31.651,0
1398294711104,41980433961000,171538052000001,-5.175,-5.206,-31.651,0
1398294711114,41980443971000,171538052000001,-5.175,-5.206,-31.651,0
1398294711128,41980457826000,171538052000001,-5.175,-5.206,-31.651,0
1398294711139,41980468843000,171538052000001,-5.175,-5.509,-31.651,0
1398294711151,41980479615000,171538052000001,-5.175,-5.509,-31.651,0
1398294711154,41980484437000,171538052000001,-5.175,-5.509,-31.651,0
1398294711167,41980497407000,171538052000001,-5.175,-5.509,-31.651,0
1398294711181,41980509980000,171538052000001,-5.175,-5.509,-31.651,0
1398294711185,41980515382000,171538052000001,-5.175,-5.509,-31.651,0
1398294711198,41980528382000,171538052000001,-5.175,-5.509,-31.651,0
1398294711208,41980538362000,171538052000001,-5.175,-5.509,-31.651,0
1398294711218,41980548310000,171538052000001,-5.175,-5.509,-31.651,0
1398294711229,41980559297000,171538052000001,-5.175,-5.509,-31.651,0
1398294711237,41980567628000,171538052000001,-5.175,-5.509,-31.651,0
1398294711250,41980580537000,171538052000001,-5.175,-5.509,-31.651,0
1398294711255,41980585542000,171538052000001,-5.175,-5.509,-31.651,0
1398294711270,41980600373000,171538052000001,-5.175,-5.509,-31.651,0
1398294711277,41980606751000,171538052000001,-5.175,-5.509,-31.651,0
1398294711290,41980620301000,171538052000001,-5.175,-5.509,-31.651,0
1398294711296,41980626679000,171538052000001,-5.175,-5.509,-31.651,0
1398294711310,41980640626000,171538052000001,-5.175,-5.181,-31.651,0
1398294711316,41980646241000,171538052000001,-5.175,-5.181,-31.651,0
1398294711332,41980659150000,171538052000001,-5.175,-5.181,-31.651,0
1398294711334,41980664155000,171538052000001,-5.499,-5.181,-31.651,0
1398294711344,41980674226000,171538052000001,-5.499,-5.181,-31.651,0
1398294711363,41980685792000,171538052000001,-5.499,-5.181,-31.651,0
1398294711368,41980694245000,171538052000001,-5.499,-5.181,-31.651,0
1398294711375,41980704225000,171538052000001,-5.499,-4.869,-31.651,0
1398294711390,41980714234000,171538052000001,-5.847,-4.869,-31.651,0
1398294711394,41980724214000,171538052000001,-5.847,-4.869,-31.651,0
1398294711404,41980734254000,171538052000001,-5.847,-4.869,-31.651,0
1398294711418,41980744325000,171538052000001,-5.847,-4.869,-31.651,0
1398294711425,41980754273000,171538052000001,-5.847,-4.869,-31.651,0
1398294711435,41980764314000,171538052000001,-6.217,-4.869,-31.349,0
1398294711453,41980774598000,171538052000001,-6.217,-4.869,-31.349,0
1398294711457,41980784303000,171538052000001,-6.217,-4.508,-31.349,0
1398294711466,41980795259000,171538052000001,-6.217,-4.508,-31.349,0
1398294711479,41980808656000,171538052000001,-6.217,-4.508,-31.349,0
1398294711485,41980814637000,171538052000001,-6.217,-4.508,-31.349,0
1398294711494,41980824281000,171538052000001,-6.217,-4.508,-31.349,0
1398294711507,41980834321000,171538052000001,-6.217,-4.508,-31.349,0
1398294711514,41980844300000,171538052000001,-6.217,-4.508,-31.349,0
1398294711524,41980854371000,171538052000001,-6.217,-4.508,-31.349,0
1398294711540,41980865998000,171538052000001,-6.217,-4.508,-31.349,0
1398294711544,41980874391000,171538052000001,-6.217,-4.508,-31.349,0
1398294711554,41980884370000,171538052000001,-6.217,-4.508,-31.349,0
1398294711564,41980894349000,171538052000001,-6.217,-4.508,-31.349,0
1398294711574,41980904359000,171538052000001,-6.217,-4.508,-31.349,0
1398294711584,41980914399000,171538052000001,-6.217,-4.508,-31.349,0
1398294711594,41980924378000,171538052000001,-6.217,-4.508,-31.349,0
1398294711604,41980934419000,171538052000001,-6.217,-4.508,-31.349,0
1398294711614,41980944581000,171538052000001,-6.217,-4.508,-31.349,0
1398294711625,41980954652000,171538052000001,-6.217,-4.508,-31.349,0
1398294711634,41980964418000,171538052000001,-6.217,-4.508,-31.349,0
1398294711644,41980974427000,171538052000001,-6.217,-4.508,-31.349,0
1398294711668,41980985292000,171538052000001,-6.217,-4.508,-31.349,0
1398294711669,41980994477000,171538052000001,-6.217,-4.508,-31.349,0
1398294711677,41981004487000,171538052000001,-6.217,-4.508,-31.349,0
1398294711689,41981014497000,171538052000001,-6.217,-4.508,-31.349,0
1398294711694,41981024507000,171538052000001,-6.217,-4.508,-31.349,0
1398294711705,41981034516000,171538052000001,-6.217,-4.508,-31.349,0
1398294711716,41981046083000,171538052000001,-6.217,-4.508,-31.349,0
1398294711725,41981054627000,171538052000001,-6.217,-4.508,-31.349,0
1398294711735,41981064576000,171538052000001,-6.217,-4.508,-31.349,0
1398294711745,41981075349000,171538052000001,-6.217,-4.508,-31.349,0
1398294711755,41981084504000,171538052000001,-6.217,-4.508,-31.349,0
1398294711765,41981094605000,171538052000001,-6.217,-4.508,-31.349,0
1398294711775,41981104554000,171538052000001,-6.217,-4.508,-31.349,0
1398294711784,41981114533000,171538052000001,-6.217,-4.508,-31.349,0
1398294711794,41981124543000,171538052000001,-6.217,-4.508,-31.349,0
1398294711804,41981134553000,171538052000001,-6.217,-4.508,-31.349,0
1398294711814,41981144563000,171538052000001,-6.217,-4.508,-31.349,0
1398294711824,41981154573000,171538052000001,-6.217,-4.508,-31.349,0
1398294711836,41981166383000,171538052000001,-6.217,-4.508,-31.349,0
1398294711854,41981181428000,171538052000001,-6.217,-4.508,-31.349,0
1398294711856,41981184602000,171538052000001,-6.217,-4.508,-31.349,0
1398294711865,41981194642000,171538052000001,-6.217,-4.508,-31.349,0
1398294711874,41981204652000,171538052000001,-6.217,-4.508,-31.349,0
1398294711884,41981214631000,171538052000001,-6.217,-4.832,-31.349,0
1398294711896,41981226197000,171538052000001,-6.217,-4.832,-31.349,0
1398294711904,41981234712000,171538052000001,-6.217,-4.832,-31.349,0
1398294711914,41981244691000,171538052000001,-6.217,-4.832,-31.349,0
1398294711925,41981254701000,171538052000001,-6.217,-4.832,-31.349,0
1398294711935,41981264710000,171538052000001,-6.217,-4.832,-31.349,0
1398294711945,41981274720000,171538052000001,-5.882,-4.832,-31.349,0
1398294711954,41981284730000,171538052000001,-5.882,-4.832,-31.349,0
1398294711964,41981294740000,171538052000001,-5.882,-4.832,-31.349,0
1398294711975,41981304750000,171538052000001,-5.882,-4.832,-31.349,0
1398294711985,41981314759000,171538052000001,-5.882,-5.175,-31.349,0
1398294711995,41981324769000,171538052000001,-5.551,-5.175,-31.349,0
1398294712005,41981334809000,171538052000001,-5.551,-5.175,-31.349,0
1398294712015,41981344850000,171538052000001,-5.551,-5.175,-31.349,0
1398294712025,41981354859000,171538052000001,-5.551,-5.175,-31.349,0
1398294712035,41981364869000,171538052000001,-5.551,-5.175,-31.349,0
1398294712045,41981374848000,171538052000001,-5.25,-5.175,-31.349,0
1398294712057,41981385865000,171538052000001,-5.25,-5.175,-31.349,0
1398294712065,41981394837000,171538052000001,-5.25,-5.175,-31.349,0
1398294712077,41981406404000,171538052000001,-5.25,-5.175,-31.349,0
1398294712091,41981414887000,171538052000001,-5.25,-5.175,-31.349,0
1398294712095,41981424867000,171538052000001,-5.25,-5.175,-31.349,0
1398294712105,41981434876000,171538052000001,-5.25,-5.175,-31.349,0
1398294712115,41981444856000,171538052000001,-5.25,-5.175,-31.349,0
1398294712125,41981454866000,171538052000001,-5.25,-5.175,-31.349,0
1398294712135,41981464875000,171538052000001,-5.25,-5.175,-31.349,0
1398294712145,41981474885000,171538052000001,-5.25,-5.175,-31.349,0
1398294712155,41981484895000,171538052000001,-5.25,-5.175,-31.349,0
1398294712165,41981494905000,171538052000001,-5.25,-5.175,-31.349,0
1398294712175,41981504945000,171538052000001,-5.25,-5.175,-31.349,0
1398294712185,41981514924000,171538052000001,-5.25,-5.175,-31.349,0
1398294712195,41981524934000,171538052000001,-5.25,-5.175,-31.349,0
1398294712205,41981534944000,171538052000001,-5.25,-5.175,-31.349,0
1398294712215,41981544953000,171538052000001,-5.25,-5.175,-31.349,0
1398294712225,41981554963000,171538052000001,-5.25,-5.175,-31.349,0
1398294712235,41981565003000,171538052000001,-5.25,-5.175,-31.349,0
1398294712245,41981574983000,171538052000001,-5.25,-5.175,-31.349,0
1398294712257,41981586549000,171538052000001,-5.25,-5.175,-31.349,0
1398294712265,41981595033000,171538052000001,-5.25,-5.175,-31.349,0
1398294712275,41981605012000,171538052000001,-5.25,-5.175,-31.349,0
1398294712285,41981614991000,171538052000001,-5.25,-5.488,-31.349,0
1398294712295,41981625062000,171538052000001,-5.25,-5.488,-31.349,0
1398294712305,41981635072000,171538052000001,-5.25,-5.488,-31.349,0
1398294712315,41981645082000,171538052000001,-5.25,-5.488,-31.349,0
1398294712329,41981655152000,171538052000001,-5.25,-5.488,-31.349,0
1398294712336,41981665162000,171538052000001,-5.25,-5.488,-31.349,0
1398294712345,41981675141000,171538052000001,-5.25,-5.488,-31.349,0
1398294712355,41981685151000,171538052000001,-5.25,-5.488,-31.349,0
1398294712371,41981695222000,171538052000001,-5.25,-5.488,-31.349,0
1398294712375,41981705110000,171538052000001,-5.25,-5.488,-31.349,0
1398294712385,41981715119000,171538052000001,-5.25,-5.488,-31.349,0
1398294712397,41981725129000,171538052000001,-5.25,-5.488,-31.349,0
1398294712405,41981735169000,171538052000001,-5.25,-5.488,-31.349,0
1398294712415,41981745149000,171538052000001,-5.25,-5.488,-31.349,0
1398294712425,41981755158000,171538052000001,-5.25,-5.488,-31.349,0
1398294712437,41981766725000,171538052000001,-5.25,-5.488,-31.349,0
1398294712445,41981775209000,171538052000001,-5.25,-5.488,-31.349,0
1398294712456,41981785188000,171538052000001,-5.25,-5.488,-31.349,0
1398294712465,41981795167000,171538052000001,-5.25,-5.488,-31.349,0
1398294712476,41981805390000,171538052000001,-5.25,-5.488,-31.349,0
1398294712485,41981815278000,171538052000001,-5.25,-5.488,-31.349,0
1398294712497,41981825288000,171538052000001,-5.25,-5.488,-31.349,0
1398294712505,41981835298000,171538052000001,-5.25,-5.488,-31.349,0
1398294712515,41981845277000,171538052000001,-5.25,-5.488,-31.349,0
1398294712525,41981855287000,171538052000001,-5.25,-5.488,-31.349,0
1398294712535,41981865296000,171538052000001,-5.25,-5.488,-31.349,0
1398294712549,41981875337000,171538052000001,-5.25,-5.798,-30.964,0
1398294712557,41981885346000,171538052000001,-5.25,-5.798,-30.964,0
1398294712568,41981895356000,171538052000001,-5.25,-5.798,-30.964,0
1398294712575,41981905366000,171538052000001,-5.25,-5.798,-30.964,0
1398294712585,41981915345000,171538052000001,-5.25,-5.798,-30.964,0
1398294712595,41981925355000,171538052000001,-5.25,-6.181,-30.964,0
1398294712605,41981935365000,171538052000001,-5.25,-6.181,-30.964,0
1398294712617,41981946931000,171538052000001,-5.25,-6.181,-30.964,0
1398294712625,41981955476000,171538052000001,-5.25,-6.181,-30.964,0
1398294712635,41981965425000,171538052000001,-5.25,-6.518,-30.964,0
1398294712647,41981975434000,171538052000001,-5.25,-6.518,-30.964,0
1398294712656,41981985444000,171538052000001,-5.25,-6.518,-30.964,0
1398294712667,41981996034000,171538052000001,-5.25,-6.518,-30.964,0
1398294712675,41982005433000,171538052000001,-5.25,-6.89,-30.651,0
1398294712685,41982015412000,171538052000001,-5.577,-6.89,-30.651,0
1398294712695,41982025422000,171538052000001,-5.577,-6.89,-30.651,0
1398294712705,41982035432000,171538052000001,-5.577,-6.89,-30.651,0
1398294712766,41982045442000,171538052000001,-5.577,-6.89,-30.651,0
1398294712768,41982055451000,171538052000001,-5.577,-7.27,-30.651,0
1398294712770,41982065431000,171538052000001,-5.577,-7.27,-30.651,0
1398294712771,41982075440000,171538052000001,-5.577,-7.27,-30.651,0
1398294712773,41982085450000,171538052000001,-5.577,-7.27,-30.651,0
1398294712774,41982095491000,171538052000001,-5.577,-7.27,-30.651,0
1398294712776,41982105561000,171538052000001,-5.577,-7.575,-30.651,0
1398294712786,41982115541000,171538052000001,-5.577,-7.575,-30.651,0
1398294712798,41982127107000,171538052000001,-5.577,-7.575,-30.651,0
1398294712806,41982135621000,171538052000001,-5.577,-7.575,-30.346,0
1398294712816,41982145600000,171538052000001,-5.577,-7.575,-30.346,0
1398294712826,41982155580000,171538052000001,-5.577,-7.575,-30.346,0
1398294712841,41982165620000,171538052000001,-5.577,-7.575,-30.346,0
1398294712851,41982175630000,171538052000001,-5.577,-7.575,-30.346,0
1398294712855,41982185609000,171538052000001,-5.577,-7.575,-30.346,0
1398294712865,41982195619000,171538052000001,-5.577,-7.575,-30.346,0
1398294712876,41982205628000,171538052000001,-5.577,-7.575,-30.346,0
1398294712886,41982215638000,171538052000001,-5.577,-7.575,-30.346,0
1398294712896,41982225648000,171538052000001,-5.577,-7.575,-30.346,0
1398294712906,41982235841000,171538052000001,-5.577,-7.575,-30.346,0
1398294712916,41982245698000,171538052000001,-5.577,-7.575,-30.346,0
1398294712926,41982255708000,171538052000001,-5.577,-7.575,-30.346,0
1398294712936,41982265718000,171538052000001,-5.577,-7.575,-30.346,0
1398294712946,41982275727000,171538052000001,-5.882,-7.575,-30.346,0
1398294712956,41982285707000,171538052000001,-5.882,-7.575,-30.346,0
1398294712966,41982295747000,171538052000001,-5.882,-7.575,-30.346,0
1398294712984,41982307283000,171538052000001,-5.882,-7.575,-30.346,0
1398294712987,41982316896000,171538052000001,-5.882,-7.575,-30.346,0
1398294712996,41982325715000,171538052000001,-5.882,-7.575,-30.346,0
1398294713006,41982335694000,171538052000001,-6.199,-7.575,-30.346,0
1398294713016,41982345735000,171538052000001,-6.199,-7.575,-30.346,0
1398294713026,41982355714000,171538052000001,-6.199,-7.575,-30.346,0
1398294713036,41982365754000,171538052000001,-6.199,-7.575,-30.346,0
1398294713046,41982375764000,171538052000001,-6.199,-7.575,-30.346,0
1398294713056,41982385743000,171538052000001,-6.199,-7.247,-30.346,0
1398294713066,41982395814000,171538052000001,-6.199,-7.247,-30.346,0
1398294713076,41982405793000,171538052000001,-6.199,-7.247,-30.346,0
1398294713086,41982415803000,171538052000001,-6.199,-7.247,-30.346,0
1398294713099,41982425813000,171538052000001,-6.199,-7.247,-30.346,0
1398294713106,41982435823000,171538052000001,-6.199,-7.247,-30.346,0
1398294713116,41982445832000,171538052000001,-6.199,-6.918,-30.346,0
1398294713126,41982455812000,171538052000001,-6.199,-6.918,-30.346,0
1398294713136,41982465852000,171538052000001,-6.199,-6.918,-30.346,0
1398294713146,41982475862000,171538052000001,-6.199,-6.918,-30.346,0
1398294713157,41982487428000,171538052000001,-6.199,-6.918,-30.346,0
1398294713166,41982495912000,171538052000001,-6.199,-6.918,-30.674,0
1398294713176,41982505891000,171538052000001,-6.199,-6.596,-30.674,0
1398294713186,41982515901000,171538052000001,-5.828,-6.596,-30.674,0
1398294713196,41982525910000,171538052000001,-5.828,-6.596,-30.674,0
1398294713206,41982535920000,171538052000001,-5.828,-6.596,-30.674,0
1398294713216,41982545930000,171538052000001,-5.828,-6.28,-30.674,0
1398294713226,41982555940000,171538052000001,-5.828,-6.28,-30.674,0
1398294713236,41982565949000,171538052000001,-5.828,-6.28,-30.674,0
1398294713246,41982575959000,171538052000001,-5.828,-6.28,-30.978,0
1398294713256,41982585969000,171538052000001,-5.828,-6.28,-30.978,0
1398294713266,41982595979000,171538052000001,-5.828,-5.923,-30.978,0
1398294713276,41982605989000,171538052000001,-5.828,-5.923,-30.978,0
1398294713290,41982619721000,171538052000001,-5.513,-5.923,-30.978,0
1398294713296,41982626008000,171538052000001,-5.513,-5.923,-30.978,0
1398294713306,41982636048000,171538052000001,-5.513,-5.923,-30.978,0
1398294713316,41982646028000,171538052000001,-5.513,-5.923,-30.978,0
1398294713326,41982656068000,171538052000001,-5.513,-5.923,-30.978,0
1398294713338,41982667604000,171538052000001,-5.513,-5.923,-30.978,0
1398294713346,41982676087000,171538052000001,-5.513,-5.923,-30.978,0
1398294713356,41982686067000,171538052000001,-5.513,-5.923,-30.978,0
1398294713443,41982696076000,171538052000001,-5.513,-5.923,-30.978,0
1398294713468,41982706086000,171538052000001,-5.513,-5.923,-30.978,0
1398294713470,41982716157000,171538052000001,-5.513,-5.923,-30.978,0
1398294713471,41982726136000,171538052000001,-5.513,-5.923,-30.978,0
1398294713473,41982736146000,171538052000001,-5.513,-5.923,-30.978,0
1398294713475,41982746156000,171538052000001,-5.513,-5.923,-30.978,0
1398294713477,41982756166000,171538052000001,-5.513,-5.923,-30.978,0
1398294713479,41982766175000,171538052000001,-5.513,-5.923,-30.978,0
1398294713480,41982776185000,171538052000001,-5.513,-5.923,-30.978,0
1398294713482,41982786195000,171538052000001,-5.513,-5.923,-30.978,0
1398294713483,41982796205000,171538052000001,-5.513,-5.923,-30.978,0
1398294713486,41982806214000,171538052000001,-5.513,-5.923,-30.978,0
1398294713487,41982816224000,171538052000001,-5.513,-5.923,-30.978,0
1398294713503,41982833131000,171538052000001,-5.513,-5.923,-30.978,0
1398294713508,41982837586000,171538052000001,-5.513,-5.923,-30.978,0
1398294713524,41982847840000,171538052000001,-5.828,-5.923,-30.978,0
1398294713526,41982856324000,171538052000001,-5.828,-5.923,-30.978,0
1398294713538,41982867707000,171538052000001,-5.828,-5.923,-30.978,0
1398294713549,41982878694000,171538052000001,-5.828,-5.923,-30.978,0
1398294713558,41982887818000,171538052000001,-5.828,-5.923,-30.978,0
1398294713566,41982896302000,171538052000001,-5.828,-5.923,-30.978,0
1398294713578,41982906587000,171538052000001,-5.828,-5.923,-30.978,0
1398294713591,41982916627000,171538052000001,-5.828,-5.923,-30.978,0
1398294713602,41982926362000,171538052000001,-5.828,-5.923,-30.978,0
1398294713608,41982936769000,171538052000001,-6.163,-5.923,-30.978,0
1398294713616,41982946382000,171538052000001,-6.163,-5.923,-30.978,0
1398294713629,41982956330000,171538052000001,-6.163,-5.923,-30.978,0
1398294713637,41982966401000,171538052000001,-6.163,-5.923,-30.978,0
1398294713647,41982976380000,171538052000001,-6.163,-5.923,-30.978,0
1398294713657,41982986360000,171538052000001,-6.163,-5.923,-30.978,0
1398294713667,41982996400000,171538052000001,-6.163,-5.923,-30.978,0
1398294713682,41983006410000,171538052000001,-6.163,-5.923,-30.978,0
1398294713694,41983016450000,171538052000001,-6.163,-5.923,-30.978,0
1398294713701,41983027986000,171538052000001,-6.163,-5.923,-30.978,0
1398294713707,41983036470000,171538052000001,-6.163,-5.923,-30.978,0
1398294713717,41983046449000,171538052000001,-6.474,-5.923,-30.978,0
1398294713726,41983056428000,171538052000001,-6.474,-5.598,-30.978,0
1398294713737,41983066468000,171538052000001,-6.474,-5.598,-30.978,0
1398294713750,41983076478000,171538052000001,-6.474,-5.598,-30.978,0
1398294713757,41983086518000,171538052000001,-6.474,-5.598,-30.978,0
1398294713767,41983096528000,171538052000001,-6.474,-5.598,-30.978,0
1398294713778,41983106538000,171538052000001,-6.474,-5.598,-30.978,0
1398294713787,41983116548000,171538052000001,-6.474,-5.598,-30.978,0
1398294713797,41983126557000,171538052000001,-6.474,-5.598,-30.978,0
1398294713807,41983136567000,171538052000001,-6.474,-5.241,-30.978,0
1398294713817,41983146577000,171538052000001,-6.474,-5.241,-30.978,0
1398294713827,41983156587000,171538052000001,-6.474,-5.241,-30.978,0
1398294713837,41983166596000,171538052000001,-6.474,-5.241,-30.978,0
1398294713847,41983176576000,171538052000001,-6.474,-5.241,-30.978,0
1398294713857,41983186555000,171538052000001,-6.474,-5.241,-30.978,0
1398294713867,41983196626000,171538052000001,-6.474,-5.241,-30.978,0
1398294713878,41983208161000,171538052000001,-6.474,-5.241,-30.978,0
1398294713887,41983216645000,171538052000001,-6.474,-5.241,-30.978,0
1398294713897,41983226625000,171538052000001,-6.474,-5.241,-30.978,0
1398294713906,41983236634000,171538052000001,-6.474,-5.241,-30.978,0
1398294713916,41983246614000,171538052000001,-6.17,-5.241,-30.978,0
1398294713926,41983256623000,171538052000001,-6.17,-5.241,-30.978,0
1398294713936,41983266603000,171538052000001,-6.17,-5.241,-30.978,0
1398294713946,41983276612000,171538052000001,-6.17,-5.241,-30.978,0
1398294713961,41983286653000,171538052000001,-6.17,-5.241,-30.978,0
1398294713969,41983296693000,171538052000001,-6.17,-5.241,-30.978,0
1398294713983,41983306703000,171538052000001,-6.17,-5.241,-30.978,0
1398294713987,41983316682000,171538052000001,-6.17,-4.93,-30.978,0
1398294713997,41983326661000,171538052000001,-6.17,-4.93,-30.978,0
1398294714007,41983336701000,171538052000001,-6.17,-4.93,-31.28,0
1398294714017,41983346711000,171538052000001,-6.17,-4.93,-31.28,0
1398294714027,41983356721000,171538052000001,-6.17,-4.93,-31.28,0
1398294714037,41983366731000,171538052000001,-6.17,-4.93,-31.28,0
1398294714047,41983376710000,171538052000001,-6.17,-4.93,-31.28,0
1398294714058,41983388246000,171538052000001,-6.17,-4.93,-31.28,0
1398294714066,41983396760000,171538052000001,-6.17,-4.93,-31.28,0
1398294714076,41983406739000,171538052000001,-6.17,-4.93,-31.28,0
1398294714087,41983416780000,171538052000001,-6.17,-4.93,-31.28,0
1398294714096,41983426759000,171538052000001,-6.17,-4.93,-31.28,0
1398294714107,41983436769000,171538052000001,-6.17,-4.93,-31.28,0
1398294714117,41983446809000,171538052000001,-6.17,-4.93,-31.28,0
1398294714127,41983456788000,171538052000001,-6.17,-4.93,-31.28,0
1398294714137,41983466798000,171538052000001,-6.17,-4.93,-31.28,0
1398294714147,41983476808000,171538052000001,-6.17,-4.93,-31.28,0
1398294714156,41983486817000,171538052000001,-6.17,-4.93,-31.28,0
1398294714167,41983496827000,171538052000001,-6.17,-4.93,-31.28,0
1398294714177,41983506837000,171538052000001,-6.17,-4.93,-31.28,0
1398294714187,41983516877000,171538052000001,-6.17,-4.93,-31.28,0
1398294714197,41983526856000,171538052000001,-6.17,-5.23,-31.28,0
1398294714207,41983536897000,171538052000001,-6.17,-5.23,-31.28,0
1398294714217,41983546876000,171538052000001,-6.17,-5.23,-31.28,0
1398294714227,41983556916000,171538052000001,-6.17,-5.23,-30.975,0
1398294714240,41983568452000,171538052000001,-6.17,-5.578,-30.975,0
1398294714247,41983576997000,171538052000001,-6.17,-5.578,-30.975,0
1398294714258,41983586915000,171538052000001,-6.17,-5.578,-30.975,0
1398294714267,41983596955000,171538052000001,-6.17,-5.578,-30.975,0
1398294714277,41983606965000,171538052000001,-6.17,-5.578,-30.975,0
1398294714287,41983616975000,171538052000001,-6.17,-5.949,-30.975,0
1398294714297,41983626985000,171538052000001,-6.17,-5.949,-30.975,0
1398294714308,41983636994000,171538052000001,-6.17,-5.949,-30.975,0
1398294714317,41983646974000,171538052000001,-6.17,-5.949,-30.975,0
1398294714327,41983657044000,171538052000001,-6.17,-5.949,-30.975,0
1398294714337,41983667054000,171538052000001,-6.17,-5.949,-30.975,0
1398294714347,41983677064000,171538052000001,-6.17,-6.282,-30.975,0
1398294714359,41983687104000,171538052000001,-6.17,-6.282,-30.975,0
1398294714370,41983697084000,171538052000001,-6.17,-6.282,-30.975,0
1398294714377,41983707124000,171538052000001,-6.17,-6.282,-30.975,0
1398294714387,41983717073000,171538052000001,-6.17,-6.282,-30.975,0
1398294714397,41983727113000,171538052000001,-6.17,-6.282,-30.975,0
1398294714407,41983737092000,171538052000001,-6.17,-6.282,-30.975,0
1398294714419,41983748658000,171538052000001,-6.17,-6.282,-30.975,0
1398294714427,41983757203000,171538052000001,-6.17,-6.282,-30.975,0
1398294714437,41983767152000,171538052000001,-6.17,-6.282,-30.975,0
1398294714447,41983777162000,171538052000001,-6.17,-6.282,-30.975,0
1398294714457,41983787171000,171538052000001,-6.17,-6.282,-30.975,0
1398294714467,41983797181000,171538052000001,-6.17,-6.282,-30.975,0
1398294714477,41983807191000,171538052000001,-6.17,-6.282,-30.975,0
1398294714487,41983817201000,171538052000001,-6.17,-6.282,-30.975,0
1398294714498,41983827210000,171538052000001,-6.17,-6.282,-30.975,0
1398294714508,41983837220000,171538052000001,-6.17,-6.282,-30.975,0
1398294714517,41983847230000,171538052000001,-6.17,-6.282,-30.975,0
1398294714527,41983857240000,171538052000001,-6.17,-6.282,-30.975,0
1398294714537,41983867250000,171538052000001,-6.17,-6.282,-30.975,0
1398294714547,41983877259000,171538052000001,-6.17,-6.282,-30.975,0
1398294714557,41983887239000,171538052000001,-6.17,-6.282,-30.975,0
1398294714567,41983897248000,171538052000001,-6.17,-6.282,-30.975,0
1398294714577,41983907258000,171538052000001,-6.17,-6.282,-30.975,0
1398294714599,41983917298000,171538052000001,-6.17,-6.282,-30.975,0
1398294714600,41983928865000,171538052000001,-6.17,-6.282,-30.975,0
1398294714627,41983937379000,171538052000001,-6.17,-6.282,-30.975,0
1398294714630,41983947358000,171538052000001,-6.17,-6.282,-30.975,0
1398294714632,41983957337000,171538052000001,-6.17,-5.952,-30.975,0
1398294714637,41983967347000,171538052000001,-6.17,-5.952,-30.975,0
1398294714647,41983977326000,171538052000001,-6.17,-5.952,-30.975,0
1398294714658,41983987336000,171538052000001,-6.17,-5.952,-30.975,0
1398294714667,41983997376000,171538052000001,-6.17,-5.952,-30.975,0
1398294714677,41984007356000,171538052000001,-6.17,-5.952,-30.975,0
1398294714687,41984017366000,171538052000001,-6.17,-5.952,-30.975,0
1398294714697,41984027406000,171538052000001,-6.17,-5.952,-30.975,0
1398294714707,41984037385000,171538052000001,-6.17,-5.952,-30.975,0
1398294714717,41984047395000,171538052000001,-6.17,-5.952,-30.975,0
1398294714728,41984057435000,171538052000001,-6.472,-5.952,-30.975,0
1398294714737,41984067414000,171538052000001,-6.472,-5.952,-30.975,0
1398294714748,41984077455000,171538052000001,-6.472,-5.952,-30.975,0
1398294714758,41984087464000,171538052000001,-6.472,-5.952,-30.975,0
1398294714767,41984097444000,171538052000001,-6.472,-5.952,-30.975,0
1398294714779,41984109010000,171538052000001,-6.813,-5.952,-30.975,0
1398294714787,41984117463000,171538052000001,-6.813,-5.952,-30.975,0
1398294714797,41984127412000,171538052000001,-6.813,-5.952,-30.975,0
1398294714809,41984137483000,171538052000001,-6.813,-5.952,-30.659,0
1398294714822,41984147492000,171538052000001,-6.813,-5.952,-30.659,0
1398294714827,41984157502000,171538052000001,-6.813,-5.635,-30.659,0
1398294714837,41984167481000,171538052000001,-7.142,-5.635,-30.659,0
1398294714847,41984177491000,171538052000001,-7.142,-5.635,-30.659,0
1398294714857,41984187501000,171538052000001,-7.142,-5.635,-30.659,0
1398294714867,41984197511000,171538052000001,-7.142,-5.635,-30.659,0
1398294714878,41984207521000,171538052000001,-7.142,-5.635,-30.659,0
1398294714887,41984217530000,171538052000001,-7.142,-5.635,-30.659,0
1398294714897,41984227540000,171538052000001,-7.142,-5.635,-30.659,0
1398294714908,41984237550000,171538052000001,-7.142,-5.635,-30.659,0
1398294714917,41984247560000,171538052000001,-7.142,-5.635,-30.659,0
1398294714927,41984257569000,171538052000001,-7.142,-5.635,-30.659,0
1398294714938,41984267579000,171538052000001,-6.814,-5.635,-30.659,0
1398294714947,41984277619000,171538052000001,-6.814,-5.635,-30.659,0
1398294714960,41984289155000,171538052000001,-6.814,-5.635,-30.659,0
1398294714968,41984297669000,171538052000001,-6.814,-5.635,-30.659,0
1398294714978,41984307649000,171538052000001,-6.814,-5.635,-30.659,0
1398294714988,41984317658000,171538052000001,-6.814,-5.635,-30.659,0
1398294714998,41984327668000,171538052000001,-6.449,-5.635,-30.659,0
1398294715008,41984337678000,171538052000001,-6.449,-5.635,-30.659,0
1398294715018,41984347657000,171538052000001,-6.449,-5.635,-30.659,0
1398294715028,41984357667000,171538052000001,-6.449,-5.635,-30.659,0
1398294715038,41984367677000,171538052000001,-6.132,-5.635,-30.659,0
1398294715048,41984377687000,171538052000001,-6.132,-5.635,-30.659,0
1398294715058,41984387696000,171538052000001,-6.132,-5.635,-30.659,0
1398294715068,41984397706000,171538052000001,-6.132,-5.635,-30.659,0
1398294715078,41984407716000,171538052000001,-6.132,-5.635,-30.659,0
1398294715090,41984419313000,171538052000001,-6.132,-5.635,-30.659,0
1398294715100,41984428407000,171538052000001,-6.132,-5.635,-30.659,0
1398294715115,41984437837000,171538052000001,-6.132,-5.297,-30.659,0
1398294715128,41984447846000,171538052000001,-6.132,-5.297,-30.659,0
1398294715133,41984457887000,171538052000001,-6.132,-5.297,-30.963,0
1398294715166,41984470155000,171538052000001,-6.132,-5.297,-30.963,0
1398294715176,41984477906000,171538052000001,-6.132,-5.297,-30.963,0
1398294715182,41984487886000,171538052000001,-6.132,-5.297,-30.963,0
1398294715184,41984497895000,171538052000001,-6.132,-5.297,-30.963,0
1398294715185,41984507936000,171538052000001,-6.132,-5.297,-30.963,0
1398294715188,41984517915000,171538052000001,-6.132,-5.297,-30.963,0
1398294715198,41984527894000,171538052000001,-6.132,-5.297,-30.963,0
1398294715208,41984537904000,171538052000001,-6.132,-5.297,-30.963,0
1398294715218,41984547914000,171538052000001,-6.132,-5.297,-30.963,0
1398294715228,41984557923000,171538052000001,-6.132,-5.297,-30.963,0
1398294715238,41984567933000,171538052000001,-6.132,-5.297,-30.963,0
1398294715248,41984577912000,171538052000001,-6.132,-5.297,-30.963,0
1398294715258,41984587922000,171538052000001,-6.132,-5.297,-30.963,0
1398294715268,41984597962000,171538052000001,-6.132,-5.297,-30.963,0
1398294715278,41984607972000,171538052000001,-6.132,-5.297,-30.963,0
1398294715288,41984617982000,171538052000001,-6.132,-4.991,-30.963,0
1398294715298,41984628022000,171538052000001,-6.132,-4.991,-30.963,0
1398294715308,41984638063000,171538052000001,-6.132,-4.991,-30.963,0
1398294715320,41984649537000,171538052000001,-6.132,-4.991,-30.963,0
1398294715328,41984658052000,171538052000001,-6.132,-4.991,-30.963,0
1398294715338,41984668000000,171538052000001,-6.132,-4.991,-30.963,0
1398294715348,41984678010000,171538052000001,-6.132,-4.991,-30.963,0
1398294715358,41984688020000,171538052000001,-6.132,-4.991,-30.963,0
1398294715368,41984698030000,171538052000001,-6.132,-4.991,-30.963,0
1398294715378,41984708039000,171538052000001,-6.132,-4.991,-30.963,0
1398294715388,41984718049000,171538052000001,-6.132,-4.991,-30.963,0
1398294715399,41984728059000,171538052000001,-6.132,-4.991,-30.963,0
1398294715408,41984738099000,171538052000001,-6.132,-4.991,-30.963,0
1398294715418,41984748078000,171538052000001,-5.79,-4.991,-30.963,0
1398294715428,41984758088000,171538052000001,-5.79,-4.991,-30.963,0
1398294715438,41984768098000,171538052000001,-5.79,-4.991,-30.963,0
1398294715448,41984778108000,171538052000001,-5.79,-4.991,-30.963,0
1398294715458,41984788117000,171538052000001,-5.79,-4.991,-30.963,0
1398294715468,41984798127000,171538052000001,-5.79,-4.991,-30.963,0
1398294715478,41984808137000,171538052000001,-5.79,-4.991,-31.268,0
1398294715490,41984819642000,171538052000001,-5.79,-4.991,-31.268,0
1398294715506,41984835328000,171538052000001,-5.79,-4.991,-31.268,0
1398294715509,41984838838000,171538052000001,-5.79,-4.991,-31.268,0
1398294715528,41984853852000,171538052000001,-5.79,-4.991,-31.268,0
1398294715529,41984858186000,171538052000001,-5.79,-4.991,-31.268,0
1398294715548,41984868257000,171538052000001,-5.79,-4.991,-31.268,0
1398294715549,41984878266000,171538052000001,-5.79,-4.991,-31.268,0
1398294715563,41984888276000,171538052000001,-5.79,-4.991,-31.268,0
1398294715568,41984898255000,171538052000001,-5.79,-4.991,-31.268,0
1398294715594,41984908265000,171538052000001,-5.79,-4.991,-31.268,0
1398294715597,41984918305000,171538052000001,-5.79,-4.991,-31.268,0
1398294715600,41984928315000,171538052000001,-5.79,-4.991,-31.268,0
1398294715609,41984938294000,171538052000001,-5.79,-4.991,-31.268,0
1398294715618,41984948304000,171538052000001,-5.79,-4.991,-31.268,0
1398294715628,41984958314000,171538052000001,-5.79,-4.991,-31.268,0
1398294715638,41984968324000,171538052000001,-5.79,-4.991,-31.268,0
1398294715648,41984978517000,171538052000001,-5.79,-4.667,-31.268,0
1398294715658,41984988313000,171538052000001,-5.79,-4.667,-31.268,0
1398294715669,41984999208000,171538052000001,-5.79,-4.667,-31.268,0
1398294715683,41985012635000,171538052000001,-5.79,-4.667,-31.268,0
1398294715689,41985018830000,171538052000001,-5.79,-4.667,-31.268,0
1398294715706,41985033814000,171538052000001,-5.79,-4.667,-31.584,0
1398294715709,41985038178000,171538052000001,-5.79,-4.667,-31.584,0
1398294715720,41985049745000,171538052000001,-5.79,-4.667,-31.584,0
1398294715728,41985058351000,171538052000001,-5.79,-4.667,-31.584,0
1398294715739,41985068391000,171538052000001,-6.123,-4.667,-31.584,0
1398294715749,41985079225000,171538052000001,-6.123,-4.667,-31.584,0
1398294715759,41985088441000,171538052000001,-6.123,-4.667,-31.584,0
1398294715771,41985098451000,171538052000001,-6.123,-4.667,-31.584,0
1398294715779,41985108491000,171538052000001,-6.123,-4.667,-31.584,0
1398294715798,41985118806000,171538052000001,-6.123,-4.667,-31.584,0
1398294715799,41985128511000,171538052000001,-6.465,-4.667,-31.584,0
1398294715809,41985138887000,171538052000001,-6.465,-4.667,-31.584,0
1398294715822,41985148500000,171538052000001,-6.465,-4.328,-31.584,0
1398294715829,41985158509000,171538052000001,-6.465,-4.328,-31.584,0
1398294715839,41985168519000,171538052000001,-6.782,-4.328,-31.584,0
1398294715849,41985178529000,171538052000001,-6.782,-4.328,-31.584,0
1398294715860,41985190095000,171538052000001,-6.782,-4.328,-31.584,0
1398294715869,41985198609000,171538052000001,-6.782,-4.328,-31.584,0
1398294715879,41985208558000,171538052000001,-6.782,-4.328,-31.584,0
1398294715889,41985218629000,171538052000001,-6.782,-4.328,-31.584,0
1398294715899,41985228608000,171538052000001,-6.782,-4.328,-31.584,0
1398294715910,41985238587000,171538052000001,-6.782,-4.328,-31.584,0
1398294715919,41985248628000,171538052000001,-7.104,-4.328,-31.584,0
1398294715929,41985258607000,171538052000001,-7.104,-4.328,-31.584,0
1398294715939,41985268617000,171538052000001,-7.104,-4.328,-31.584,0
1398294715950,41985278657000,171538052000001,-7.104,-4.328,-31.584,0
1398294715963,41985288636000,171538052000001,-7.104,-4.328,-31.584,0
1398294715969,41985298646000,171538052000001,-7.104,-4.328,-31.584,0
1398294715979,41985308656000,171538052000001,-7.104,-4.328,-31.584,0
1398294715989,41985318666000,171538052000001,-7.104,-4.328,-31.584,0
1398294715999,41985328675000,171538052000001,-7.104,-4.328,-31.584,0
1398294716009,41985338685000,171538052000001,-7.104,-4.328,-31.262,0
1398294716019,41985348695000,171538052000001,-7.104,-4.661,-31.262,0
1398294716029,41985358705000,171538052000001,-7.104,-4.661,-31.262,0
1398294716040,41985370271000,171538052000001,-7.104,-4.661,-31.262,0
1398294716049,41985378755000,171538052000001,-6.776,-4.661,-31.262,0
1398294716059,41985388734000,171538052000001,-6.776,-4.661,-31.262,0
1398294716069,41985398713000,171538052000001,-6.776,-4.661,-31.262,0
1398294716079,41985408753000,171538052000001,-6.776,-4.661,-31.262,0
1398294716089,41985418763000,171538052000001,-6.776,-4.661,-31.262,0
1398294716099,41985428773000,171538052000001,-6.776,-4.661,-31.262,0
1398294716109,41985438783000,171538052000001,-6.776,-4.661,-31.262,0
1398294716119,41985448793000,171538052000001,-6.776,-4.661,-31.262,0
1398294716129,41985458802000,171538052000001,-6.776,-4.661,-31.262,0
1398294716139,41985468812000,171538052000001,-6.776,-4.661,-31.262,0
1398294716149,41985478822000,171538052000001,-6.466,-4.661,-31.262,0
1398294716159,41985488832000,171538052000001,-6.466,-4.661,-31.262,0
1398294716169,41985498872000,171538052000001,-6.466,-4.989,-31.262,0
1398294716179,41985508882000,171538052000001,-6.466,-4.989,-31.262,0
1398294716189,41985518861000,171538052000001,-6.466,-4.989,-31.262,0
1398294716199,41985528871000,171538052000001,-6.466,-4.989,-31.262,0
1398294716209,41985538880000,171538052000001,-6.466,-4.989,-31.262,0
1398294716220,41985550447000,171538052000001,-6.156,-4.989,-31.262,0
1398294716229,41985558930000,171538052000001,-6.156,-4.989,-31.262,0
1398294716242,41985568910000,171538052000001,-6.156,-4.989,-31.262,0
1398294716249,41985578950000,171538052000001,-6.156,-4.989,-31.262,0
1398294716259,41985588929000,171538052000001,-6.156,-4.989,-31.262,0
1398294716270,41985598939000,171538052000001,-6.156,-4.989,-31.262,0
1398294716279,41985609010000,171538052000001,-6.156,-4.989,-31.262,0
1398294716291,41985618928000,171538052000001,-6.156,-4.989,-31.262,0
1398294716299,41985628938000,171538052000001,-6.156,-4.989,-31.262,0
1398294716309,41985638917000,171538052000001,-6.156,-4.989,-31.262,0
1398294716320,41985648927000,171538052000001,-6.156,-4.989,-31.262,0
1398294716329,41985658998000,171538052000001,-6.156,-4.989,-31.262,0
1398294716339,41985668977000,171538052000001,-6.156,-4.989,-31.262,0
1398294716349,41985679139000,171538052000001,-6.156,-4.989,-31.262,0
1398294716359,41985688996000,171538052000001,-6.156,-4.989,-31.262,0
1398294716369,41985698976000,171538052000001,-6.156,-4.989,-31.262,0
1398294716379,41985708985000,171538052000001,-6.156,-4.989,-31.262,0
1398294716389,41985718995000,171538052000001,-6.156,-4.989,-31.262,0
1398294716401,41985730561000,171538052000001,-6.156,-4.989,-31.262,0
1398294716409,41985739076000,171538052000001,-6.156,-4.989,-31.262,0
1398294716419,41985749055000,171538052000001,-6.465,-4.989,-31.262,0
1398294716429,41985759126000,171538052000001,-6.465,-4.989,-31.262,0
1398294716443,41985769074000,171538052000001,-6.465,-4.989,-31.262,0
1398294716449,41985779054000,171538052000001,-6.465,-4.989,-31.262,0
1398294716460,41985789125000,171538052000001,-6.465,-4.989,-31.262,0
1398294716472,41985799134000,171538052000001,-6.788,-4.989,-31.262,0
1398294716479,41985809144000,171538052000001,-6.788,-4.989,-31.262,0
1398294716489,41985819184000,171538052000001,-6.788,-4.989,-31.262,0
1398294716499,41985829133000,171538052000001,-6.788,-4.989,-31.262,0
1398294716509,41985839143000,171538052000001,-6.788,-4.989,-31.262,0
1398294716519,41985849214000,171538052000001,-6.788,-4.989,-31.262,0
1398294716529,41985859193000,171538052000001,-6.788,-4.989,-31.262,0
1398294716539,41985869203000,171538052000001,-6.788,-4.989,-31.262,0
1398294716549,41985879182000,171538052000001,-6.788,-4.989,-31.262,0
1398294716559,41985889192000,171538052000001,-6.788,-4.989,-31.262,0
1398294716569,41985899201000,171538052000001,-6.788,-4.989,-31.262,0
1398294716581,41985910768000,171538052000001,-6.788,-4.989,-31.262,0
1398294716589,41985919313000,171538052000001,-6.788,-4.989,-31.262,0
1398294716599,41985929261000,171538052000001,-6.788,-4.989,-31.262,0
1398294716610,41985939271000,171538052000001,-6.788,-4.989,-31.262,0
1398294716623,41985949311000,171538052000001,-6.788,-4.989,-31.262,0
1398294716630,41985959291000,171538052000001,-6.788,-4.989,-31.262,0
1398294716640,41985969361000,171538052000001,-6.788,-4.989,-31.262,0
1398294716649,41985979280000,171538052000001,-6.788,-4.989,-31.262,0
1398294716660,41985989350000,171538052000001,-6.788,-4.989,-31.262,0
1398294716671,41985999330000,171538052000001,-6.788,-4.989,-31.262,0
1398294716680,41986009339000,171538052000001,-6.788,-4.989,-31.262,0
1398294716689,41986019349000,171538052000001,-6.788,-4.989,-31.262,0
1398294716699,41986029328000,171538052000001,-6.788,-4.989,-31.262,0
1398294716710,41986039369000,171538052000001,-6.788,-4.989,-31.262,0
1398294716720,41986049378000,171538052000001,-6.788,-4.989,-31.262,0
1398294716729,41986059388000,171538052000001,-6.788,-4.989,-31.262,0
1398294716739,41986069398000,171538052000001,-6.788,-4.989,-31.262,0
1398294716749,41986079377000,171538052000001,-6.788,-4.989,-31.262,0
1398294716761,41986090943000,171538052000001,-6.788,-4.989,-31.262,0
1398294716769,41986099427000,171538052000001,-6.788,-4.989,-31.262,0
1398294716779,41986109407000,171538052000001,-6.788,-4.989,-31.262,0
1398294716790,41986119477000,171538052000001,-6.788,-4.989,-31.262,0
1398294716801,41986129457000,171538052000001,-6.788,-4.989,-31.262,0
1398294716810,41986139497000,171538052000001,-6.788,-4.989,-31.262,0
1398294716820,41986149476000,171538052000001,-6.788,-4.989,-31.262,0
1398294716829,41986159486000,171538052000001,-6.788,-4.989,-31.262,0
1398294716840,41986169557000,171538052000001,-6.788,-4.989,-31.262,0
1398294716849,41986179444000,171538052000001,-6.788,-4.989,-31.262,0
1398294716860,41986189454000,171538052000001,-6.788,-4.989,-31.262,0
1398294716869,41986199464000,171538052000001,-6.788,-4.989,-30.949,0
1398294716880,41986209474000,171538052000001,-6.788,-4.989,-30.949,0
1398294716889,41986219514000,171538052000001,-6.788,-4.989,-30.949,0
1398294716899,41986229493000,171538052000001,-6.788,-4.989,-30.949,0
1398294716911,41986239564000,171538052000001,-6.788,-4.989,-30.949,0
1398294716923,41986249574000,171538052000001,-6.788,-4.989,-30.949,0
1398294716930,41986259584000,171538052000001,-6.788,-4.989,-30.949,0
1398294716942,41986271150000,171538052000001,-6.788,-4.989,-30.949,0
1398294716950,41986279634000,171538052000001,-6.788,-4.989,-30.949,0
1398294716960,41986289582000,171538052000001,-6.788,-4.989,-30.949,0
1398294716970,41986299623000,171538052000001,-6.788,-4.989,-30.949,0
1398294716979,41986309602000,171538052000001,-6.788,-4.989,-30.949,0
1398294716989,41986319612000,171538052000001,-6.788,-4.989,-30.949,0
1398294717000,41986329621000,171538052000001,-6.788,-4.989,-30.949,0
1398294717010,41986339631000,171538052000001,-6.788,-4.989,-30.949,0
1398294717020,41986349641000,171538052000001,-6.788,-4.989,-30.949,0
1398294717030,41986359712000,171538052000001,-6.788,-4.989,-30.949,0
1398294717040,41986369691000,171538052000001,-7.148,-4.989,-30.949,0
1398294717050,41986379670000,171538052000001,-7.148,-4.989,-30.949,0
1398294717060,41986389710000,171538052000001,-7.148,-4.989,-30.949,0
1398294717070,41986399690000,171538052000001,-7.148,-4.989,-30.949,0
1398294717080,41986409699000,171538052000001,-7.148,-4.989,-30.949,0
1398294717090,41986419709000,171538052000001,-7.148,-4.989,-30.949,0
1398294717102,41986429719000,171538052000001,-7.148,-4.989,-30.949,0
1398294717110,41986439759000,171538052000001,-7.148,-4.989,-30.949,0
1398294717122,41986451325000,171538052000001,-7.148,-4.989,-30.949,0
1398294717130,41986459809000,171538052000001,-7.148,-4.989,-30.949,0
1398294717140,41986469789000,171538052000001,-7.148,-4.989,-30.949,0
1398294717150,41986479798000,171538052000001,-7.148,-4.989,-30.949,0
1398294717160,41986489808000,171538052000001,-7.148,-4.989,-30.949,0
1398294717170,41986499818000,171538052000001,-7.148,-4.989,-30.949,0
1398294717180,41986509828000,171538052000001,-7.148,-4.989,-30.949,0
1398294717190,41986519837000,171538052000001,-7.148,-4.989,-30.949,0
1398294717200,41986529817000,171538052000001,-7.148,-4.989,-30.949,0
1398294717210,41986539857000,171538052000001,-7.148,-4.989,-30.949,0
1398294717220,41986549897000,171538052000001,-7.148,-4.989,-30.949,0
1398294717230,41986559846000,171538052000001,-7.148,-4.989,-30.949,0
1398294717240,41986569886000,171538052000001,-7.148,-4.989,-30.949,0
1398294717250,41986579866000,171538052000001,-6.809,-4.989,-30.949,0
1398294717260,41986589906000,171538052000001,-6.809,-4.989,-30.949,0
1398294717270,41986599946000,171538052000001,-6.809,-4.989,-30.949,0
1398294717280,41986609925000,171538052000001,-6.809,-4.989,-30.949,0
1398294717290,41986619935000,171538052000001,-6.809,-4.989,-30.949,0
1398294717301,41986631471000,171538052000001,-6.809,-4.989,-30.949,0
1398294717310,41986639985000,171538052000001,-6.809,-4.989,-30.949,0
1398294717320,41986649934000,171538052000001,-6.809,-4.989,-30.949,0
1398294717330,41986659944000,171538052000001,-6.809,-4.989,-30.949,0
1398294717340,41986669984000,171538052000001,-6.809,-4.989,-30.949,0
1398294717351,41986679994000,171538052000001,-6.809,-4.989,-30.949,0
1398294717361,41986690064000,171538052000001,-6.809,-4.989,-30.949,0
1398294717370,41986700044000,171538052000001,-6.809,-4.989,-30.949,0
1398294717380,41986709992000,171538052000001,-6.809,-4.989,-30.949,0
1398294717390,41986720063000,171538052000001,-6.809,-4.989,-30.949,0
1398294717400,41986730043000,171538052000001,-6.809,-4.989,-30.949,0
1398294717410,41986740052000,171538052000001,-6.809,-4.989,-30.949,0
1398294717420,41986750123000,171538052000001,-6.809,-4.989,-30.949,0
1398294717431,41986760102000,171538052000001,-6.809,-4.989,-30.949,0
1398294717440,41986770112000,171538052000001,-6.809,-4.989,-30.949,0
1398294717451,41986780091000,171538052000001,-6.809,-4.989,-30.949,0
1398294717460,41986790101000,171538052000001,-7.119,-4.989,-30.949,0
1398294717470,41986800111000,171538052000001,-7.119,-4.989,-30.949,0
1398294717482,41986811647000,171538052000001,-7.119,-5.313,-30.949,0
1398294717490,41986820161000,171538052000001,-7.119,-5.313,-30.949,0
1398294717500,41986830171000,171538052000001,-7.119,-5.313,-30.949,0
1398294717510,41986840150000,171538052000001,-7.119,-5.313,-30.949,0
1398294717520,41986850251000,171538052000001,-7.119,-5.313,-30.949,0
1398294717532,41986860169000,171538052000001,-7.119,-5.313,-30.949,0
1398294717540,41986870179000,171538052000001,-7.119,-5.313,-30.949,0
1398294717550,41986880158000,171538052000001,-7.119,-5.639,-30.949,0
1398294717560,41986890168000,171538052000001,-7.119,-5.639,-30.949,0
1398294717570,41986900178000,171538052000001,-7.119,-5.639,-30.949,0
1398294717580,41986910188000,171538052000001,-7.119,-5.639,-30.949,0
1398294717590,41986920594000,171538052000001,-7.119,-5.639,-30.609,0
1398294717600,41986930177000,171538052000001,-7.119,-6.002,-30.609,0
1398294717610,41986940187000,171538052000001,-7.119,-6.002,-30.609,0
1398294717620,41986950196000,171538052000001,-7.119,-6.002,-30.609,0
1398294717630,41986960206000,171538052000001,-7.119,-6.002,-30.609,0
1398294717640,41986970216000,171538052000001,-7.119,-6.304,-30.609,0
1398294717650,41986980226000,171538052000001,-6.771,-6.304,-30.609,0
1398294717662,41986991792000,171538052000001,-6.771,-6.304,-30.609,0
1398294717670,41987000306000,171538052000001,-6.771,-6.304,-30.609,0
1398294717682,41987010285000,171538052000001,-6.771,-6.304,-30.609,0
1398294717690,41987020265000,171538052000001,-6.771,-6.616,-30.609,0
1398294717700,41987030274000,171538052000001,-6.771,-6.616,-30.609,0
1398294717711,41987040284000,171538052000001,-6.771,-6.616,-30.609,0
1398294717775,41987050324000,171538052000001,-6.771,-6.616,-30.609,0
1398294717777,41987060304000,171538052000001,-6.771,-6.616,-30.609,0
1398294717778,41987070314000,171538052000001,-6.771,-6.616,-30.609,0
1398294717781,41987080323000,171538052000001,-6.771,-6.616,-30.609,0
1398294717783,41987090303000,171538052000001,-6.771,-6.616,-30.609,0
1398294717784,41987100312000,171538052000001,-6.771,-6.616,-30.609,0
1398294717785,41987110353000,171538052000001,-6.771,-6.616,-30.609,0
1398294717790,41987120362000,171538052000001,-6.771,-6.616,-30.609,0
1398294717801,41987130433000,171538052000001,-6.771,-6.616,-30.609,0
1398294717810,41987140443000,171538052000001,-6.771,-6.616,-30.609,0
1398294717820,41987150422000,171538052000001,-6.771,-6.616,-30.609,0
1398294717831,41987160432000,171538052000001,-6.771,-6.616,-30.609,0
1398294717842,41987171998000,171538052000001,-6.771,-6.616,-30.609,0
1398294717850,41987180482000,171538052000001,-6.771,-6.277,-30.609,0
1398294717861,41987190492000,171538052000001,-7.098,-6.277,-30.609,0
1398294717870,41987200471000,171538052000001,-7.098,-6.277,-30.609,0
1398294717882,41987210481000,171538052000001,-7.098,-6.277,-30.609,0
1398294717890,41987220491000,171538052000001,-7.098,-6.277,-30.609,0
1398294717900,41987230500000,171538052000001,-7.098,-5.953,-30.609,0
1398294717911,41987240541000,171538052000001,-7.098,-5.953,-30.609,0
1398294717920,41987250520000,171538052000001,-7.098,-5.953,-30.609,0
1398294717931,41987260560000,171538052000001,-7.098,-5.953,-30.609,0
1398294717941,41987270570000,171538052000001,-7.098,-5.953,-30.609,0
1398294717951,41987280549000,171538052000001,-7.098,-5.953,-30.609,0
1398294717961,41987290559000,171538052000001,-7.098,-5.953,-30.609,0
1398294717972,41987300599000,171538052000001,-7.098,-5.607,-30.609,0
1398294717980,41987310548000,171538052000001,-7.098,-5.607,-30.609,0
1398294717990,41987320558000,171538052000001,-7.098,-5.607,-30.609,0
1398294718001,41987330598000,171538052000001,-7.098,-5.607,-30.609,0
1398294718010,41987340577000,171538052000001,-7.098,-5.607,-30.609,0
1398294718022,41987352113000,171538052000001,-7.098,-5.607,-30.609,0
1398294718031,41987360627000,171538052000001,-6.785,-5.607,-30.917,0
1398294718041,41987370790000,171538052000001,-6.785,-5.607,-30.917,0
1398294718050,41987380616000,171538052000001,-6.785,-5.607,-30.917,0
1398294718060,41987390626000,171538052000001,-6.785,-5.303,-30.917,0
1398294718070,41987400636000,171538052000001,-6.404,-5.303,-30.917,0
1398294718080,41987410646000,171538052000001,-6.404,-5.303,-30.917,0
1398294718090,41987420655000,171538052000001,-6.404,-5.303,-30.917,0
1398294718100,41987430665000,171538052000001,-6.404,-5.303,-30.917,0
1398294718110,41987440675000,171538052000001,-6.094,-5.303,-30.917,0
1398294718120,41987450685000,171538052000001,-6.094,-5.303,-30.917,0
1398294718130,41987460694000,171538052000001,-6.094,-4.945,-30.917,0
1398294718141,41987470704000,171538052000001,-6.094,-4.945,-30.917,0
1398294718150,41987480714000,171538052000001,-6.094,-4.945,-30.917,0
1398294718160,41987490724000,171538052000001,-6.094,-4.945,-30.917,0
1398294718170,41987500733000,171538052000001,-6.094,-4.945,-31.228,0
1398294718181,41987510743000,171538052000001,-5.781,-4.945,-31.228,0
1398294718190,41987520753000,171538052000001,-5.781,-4.945,-31.228,0
1398294718205,41987535585000,171538052000001,-5.781,-4.945,-31.228,0
1398294718211,41987540864000,171538052000001,-5.781,-4.629,-31.228,0
1398294718221,41987550813000,171538052000001,-5.781,-4.629,-31.228,0
1398294718234,41987561769000,171538052000001,-5.781,-4.629,-31.228,0
1398294718243,41987573426000,171538052000001,-5.781,-4.629,-31.228,0
1398294718254,41987584382000,171538052000001,-5.781,-4.629,-31.228,0
1398294718264,41987593965000,171538052000001,-5.781,-4.629,-31.228,0
1398294718274,41987604463000,171538052000001,-5.781,-4.629,-31.228,0
1398294718285,41987614961000,171538052000001,-5.781,-4.629,-31.228,0
1398294718292,41987621736000,171538052000001,-5.781,-4.629,-31.228,0
1398294718305,41987634828000,171538052000001,-5.781,-4.629,-31.228,0
1398294718315,41987640901000,171538052000001,-5.781,-4.629,-31.228,0
1398294718327,41987650910000,171538052000001,-5.781,-4.629,-31.228,0
1398294718332,41987660920000,171538052000001,-5.781,-4.629,-31.228,0
1398294718342,41987671327000,171538052000001,-5.781,-4.629,-31.228,0
1398294718351,41987680940000,171538052000001,-5.781,-4.629,-31.228,0
1398294718436,41987690949000,171538052000001,-5.781,-4.629,-31.228,0
1398294718503,41987700990000,171538052000001,-5.781,-4.629,-31.228,0
1398294718512,41987712525000,171538052000001,-5.781,-4.629,-31.228,0
1398294718514,41987721040000,171538052000001,-5.781,-4.629,-31.228,0
1398294718516,41987730989000,171538052000001,-5.781,-4.629,-31.228,0
1398294718518,41987741029000,171538052000001,-5.781,-4.629,-31.228,0
1398294718519,41987751069000,171538052000001,-5.781,-4.629,-31.228,0
1398294718522,41987761018000,171538052000001,-5.781,-4.629,-31.228,0
1398294718531,41987771028000,171538052000001,-5.781,-4.629,-31.228,0
1398294718533,41987781007000,171538052000001,-5.781,-4.629,-31.228,0
1398294718534,41987791047000,171538052000001,-6.117,-4.629,-31.228,0
1398294718536,41987801057000,171538052000001,-6.117,-4.629,-31.228,0
1398294718538,41987811494000,171538052000001,-6.117,-4.629,-31.228,0
1398294718539,41987843202000,171538052000001,-6.48,-4.629,-31.228,0
1398294718541,41987851075000,171538052000001,-6.48,-4.629,-31.228,0
1398294718543,41987861085000,171538052000001,-6.48,-4.629,-31.228,0
1398294718544,41987871095000,171538052000001,-6.48,-4.629,-31.228,0
1398294718552,41987881135000,171538052000001,-6.48,-4.629,-31.228,0
1398294718563,41987892671000,171538052000001,-6.793,-4.629,-31.228,0
1398294718572,41987901673000,171538052000001,-6.793,-4.629,-31.228,0
1398294718581,41987911134000,171538052000001,-6.793,-4.629,-31.228,0
1398294718591,41987921144000,171538052000001,-6.793,-4.629,-31.228,0
1398294718601,41987931153000,171538052000001,-6.793,-4.629,-31.228,0
1398294718611,41987941163000,171538052000001,-6.793,-4.629,-30.918,0
1398294718621,41987951173000,171538052000001,-6.793,-4.629,-30.918,0
1398294718631,41987961183000,171538052000001,-6.793,-4.629,-30.918,0
1398294718641,41987971192000,171538052000001,-6.793,-4.949,-30.918,0
1398294718651,41987981202000,171538052000001,-6.793,-4.949,-30.918,0
1398294718661,41987991212000,171538052000001,-6.793,-4.949,-30.918,0
1398294718672,41988001222000,171538052000001,-6.793,-4.949,-30.918,0
1398294718681,41988011231000,171538052000001,-6.793,-4.949,-30.918,0
1398294718691,41988021241000,171538052000001,-6.793,-5.255,-30.918,0
1398294718701,41988031220000,171538052000001,-6.793,-5.255,-30.918,0
1398294718711,41988041261000,171538052000001,-6.793,-5.255,-30.918,0
1398294718721,41988051271000,171538052000001,-6.793,-5.255,-30.918,0
1398294718731,41988061280000,171538052000001,-6.793,-5.255,-30.918,0
1398294718743,41988072816000,171538052000001,-6.436,-5.255,-30.918,0
1398294718751,41988081330000,171538052000001,-6.436,-5.592,-30.918,0
1398294718761,41988091310000,171538052000001,-6.436,-5.592,-30.918,0
1398294718772,41988101319000,171538052000001,-6.436,-5.592,-30.918,0
1398294718781,41988111329000,171538052000001,-6.436,-5.592,-30.918,0
1398294718791,41988121339000,171538052000001,-6.436,-5.592,-30.918,0
1398294718801,41988131349000,171538052000001,-6.436,-5.592,-30.918,0
1398294718820,41988141328000,171538052000001,-6.112,-5.592,-30.918,0
1398294718822,41988151368000,171538052000001,-6.112,-5.592,-30.918,0
1398294718832,41988161378000,171538052000001,-6.112,-5.592,-30.918,0
1398294718841,41988171388000,171538052000001,-6.112,-5.592,-30.918,0
1398294718851,41988181397000,171538052000001,-6.112,-5.592,-30.918,0
1398294718861,41988191407000,171538052000001,-6.112,-5.592,-30.918,0
1398294718874,41988201448000,171538052000001,-6.112,-5.592,-30.918,0
1398294718888,41988211427000,171538052000001,-6.112,-5.92,-30.918,0
1398294718892,41988221467000,171538052000001,-6.112,-5.92,-30.918,0
1398294718902,41988231477000,171538052000001,-6.112,-5.92,-30.918,0
1398294718914,41988241517000,171538052000001,-6.112,-5.92,-30.918,0
1398294718923,41988253175000,171538052000001,-6.112,-5.92,-30.918,0
1398294718931,41988261567000,171538052000001,-6.112,-5.92,-30.918,0
1398294718941,41988271485000,171538052000001,-6.112,-5.92,-30.918,0
1398294718951,41988281495000,171538052000001,-6.112,-5.92,-30.918,0
1398294718963,41988291535000,171538052000001,-6.423,-5.92,-30.918,0
1398294718971,41988301576000,171538052000001,-6.423,-5.92,-30.918,0
1398294718981,41988311524000,171538052000001,-6.423,-5.92,-30.918,0
1398294718991,41988321504000,171538052000001,-6.423,-5.92,-30.918,0
1398294719001,41988331544000,171538052000001,-6.423,-5.92,-30.918,0
1398294719011,41988341554000,171538052000001,-6.423,-5.92,-30.918,0
1398294719021,41988351564000,171538052000001,-6.423,-5.92,-30.918,0
1398294719037,41988361573000,171538052000001,-6.423,-5.92,-30.918,0
1398294719044,41988371583000,171538052000001,-6.423,-5.92,-30.918,0
1398294719052,41988381867000,171538052000001,-6.423,-5.92,-30.918,0
1398294719062,41988391572000,171538052000001,-6.423,-5.92,-30.918,0
1398294719072,41988401612000,171538052000001,-6.423,-5.92,-30.918,0
1398294719082,41988411622000,171538052000001,-6.423,-5.92,-30.918,0
1398294719091,41988421601000,171538052000001,-6.423,-5.92,-30.918,0
1398294719103,41988433168000,171538052000001,-6.423,-5.92,-30.918,0
1398294719113,41988441682000,171538052000001,-6.423,-5.92,-30.918,0
1398294719128,41988456636000,171538052000001,-6.423,-5.92,-30.918,0
1398294719132,41988461701000,171538052000001,-6.423,-5.92,-30.918,0
1398294719142,41988471681000,171538052000001,-6.423,-5.569,-30.918,0
1398294719152,41988481965000,171538052000001,-6.423,-5.569,-30.918,0
1398294719162,41988491700000,171538052000001,-6.423,-5.569,-30.918,0
1398294719172,41988501710000,171538052000001,-6.423,-5.569,-30.918,0
1398294719182,41988511720000,171538052000001,-6.423,-5.569,-30.918,0
1398294719192,41988521699000,171538052000001,-6.423,-5.569,-30.918,0
1398294719202,41988531739000,171538052000001,-6.423,-5.262,-30.918,0
1398294719212,41988541749000,171538052000001,-6.423,-5.262,-30.918,0
1398294719222,41988551759000,171538052000001,-6.423,-5.262,-30.918,0
1398294719232,41988561769000,171538052000001,-6.423,-5.262,-30.918,0
1398294719242,41988571809000,171538052000001,-6.423,-4.953,-30.918,0
1398294719252,41988581788000,171538052000001,-6.423,-4.953,-30.918,0
1398294719262,41988591798000,171538052000001,-6.423,-4.953,-30.918,0
1398294719272,41988601808000,171538052000001,-6.423,-4.953,-30.918,0
1398294719283,41988613343000,171538052000001,-6.423,-4.953,-30.918,0
1398294719292,41988621858000,171538052000001,-6.423,-4.953,-30.918,0
1398294719308,41988631867000,171538052000001,-6.423,-4.953,-30.918,0
1398294719318,41988641877000,171538052000001,-6.423,-4.953,-30.918,0
1398294719322,41988651887000,171538052000001,-6.423,-4.953,-30.918,0
1398294719332,41988661866000,171538052000001,-6.423,-4.953,-30.918,0
1398294719342,41988671845000,171538052000001,-6.423,-4.953,-30.918,0
1398294719356,41988682038000,171538052000001,-6.423,-4.953,-30.918,0
1398294719363,41988691896000,171538052000001,-6.423,-4.953,-30.918,0
1398294719372,41988701875000,171538052000001,-6.423,-4.953,-30.918,0
1398294719382,41988711885000,171538052000001,-6.423,-4.953,-30.918,0
1398294719392,41988721894000,171538052000001,-6.423,-4.953,-30.918,0
1398294719402,41988731904000,171538052000001,-6.118,-4.953,-30.918,0
1398294719412,41988741944000,171538052000001,-6.118,-4.953,-30.918,0
1398294719422,41988752473000,171538052000001,-6.118,-4.953,-30.918,0
1398294719434,41988763825000,171538052000001,-6.118,-4.953,-31.239,0
1398294719442,41988771943000,171538052000001,-6.118,-4.953,-31.239,0
1398294719452,41988781953000,171538052000001,-6.118,-4.953,-31.239,0
1398294719463,41988793519000,171538052000001,-6.118,-4.953,-31.239,0
1398294719472,41988802003000,171538052000001,-6.118,-4.953,-31.239,0
1398294719482,41988812013000,171538052000001,-6.118,-4.953,-31.239,0
1398294719492,41988822022000,171538052000001,-6.118,-4.953,-31.239,0
1398294719502,41988832032000,171538052000001,-6.118,-4.953,-31.239,0
1398294719512,41988842012000,171538052000001,-6.118,-4.953,-31.239,0
1398294719580,41988852052000,171538052000001,-6.118,-4.953,-31.239,0
1398294719582,41988862031000,171538052000001,-6.118,-4.953,-31.239,0
1398294719583,41988872071000,171538052000001,-6.118,-4.953,-31.239,0
1398294719585,41988882081000,171538052000001,-6.118,-4.953,-31.239,0
1398294719586,41988892060000,171538052000001,-6.118,-4.953,-31.239,0
1398294719588,41988902070000,171538052000001,-6.118,-4.953,-31.239,0
1398294719589,41988912080000,171538052000001,-6.118,-4.953,-31.239,0
1398294719592,41988922120000,171538052000001,-6.118,-4.953,-31.239,0
1398294719602,41988932130000,171538052000001,-6.118,-4.953,-31.239,0
1398294719612,41988942109000,171538052000001,-6.118,-4.953,-31.239,0
1398294719623,41988952149000,171538052000001,-6.118,-4.953,-31.239,0
1398294719632,41988962159000,171538052000001,-6.118,-4.953,-31.239,0
1398294719644,41988973695000,171538052000001,-6.118,-4.953,-31.239,0
1398294719652,41988982209000,171538052000001,-6.118,-4.953,-31.239,0
1398294719662,41988992158000,171538052000001,-6.118,-4.953,-31.239,0
1398294719672,41989002198000,171538052000001,-6.118,-4.953,-31.239,0
1398294719682,41989012208000,171538052000001,-6.118,-4.953,-31.239,0
1398294719692,41989022218000,171538052000001,-6.118,-4.953,-31.239,0
1398294719702,41989032228000,171538052000001,-6.118,-4.953,-31.239,0
1398294719712,41989042207000,171538052000001,-6.118,-4.953,-31.239,0
1398294719722,41989052247000,171538052000001,-6.118,-4.953,-31.239,0
1398294719732,41989062257000,171538052000001,-6.118,-4.953,-31.239,0
1398294719744,41989072206000,171538052000001,-6.118,-4.953,-31.239,0
1398294719753,41989082276000,171538052000001,-6.118,-4.953,-31.239,0
1398294719763,41989092286000,171538052000001,-6.118,-4.953,-31.239,0
1398294719772,41989102265000,171538052000001,-6.118,-4.953,-31.239,0
1398294719783,41989112245000,171538052000001,-6.118,-4.953,-31.239,0
1398294719792,41989122285000,171538052000001,-6.118,-4.623,-31.239,0
1398294719802,41989132295000,171538052000001,-6.118,-4.623,-31.239,0
1398294719813,41989142335000,171538052000001,-6.118,-4.623,-31.239,0
1398294719826,41989153871000,171538052000001,-6.443,-4.623,-31.239,0
1398294719835,41989162385000,171538052000001,-6.443,-4.623,-31.239,0
1398294719844,41989172334000,171538052000001,-6.443,-4.623,-31.239,0
1398294719852,41989182344000,171538052000001,-6.443,-4.623,-31.239,0
1398294719862,41989192353000,171538052000001,-6.443,-4.623,-31.239,0
1398294719872,41989202363000,171538052000001,-6.443,-4.623,-31.239,0
1398294719882,41989212373000,171538052000001,-6.443,-4.623,-31.239,0
1398294719893,41989222383000,171538052000001,-6.443,-4.623,-31.239,0
1398294719902,41989232392000,171538052000001,-6.776,-4.623,-31.239,0
1398294719912,41989242402000,171538052000001,-6.776,-4.304,-31.239,0
1398294719922,41989252412000,171538052000001,-6.776,-4.304,-31.239,0
1398294719933,41989262910000,171538052000001,-6.776,-4.304,-31.239,0
1398294719942,41989272431000,171538052000001,-6.776,-4.304,-31.239,0
1398294719952,41989282472000,171538052000001,-6.776,-4.304,-31.239,0
1398294719962,41989292481000,171538052000001,-6.776,-4.304,-31.239,0
1398294719972,41989302491000,171538052000001,-6.776,-4.304,-31.239,0
1398294719982,41989312501000,171538052000001,-6.474,-4.304,-31.239,0
1398294719993,41989322511000,171538052000001,-6.474,-4.304,-31.239,0
1398294720006,41989334046000,171538052000001,-6.474,-4.304,-31.239,0
1398294720014,41989342835000,171538052000001,-6.474,-4.641,-31.239,0
1398294720024,41989352571000,171538052000001,-6.474,-4.641,-31.239,0
1398294720034,41989362550000,171538052000001,-6.474,-4.641,-31.239,0
1398294720047,41989373170000,171538052000001,-6.474,-4.641,-31.239,0
1398294720057,41989382661000,171538052000001,-6.474,-4.641,-31.239,0
1398294720062,41989392549000,171538052000001,-6.474,-4.641,-31.239,0
1398294720073,41989402558000,171538052000001,-6.474,-4.641,-31.239,0
1398294720083,41989412568000,171538052000001,-6.474,-4.641,-31.239,0
1398294720094,41989422578000,171538052000001,-6.474,-4.641,-31.239,0
1398294720103,41989432588000,171538052000001,-6.474,-4.641,-31.239,0
1398294720113,41989442597000,171538052000001,-6.474,-4.641,-31.239,0
1398294720123,41989452668000,171538052000001,-6.474,-4.641,-31.239,0
1398294720133,41989462678000,171538052000001,-6.474,-4.641,-31.239,0
1398294720143,41989472718000,171538052000001,-6.474,-4.641,-31.239,0
1398294720153,41989482820000,171538052000001,-6.474,-4.641,-31.239,0
1398294720162,41989492646000,171538052000001,-6.474,-4.641,-31.239,0
1398294720172,41989502656000,171538052000001,-6.474,-4.641,-31.239,0
1398294720184,41989514192000,171538052000001,-6.474,-4.641,-31.239,0
1398294720192,41989522676000,171538052000001,-6.474,-4.641,-31.239,0
1398294720202,41989532685000,171538052000001,-6.474,-4.641,-31.239,0
1398294720213,41989542695000,171538052000001,-6.781,-4.641,-31.239,0
1398294720223,41989552705000,171538052000001,-6.781,-4.641,-31.239,0
1398294720233,41989562715000,171538052000001,-6.781,-4.641,-31.239,0
1398294720243,41989572724000,171538052000001,-6.781,-4.641,-31.239,0
1398294720253,41989582734000,171538052000001,-6.781,-4.641,-31.239,0
1398294720263,41989592744000,171538052000001,-6.781,-4.641,-31.239,0
1398294720273,41989602754000,171538052000001,-6.781,-4.641,-31.239,0
1398294720283,41989612763000,171538052000001,-6.781,-4.641,-31.239,0
1398294720293,41989622773000,171538052000001,-6.781,-4.641,-31.239,0
1398294720303,41989632783000,171538052000001,-6.781,-4.641,-31.239,0
1398294720313,41989642793000,171538052000001,-6.781,-4.641,-31.239,0
1398294720323,41989652803000,171538052000001,-6.781,-4.641,-30.934,0
1398294720333,41989662843000,171538052000001,-6.781,-4.641,-30.934,0
1398294720343,41989672792000,171538052000001,-6.781,-4.641,-30.934,0
1398294720353,41989682832000,171538052000001,-6.781,-4.641,-30.934,0
1398294720365,41989694398000,171538052000001,-6.781,-4.641,-30.934,0
1398294720373,41989702851000,171538052000001,-6.781,-4.641,-30.934,0
1398294720384,41989712892000,171538052000001,-6.781,-4.641,-30.934,0
1398294720394,41989722871000,171538052000001,-6.781,-4.641,-30.934,0
1398294720403,41989732881000,171538052000001,-6.781,-4.641,-30.934,0
1398294720413,41989742890000,171538052000001,-6.465,-4.641,-30.934,0
1398294720423,41989752931000,171538052000001,-6.465,-4.641,-30.934,0
1398294720438,41989762971000,171538052000001,-6.465,-4.641,-30.934,0
1398294720446,41989772981000,171538052000001,-6.465,-4.641,-31.242,0
1398294720453,41989782960000,171538052000001,-6.465,-4.641,-31.242,0
1398294720463,41989792970000,171538052000001,-6.141,-4.641,-31.242,0
1398294720473,41989802980000,171538052000001,-6.141,-4.641,-31.242,0
1398294720483,41989812989000,171538052000001,-6.141,-4.641,-31.242,0
1398294720493,41989822999000,171538052000001,-6.141,-4.321,-31.242,0
1398294720503,41989833009000,171538052000001,-6.141,-4.321,-31.242,0
1398294720513,41989843019000,171538052000001,-6.141,-4.321,-31.242,0
1398294720524,41989853028000,171538052000001,-6.141,-4.321,-31.242,0
1398294720533,41989863069000,171538052000001,-6.141,-3.977,-31.57,0
1398294720545,41989874604000,171538052000001,-6.141,-3.977,-31.57,0
1398294720553,41989883119000,171538052000001,-6.141,-3.977,-31.57,0
1398294720563,41989893067000,171538052000001,-6.141,-3.977,-31.57,0
1398294720573,41989903077000,171538052000001,-6.141,-3.977,-31.57,0
1398294720583,41989913087000,171538052000001,-6.141,-3.651,-31.57,0
1398294720593,41989923097000,171538052000001,-6.141,-3.651,-31.57,0
1398294720603,41989933106000,171538052000001,-5.841,-3.651,-31.57,0
1398294720613,41989943116000,171538052000001,-5.841,-3.651,-31.57,0
1398294720623,41989953126000,171538052000001,-5.841,-3.651,-31.57,0
1398294720633,41989963136000,171538052000001,-5.841,-3.651,-31.874,0
1398294720643,41989973146000,171538052000001,-5.841,-3.651,-31.874,0
1398294720653,41989983155000,171538052000001,-5.841,-3.651,-31.874,0
1398294720663,41989993196000,171538052000001,-5.841,-3.651,-31.874,0
1398294720675,41990003175000,171538052000001,-5.841,-3.651,-31.874,0
1398294720683,41990013185000,171538052000001,-5.841,-3.651,-31.874,0
1398294720694,41990023194000,171538052000001,-5.841,-3.651,-31.874,0
1398294720705,41990033204000,171538052000001,-5.841,-3.651,-31.874,0
1398294720718,41990043214000,171538052000001,-5.841,-3.651,-31.874,0
1398294720725,41990054780000,171538052000001,-5.841,-3.651,-31.874,0
1398294720733,41990063264000,171538052000001,-5.841,-3.346,-31.874,0
1398294720743,41990073243000,171538052000001,-5.841,-3.346,-31.874,0
1398294720753,41990083253000,171538052000001,-5.841,-3.346,-31.874,0
1398294720763,41990093263000,171538052000001,-5.841,-3.346,-31.874,0
1398294720774,41990103272000,171538052000001,-6.176,-3.346,-31.874,0
1398294720784,41990113282000,171538052000001,-6.176,-3.346,-31.874,0
1398294720793,41990123262000,171538052000001,-6.176,-3.346,-31.874,0
1398294720803,41990133241000,171538052000001,-6.176,-3.346,-31.874,0
1398294720813,41990143281000,171538052000001,-6.176,-3.346,-31.874,0
1398294720823,41990153260000,171538052000001,-6.176,-3.346,-31.874,0
1398294720833,41990163270000,171538052000001,-6.176,-3.346,-31.874,0
1398294720843,41990173341000,171538052000001,-6.176,-3.346,-31.874,0
1398294720853,41990183351000,171538052000001,-6.176,-3.346,-31.874,0
1398294720863,41990193391000,171538052000001,-6.176,-3.346,-31.874,0
1398294720878,41990203401000,171538052000001,-6.176,-3.346,-31.874,0
1398294720883,41990213380000,171538052000001,-6.176,-3.346,-31.874,0
1398294720899,41990223390000,171538052000001,-6.176,-3.346,-31.874,0
1398294720905,41990234956000,171538052000001,-6.176,-3.346,-31.874,0
1398294720913,41990243440000,171538052000001,-6.176,-3.346,-31.874,0
1398294720923,41990253419000,171538052000001,-6.176,-3.346,-31.874,0
1398294720933,41990263429000,171538052000001,-6.176,-3.346,-31.874,0
1398294720943,41990273439000,171538052000001,-5.834,-3.346,-31.874,0
1398294720953,41990283448000,171538052000001,-5.834,-3.346,-31.874,0
1398294720968,41990298066000,171538052000001,-5.834,-3.346,-31.874,0
1398294720973,41990303437000,171538052000001,-5.834,-3.346,-31.874,0
1398294720984,41990313478000,171538052000001,-5.834,-3.346,-31.874,0
1398294720994,41990323487000,171538052000001,-5.834,-3.346,-31.874,0
1398294721003,41990333497000,171538052000001,-5.505,-3.346,-31.874,0
1398294721014,41990343537000,171538052000001,-5.505,-3.346,-31.874,0
1398294721024,41990353517000,171538052000001,-5.505,-3.346,-31.874,0
1398294721034,41990363587000,171538052000001,-5.505,-3.346,-31.874,0
1398294721043,41990373536000,171538052000001,-5.505,-3.346,-31.874,0
1398294721053,41990383546000,171538052000001,-5.505,-3.346,-31.874,0
1398294721063,41990393556000,171538052000001,-5.505,-3.346,-31.874,0
1398294721073,41990403565000,171538052000001,-5.505,-3.662,-31.874,0
1398294721087,41990415162000,171538052000001,-5.505,-3.662,-31.874,0
1398294721094,41990423646000,171538052000001,-5.505,-3.662,-31.874,0
1398294721103,41990433595000,171538052000001,-5.186,-3.662,-31.874,0
1398294721114,41990443635000,171538052000001,-5.186,-3.662,-31.874,0
1398294721123,41990453645000,171538052000001,-5.186,-3.662,-31.874,0
1398294721133,41990463624000,171538052000001,-5.186,-3.662,-31.874,0
1398294721143,41990473634000,171538052000001,-5.186,-3.662,-31.874,0
1398294721153,41990483644000,171538052000001,-5.186,-3.662,-31.874,0
1398294721164,41990493653000,171538052000001,-5.186,-3.662,-31.874,0
1398294721173,41990503663000,171538052000001,-5.186,-3.662,-31.874,0
1398294721183,41990513673000,171538052000001,-5.186,-3.662,-31.874,0
1398294721193,41990523652000,171538052000001,-5.186,-3.662,-31.874,0
1398294721203,41990533662000,171538052000001,-5.186,-3.662,-31.874,0
1398294721214,41990543702000,171538052000001,-5.186,-3.662,-31.874,0
1398294721223,41990553712000,171538052000001,-5.186,-3.662,-31.874,0
1398294721234,41990563722000,171538052000001,-5.186,-3.662,-31.874,0
1398294721244,41990573762000,171538052000001,-5.186,-3.662,-31.874,0
1398294721253,41990583741000,171538052000001,-4.879,-3.662,-31.874,0
1398294721265,41990595307000,171538052000001,-4.879,-3.662,-31.874,0
1398294721277,41990607057000,171538052000001,-4.879,-3.662,-31.874,0
1398294721284,41990613710000,171538052000001,-4.879,-3.662,-31.874,0
1398294721294,41990623719000,171538052000001,-4.879,-3.662,-31.874,0
1398294721303,41990633729000,171538052000001,-4.879,-3.662,-31.874,0
1398294721317,41990643769000,171538052000001,-4.879,-3.662,-31.874,0
1398294721324,41990653779000,171538052000001,-4.879,-3.662,-31.874,0
1398294721334,41990663789000,171538052000001,-4.879,-3.662,-31.874,0
1398294721344,41990674043000,171538052000001,-4.879,-3.662,-31.874,0
1398294721354,41990683808000,171538052000001,-4.879,-3.662,-31.874,0
1398294721364,41990693818000,171538052000001,-4.879,-3.662,-31.874,0
1398294721374,41990703828000,171538052000001,-4.879,-3.662,-31.874,0
1398294721384,41990713807000,171538052000001,-4.879,-3.662,-31.874,0
1398294721394,41990723847000,171538052000001,-4.879,-3.662,-31.573,0
1398294721404,41990733827000,171538052000001,-4.879,-3.662,-31.573,0
1398294721414,41990743867000,171538052000001,-4.879,-3.988,-31.573,0
1398294721424,41990753877000,171538052000001,-4.879,-3.988,-31.573,0
1398294721434,41990763917000,171538052000001,-4.879,-3.988,-31.573,0
1398294721445,41990775422000,171538052000001,-4.879,-3.988,-31.573,0
1398294721454,41990783937000,171538052000001,-4.879,-3.988,-31.573,0
1398294721464,41990793885000,171538052000001,-4.879,-3.988,-31.573,0
1398294721474,41990803895000,171538052000001,-4.879,-4.313,-31.573,0
1398294721484,41990813935000,171538052000001,-4.879,-4.313,-31.573,0
1398294721494,41990823945000,171538052000001,-4.879,-4.313,-31.573,0
1398294721504,41990833955000,171538052000001,-4.522,-4.313,-31.573,0
1398294721514,41990843965000,171538052000001,-4.522,-4.618,-31.573,0
1398294721524,41990853974000,171538052000001,-4.522,-4.618,-31.573,0
1398294721534,41990863954000,171538052000001,-4.199,-4.618,-31.573,0
1398294721544,41990873994000,171538052000001,-4.199,-4.618,-31.573,0
1398294721556,41990883973000,171538052000001,-3.892,-4.969,-31.573,0
1398294721564,41990893983000,171538052000001,-3.892,-4.969,-31.573,0
1398294721579,41990908845000,171538052000001,-3.575,-4.969,-31.573,0
1398294721584,41990913972000,171538052000001,-3.575,-4.969,-31.573,0
1398294721594,41990924012000,171538052000001,-3.575,-4.969,-31.573,0
1398294721604,41990934053000,171538052000001,-3.23,-5.32,-31.573,0
1398294721614,41990944123000,171538052000001,-3.23,-5.32,-31.573,0
1398294721629,41990956056000,171538052000001,-3.23,-5.32,-31.573,0
1398294721634,41990964173000,171538052000001,-3.23,-5.32,-31.573,0
1398294721644,41990974122000,171538052000001,-3.23,-5.32,-31.573,0
1398294721654,41990984132000,171538052000001,-3.23,-5.32,-31.573,0
1398294721677,41990994996000,171538052000001,-3.23,-5.32,-31.573,0
1398294721679,41991004151000,171538052000001,-3.23,-5.32,-31.573,0
1398294721684,41991014161000,171538052000001,-3.23,-5.32,-31.573,0
1398294721694,41991024171000,171538052000001,-3.23,-5.32,-31.573,0
1398294721705,41991034181000,171538052000001,-3.23,-5.32,-31.573,0
1398294721714,41991044190000,171538052000001,-3.23,-5.32,-31.573,0
1398294721724,41991054170000,171538052000001,-3.23,-5.32,-31.573,0
1398294721734,41991064210000,171538052000001,-3.23,-5.32,-31.573,0
1398294721744,41991074189000,171538052000001,-3.23,-5.32,-31.573,0
1398294721754,41991084199000,171538052000001,-3.591,-5.32,-31.573,0
1398294721764,41991094209000,171538052000001,-3.591,-4.981,-31.573,0
1398294721774,41991104219000,171538052000001,-3.591,-4.981,-31.573,0
1398294721784,41991114228000,171538052000001,-3.591,-4.981,-31.573,0
1398294721794,41991124238000,171538052000001,-3.979,-4.981,-31.573,0
1398294721806,41991135804000,171538052000001,-3.979,-4.981,-31.573,0
1398294721814,41991144288000,171538052000001,-3.979,-4.981,-31.573,0
1398294721824,41991154298000,171538052000001,-3.979,-4.981,-31.573,0
1398294721834,41991164308000,171538052000001,-4.283,-4.672,-31.573,0
1398294721844,41991174317000,171538052000001,-4.283,-4.672,-31.573,0
1398294721854,41991184327000,171538052000001,-4.283,-4.672,-31.573,0
1398294721864,41991194337000,171538052000001,-4.283,-4.672,-31.573,0
1398294721874,41991204347000,171538052000001,-4.283,-4.672,-31.573,0
1398294721886,41991216432000,171538052000001,-4.283,-4.672,-31.573,0
1398294721894,41991224336000,171538052000001,-4.283,-4.672,-31.573,0
1398294721904,41991234345000,171538052000001,-4.283,-4.672,-31.573,0
1398294721914,41991244355000,171538052000001,-4.6,-4.672,-31.573,0
1398294721924,41991254548000,171538052000001,-4.6,-4.672,-31.573,0
1398294721936,41991265443000,171538052000001,-4.6,-4.672,-31.573,0
1398294721947,41991277040000,171538052000001,-4.997,-4.672,-31.573,0
1398294721959,41991288667000,171538052000001,-4.997,-4.37,-31.573,0
1398294721969,41991298616000,171538052000001,-4.997,-4.37,-31.573,0
1398294721979,41991308839000,171538052000001,-5.32,-4.37,-31.573,0
1398294721990,41991320222000,171538052000001,-5.32,-4.37,-31.573,0
1398294721997,41991327180000,171538052000001,-5.32,-4.37,-31.573,0
1398294722009,41991338655000,171538052000001,-5.639,-4.37,-31.573,0
1398294722018,41991347932000,171538052000001,-5.639,-4.37,-31.573,0
1398294722030,41991359254000,171538052000001,-5.639,-4.37,-31.573,0
1398294722038,41991368287000,171538052000001,-5.639,-4.37,-31.573,0
1398294722049,41991378419000,171538052000001,-5.639,-4.042,-31.573,0
1398294722059,41991388825000,171538052000001,-5.999,-4.042,-31.573,0
1398294722069,41991398927000,171538052000001,-5.999,-4.042,-31.573,0
1398294722079,41991408631000,171538052000001,-5.999,-4.042,-31.573,0
1398294722089,41991418916000,171538052000001,-5.999,-4.042,-31.573,0
1398294722099,41991429078000,171538052000001,-5.999,-4.042,-31.573,0
1398294722109,41991438600000,171538052000001,-5.999,-4.042,-31.573,0
1398294722117,41991446473000,171538052000001,-5.999,-4.042,-31.573,0
1398294722125,41991454621000,171538052000001,-5.999,-4.042,-31.573,0
1398294722135,41991464570000,171538052000001,-5.999,-4.042,-31.573,0
1398294722145,41991474580000,171538052000001,-5.999,-4.042,-31.573,0
1398294722155,41991484620000,171538052000001,-5.999,-4.042,-31.573,0
1398294722166,41991496156000,171538052000001,-5.999,-4.042,-31.573,0
1398294722175,41991504670000,171538052000001,-5.999,-4.042,-31.573,0
1398294722185,41991514619000,171538052000001,-5.661,-4.042,-31.573,0
1398294722200,41991529695000,171538052000001,-5.661,-4.042,-31.573,0
1398294722205,41991534608000,171538052000001,-5.661,-4.042,-31.573,0
1398294722215,41991544618000,171538052000001,-5.661,-4.042,-31.573,0
1398294722229,41991558717000,171538052000001,-5.342,-4.345,-31.573,0
1398294722239,41991569184000,171538052000001,-5.342,-4.345,-31.573,0
1398294722249,41991578736000,171538052000001,-5.342,-4.345,-31.573,0
1398294722260,41991589509000,171538052000001,-5.342,-4.345,-31.573,0
1398294722268,41991596803000,171538052000001,-5.342,-4.345,-31.573,0
1398294722290,41991605256000,171538052000001,-5.342,-4.345,-31.573,0
1398294722292,41991614747000,171538052000001,-5.342,-4.345,-31.573,0
1398294722296,41991624757000,171538052000001,-5.342,-4.345,-31.573,0
1398294722306,41991634767000,171538052000001,-5.342,-4.345,-31.573,0
1398294722315,41991645112000,171538052000001,-5.342,-4.345,-31.573,0
1398294722329,41991658998000,171538052000001,-5.342,-4.345,-31.573,0
1398294722339,41991669190000,171538052000001,-5.342,-4.345,-31.573,0
1398294722352,41991681275000,171538052000001,-5.342,-4.345,-31.573,0
1398294722357,41991686494000,171538052000001,-5.342,-4.345,-31.573,0
1398294722369,41991699006000,171538052000001,-5.342,-4.345,-31.573,0
1398294722379,41991709199000,171538052000001,-5.033,-4.345,-31.573,0
1398294722388,41991718141000,171538052000001,-5.033,-4.345,-31.573,0
1398294722400,41991730043000,171538052000001,-5.033,-4.345,-31.573,0
1398294722407,41991737153000,171538052000001,-5.033,-4.345,-31.573,0
1398294722419,41991748780000,171538052000001,-5.033,-4.345,-31.573,0
1398294722430,41991760072000,171538052000001,-5.033,-4.345,-31.573,0
1398294722439,41991768708000,171538052000001,-5.033,-4.345,-31.573,0
1398294722450,41991779908000,171538052000001,-5.033,-4.345,-31.573,0
1398294722461,41991787507000,171538052000001,-5.033,-4.345,-31.573,0
1398294722467,41991794892000,171538052000001,-5.033,-4.345,-31.573,0
1398294722476,41991804902000,171538052000001,-5.033,-4.345,-31.573,0
1398294722487,41991814942000,171538052000001,-5.033,-4.345,-31.573,0
1398294722533,41991825898000,171538052000001,-5.033,-4.345,-31.573,0
1398294722542,41991837525000,171538052000001,-5.033,-4.345,-31.573,0
1398294722545,41991844972000,171538052000001,-5.033,-4.345,-31.573,0
1398294722550,41991856507000,171538052000001,-5.033,-4.345,-31.573,0
1398294722557,41991865022000,171538052000001,-5.033,-4.345,-31.573,0
1398294722558,41991875001000,171538052000001,-5.033,-4.345,-31.573,0
1398294722561,41991885011000,171538052000001,-5.033,-4.345,-31.573,0
1398294722565,41991895021000,171538052000001,-5.033,-4.345,-31.573,0
1398294722575,41991905000000,171538052000001,-5.352,-4.345,-31.573,0
1398294722588,41991915010000,171538052000001,-5.352,-4.345,-31.573,0
1398294722595,41991925019000,171538052000001,-5.352,-4.345,-31.573,0
1398294722605,41991935029000,171538052000001,-5.352,-4.673,-31.573,0
1398294722615,41991945039000,171538052000001,-5.352,-4.673,-31.573,0
1398294722625,41991955018000,171538052000001,-5.352,-4.673,-31.573,0
1398294722638,41991965516000,171538052000001,-5.352,-4.673,-31.573,0
1398294722650,41991979402000,171538052000001,-5.352,-4.673,-31.573,0
1398294722656,41991986451000,171538052000001,-5.352,-4.673,-31.573,0
1398294722669,41991998689000,171538052000001,-5.352,-4.673,-31.573,0
1398294722678,41992007997000,171538052000001,-5.352,-4.673,-31.573,0
1398294722690,41992020387000,171538052000001,-5.352,-4.977,-31.573,0
1398294722699,41992028718000,171538052000001,-5.352,-4.977,-31.573,0
1398294722709,41992038667000,171538052000001,-5.352,-4.977,-31.573,0
1398294722720,41992049684000,171538052000001,-5.352,-4.977,-31.573,0
1398294722728,41992057527000,171538052000001,-5.352,-4.977,-31.573,0
1398294722740,41992070314000,171538052000001,-5.352,-4.977,-31.573,0
1398294722748,41992078645000,171538052000001,-5.352,-4.977,-31.573,0
1398294722760,41992089723000,171538052000001,-5.352,-4.977,-31.573,0
1398294722767,41992097291000,171538052000001,-5.352,-4.977,-31.573,0
1398294722782,41992111878000,171538052000001,-5.352,-5.287,-31.573,0
1398294722787,41992116883000,171538052000001,-5.352,-5.287,-31.573,0
1398294722801,41992130311000,171538052000001,-5.352,-5.287,-31.573,0
1398294722813,41992142823000,171538052000001,-5.352,-5.287,-31.573,0
1398294722816,41992145661000,171538052000001,-5.352,-5.287,-31.573,0
1398294722831,41992160554000,171538052000001,-5.677,-5.287,-31.573,0
1398294722839,41992168855000,171538052000001,-5.677,-5.287,-31.573,0
1398294722850,41992179963000,171538052000001,-5.677,-5.287,-31.573,0
1398294722859,41992188966000,171538052000001,-5.677,-5.287,-31.573,0
1398294722870,41992199678000,171538052000001,-5.677,-5.287,-31.573,0
1398294722879,41992208985000,171538052000001,-6.011,-5.287,-31.573,0
1398294722894,41992221681000,171538052000001,-6.011,-5.287,-31.573,0
1398294722896,41992226411000,171538052000001,-6.011,-5.287,-31.573,0
1398294722910,41992239900000,171538052000001,-6.011,-5.287,-31.573,0
1398294722918,41992248200000,171538052000001,-6.011,-4.978,-31.573,0
1398294722930,41992260041000,171538052000001,-6.011,-4.978,-31.573,0
1398294722938,41992268006000,171538052000001,-6.011,-4.978,-31.573,0
1398294722948,41992278443000,171538052000001,-6.011,-4.978,-31.573,0
1398294722960,41992289491000,171538052000001,-6.011,-4.978,-31.573,0
1398294722969,41992299409000,171538052000001,-6.011,-4.978,-31.573,0
1398294722977,41992307191000,171538052000001,-6.011,-4.978,-31.573,0
1398294722989,41992316743000,171538052000001,-6.011,-4.978,-31.573,0
1398294722995,41992325410000,171538052000001,-6.011,-4.978,-31.573,0
1398294723006,41992335389000,171538052000001,-6.011,-4.658,-31.573,0
1398294723016,41992345429000,171538052000001,-6.011,-4.658,-31.573,0
1398294723025,41992355439000,171538052000001,-6.011,-4.658,-31.573,0
1398294723035,41992365449000,171538052000001,-6.011,-4.658,-31.573,0
1398294723045,41992375459000,171538052000001,-6.011,-4.658,-31.573,0
1398294723055,41992385469000,171538052000001,-6.011,-4.658,-31.573,0
1398294723067,41992397004000,171538052000001,-6.011,-4.658,-31.573,0
1398294723076,41992405488000,171538052000001,-6.011,-4.658,-31.573,0
1398294723085,41992415467000,171538052000001,-6.011,-4.658,-31.573,0
1398294723101,41992430665000,171538052000001,-6.011,-4.658,-31.573,0
1398294723109,41992439302000,171538052000001,-6.011,-4.658,-31.573,0
1398294723124,41992453126000,171538052000001,-6.011,-4.295,-31.573,0
1398294723127,41992456605000,171538052000001,-5.711,-4.295,-31.573,0
1398294723141,41992470552000,171538052000001,-5.711,-4.295,-31.573,0
1398294723148,41992478089000,171538052000001,-5.711,-4.295,-31.573,0
1398294723161,41992490937000,171538052000001,-5.711,-4.295,-31.573,0
1398294723169,41992499085000,171538052000001,-5.711,-4.295,-31.573,0
1398294723180,41992509431000,171538052000001,-5.711,-4.295,-31.573,0
1398294723189,41992519319000,171538052000001,-5.711,-4.295,-31.573,0
1398294723200,41992529450000,171538052000001,-5.711,-4.295,-31.573,0
1398294723210,41992539704000,171538052000001,-5.711,-4.295,-31.573,0
1398294723217,41992545594000,171538052000001,-5.711,-3.994,-31.573,0
1398294723229,41992558198000,171538052000001,-5.711,-3.994,-31.573,0
1398294723240,41992565614000,171538052000001,-5.711,-3.994,-31.573,0
1398294723248,41992577210000,171538052000001,-5.711,-3.994,-31.573,0
1398294723257,41992585694000,171538052000001,-5.711,-3.994,-31.573,0
1398294723266,41992595613000,171538052000001,-5.711,-3.994,-31.573,0
1398294723280,41992605683000,171538052000001,-5.711,-3.994,-31.573,0
1398294723292,41992615663000,171538052000001,-5.711,-3.994,-31.573,0
1398294723296,41992625703000,171538052000001,-5.711,-3.994,-31.573,0
1398294723308,41992635682000,171538052000001,-5.711,-3.994,-31.573,0
1398294723320,41992645722000,171538052000001,-5.711,-3.994,-31.573,0
1398294723326,41992655702000,171538052000001,-5.711,-3.994,-31.573,0
1398294723336,41992665711000,171538052000001,-5.711,-3.994,-31.573,0
1398294723346,41992675721000,171538052000001,-5.711,-3.994,-31.573,0
1398294723362,41992691560000,171538052000001,-5.711,-3.994,-31.573,0
1398294723368,41992698152000,171538052000001,-5.711,-3.994,-31.573,0
1398294723381,41992711305000,171538052000001,-6.016,-3.994,-31.573,0
1398294723387,41992715760000,171538052000001,-6.016,-3.994,-31.573,0
1398294723402,41992730928000,171538052000001,-6.016,-3.994,-31.573,0
1398294723408,41992738374000,171538052000001,-6.016,-3.994,-31.573,0
1398294723419,41992748994000,171538052000001,-6.016,-3.994,-31.573,0
1398294723556,41992759584000,171538052000001,-6.016,-3.994,-31.573,0
1398294723557,41992765840000,171538052000001,-6.016,-3.994,-31.573,0
1398294723559,41992775819000,171538052000001,-6.016,-3.994,-31.573,0
1398294723561,41992786164000,171538052000001,-6.016,-3.994,-31.573,0
1398294723562,41992795838000,171538052000001,-6.016,-3.994,-31.573,0
1398294723563,41992805848000,171538052000001,-6.016,-3.994,-31.573,0
1398294723571,41992815858000,171538052000001,-6.016,-3.994,-31.573,0
1398294723573,41992825837000,171538052000001,-6.016,-3.994,-31.573,0
1398294723574,41992835847000,171538052000001,-6.016,-3.994,-31.573,0
1398294723576,41992845857000,171538052000001,-6.016,-3.994,-31.573,0
1398294723578,41992855866000,171538052000001,-6.016,-3.994,-31.573,0
1398294723579,41992865907000,171538052000001,-6.016,-3.994,-31.573,0
1398294723580,41992875886000,171538052000001,-6.016,-3.994,-31.573,0
1398294723582,41992895936000,171538052000001,-6.016,-3.994,-31.573,0
1398294723594,41992905946000,171538052000001,-6.016,-3.994,-31.573,0
1398294723596,41992915956000,171538052000001,-6.016,-3.994,-31.573,0
1398294723598,41992925935000,171538052000001,-6.016,-4.313,-31.573,0
1398294723607,41992937470000,171538052000001,-6.016,-4.313,-31.573,0
1398294723616,41992945985000,171538052000001,-6.016,-4.313,-31.573,0
1398294723626,41992955964000,171538052000001,-6.016,-4.313,-31.573,0
1398294723638,41992965974000,171538052000001,-6.016,-4.313,-31.573,0
1398294723647,41992975984000,171538052000001,-6.016,-4.313,-31.573,0
1398294723656,41992985993000,171538052000001,-6.016,-4.313,-31.573,0
1398294723666,41992996003000,171538052000001,-6.016,-4.313,-31.573,0
1398294723676,41993006013000,171538052000001,-6.016,-4.313,-31.573,0
1398294723686,41993015992000,171538052000001,-6.016,-4.313,-31.573,0
1398294723696,41993026033000,171538052000001,-6.016,-4.313,-31.573,0
1398294723706,41993036012000,171538052000001,-6.016,-4.313,-31.573,0
1398294723718,41993046052000,171538052000001,-6.016,-4.313,-31.573,0
1398294723726,41993056062000,171538052000001,-6.016,-4.313,-31.573,0
1398294723736,41993066072000,171538052000001,-6.016,-4.313,-31.573,0
1398294723746,41993076051000,171538052000001,-6.016,-4.313,-31.573,0
1398294723756,41993086061000,171538052000001,-6.016,-4.313,-31.573,0
1398294723766,41993096070000,171538052000001,-6.016,-4.313,-31.573,0
1398294723776,41993106111000,171538052000001,-6.016,-4.621,-31.573,0
1398294723787,41993117677000,171538052000001,-6.016,-4.621,-31.573,0
1398294723796,41993126161000,171538052000001,-6.336,-4.621,-31.266,0
1398294723806,41993136201000,171538052000001,-6.336,-4.621,-31.266,0
1398294723816,41993146150000,171538052000001,-6.336,-4.621,-31.266,0
1398294723826,41993156190000,171538052000001,-6.336,-4.621,-31.266,0
1398294723836,41993166200000,171538052000001,-6.336,-4.966,-31.266,0
1398294723846,41993176210000,171538052000001,-6.704,-4.966,-31.266,0
1398294723856,41993186219000,171538052000001,-6.704,-4.966,-31.266,0
1398294723866,41993196229000,171538052000001,-6.704,-4.966,-30.957,0
1398294723876,41993206239000,171538052000001,-6.704,-4.966,-30.957,0
1398294723886,41993216249000,171538052000001,-6.704,-5.27,-30.957,0
1398294723896,41993226258000,171538052000001,-6.704,-5.27,-30.957,0
1398294723906,41993236268000,171538052000001,-6.704,-5.27,-30.957,0
1398294723916,41993246278000,171538052000001,-6.704,-5.27,-30.957,0
1398294723926,41993256288000,171538052000001,-7.023,-5.27,-30.957,0
1398294723936,41993266297000,171538052000001,-7.023,-5.27,-30.957,0
1398294723949,41993278626000,171538052000001,-7.023,-5.27,-30.957,0
1398294723961,41993290925000,171538052000001,-7.023,-5.27,-30.957,0
1398294723972,41993301759000,171538052000001,-7.023,-5.27,-30.957,0
1398294723979,41993308717000,171538052000001,-7.023,-5.27,-30.957,0
1398294723993,41993322480000,171538052000001,-7.023,-5.27,-30.957,0
1398294723998,41993328492000,171538052000001,-7.023,-5.27,-30.957,0
1398294724013,41993343019000,171538052000001,-7.334,-5.27,-30.957,0
1398294724018,41993347901000,171538052000001,-7.334,-5.61,-30.957,0
1398294724037,41993366914000,171538052000001,-7.334,-5.61,-30.957,0
1398294724041,41993368714000,171538052000001,-7.334,-5.61,-30.957,0
1398294724050,41993378999000,171538052000001,-7.334,-5.61,-30.957,0
1398294724062,41993392335000,171538052000001,-7.334,-5.61,-30.957,0
1398294724068,41993397950000,171538052000001,-7.334,-5.61,-30.957,0
1398294724079,41993408876000,171538052000001,-7.334,-5.61,-30.957,0
1398294724093,41993422486000,171538052000001,-7.334,-5.61,-30.957,0
1398294724098,41993427857000,171538052000001,-7.334,-5.61,-30.957,0
1398294724114,41993443452000,171538052000001,-7.334,-5.61,-30.957,0
1398294724118,41993447877000,171538052000001,-7.334,-5.61,-30.957,0
1398294724133,41993463014000,171538052000001,-7.334,-5.61,-30.957,0
1398294724138,41993467835000,171538052000001,-7.334,-5.61,-30.957,0
1398294724151,41993478059000,171538052000001,-7.334,-5.61,-30.957,0
1398294724156,41993486543000,171538052000001,-7.334,-5.61,-30.957,0
1398294724167,41993496522000,171538052000001,-7.334,-5.61,-30.957,0
1398294724176,41993506501000,171538052000001,-7.334,-5.61,-30.957,0
1398294724187,41993516542000,171538052000001,-7.334,-5.61,-30.957,0
1398294724197,41993526551000,171538052000001,-7.334,-5.61,-30.957,0
1398294724207,41993536561000,171538052000001,-7.334,-5.61,-30.957,0
1398294724217,41993546571000,171538052000001,-7.69,-5.61,-30.957,0
1398294724227,41993556581000,171538052000001,-7.69,-5.61,-30.957,0
1398294724239,41993566621000,171538052000001,-7.69,-5.61,-30.957,0
1398294724274,41993576631000,171538052000001,-7.69,-5.61,-30.957,0
1398294724275,41993592317000,171538052000001,-7.69,-5.61,-30.957,0
1398294724277,41993596589000,171538052000001,-7.69,-5.61,-30.957,0
1398294724279,41993606660000,171538052000001,-7.69,-5.61,-30.957,0
1398294724311,41993616670000,171538052000001,-8.015,-5.61,-30.957,0
1398294724319,41993626679000,171538052000001,-8.015,-5.61,-30.957,0
1398294724321,41993636689000,171538052000001,-8.015,-5.61,-30.957,0
1398294724322,41993646668000,171538052000001,-8.015,-5.61,-30.957,0
1398294724355,41993658265000,171538052000001,-8.015,-5.61,-30.957,0
1398294724357,41993666749000,171538052000001,-8.015,-5.61,-30.957,0
1398294724358,41993680574000,171538052000001,-8.015,-5.31,-30.957,0
1398294724359,41993686708000,171538052000001,-8.015,-5.31,-30.957,0
1398294724373,41993696717000,171538052000001,-8.015,-5.31,-30.957,0
1398294724377,41993706727000,171538052000001,-8.015,-5.31,-30.957,0
1398294724387,41993716737000,171538052000001,-8.015,-5.31,-30.957,0
1398294724399,41993726716000,171538052000001,-8.015,-5.31,-30.957,0
1398294724407,41993736756000,171538052000001,-8.015,-5.31,-30.957,0
1398294724417,41993746766000,171538052000001,-8.015,-5.31,-30.957,0
1398294724427,41993756745000,171538052000001,-8.015,-5.31,-30.957,0
1398294724439,41993766786000,171538052000001,-8.015,-5.31,-30.957,0
1398294724448,41993776765000,171538052000001,-8.015,-5.31,-30.957,0
1398294724457,41993786805000,171538052000001,-8.015,-5.31,-30.957,0
1398294724470,41993796784000,171538052000001,-8.015,-5.31,-30.957,0
1398294724477,41993806825000,171538052000001,-8.015,-5.31,-30.957,0
1398294724488,41993816804000,171538052000001,-8.015,-5.31,-30.957,0
1398294724500,41993826875000,171538052000001,-8.015,-5.31,-30.957,0
1398294724509,41993838410000,171538052000001,-8.015,-5.31,-30.957,0
1398294724517,41993846894000,171538052000001,-8.015,-5.31,-30.957,0
1398294724527,41993856843000,171538052000001,-8.015,-5.31,-30.957,0
1398294724598,41993866883000,171538052000001,-8.015,-5.31,-30.957,0
1398294724600,41993876863000,171538052000001,-7.699,-5.31,-30.957,0
1398294724601,41993886903000,171538052000001,-7.699,-5.31,-30.957,0
1398294724603,41993896913000,171538052000001,-7.699,-4.995,-30.957,0
1398294724604,41993906892000,171538052000001,-7.699,-4.995,-30.957,0
1398294724606,41993916902000,171538052000001,-7.699,-4.995,-30.957,0
1398294724608,41993926911000,171538052000001,-7.699,-4.995,-30.957,0
1398294724609,41993936952000,171538052000001,-7.699,-4.995,-30.957,0
1398294724617,41993946961000,171538052000001,-7.699,-4.995,-30.957,0
1398294724627,41993956941000,171538052000001,-7.699,-4.995,-30.957,0
1398294724637,41993966950000,171538052000001,-7.699,-4.661,-30.957,0
1398294724647,41993976960000,171538052000001,-7.699,-4.661,-30.957,0
1398294724657,41993986970000,171538052000001,-7.397,-4.661,-30.957,0
1398294724667,41993996980000,171538052000001,-7.397,-4.661,-30.957,0
1398294724677,41994006990000,171538052000001,-7.397,-4.661,-30.957,0
1398294724688,41994018525000,171538052000001,-7.397,-4.353,-30.957,0
1398294724697,41994027009000,171538052000001,-7.397,-4.353,-30.957,0
1398294724707,41994036988000,171538052000001,-7.397,-4.353,-30.957,0
1398294724717,41994046998000,171538052000001,-7.397,-4.353,-30.957,0
1398294724727,41994057008000,171538052000001,-7.397,-4.353,-30.957,0
1398294724737,41994067018000,171538052000001,-7.397,-4.353,-30.957,0
1398294724747,41994077027000,171538052000001,-7.029,-4.051,-30.957,0
1398294724757,41994087037000,171538052000001,-7.029,-4.051,-31.269,0
1398294724767,41994097077000,171538052000001,-7.029,-4.051,-31.269,0
1398294724777,41994107087000,171538052000001,-7.029,-4.051,-31.269,0
1398294724787,41994117097000,171538052000001,-7.029,-4.051,-31.269,0
1398294724797,41994127107000,171538052000001,-7.029,-4.051,-31.269,0
1398294724807,41994137116000,171538052000001,-6.674,-4.051,-31.269,0
1398294724817,41994147096000,171538052000001,-6.674,-3.723,-31.269,0
1398294724827,41994157136000,171538052000001,-6.674,-3.723,-31.269,0
1398294724837,41994167115000,171538052000001,-6.674,-3.723,-31.269,0
1398294724847,41994177156000,171538052000001,-6.359,-3.723,-31.269,0
1398294724857,41994187165000,171538052000001,-6.359,-3.723,-31.269,0
1398294724869,41994198701000,171538052000001,-6.359,-3.723,-31.269,0
1398294724877,41994207215000,171538052000001,-6.015,-3.723,-31.269,0
1398294724890,41994219483000,171538052000001,-6.015,-3.723,-31.269,0
1398294724904,41994233491000,171538052000001,-6.015,-3.723,-31.269,0
1398294724908,41994238313000,171538052000001,-5.56,-3.723,-31.269,0
1398294724921,41994250550000,171538052000001,-5.56,-3.723,-31.269,0
1398294724933,41994262879000,171538052000001,-5.22,-3.723,-31.269,0
1398294724940,41994268647000,171538052000001,-5.22,-3.723,-31.269,0
1398294724953,41994282746000,171538052000001,-4.832,-3.723,-31.581,0
1398294724965,41994295014000,171538052000001,-4.09,-3.723,-31.581,0
1398294724969,41994298341000,171538052000001,-4.09,-3.723,-31.581,0
1398294724981,41994308869000,171538052000001,-4.09,-3.723,-31.581,0
1398294724993,41994322633000,171538052000001,-4.09,-3.723,-31.581,0
1398294724998,41994327760000,171538052000001,-4.09,-3.723,-31.581,0
1398294725016,41994337647000,171538052000001,-4.09,-3.723,-31.581,0
1398294725018,41994347383000,171538052000001,-3.709,-3.723,-31.922,0
1398294725028,41994357362000,171538052000001,-3.709,-3.723,-31.922,0
1398294725171,41994501008000,171538053000001,-3.282,-3.419,-31.922,0
1398294725180,41994508485000,171538053000001,-3.282,-3.419,-32.243,0
1398294725189,41994518495000,171538053000001,-3.282,-3.094,-32.243,0
1398294725199,41994528474000,171538053000001,-3.282,-3.094,-32.243,0
1398294725208,41994538484000,171538053000001,-3.282,-2.769,-32.243,0
1398294725218,41994548493000,171538053000001,-3.282,-2.769,-32.243,0
1398294725230,41994560090000,171538053000001,-3.282,-2.418,-32.243,0
1398294725238,41994568543000,171538053000001,-3.282,-2.418,-32.243,0
1398294725248,41994578523000,171538053000001,-3.282,-2.096,-32.55,0
1398294725258,41994588533000,171538053000001,-3.282,-2.096,-32.55,0
1398294725274,41994603486000,171538053000001,-3.282,-1.771,-32.55,0
1398294725279,41994608491000,171538053000001,-3.282,-1.771,-32.55,0
1398294725289,41994618531000,171538053000001,-3.282,-1.458,-32.55,0
1398294725299,41994628572000,171538053000001,-3.282,-1.458,-32.55,0
1398294725309,41994638551000,171538053000001,-3.695,-1.458,-32.55,0
1398294725319,41994648561000,171538053000001,-3.695,-1.052,-32.55,0
1398294725328,41994658570000,171538053000001,-3.695,-1.052,-32.55,0
1398294725338,41994668580000,171538053000001,-3.695,-1.052,-32.55,0
1398294725349,41994678590000,171538053000001,-3.695,-0.746,-32.55,0
1398294725359,41994688600000,171538053000001,-4.101,-0.746,-32.55,0
1398294725369,41994698609000,171538053000001,-4.101,-0.746,-32.55,0
1398294725378,41994708619000,171538053000001,-4.101,-0.746,-32.55,0
1398294725389,41994718629000,171538053000001,-4.101,-0.746,-32.55,0
1398294725398,41994728639000,171538053000001,-4.101,-0.746,-32.55,0
1398294725410,41994740205000,171538053000001,-4.101,-0.746,-32.55,0
1398294725419,41994748719000,171538053000001,-4.101,-0.746,-32.55,0
1398294725428,41994758668000,171538053000001,-4.101,-0.746,-32.55,0
1398294725439,41994768678000,171538053000001,-4.423,-0.746,-32.55,0
1398294725448,41994778688000,171538053000001,-4.423,-0.746,-32.55,0
1398294725459,41994788697000,171538053000001,-4.423,-0.746,-32.234,0
1398294725469,41994798707000,171538053000001,-4.423,-1.11,-32.234,0
1398294725479,41994808717000,171538053000001,-4.423,-1.11,-32.234,0
1398294725489,41994818727000,171538053000001,-4.423,-1.411,-32.234,0
1398294725499,41994828736000,171538053000001,-4.423,-1.411,-32.234,0
1398294725509,41994838746000,171538053000001,-4.423,-1.756,-31.889,0
1398294725519,41994848756000,171538053000001,-4.423,-1.756,-31.889,0
1398294725529,41994858766000,171538053000001,-4.423,-2.133,-31.889,0
1398294725539,41994868775000,171538053000001,-4.423,-2.632,-31.889,0
1398294725549,41994878785000,171538053000001,-4.423,-3.041,-31.501,0
1398294725559,41994888795000,171538053000001,-4.423,-3.594,-31.501,0
1398294725569,41994898805000,171538053000001,-4.423,-3.907,-31.501,0
1398294725579,41994908814000,171538053000001,-4.423,-4.281,-31.198,0
1398294725595,41994924165000,171538053000001,-4.731,-4.281,-31.198,0
1398294725600,41994929902000,171538053000001,-4.731,-4.623,-31.198,0
1398294725610,41994940248000,171538053000001,-4.731,-5.07,-30.883,0
1398294725625,41994955232000,171538053000001,-4.731,-5.07,-30.883,0
1398294725630,41994959352000,171538053000001,-5.055,-5.07,-30.883,0
1398294725641,41994970918000,171538053000001,-5.055,-5.484,-30.569,0
1398294725655,41994985292000,171538053000001,-5.055,-5.484,-30.569,0
1398294725660,41994989411000,171538053000001,-5.383,-5.484,-30.569,0
1398294725669,41994998994000,171538053000001,-5.383,-5.484,-30.569,0
1398294725680,41995009004000,171538053000001,-5.723,-5.484,-30.125,0
1398294725689,41995019013000,171538053000001,-5.723,-5.802,-30.125,0
1398294725699,41995028993000,171538053000001,-6.089,-5.802,-30.125,0
1398294725709,41995039002000,171538053000001,-6.089,-6.161,-29.762,0
1398294725719,41995049012000,171538053000001,-6.463,-6.161,-29.762,0
1398294725729,41995059022000,171538053000001,-6.463,-6.506,-29.762,0
1398294725739,41995069062000,171538053000001,-6.793,-6.506,-29.45,0
1398294725749,41995079042000,171538053000001,-6.793,-6.861,-29.45,0
1398294725759,41995089082000,171538053000001,-6.793,-6.861,-29.45,0
1398294725772,41995101045000,171538053000001,-7.205,-7.192,-29.078,0
1398294725785,41995115296000,171538053000001,-7.205,-7.192,-29.078,0
1398294725791,41995121308000,171538053000001,-7.205,-7.553,-29.078,0
1398294725806,41995135591000,171538053000001,-7.205,-7.553,-28.73,0
1398294725811,41995140626000,171538053000001,-7.551,-7.893,-28.73,0
1398294725825,41995155366000,171538053000001,-7.551,-7.893,-28.73,0
1398294725831,41995161378000,171538053000001,-7.551,-7.893,-28.73,0
1398294725844,41995173554000,171538053000001,-7.551,-8.267,-28.364,0
1398294725855,41995184754000,171538053000001,-7.551,-8.267,-28.364,0
1398294725861,41995190949000,171538053000001,-7.878,-8.267,-28.364,0
1398294725873,41995202851000,171538053000001,-7.878,-8.645,-28.364,0
1398294725883,41995212495000,171538053000001,-7.878,-8.645,-28.364,0
1398294725895,41995223603000,171538053000001,-7.878,-8.645,-28.364,0
1398294725901,41995230348000,171538053000001,-7.878,-8.985,-28.018,0
1398294725913,41995242951000,171538053000001,-7.878,-8.985,-28.018,0
1398294725922,41995252290000,171538053000001,-7.878,-8.985,-28.018,0
1398294725932,41995262330000,171538053000001,-7.878,-9.368,-28.018,0
1398294725941,41995271272000,171538053000001,-8.216,-9.368,-27.653,0
1398294725953,41995282624000,171538053000001,-8.216,-9.368,-27.653,0
1398294725963,41995292512000,171538053000001,-8.216,-9.677,-27.653,0
1398294725972,41995302400000,171538053000001,-8.546,-9.677,-27.339,0
1398294725982,41995312318000,171538053000001,-8.546,-9.677,-27.339,0
1398294725996,41995325593000,171538053000001,-8.956,-9.677,-27.035,0
1398294726001,41995331483000,171538053000001,-9.355,-10.035,-26.338,0
1398294726016,41995345735000,171538053000001,-9.742,-10.035,-25.91,0
1398294726021,41995351289000,171538053000001,-9.742,-10.035,-25.477,0
1398294726035,41995364472000,171538053000001,-9.742,-10.035,-25.477,0
1398294726043,41995373170000,171538053000001,-9.742,-10.45,-25.953,0
1398294726059,41995379396000,171538053000001,-9.742,-10.45,-25.953,0
1398294726061,41995389344000,171538053000001,-9.742,-10.45,-25.953,0
1398294726070,41995399415000,171538053000001,-10.113,-10.45,-25.953,0
1398294726082,41995411714000,171538053000001,-10.113,-10.45,-25.953,0
1398294726096,41995426118000,171538053000001,-10.113,-10.803,-25.576,0
1398294726101,41995431001000,171538053000001,-10.113,-10.803,-25.576,0
1398294726116,41995445649000,171538053000001,-10.113,-10.803,-25.576,0
1398294726122,41995451661000,171538053000001,-10.427,-10.803,-25.576,0
1398294726136,41995466004000,171538053000001,-10.427,-10.803,-25.576,0
1398294726141,41995471192000,171538053000001,-10.427,-10.803,-25.576,0
1398294726156,41995485688000,171538053000001,-10.427,-10.803,-25.576,0
1398294726163,41995489442000,171538053000001,-10.427,-10.803,-25.576,0
1398294726170,41995499482000,171538053000001,-10.427,-10.803,-25.576,0
1398294726182,41995509492000,171538053000001,-10.427,-10.803,-25.576,0
1398294726193,41995523255000,171538053000001,-10.427,-10.803,-25.941,0
1398294726200,41995529817000,171538053000001,-10.049,-10.803,-25.941,0
1398294726210,41995539491000,171538053000001,-10.049,-10.441,-26.243,0
1398294726220,41995549653000,171538053000001,-10.049,-10.441,-26.243,0
1398294726229,41995559510000,171538053000001,-10.049,-10.441,-26.243,0
1398294726240,41995569520000,171538053000001,-9.713,-10.441,-26.243,0
1398294726250,41995579530000,171538053000001,-9.713,-10.441,-26.603,0
1398294726261,41995589540000,171538053000001,-9.713,-10.441,-26.603,0
1398294726276,41995605470000,171538053000001,-9.713,-10.441,-26.603,0
1398294726281,41995610566000,171538053000001,-9.713,-10.441,-26.603,0
1398294726296,41995625825000,171538053000001,-9.371,-10.441,-26.603,0
1398294726302,41995631745000,171538053000001,-9.371,-10.441,-26.603,0
1398294726316,41995646241000,171538053000001,-9.371,-10.441,-26.603,0
1398294726321,41995651277000,171538053000001,-9.371,-10.441,-26.603,0
1398294726336,41995665864000,171538053000001,-9.371,-10.441,-26.603,0
1398294726342,41995671876000,171538053000001,-9.371,-10.441,-26.603,0
1398294726356,41995686128000,171538053000001,-9.371,-10.441,-26.603,0
1398294726361,41995691194000,171538053000001,-9.371,-10.833,-26.603,0
1398294726376,41995705934000,171538053000001,-9.371,-10.833,-26.603,0
1398294726382,41995711915000,171538053000001,-9.371,-10.833,-26.603,0
1398294726396,41995725831000,171538053000001,-9.371,-10.833,-26.603,0
1398294726403,41995732514000,171538053000001,-9.371,-11.216,-26.296,0
1398294726416,41995745820000,171538053000001,-9.371,-11.216,-26.296,0
1398294726422,41995751832000,171538053000001,-9.371,-11.216,-26.296,0
1398294726435,41995764985000,171538053000001,-9.371,-11.517,-26.296,0
1398294726443,41995773164000,171538053000001,-9.371,-11.517,-26.296,0
1398294726455,41995785249000,171538053000001,-9.371,-11.517,-25.996,0
1398294726463,41995793366000,171538053000001,-9.371,-11.828,-25.996,0
1398294726472,41995801393000,171538053000001,-9.371,-11.828,-25.996,0
1398294726482,41995811769000,171538053000001,-9.371,-11.828,-25.65,0
1398294726495,41995824708000,171538053000001,-9.371,-11.828,-25.65,0
1398294726508,41995836976000,171538053000001,-9.371,-12.171,-25.65,0
1398294726512,41995841889000,171538053000001,-9.371,-12.171,-25.344,0
1398294726523,41995852510000,171538053000001,-9.371,-12.171,-25.344,0
1398294726534,41995863496000,171538053000001,-9.371,-12.171,-25.344,0
1398294726541,41995870881000,171538053000001,-9.371,-12.49,-25.344,0
1398294726555,41995884828000,171538053000001,-9.371,-12.49,-24.969,0
1398294726561,41995890931000,171538053000001,-9.371,-12.49,-24.969,0
1398294726576,41995905610000,171538053000001,-9.371,-12.49,-24.969,0
1398294726581,41995910951000,171538053000001,-9.371,-12.834,-24.969,0
1398294726595,41995925324000,171538053000001,-9.371,-12.834,-24.583,0
1398294726604,41995933534000,171538053000001,-9.371,-12.834,-24.583,0
1398294726616,41995945649000,171538053000001,-9.371,-12.834,-24.583,0
1398294726622,41995952424000,171538053000001,-9.371,-12.834,-24.583,0
1398294726636,41995966340000,171538053000001,-9.371,-12.834,-24.583,0
1398294726641,41995971467000,171538053000001,-9.371,-12.834,-24.583,0
1398294726656,41995986207000,171538053000001,-9.371,-12.834,-24.583,0
1398294726662,41995991517000,171538053000001,-9.371,-12.834,-24.583,0
1398294726674,41996003755000,171538053000001,-9.371,-12.834,-24.583,0
1398294726681,41996010255000,171538053000001,-9.371,-12.834,-24.583,0
1398294726691,41996019929000,171538053000001,-9.371,-12.834,-24.583,0
1398294726700,41996029939000,171538053000001,-9.371,-12.834,-24.583,0
1398294726710,41996039949000,171538053000001,-9.371,-12.834,-24.583,0
1398294726720,41996049958000,171538053000001,-9.371,-12.834,-24.942,0
1398294726730,41996059968000,171538053000001,-9.063,-12.834,-24.942,0
1398294726740,41996069978000,171538053000001,-9.063,-12.834,-24.942,0
1398294726750,41996079988000,171538053000001,-9.063,-12.834,-25.247,0
1398294726760,41996090028000,171538053000001,-9.063,-12.435,-25.247,0
1398294726771,41996100038000,171538053000001,-9.063,-12.435,-25.247,0
1398294726782,41996111390000,171538053000001,-9.063,-12.117,-25.566,0
1398294726792,41996121766000,171538053000001,-8.732,-12.117,-25.566,0
1398294726804,41996133668000,171538053000001,-8.732,-11.761,-25.95,0
1398294726817,41996144868000,171538053000001,-8.732,-11.761,-25.95,0
1398294726821,41996150544000,171538053000001,-8.732,-11.259,-25.95,0
1398294726836,41996165498000,171538053000001,-8.732,-10.902,-26.325,0
1398294726842,41996172273000,171538053000001,-8.732,-10.902,-26.325,0
1398294726854,41996183961000,171538053000001,-8.732,-10.902,-26.325,0
1398294726863,41996193116000,171538053000001,-8.732,-10.902,-26.693,0
1398294726872,41996201814000,171538053000001,-8.732,-10.531,-26.693,0
1398294726886,41996216401000,171538053000001,-8.732,-10.531,-26.693,0
1398294726892,41996222383000,171538053000001,-8.732,-10.531,-27.001,0
1398294726906,41996236390000,171538053000001,-8.732,-10.069,-27.001,0
1398294726912,41996242341000,171538053000001,-8.732,-10.069,-27.001,0
1398294726927,41996256593000,171538053000001,-8.732,-10.069,-27.001,0
1398294726932,41996262116000,171538053000001,-8.732,-9.719,-27.368,0
1398294726943,41996272828000,171538053000001,-8.732,-9.719,-27.368,0
1398294726957,41996286866000,171538053000001,-8.732,-9.719,-27.368,0
1398294726962,41996291688000,171538053000001,-8.732,-9.719,-27.368,0
1398294726977,41996306520000,171538053000001,-8.732,-9.719,-27.368,0
1398294726982,41996312501000,171538053000001,-8.732,-9.719,-27.368,0
1398294726997,41996326692000,171538053000001,-8.732,-9.719,-27.368,0
1398294727002,41996331758000,171538053000001,-9.042,-9.719,-27.368,0
1398294727017,41996346528000,171538053000001,-9.042,-9.719,-27.368,0
1398294727021,41996351136000,171538053000001,-9.042,-9.719,-27.049,0
1398294727034,41996364289000,171538053000001,-9.042,-9.719,-27.049,0
1398294727042,41996372285000,171538053000001,-9.39,-9.719,-27.049,0
1398294727057,41996386659000,171538053000001,-9.39,-9.719,-27.049,0
1398294727062,41996391816000,171538053000001,-9.39,-9.719,-26.718,0
1398294727078,41996401795000,171538053000001,-9.725,-9.719,-26.718,0
1398294727084,41996410646000,171538053000001,-9.725,-9.719,-26.718,0
1398294727096,41996423188000,171538053000001,-9.725,-9.719,-26.325,0
1398294727103,41996430696000,171538053000001,-10.058,-9.719,-26.325,0
1398294727125,41996442048000,171538053000001,-10.058,-10.063,-26.325,0
1398294727131,41996451814000,171538053000001,-10.058,-10.063,-25.936,0
1398294727136,41996460603000,171538053000001,-10.423,-10.063,-25.936,0
1398294727144,41996471284000,171538053000001,-10.423,-10.063,-25.936,0
1398294727155,41996482911000,171538053000001,-10.423,-10.063,-25.558,0
1398294727164,41996490663000,171538053000001,-10.746,-10.063,-25.558,0
1398294727175,41996502046000,171538053000001,-10.746,-10.063,-25.558,0
1398294727195,41996510652000,171538053000001,-10.746,-10.063,-25.558,0
1398294727201,41996520692000,171538053000001,-10.746,-10.063,-25.245,0
1398294727207,41996530702000,171538053000001,-10.746,-10.063,-25.245,0
1398294727215,41996542329000,171538053000001,-11.082,-10.063,-25.245,0
1398294727223,41996550752000,171538053000001,-11.082,-10.063,-25.245,0
1398294727233,41996560762000,171538053000001,-11.082,-10.379,-25.245,0
1398294727243,41996570741000,171538053000001,-11.082,-10.379,-24.897,0
1398294727253,41996580781000,171538053000001,-11.082,-10.379,-24.897,0
1398294727263,41996590791000,171538053000001,-11.082,-10.379,-24.897,0
1398294727273,41996600801000,171538053000001,-11.082,-10.379,-24.897,0
1398294727289,41996610749000,171538053000001,-11.082,-10.379,-24.897,0
1398294727307,41996620820000,171538053000001,-11.082,-10.379,-24.897,0
1398294727316,41996630799000,171538053000001,-11.082,-10.379,-24.897,0
1398294727323,41996640809000,171538053000001,-11.082,-10.379,-24.897,0
1398294727328,41996650819000,171538053000001,-11.082,-10.379,-24.897,0
1398294727335,41996660798000,171538053000001,-11.082,-10.379,-24.897,0
1398294727342,41996671540000,171538053000001,-11.082,-10.379,-24.897,0
1398294727354,41996684205000,171538053000001,-11.082,-10.379,-24.897,0
1398294727364,41996694184000,171538053000001,-11.082,-10.685,-24.897,0
1398294727374,41996704164000,171538053000001,-11.082,-10.685,-24.897,0
1398294727386,41996712159000,171538053000001,-11.082,-10.685,-24.897,0
1398294727396,41996724275000,171538053000001,-11.082,-10.685,-24.897,0
1398294727403,41996731538000,171538053000001,-11.082,-10.685,-24.897,0
1398294727427,41996747041000,171538053000001,-11.082,-10.685,-24.897,0
1398294727434,41996756898000,171538053000001,-11.082,-10.685,-24.897,0
1398294727437,41996761293000,171538053000001,-11.082,-10.685,-24.897,0
1398294727446,41996770814000,171538053000001,-11.082,-10.685,-24.897,0
1398294727453,41996781129000,171538053000001,-11.082,-10.685,-24.897,0
1398294727465,41996793244000,171538053000001,-11.082,-10.685,-24.897,0
1398294727475,41996803620000,171538053000001,-11.082,-10.685,-24.897,0
1398294727485,41996813020000,171538053000001,-11.082,-10.685,-24.897,0
1398294727493,41996821900000,171538053000001,-11.082,-10.685,-24.897,0
1398294727506,41996834321000,171538053000001,-11.082,-10.685,-24.897,0
1398294727513,41996841767000,171538053000001,-11.082,-10.685,-24.897,0
1398294727526,41996854676000,171538053000001,-11.082,-10.685,-24.897,0
1398294727534,41996862519000,171538053000001,-11.082,-10.685,-24.897,0
1398294727545,41996872804000,171538053000001,-11.082,-10.685,-24.897,0
1398294727554,41996881684000,171538053000001,-11.082,-10.685,-24.897,0
1398294727565,41996891908000,171538053000001,-11.082,-10.685,-24.897,0
1398294727577,41996903962000,171538053000001,-10.762,-10.685,-24.897,0
1398294727584,41996911103000,171538053000001,-10.762,-10.685,-24.897,0
1398294727597,41996924867000,171538053000001,-10.762,-10.685,-24.897,0
1398294727604,41996931062000,171538053000001,-10.762,-10.685,-25.212,0
1398294727617,41996944947000,171538053000001,-10.762,-10.685,-25.212,0
1398294727625,41996951081000,171538053000001,-10.438,-10.685,-25.212,0
1398294727635,41996962983000,171538053000001,-10.438,-10.685,-25.212,0
1398294727645,41996972840000,171538053000001,-10.438,-10.685,-25.212,0
1398294727656,41996983827000,171538053000001,-10.119,-10.685,-25.553,0
1398294727664,41996991609000,171538053000001,-10.119,-10.685,-25.553,0
1398294727675,41997002015000,171538053000001,-10.119,-10.685,-25.553,0
1398294727694,41997011170000,171538053000001,-10.119,-10.685,-25.553,0
1398294727702,41997021180000,171538053000001,-10.119,-10.685,-25.553,0
1398294727708,41997031190000,171538053000001,-10.119,-10.685,-25.92,0
1398294727715,41997041200000,171538053000001,-9.785,-10.685,-25.92,0
1398294727742,41997051271000,171538053000001,-9.785,-10.685,-25.92,0
1398294727744,41997065583000,171538053000001,-9.785,-10.685,-25.92,0
1398294727746,41997074128000,171538053000001,-9.785,-10.685,-25.92,0
1398294727753,41997082521000,171538053000001,-9.785,-10.685,-25.92,0
1398294727761,41997091004000,171538053000001,-9.785,-10.685,-25.92,0
1398294727771,41997100984000,171538053000001,-9.785,-10.685,-25.92,0
1398294727781,41997111207000,171538053000001,-9.785,-10.316,-26.235,0
1398294727794,41997122468000,171538053000001,-9.785,-10.316,-26.235,0
1398294727804,41997133515000,171538053000001,-9.785,-10.316,-26.235,0
1398294727816,41997144929000,171538053000001,-9.785,-10.316,-26.235,0
1398294727825,41997153657000,171538053000001,-9.785,-10.316,-26.235,0
1398294727836,41997165040000,171538053000001,-9.785,-10.316,-26.235,0
1398294727844,41997173493000,171538053000001,-9.785,-10.316,-26.235,0
1398294727856,41997185060000,171538053000001,-9.455,-10.316,-26.235,0
1398294727864,41997193574000,171538053000001,-9.455,-10.316,-26.235,0
1398294727876,41997205049000,171538053000001,-9.455,-10.316,-26.235,0
1398294727886,41997214936000,171538053000001,-9.455,-10.316,-26.544,0
1398294727894,41997223420000,171538053000001,-9.455,-10.316,-26.544,0
1398294727907,41997236024000,171538053000001,-9.455,-10.316,-26.544,0
1398294727914,41997243196000,171538053000001,-9.455,-10.316,-26.544,0
1398294727926,41997254975000,171538053000001,-9.132,-10.316,-26.544,0
1398294727938,41997266480000,171538053000001,-9.132,-10.316,-26.544,0
1398294727945,41997271272000,171538053000001,-9.132,-10.316,-26.544,0
1398294727957,41997284028000,171538053000001,-9.132,-10.316,-26.544,0
1398294727964,41997291505000,171538053000001,-9.132,-10.316,-26.544,0
1398294727978,41997305238000,171538053000001,-9.132,-10.316,-26.85,0
1398294727984,41997311433000,171538053000001,-8.828,-10.316,-26.85,0
1398294727997,41997324922000,171538053000001,-8.828,-10.316,-26.85,0
1398294728006,41997331452000,171538053000001,-8.828,-10.316,-26.85,0
1398294728014,41997341645000,171538053000001,-8.828,-10.316,-26.85,0
1398294728026,41997354035000,171538053000001,-8.828,-10.316,-26.85,0
1398294728050,41997363374000,171538053000001,-8.828,-10.316,-26.85,0
1398294728056,41997373017000,171538053000001,-8.828,-10.316,-26.85,0
1398294728063,41997381501000,171538053000001,-8.828,-10.316,-26.85,0
1398294728068,41997391511000,171538053000001,-9.141,-10.316,-26.85,0
1398294728074,41997401521000,171538053000001,-9.141,-10.316,-26.85,0
1398294728086,41997414125000,171538053000001,-9.141,-10.316,-26.85,0
1398294728095,41997422883000,171538053000001,-9.141,-10.316,-26.85,0
1398294728106,41997433534000,171538053000001,-9.542,-10.316,-26.85,0
1398294728117,41997444123000,171538053000001,-9.542,-10.316,-26.85,0
1398294728124,41997451936000,171538053000001,-9.542,-10.316,-26.85,0
1398294728137,41997465089000,171538053000001,-9.542,-10.316,-26.538,0
1398294728144,41997471589000,171538053000001,-9.869,-10.316,-26.538,0
1398294728157,41997484162000,171538053000001,-9.869,-10.316,-26.538,0
1398294728164,41997491609000,171538053000001,-9.869,-10.316,-26.538,0
1398294728175,41997502107000,171538053000001,-9.869,-10.316,-26.538,0
1398294728187,41997514131000,171538053000001,-9.869,-10.316,-26.538,0
1398294728207,41997521668000,171538053000001,-9.869,-10.316,-26.538,0
1398294728214,41997531709000,171538053000001,-9.869,-10.316,-26.538,0
1398294728220,41997541780000,171538053000001,-9.869,-10.316,-26.538,0
1398294728226,41997551667000,171538053000001,-9.869,-10.316,-26.538,0
1398294728234,41997561708000,171538053000001,-9.869,-10.316,-26.538,0
1398294728244,41997571717000,171538053000001,-10.183,-10.316,-26.538,0
1398294728254,41997581758000,171538053000001,-10.183,-10.316,-26.538,0
1398294728264,41997591767000,171538053000001,-10.183,-10.316,-26.538,0
1398294728274,41997601777000,171538053000001,-10.183,-10.316,-26.538,0
1398294728284,41997611756000,171538053000001,-10.183,-10.316,-26.538,0
1398294728296,41997623262000,171538053000001,-10.183,-10.316,-26.214,0
1398294728306,41997631837000,171538053000001,-10.183,-10.316,-26.214,0
1398294728317,41997644960000,171538053000001,-10.183,-10.316,-26.214,0
1398294728325,41997652497000,171538053000001,-10.183,-10.316,-26.214,0
1398294728340,41997665925000,171538053000001,-10.183,-10.316,-26.214,0
1398294728348,41997673585000,171538053000001,-10.183,-10.316,-26.214,0
1398294728356,41997681855000,171538053000001,-10.183,-10.316,-26.214,0
1398294728366,41997693238000,171538053000001,-10.183,-10.316,-26.214,0
1398294728377,41997704316000,171538053000001,-10.183,-10.316,-26.214,0
1398294728384,41997711885000,171538053000001,-10.183,-10.316,-26.214,0
1398294728396,41997724031000,171538053000001,-10.183,-10.316,-26.214,0
1398294728405,41997733216000,171538053000001,-10.183,-10.316,-26.214,0
1398294728416,41997743836000,171538053000001,-10.183,-10.316,-26.214,0
1398294728426,41997753358000,171538053000001,-10.183,-10.316,-26.214,0
1398294728437,41997764253000,171538053000001,-10.183,-10.316,-26.214,0
1398294728477,41997771882000,171538053000001,-10.183,-10.316,-26.214,0
1398294728485,41997781892000,171538053000001,-10.183,-10.316,-26.214,0
1398294728494,41997791932000,171538053000001,-10.183,-10.316,-26.214,0
1398294728496,41997803529000,171538053000001,-10.183,-10.316,-26.214,0
1398294728497,41997811921000,171538053000001,-10.183,-10.316,-26.214,0
1398294728499,41997821931000,171538053000001,-10.183,-10.316,-26.214,0
1398294728502,41997832124000,171538053000001,-10.183,-10.316,-26.214,0
1398294728515,41997845277000,171538053000001,-10.183,-10.316,-26.214,0
1398294728527,41997856751000,171538053000001,-10.183,-10.316,-26.214,0
1398294728536,41997865602000,171538053000001,-9.875,-10.316,-26.214,0
1398294728547,41997876985000,171538053000001,-9.875,-10.316,-26.214,0
1398294728554,41997884248000,171538053000001,-9.875,-10.316,-26.214,0
1398294728569,41997898408000,171538053000001,-9.875,-10.316,-26.214,0
1398294728575,41997902040000,171538053000001,-9.875,-10.316,-26.214,0
1398294728585,41997913362000,171538053000001,-9.875,-10.316,-26.214,0
1398294728595,41997923310000,171538053000001,-9.875,-10.316,-26.214,0
1398294728607,41997935212000,171538053000001,-9.875,-10.316,-26.214,0
1398294728614,41997942475000,171538053000001,-9.875,-10.316,-26.214,0
1398294728627,41997956056000,171538053000001,-9.875,-10.316,-26.214,0
1398294728635,41997962556000,171538053000001,-9.875,-10.316,-26.214,0
1398294728661,41997978547000,171538053000001,-9.875,-10.316,-26.214,0
1398294728668,41997989015000,171538053000001,-9.875,-10.638,-26.214,0
1398294728677,41997992189000,171538053000001,-9.875,-10.638,-26.214,0
1398294728685,41998002229000,171538053000001,-9.875,-10.638,-26.214,0
1398294728687,41998012208000,171538053000001,-9.875,-10.638,-26.214,0
1398294728695,41998024690000,171538053000001,-9.875,-10.638,-26.214,0
1398294728706,41998032624000,171538053000001,-9.875,-10.638,-26.214,0
1398294728712,41998041902000,171538053000001,-9.875,-10.638,-26.214,0
1398294728722,41998051881000,171538053000001,-9.875,-10.638,-26.214,0
1398294728734,41998062318000,171538053000001,-9.875,-10.638,-26.214,0
1398294728744,41998072145000,171538053000001,-9.875,-10.638,-25.871,0
1398294728753,41998082032000,171538053000001,-9.875,-10.638,-25.871,0
1398294728763,41998092042000,171538053000001,-9.875,-10.638,-25.871,0
1398294728773,41998102052000,171538053000001,-9.875,-10.638,-25.871,0
1398294728783,41998112062000,171538053000001,-9.875,-10.638,-25.871,0
1398294728793,41998122041000,171538053000001,-9.875,-10.638,-25.871,0
1398294728804,41998132051000,171538053000001,-10.217,-10.638,-25.871,0
1398294728816,41998144349000,171538053000001,-10.217,-10.638,-25.871,0
1398294728825,41998153413000,171538053000001,-10.217,-10.638,-25.871,0
1398294728840,41998167665000,171538053000001,-10.217,-10.281,-25.549,0
1398294728844,41998172181000,171538053000001,-10.559,-10.281,-25.549,0
1398294728856,41998184510000,171538053000001,-10.559,-10.281,-25.549,0
1398294728866,41998194642000,171538053000001,-10.559,-10.281,-25.549,0
1398294728876,41998204652000,171538053000001,-10.559,-10.281,-25.549,0
1398294728886,41998214723000,171538053000001,-10.559,-10.281,-25.549,0
1398294728896,41998224824000,171538053000001,-10.864,-10.281,-25.549,0
1398294728906,41998234590000,171538053000001,-10.864,-10.281,-25.549,0
1398294728916,41998244538000,171538053000001,-10.864,-10.281,-25.549,0
1398294728927,41998252656000,171538053000001,-10.864,-10.281,-25.549,0
1398294728935,41998263001000,171538053000001,-10.864,-10.281,-25.549,0
1398294728959,41998274812000,171538053000001,-10.864,-10.281,-25.549,0
1398294728981,41998287324000,171538053000001,-10.864,-10.281,-25.549,0
1398294728987,41998304109000,171538053000001,-10.864,-10.281,-25.549,0
1398294728993,41998306092000,171538053000001,-10.864,-10.281,-25.549,0
1398294728998,41998312409000,171538053000001,-10.864,-10.281,-25.549,0
1398294729005,41998322389000,171538053000001,-10.864,-10.281,-25.549,0
1398294729010,41998332398000,171538053000001,-10.864,-10.281,-25.549,0
1398294729017,41998343965000,171538053000001,-10.864,-10.281,-25.549,0
1398294729025,41998352540000,171538053000001,-10.53,-10.281,-25.549,0
1398294729035,41998364686000,171538053000001,-10.53,-10.281,-25.549,0
1398294729045,41998374543000,171538053000001,-10.53,-10.281,-25.549,0
1398294729058,41998387727000,171538053000001,-10.53,-10.281,-25.549,0
1398294729065,41998394776000,171538053000001,-10.53,-10.281,-25.849,0
1398294729083,41998408998000,171538053000001,-10.53,-10.281,-25.849,0
1398294729086,41998412355000,171538053000001,-10.53,-10.281,-25.849,0
1398294729095,41998423463000,171538053000001,-10.53,-10.281,-25.849,0
1398294729105,41998433442000,171538053000001,-10.53,-10.281,-25.849,0
1398294729117,41998445954000,171538053000001,-10.53,-10.281,-25.849,0
1398294729125,41998454011000,171538053000001,-10.53,-9.968,-25.849,0
1398294729138,41998466432000,171538053000001,-10.53,-9.968,-25.849,0
1398294729146,41998472566000,171538053000001,-10.53,-9.968,-25.849,0
1398294729157,41998484864000,171538053000001,-10.53,-9.968,-25.849,0
1398294729167,41998494203000,171538053000001,-10.53,-9.968,-25.849,0
1398294729177,41998505250000,171538053000001,-10.53,-9.968,-25.849,0
1398294729186,41998513825000,171538053000001,-10.53,-9.968,-25.849,0
1398294729198,41998524598000,171538053000001,-10.53,-9.968,-25.849,0
1398294729215,41998532685000,171538053000001,-10.53,-9.968,-25.849,0
1398294729226,41998542634000,171538053000001,-10.53,-9.968,-25.849,0
1398294729233,41998552613000,171538053000001,-10.53,-9.968,-25.849,0
1398294729238,41998562654000,171538053000001,-10.53,-9.968,-25.849,0
1398294729245,41998572694000,171538053000001,-10.53,-9.968,-25.849,0
1398294729253,41998582429000,171538053000001,-10.53,-9.968,-25.849,0
1398294729269,41998592744000,171538053000001,-10.53,-9.968,-25.849,0
1398294729274,41998602418000,171538053000001,-10.53,-9.968,-25.849,0
1398294729283,41998612428000,171538053000001,-10.53,-9.968,-25.849,0
1398294729294,41998623689000,171538053000001,-10.53,-9.968,-25.849,0
1398294729305,41998634584000,171538053000001,-10.215,-9.66,-25.849,0
1398294729316,41998645448000,171538053000001,-10.215,-9.66,-25.849,0
1398294729326,41998655427000,171538053000001,-10.215,-9.66,-25.849,0
1398294729334,41998663453000,171538053000001,-10.215,-9.66,-25.849,0
1398294729347,41998676057000,171538053000001,-10.215,-9.66,-25.849,0
1398294729356,41998685334000,171538053000001,-10.215,-9.66,-25.849,0
1398294729366,41998694978000,171538053000001,-10.215,-9.66,-25.849,0
1398294729380,41998707948000,171538053000001,-10.215,-9.66,-25.849,0
1398294729385,41998712678000,171538053000001,-10.215,-9.66,-26.173,0
1398294729396,41998724153000,171538053000001,-10.215,-9.66,-26.173,0
1398294729406,41998734254000,171538053000001,-10.215,-9.66,-26.173,0
1398294729418,41998746766000,171538053000001,-10.215,-9.66,-26.173,0
1398294729426,41998754457000,171538053000001,-10.215,-9.346,-26.173,0
1398294729437,41998766084000,171538053000001,-10.215,-9.346,-26.173,0
1398294729446,41998773622000,171538053000001,-10.215,-9.346,-26.173,0
1398294729459,41998786195000,171538053000001,-10.215,-9.346,-26.173,0
1398294729465,41998792848000,171538053000001,-10.215,-9.346,-26.173,0
1398294729479,41998806672000,171538053000001,-10.215,-9.346,-26.173,0
1398294729486,41998812867000,171538053000001,-10.215,-9.346,-26.173,0
1398294729500,41998826814000,171538053000001,-10.215,-9.346,-26.515,0
1398294729507,41998832887000,171538053000001,-10.215,-9.346,-26.515,0
1398294729517,41998844972000,171538053000001,-10.215,-9.346,-26.515,0
1398294729527,41998854280000,171538053000001,-10.215,-9.346,-26.515,0
1398294729536,41998863008000,171538053000001,-10.215,-9.346,-26.515,0
1398294729550,41998876832000,171538053000001,-10.215,-9.346,-26.515,0
1398294729557,41998884522000,171538053000001,-10.215,-9.346,-26.515,0
1398294729579,41998894532000,171538053000001,-10.215,-9.346,-26.515,0
1398294729586,41998904237000,171538053000001,-10.215,-9.346,-26.515,0
1398294729591,41998912965000,171538053000001,-10.215,-9.346,-26.515,0
1398294729597,41998922975000,171538053000001,-10.215,-9.346,-26.515,0
1398294729605,41998933198000,171538053000001,-10.215,-9.346,-26.515,0
1398294729616,41998945436000,171538053000001,-10.215,-9.346,-26.515,0
1398294729625,41998955293000,171538053000001,-10.215,-9.346,-26.515,0
1398294729635,41998965303000,171538053000001,-10.215,-9.346,-26.515,0
1398294729654,41998979524000,171538053000001,-10.215,-9.346,-26.515,0
1398294729657,41998983796000,171538053000001,-10.215,-9.024,-26.515,0
1398294729667,41998995454000,171538053000001,-10.215,-9.024,-26.515,0
1398294729677,41999005311000,171538053000001,-10.215,-9.024,-26.515,0
1398294729687,41999015321000,171538053000001,-10.215,-9.024,-26.515,0
1398294729695,41999023774000,171538053000001,-10.215,-9.024,-26.515,0
1398294729714,41999033540000,171538053000001,-10.215,-9.024,-26.515,0
1398294729724,41999043153000,171538053000001,-10.215,-9.024,-26.826,0
1398294729729,41999053132000,171538053000001,-10.215,-9.024,-26.826,0
1398294729738,41999064729000,171538053000001,-10.215,-9.024,-26.826,0
1398294729747,41999073213000,171538053000001,-10.215,-8.685,-26.826,0
1398294729755,41999083253000,171538053000001,-10.215,-8.685,-26.826,0
1398294729763,41999092927000,171538053000001,-10.215,-8.685,-26.826,0
1398294729773,41999102967000,171538053000001,-10.215,-8.685,-26.826,0
1398294729783,41999112977000,171538053000001,-10.215,-8.685,-26.826,0
1398294729793,41999122987000,171538053000001,-10.215,-8.685,-26.826,0
1398294729805,41999133790000,171538053000001,-10.215,-8.685,-27.146,0
1398294729816,41999144380000,171538053000001,-10.215,-8.383,-27.146,0
1398294729826,41999154145000,171538053000001,-9.889,-8.383,-27.146,0
1398294729835,41999163148000,171538053000001,-9.889,-8.383,-27.146,0
1398294729849,41999177186000,171538053000001,-9.889,-8.383,-27.146,0
1398294729857,41999183625000,171538053000001,-9.889,-8.383,-27.146,0
1398294729868,41999195771000,171538053000001,-9.889,-8.383,-27.482,0
1398294729886,41999204499000,171538053000001,-9.889,-8.383,-27.482,0
1398294729900,41999216310000,171538053000001,-9.553,-8.383,-27.482,0
1398294729905,41999226380000,171538053000001,-9.553,-8.383,-27.482,0
1398294729907,41999234956000,171538053000001,-9.553,-8.383,-27.482,0
1398294729918,41999247438000,171538053000001,-9.553,-8.383,-27.482,0
1398294729931,41999253114000,171538053000001,-9.553,-8.383,-27.792,0
1398294729933,41999263093000,171538053000001,-9.553,-8.383,-27.792,0
1398294729944,41999273103000,171538053000001,-9.553,-8.065,-27.792,0
1398294729954,41999283113000,171538053000001,-9.553,-8.065,-27.792,0
1398294729966,41999295594000,171538053000001,-9.24,-8.065,-27.792,0
1398294729977,41999306733000,171538053000001,-9.24,-8.065,-27.792,0
1398294729989,41999318330000,171538053000001,-9.24,-8.065,-27.792,0
1398294729995,41999325349000,171538053000001,-9.24,-8.065,-27.792,0
1398294730014,41999339479000,171538053000001,-9.24,-8.065,-27.792,0
1398294730018,41999343843000,171538053000001,-9.24,-8.065,-27.792,0
1398294730026,41999354432000,171538053000001,-9.24,-8.065,-27.792,0
1398294730038,41999366059000,171538053000001,-9.24,-8.065,-27.792,0
1398294730046,41999374330000,171538053000001,-8.892,-8.065,-28.103,0
1398294730058,41999386842000,171538053000001,-8.892,-8.065,-28.103,0
1398294730088,41999394136000,171538053000001,-8.892,-8.065,-28.103,0
1398294730096,41999403565000,171538053000001,-8.892,-7.76,-28.103,0
1398294730107,41999413636000,171538053000001,-8.892,-7.76,-28.103,0
1398294730121,41999425080000,171538053000001,-8.892,-7.76,-28.103,0
1398294730123,41999433595000,171538053000001,-8.892,-7.76,-28.103,0
1398294730125,41999445222000,171538053000001,-8.892,-7.76,-28.103,0
1398294730127,41999453340000,171538053000001,-8.892,-7.76,-28.103,0
1398294730134,41999463319000,171538053000001,-8.892,-7.435,-28.103,0
1398294730150,41999473359000,171538053000001,-8.892,-7.435,-28.103,0
1398294730154,41999483705000,171538053000001,-8.892,-7.435,-28.103,0
1398294730164,41999493348000,171538053000001,-8.892,-7.435,-28.103,0
1398294730174,41999503358000,171538053000001,-8.892,-7.435,-28.103,0
1398294730185,41999514863000,171538053000001,-8.892,-7.435,-28.103,0
1398294730194,41999523652000,171538053000001,-8.892,-7.095,-28.103,0
1398294730204,41999533357000,171538053000001,-8.892,-7.095,-28.103,0
1398294730215,41999543366000,171538053000001,-8.892,-7.095,-28.103,0
1398294730224,41999553376000,171538053000001,-8.892,-7.095,-28.103,0
1398294730234,41999563386000,171538053000001,-9.21,-7.095,-28.103,0
1398294730244,41999573396000,171538053000001,-9.21,-7.095,-28.103,0
1398294730254,41999583406000,171538053000001,-9.21,-6.777,-28.103,0
1398294730264,41999593415000,171538053000001,-9.21,-6.777,-28.103,0
1398294730281,41999604981000,171538053000001,-9.21,-6.777,-28.103,0
1398294730283,41999613465000,171538053000001,-9.21,-6.777,-28.103,0
1398294730294,41999623445000,171538053000001,-9.573,-6.777,-28.103,0
1398294730304,41999633454000,171538053000001,-9.573,-6.777,-28.103,0
1398294730313,41999643434000,171538053000001,-9.573,-6.777,-28.103,0
1398294730323,41999653443000,171538053000001,-9.573,-6.777,-28.103,0
1398294730333,41999663453000,171538053000001,-9.573,-6.777,-28.103,0
1398294730343,41999673463000,171538053000001,-9.573,-6.777,-28.44,0
1398294730354,41999683473000,171538053000001,-9.573,-6.777,-28.44,0
1398294730363,41999693482000,171538053000001,-9.573,-6.777,-28.44,0
1398294730373,41999703462000,171538053000001,-9.573,-6.777,-28.44,0
1398294730383,41999713502000,171538053000001,-9.573,-6.777,-28.44,0
1398294730393,41999723512000,171538053000001,-9.573,-6.777,-28.44,0
1398294730403,41999733491000,171538053000001,-9.573,-6.777,-28.44,0
1398294730413,41999743501000,171538053000001,-9.245,-6.777,-28.44,0
1398294730423,41999753511000,171538053000001,-9.245,-6.777,-28.44,0
1398294730433,41999763520000,171538053000001,-9.245,-7.167,-28.44,0
1398294730443,41999773530000,171538053000001,-9.245,-7.167,-28.44,0
1398294730456,41999786103000,171538053000001,-9.245,-7.167,-28.44,0
1398294730472,41999800538000,171538053000001,-9.245,-7.167,-28.44,0
1398294730475,41999804170000,171538053000001,-8.879,-7.568,-28.44,0
1398294730484,41999813691000,171538053000001,-8.879,-7.568,-28.44,0
1398294730494,41999823670000,171538053000001,-8.879,-7.568,-28.44,0
1398294730504,41999833680000,171538053000001,-8.879,-7.933,-28.44,0
1398294730514,41999843690000,171538053000001,-8.879,-7.933,-28.089,0
1398294730525,41999853761000,171538053000001,-8.879,-7.933,-28.089,0
1398294730535,41999863771000,171538053000001,-8.879,-8.258,-28.089,0
1398294730545,41999873750000,171538053000001,-8.879,-8.258,-28.089,0
1398294730555,41999883760000,171538053000001,-8.879,-8.258,-28.089,0
1398294730565,41999893769000,171538053000001,-8.879,-8.573,-27.745,0
1398294730575,41999903779000,171538053000001,-8.879,-8.573,-27.745,0
1398294730585,41999913789000,171538053000001,-8.879,-8.573,-27.745,0
1398294730595,41999923799000,171538053000001,-8.879,-8.573,-27.745,0
1398294730605,41999933808000,171538053000001,-8.879,-8.573,-27.745,0
1398294730624,41999945222000,171538053000001,-8.879,-8.929,-27.745,0
1398294730630,41999954011000,171538053000001,-8.879,-8.929,-27.43,0
1398294730638,41999965577000,171538053000001,-8.879,-8.929,-27.43,0
1398294730648,41999975465000,171538053000001,-8.879,-8.929,-27.43,0
1398294730660,41999986451000,171538053000001,-8.879,-8.929,-27.43,0
1398294730667,41999994538000,171538053000001,-9.196,-9.271,-27.43,0
1398294730680,42000007356000,171538053000001,-9.196,-9.271,-27.43,0
1398294730686,42000014039000,171538053000001,-9.196,-9.271,-27.117,0
1398294730701,42000024110000,171538053000001,-9.196,-9.271,-27.117,0
1398294730707,42000034059000,171538053000001,-9.196,-9.271,-27.117,0
1398294730717,42000044465000,171538053000001,-9.196,-9.622,-27.117,0
1398294730731,42000057527000,171538053000001,-9.196,-9.622,-27.117,0
1398294730737,42000064088000,171538053000001,-9.196,-9.622,-27.117,0
1398294730757,42000074159000,171538053000001,-9.196,-9.622,-27.117,0
1398294730767,42000084352000,171538053000001,-9.196,-9.947,-26.803,0
1398294730774,42000094148000,171538053000001,-9.196,-9.947,-26.803,0
1398294730780,42000104158000,171538053000001,-9.196,-9.947,-26.803,0
1398294730787,42000114137000,171538053000001,-9.196,-9.947,-26.803,0
1398294730811,42000130342000,171538053000001,-9.196,-10.304,-26.803,0
1398294730818,42000138490000,171538053000001,-9.196,-10.304,-26.803,0
1398294730825,42000145692000,171538053000001,-9.196,-10.304,-26.49,0
1398294730826,42000154664000,171538053000001,-9.196,-10.304,-26.49,0
1398294730834,42000163941000,171538053000001,-9.196,-10.685,-26.49,0
1398294730844,42000173921000,171538053000001,-9.196,-10.685,-26.49,0
1398294730858,42000187654000,171538053000001,-9.196,-10.685,-26.49,0
1398294730869,42000198426000,171538053000001,-9.196,-10.685,-26.123,0
1398294730876,42000204713000,171538053000001,-9.196,-11.054,-26.123,0
1398294730888,42000216950000,171538053000001,-9.509,-11.054,-26.123,0
1398294730896,42000224305000,171538053000001,-9.509,-11.054,-26.123,0
1398294730910,42000238008000,171538053000001,-9.509,-11.054,-25.804,0
1398294730917,42000244599000,171538053000001,-9.509,-11.389,-25.804,0
1398294730930,42000258882000,171538053000001,-9.509,-11.389,-25.804,0
1398294730936,42000264680000,171538053000001,-9.509,-11.389,-25.804,0
1398294730947,42000275361000,171538053000001,-9.509,-11.389,-25.804,0
1398294730960,42000287965000,171538053000001,-9.509,-11.389,-25.444,0
1398294730967,42000295625000,171538053000001,-9.509,-11.732,-25.444,0
1398294730979,42000306916000,171538053000001,-9.509,-11.732,-25.444,0
1398294730987,42000314515000,171538053000001,-9.509,-11.732,-25.444,0
1398294731002,42000328553000,171538053000001,-9.509,-11.732,-25.444,0
1398294731008,42000334382000,171538053000001,-9.509,-11.732,-25.444,0
1398294731019,42000346437000,171538053000001,-9.509,-11.732,-25.444,0
1398294731028,42000355866000,171538053000001,-9.509,-11.732,-25.444,0
1398294731039,42000366670000,171538053000001,-9.509,-12.042,-25.444,0
1398294731048,42000375794000,171538053000001,-9.509,-12.042,-25.444,0
1398294731060,42000386628000,171538053000001,-9.509,-12.042,-25.444,0
1398294731068,42000394471000,171538053000001,-9.509,-12.042,-25.444,0
1398294731080,42000407136000,171538053000001,-9.509,-12.042,-25.444,0
1398294731087,42000414704000,171538053000001,-9.17,-12.042,-25.444,0
1398294731109,42000428529000,171538053000001,-9.17,-12.042,-25.444,0
1398294731120,42000440339000,171538053000001,-9.17,-12.042,-25.444,0
1398294731130,42000445802000,171538053000001,-9.17,-12.042,-25.444,0
1398294731136,42000455476000,171538053000001,-9.17,-12.385,-25.444,0
1398294731141,42000464448000,171538053000001,-9.17,-12.385,-25.444,0
1398294731148,42000474458000,171538053000001,-9.17,-12.385,-25.444,0
1398294731161,42000487733000,171538053000001,-9.17,-12.385,-25.444,0
1398294731167,42000494508000,171538053000001,-9.17,-12.385,-25.135,0
1398294731180,42000506867000,171538053000001,-9.17,-12.712,-25.135,0
1398294731188,42000515199000,171538053000001,-9.17,-12.712,-25.135,0
1398294731201,42000528169000,171538053000001,-9.17,-12.712,-25.135,0
1398294731207,42000534516000,171538053000001,-9.17,-12.712,-24.732,0
1398294731218,42000545655000,171538053000001,-9.17,-12.712,-24.732,0
1398294731229,42000556703000,171538053000001,-9.17,-12.712,-24.732,0
1398294731249,42000564576000,171538053000001,-9.469,-13.053,-24.343,0
1398294731256,42000574616000,171538053000001,-9.469,-13.053,-24.343,0
1398294731262,42000584596000,171538053000001,-9.469,-13.053,-24.343,0
1398294731268,42000594605000,171538053000001,-9.469,-13.053,-23.977,0
1398294731276,42000606050000,171538053000001,-9.838,-13.053,-23.977,0
1398294731285,42000614381000,171538053000001,-9.838,-13.354,-23.977,0
1398294731294,42000624391000,171538053000001,-9.838,-13.354,-23.606,0
1398294731305,42000634400000,171538053000001,-9.838,-13.354,-23.606,0
1398294731315,42000644410000,171538053000001,-10.157,-13.354,-23.606,0
1398294731325,42000654420000,171538053000001,-10.157,-13.354,-23.242,0
1398294731335,42000664430000,171538053000001,-10.157,-13.354,-23.242,0
1398294731347,42000675050000,171538053000001,-10.157,-13.354,-23.242,0
1398294731362,42000689790000,171538053000001,-10.157,-13.354,-23.242,0
1398294731366,42000694581000,171538053000001,-10.157,-13.656,-23.242,0
1398294731379,42000707582000,171538053000001,-10.479,-13.656,-22.911,0
1398294731387,42000715089000,171538053000001,-10.479,-13.656,-22.911,0
1398294731403,42000728517000,171538053000001,-10.479,-13.656,-22.911,0
1398294731421,42000734742000,171538053000001,-10.479,-13.656,-22.911,0
1398294731431,42000750337000,171538053000001,-10.479,-13.656,-22.911,0
1398294731437,42000757508000,171538053000001,-10.479,-13.656,-22.911,0
1398294731442,42000764772000,171538053000001,-10.479,-13.656,-22.911,0
1398294731448,42000774781000,171538053000001,-10.479,-13.656,-22.911,0
1398294731455,42000785005000,171538053000001,-10.479,-13.963,-22.911,0
1398294731469,42000798799000,171538053000001,-10.479,-13.963,-22.911,0
1398294731478,42000807588000,171538053000001,-10.479,-13.963,-22.911,0
1398294731491,42000820344000,171538053000001,-10.479,-13.963,-22.607,0
1398294731497,42000827363000,171538053000001,-10.479,-13.963,-22.607,0
1398294731511,42000840638000,171538053000001,-10.479,-13.963,-22.607,0
1398294731517,42000846925000,171538053000001,-10.479,-13.963,-22.607,0
1398294731531,42000861054000,171538053000001,-10.479,-14.286,-22.607,0
1398294731538,42000867494000,171538053000001,-10.479,-14.286,-22.607,0
1398294731551,42000881196000,171538053000001,-10.479,-14.286,-22.607,0
1398294731556,42000886231000,171538053000001,-10.479,-14.286,-22.607,0
1398294731571,42000900941000,171538053000001,-10.162,-14.286,-22.28,0
1398294731575,42000905122000,171538053000001,-10.162,-14.657,-22.28,0
1398294731591,42000920960000,171538053000001,-10.162,-14.657,-22.28,0
1398294731596,42000926301000,171538053000001,-10.162,-14.657,-22.28,0
1398294731611,42000940980000,171538053000001,-10.162,-14.657,-22.28,0
1398294731616,42000946260000,171538053000001,-10.162,-14.657,-22.28,0
1398294731631,42000961000000,171538053000001,-10.162,-14.971,-21.893,0
1398294731637,42000967164000,171538053000001,-10.162,-14.971,-21.893,0
1398294731651,42000981324000,171538053000001,-10.162,-14.971,-21.893,0
1398294731656,42000986421000,171538053000001,-10.162,-14.971,-21.893,0
1398294731674,42000999635000,171538053000001,-10.162,-14.971,-21.893,0
1398294731702,42001005860000,171538053000001,-10.162,-14.971,-21.583,0
1398294731708,42001015473000,171538053000001,-10.162,-15.304,-21.583,0
1398294731713,42001026490000,171538053000001,-10.162,-15.304,-21.583,0
1398294731736,42001035066000,171538053000001,-10.162,-15.304,-21.583,0
1398294731741,42001047975000,171538053000001,-10.162,-15.304,-21.583,0
1398294731748,42001059724000,171538053000001,-10.162,-15.304,-21.583,0
1398294731756,42001065217000,171538053000001,-10.162,-15.304,-21.583,0
1398294731761,42001075227000,171538053000001,-10.162,-15.304,-21.583,0
1398294731767,42001085053000,171538053000001,-10.162,-15.304,-21.583,0
1398294731774,42001095094000,171538053000001,-10.162,-15.304,-21.583,0
1398294731777,42001106477000,171538053000001,-10.162,-15.304,-21.583,0
1398294731789,42001118897000,171538053000001,-10.162,-15.304,-21.583,0
1398294731798,42001125367000,171538053000001,-10.162,-15.304,-21.583,0
1398294731805,42001134919000,171538053000001,-10.162,-15.304,-21.583,0
1398294731815,42001144929000,171538053000001,-10.162,-15.304,-21.583,0
1398294731826,42001154969000,171538053000001,-10.162,-15.304,-21.583,0
1398294731836,42001164979000,171538053000001,-10.162,-15.304,-21.583,0
1398294731846,42001175019000,171538053000001,-10.162,-15.304,-21.583,0
1398294731856,42001185029000,171538053000001,-10.162,-15.304,-21.583,0
1398294731866,42001195039000,171538053000001,-9.837,-15.304,-21.583,0
1398294731876,42001205049000,171538053000001,-9.837,-15.304,-21.583,0
1398294731886,42001215028000,171538053000001,-9.837,-15.304,-21.583,0
1398294731901,42001227510000,171538053000001,-9.837,-15.304,-21.583,0
1398294731908,42001235719000,171538053000001,-9.837,-15.304,-21.583,0
1398294731921,42001248719000,171538053000001,-9.837,-15.304,-21.583,0
1398294731928,42001255220000,171538053000001,-9.837,-15.304,-21.954,0
1398294731943,42001269227000,171538053000001,-9.837,-15.304,-21.954,0
1398294731949,42001275239000,171538053000001,-9.837,-15.304,-21.954,0
1398294731961,42001288514000,171538053000001,-9.837,-15.304,-21.954,0
1398294731968,42001295899000,171538053000001,-9.533,-15.304,-21.954,0
1398294731980,42001307405000,171538053000001,-9.533,-15.304,-21.954,0
1398294731990,42001316682000,171538053000001,-9.533,-15.304,-21.954,0
1398294731998,42001325349000,171538053000001,-9.533,-15.304,-22.264,0
1398294732012,42001338960000,171538053000001,-9.533,-15.304,-22.264,0
1398294732018,42001345338000,171538053000001,-9.533,-15.304,-22.264,0
1398294732036,42001355928000,171538053000001,-9.533,-15.304,-22.264,0
1398294732053,42001365541000,171538053000001,-9.533,-15.304,-22.264,0
1398294732059,42001377229000,171538053000001,-9.533,-15.304,-22.264,0
1398294732064,42001385346000,171538053000001,-9.533,-15.304,-22.264,0
1398294732070,42001395356000,171538053000001,-9.533,-15.304,-22.264,0
1398294732081,42001407868000,171538053000001,-9.533,-15.304,-22.264,0
1398294732088,42001415925000,171538053000001,-9.214,-15.304,-22.264,0
1398294732098,42001428193000,171538053000001,-9.214,-15.304,-22.264,0
1398294732111,42001440400000,171538053000001,-9.214,-15.304,-22.264,0
1398294732119,42001448823000,171538053000001,-9.214,-15.304,-22.59,0
1398294732130,42001459260000,171538053000001,-9.214,-15.304,-22.59,0
1398294732143,42001469605000,171538053000001,-9.214,-15.304,-22.59,0
1398294732148,42001475343000,171538053000001,-9.214,-15.304,-22.59,0
1398294732161,42001489228000,171538053000001,-9.214,-15.304,-22.59,0
1398294732168,42001496949000,171538053000001,-9.214,-15.304,-22.59,0
1398294732179,42001507722000,171538053000001,-9.214,-15.304,-22.59,0
1398294732190,42001517701000,171538053000001,-9.214,-15.304,-22.59,0
1398294732199,42001526216000,171538053000001,-9.214,-15.304,-22.59,0
1398294732212,42001539064000,171538053000001,-9.214,-15.304,-22.59,0
1398294732218,42001545503000,171538053000001,-9.214,-15.304,-22.59,0
1398294732232,42001559480000,171538053000001,-9.214,-15.304,-22.59,0
1398294732238,42001565522000,171538053000001,-9.214,-15.304,-22.59,0
1398294732251,42001579042000,171538053000001,-9.214,-15.304,-22.59,0
1398294732260,42001587373000,171538053000001,-9.214,-15.304,-22.59,0
1398294732270,42001597230000,171538053000001,-9.214,-15.304,-22.59,0
1398294732280,42001607545000,171538053000001,-9.214,-15.304,-22.59,0
1398294732288,42001615571000,171538053000001,-9.214,-15.304,-22.59,0
1398294732306,42001625611000,171538053000001,-9.214,-15.304,-22.59,0
1398294732318,42001635621000,171538053000001,-9.214,-15.304,-22.59,0
1398294732347,42001645661000,171538053000001,-8.886,-15.634,-22.59,0
1398294732348,42001660981000,171538053000001,-8.886,-15.634,-22.59,0
1398294732351,42001666963000,171538053000001,-8.886,-15.634,-22.59,0
1398294732353,42001676820000,171538053000001,-8.886,-15.634,-22.59,0
1398294732356,42001685426000,171538053000001,-8.886,-15.634,-22.59,0
1398294732366,42001695405000,171538053000001,-8.886,-15.634,-22.59,0
1398294732376,42001705415000,171538053000001,-8.886,-15.634,-22.59,0
1398294732385,42001715425000,171538053000001,-8.886,-15.634,-22.59,0
1398294732396,42001725495000,171538053000001,-8.886,-15.634,-22.59,0
1398294732411,42001739350000,171538053000001,-8.886,-15.634,-22.59,0
1398294732419,42001748262000,171538053000001,-8.886,-15.634,-22.59,0
1398294732429,42001758576000,171538053000001,-8.886,-15.634,-22.59,0
1398294732442,42001770875000,171538053000001,-8.886,-15.634,-22.59,0
1398294732447,42001775941000,171538053000001,-8.886,-15.634,-22.59,0
1398294732463,42001789064000,171538053000001,-8.886,-15.634,-22.59,0
1398294732469,42001795747000,171538053000001,-8.886,-15.634,-22.59,0
1398294732481,42001808076000,171538053000001,-8.886,-15.634,-22.59,0
1398294732490,42001817048000,171538053000001,-8.886,-15.634,-22.59,0
1398294732501,42001828218000,171538053000001,-8.886,-15.634,-22.59,0
1398294732510,42001837403000,171538053000001,-8.886,-15.634,-22.59,0
1398294732519,42001847108000,171538053000001,-8.886,-15.634,-22.59,0
1398294732530,42001857881000,171538053000001,-9.208,-15.634,-22.59,0
1398294732540,42001867158000,171538053000001,-9.208,-15.634,-22.59,0
1398294732551,42001878144000,171538053000001,-9.208,-15.634,-22.59,0
1398294732560,42001887422000,171538053000001,-9.208,-15.304,-22.59,0
1398294732570,42001897309000,171538053000001,-9.208,-15.304,-22.59,0
1398294732581,42001908204000,171538053000001,-9.513,-15.304,-22.59,0
1398294732590,42001916352000,171538053000001,-9.513,-15.304,-22.59,0
1398294732600,42001926148000,171538053000001,-9.513,-15.304,-22.59,0
1398294732612,42001935884000,171538053000001,-9.513,-15.304,-22.59,0
1398294732621,42001947480000,171538053000001,-9.513,-15.304,-22.59,0
1398294732630,42001957704000,171538053000001,-9.513,-15.304,-22.59,0
1398294732655,42001966249000,171538053000001,-9.513,-15.304,-22.59,0
1398294732665,42001975953000,171538053000001,-9.513,-15.304,-22.59,0
1398294732667,42001986695000,171538053000001,-9.513,-15.304,-22.59,0
1398294732669,42001997468000,171538053000001,-9.513,-15.304,-22.59,0
1398294732682,42002012300000,171538053000001,-9.513,-15.304,-22.59,0
1398294732688,42002017457000,171538053000001,-9.513,-15.304,-22.59,0
1398294732701,42002030549000,171538053000001,-9.513,-15.304,-22.59,0
1398294732708,42002038301000,171538053000001,-9.513,-15.304,-22.59,0
1398294732718,42002047151000,171538053000001,-9.513,-15.304,-22.59,0
1398294732731,42002059327000,171538053000001,-9.513,-15.304,-22.59,0
1398294732738,42002066926000,171538053000001,-9.513,-15.304,-22.59,0
1398294732751,42002079408000,171538053000001,-9.513,-15.304,-22.59,0
1398294732757,42002086091000,171538053000001,-9.201,-15.304,-22.59,0
1398294732771,42002098878000,171538053000001,-9.201,-15.304,-22.59,0
1398294732779,42002106446000,171538053000001,-9.201,-15.304,-22.59,0
1398294732791,42002117982000,171538053000001,-9.201,-15.304,-22.59,0
1398294732812,42002127626000,171538053000001,-9.201,-15.304,-22.898,0
1398294732819,42002136140000,171538053000001,-8.892,-15.304,-22.898,0
1398294732825,42002146119000,171538053000001,-8.892,-15.304,-22.898,0
1398294732831,42002156129000,171538053000001,-8.892,-15.304,-22.898,0
1398294732839,42002166139000,171538053000001,-8.892,-15.304,-22.898,0
1398294732849,42002176148000,171538053000001,-8.892,-15.304,-22.898,0
1398294732859,42002186158000,171538053000001,-8.892,-15.304,-22.898,0
1398294732868,42002196137000,171538053000001,-8.892,-15.304,-22.898,0
1398294732879,42002206147000,171538053000001,-8.892,-15.304,-22.898,0
1398294732889,42002216218000,171538053000001,-8.892,-15.304,-22.898,0
1398294732898,42002226167000,171538053000001,-8.892,-15.304,-22.898,0
1398294732912,42002238832000,171538053000001,-8.892,-15.304,-22.898,0
1398294732919,42002246186000,171538053000001,-8.892,-15.304,-22.898,0
1398294732932,42002258668000,171538053000001,-8.892,-15.304,-22.898,0
1398294732940,42002266236000,171538053000001,-8.892,-15.304,-22.898,0
1398294732962,42002278993000,171538053000001,-8.892,-15.304,-22.898,0
1398294732969,42002288636000,171538053000001,-8.892,-15.304,-22.898,0
1398294732981,42002296266000,171538053000001,-8.892,-15.304,-22.898,0
1398294732987,42002308259000,171538053000001,-8.892,-15.304,-22.898,0
1398294732992,42002316316000,171538053000001,-8.892,-15.304,-22.898,0
1398294732999,42002326295000,171538053000001,-8.892,-15.304,-22.898,0
1398294733012,42002338807000,171538053000001,-8.892,-15.304,-22.898,0
1398294733020,42002346894000,171538053000001,-8.892,-15.304,-22.898,0
1398294733032,42002358888000,171538053000001,-8.892,-15.304,-22.898,0
1398294733039,42002366517000,171538053000001,-8.892,-15.304,-22.898,0
1398294733052,42002379731000,171538053000001,-8.892,-15.304,-22.898,0
1398294733060,42002386323000,171538053000001,-8.892,-15.304,-23.207,0
1398294733071,42002398683000,171538053000001,-8.892,-15.304,-23.207,0
1398294733080,42002407685000,171538053000001,-8.892,-15.304,-23.207,0
1398294733091,42002418916000,171538053000001,-8.892,-15.304,-23.207,0
1398294733100,42002427888000,171538053000001,-8.892,-15.304,-23.207,0
1398294733112,42002438813000,171538053000001,-8.892,-15.304,-23.207,0
1398294733119,42002446931000,171538053000001,-8.892,-15.304,-23.207,0
1398294733131,42002458772000,171538053000001,-8.892,-15.304,-23.207,0
1398294733140,42002467622000,171538053000001,-8.892,-15.304,-23.207,0
1398294733151,42002478578000,171538053000001,-8.892,-15.304,-23.207,0
1398294733163,42002488923000,171538053000001,-8.892,-14.99,-23.207,0
1398294733169,42002496491000,171538053000001,-8.892,-14.99,-23.207,0
1398294733182,42002509248000,171538053000001,-8.892,-14.99,-23.207,0
1398294733189,42002516755000,171538053000001,-8.892,-14.99,-23.545,0
1398294733203,42002530244000,171538053000001,-8.892,-14.99,-23.545,0
1398294733210,42002536439000,171538053000001,-8.892,-14.99,-23.545,0
1398294733221,42002548768000,171538053000001,-8.892,-14.99,-23.545,0
1398294733232,42002557984000,171538053000001,-8.892,-14.99,-23.545,0
1398294733239,42002566499000,171538053000001,-8.892,-14.99,-23.545,0
1398294733268,42002580873000,171538053000001,-8.892,-14.99,-23.545,0
1398294733274,42002593385000,171538053000001,-8.892,-14.665,-23.545,0
1398294733280,42002596498000,171538053000001,-8.892,-14.665,-23.545,0
1398294733287,42002606538000,171538053000001,-8.892,-14.665,-23.861,0
1398294733292,42002616548000,171538053000001,-8.892,-14.665,-23.861,0
1398294733300,42002627259000,171538053000001,-8.892,-14.665,-23.861,0
1398294733311,42002637483000,171538053000001,-8.892,-14.352,-23.861,0
1398294733321,42002647065000,171538053000001,-8.892,-14.352,-23.861,0
1398294733327,42002656373000,171538053000001,-8.892,-14.352,-24.205,0
1398294733338,42002667909000,171538053000001,-9.208,-14.352,-24.205,0
1398294733347,42002676393000,171538053000001,-9.208,-14.006,-24.205,0
1398294733356,42002686372000,171538053000001,-9.208,-14.006,-24.205,0
1398294733367,42002696412000,171538053000001,-9.208,-14.006,-24.205,0
1398294733377,42002706483000,171538053000001,-9.208,-14.006,-24.594,0
1398294733387,42002716462000,171538053000001,-9.208,-13.655,-24.594,0
1398294733397,42002726472000,171538053000001,-9.208,-13.655,-24.594,0
1398294733407,42002736451000,171538053000001,-9.208,-13.655,-24.594,0
1398294733422,42002749116000,171538053000001,-9.208,-13.655,-24.594,0
1398294733429,42002756745000,171538053000001,-9.208,-13.33,-24.945,0
1398294733443,42002770661000,171538053000001,-9.208,-13.33,-24.945,0
1398294733452,42002776704000,171538053000001,-9.208,-13.33,-24.945,0
1398294733494,42002786744000,171538053000001,-9.208,-13.33,-24.945,0
1398294733522,42002796754000,171538053000001,-8.886,-13.33,-25.257,0
1398294733528,42002806764000,171538053000001,-8.886,-13.33,-25.257,0
1398294733535,42002818116000,171538053000001,-8.886,-12.982,-25.257,0
1398294733537,42002830812000,171538053000001,-8.886,-12.982,-25.257,0
1398294733539,42002839051000,171538053000001,-8.886,-12.982,-25.257,0
1398294733540,42002849153000,171538053000001,-8.886,-12.982,-25.257,0
1398294733542,42002856843000,171538053000001,-8.886,-12.982,-25.257,0
1398294733544,42002866853000,171538053000001,-8.886,-12.982,-25.608,0
1398294733547,42002877015000,171538053000001,-8.886,-12.982,-25.608,0
1398294733562,42002892304000,171538053000001,-8.886,-12.982,-25.608,0
1398294733568,42002898194000,171538053000001,-8.886,-12.982,-25.608,0
1398294733583,42002912171000,171538053000001,-8.886,-12.982,-25.608,0
1398294733588,42002917115000,171538053000001,-8.581,-12.982,-25.608,0
1398294733602,42002930665000,171538053000001,-8.581,-12.982,-25.608,0
1398294733609,42002938233000,171538053000001,-8.581,-12.982,-25.608,0
1398294733621,42002950196000,171538053000001,-8.581,-12.649,-25.608,0
1398294733631,42002959413000,171538053000001,-8.581,-12.649,-25.608,0
1398294733640,42002968263000,171538053000001,-8.581,-12.649,-25.608,0
1398294733652,42002980409000,171538053000001,-8.581,-12.649,-25.608,0
1398294733660,42002988404000,171538053000001,-8.581,-12.649,-25.924,0
1398294733672,42003000642000,171538053000001,-8.581,-12.649,-25.924,0
1398294733683,42003008180000,171538053000001,-8.581,-12.649,-25.924,0
1398294733691,42003016969000,171538053000001,-8.581,-12.649,-25.924,0
1398294733702,42003029206000,171538053000001,-8.581,-12.649,-25.924,0
1398294733711,42003038423000,171538053000001,-8.581,-12.649,-25.924,0
1398294733722,42003049043000,171538053000001,-8.581,-12.649,-25.924,0
1398294733731,42003058381000,171538053000001,-8.581,-12.649,-25.924,0
1398294733741,42003068391000,171538053000001,-8.581,-12.649,-25.924,0
1398294733751,42003078279000,171538053000001,-8.581,-12.649,-25.924,0
1398294733761,42003088014000,171538053000001,-8.581,-12.649,-25.924,0
1398294733771,42003098268000,171538053000001,-8.581,-12.649,-25.924,0
1398294733782,42003109223000,171538053000001,-8.581,-12.649,-25.924,0
1398294733790,42003117494000,171538053000001,-8.581,-12.649,-25.924,0
1398294733802,42003129487000,171538053000001,-8.261,-12.649,-25.924,0
1398294733828,42003137269000,171538053000001,-8.261,-12.649,-25.924,0
1398294733834,42003147126000,171538053000001,-8.261,-12.649,-25.924,0
1398294733845,42003157136000,171538053000001,-8.261,-12.649,-26.249,0
1398294733853,42003167085000,171538053000001,-8.261,-12.649,-26.249,0
1398294733886,42003177156000,171538053000001,-8.261,-12.649,-26.249,0
1398294733889,42003187135000,171538053000001,-8.261,-12.649,-26.249,0
1398294733896,42003202821000,171538053000001,-8.261,-12.649,-26.249,0
1398294733898,42003211824000,171538053000001,-8.261,-12.312,-26.249,0
1398294733902,42003218629000,171538053000001,-8.261,-12.312,-26.249,0
1398294733904,42003226960000,171538053000001,-8.261,-12.312,-26.249,0
1398294733908,42003236909000,171538053000001,-8.261,-12.312,-26.249,0
1398294733918,42003246980000,171538053000001,-8.261,-12.312,-26.249,0
1398294733928,42003257081000,171538053000001,-8.261,-12.312,-26.249,0
1398294733937,42003266877000,171538053000001,-8.561,-12.312,-26.249,0
1398294733947,42003276918000,171538053000001,-8.561,-12.312,-26.249,0
1398294733957,42003286897000,171538053000001,-8.561,-11.985,-26.249,0
1398294733967,42003296907000,171538053000001,-8.561,-11.985,-26.249,0
1398294733977,42003306916000,171538053000001,-8.561,-11.985,-26.249,0
1398294733987,42003316926000,171538053000001,-8.561,-11.985,-26.249,0
1398294733997,42003326936000,171538053000001,-8.561,-11.985,-26.249,0
1398294734007,42003336946000,171538053000001,-8.561,-11.985,-26.249,0
1398294734017,42003346955000,171538053000001,-8.561,-11.985,-26.249,0
1398294734033,42003363465000,171538053000001,-8.561,-11.985,-26.249,0
1398294734039,42003369172000,171538053000001,-8.561,-11.645,-26.249,0
1398294734053,42003383119000,171538053000001,-8.561,-11.645,-26.249,0
1398294734061,42003390901000,171538053000001,-8.561,-11.645,-26.249,0
1398294734073,42003402894000,171538053000001,-8.561,-11.645,-26.249,0
1398294734079,42003409211000,171538053000001,-8.561,-11.645,-26.249,0
1398294734093,42003423036000,171538053000001,-8.561,-11.645,-26.249,0
1398294734099,42003429414000,171538053000001,-8.561,-11.645,-26.249,0
1398294734113,42003443452000,171538053000001,-8.561,-11.645,-26.574,0
1398294734119,42003448793000,171538053000001,-8.561,-11.645,-26.574,0
1398294734133,42003463380000,171538053000001,-8.561,-11.279,-26.574,0
1398294734143,42003469758000,171538053000001,-8.561,-11.279,-26.574,0
1398294734151,42003478852000,171538053000001,-8.561,-11.279,-26.574,0
1398294734161,42003489686000,171538053000001,-8.561,-11.279,-26.574,0
1398294734171,42003499482000,171538053000001,-8.561,-11.279,-26.876,0
1398294734180,42003508668000,171538053000001,-8.561,-10.899,-26.876,0
1398294734195,42003520326000,171538053000001,-8.561,-10.899,-26.876,0
1398294734201,42003527436000,171538053000001,-8.561,-10.899,-26.876,0
1398294734213,42003539949000,171538053000001,-8.561,-10.899,-27.224,0
1398294734222,42003548097000,171538053000001,-8.561,-10.53,-27.224,0
1398294734233,42003560212000,171538053000001,-8.561,-10.53,-27.224,0
1398294734244,42003569520000,171538053000001,-8.561,-10.53,-27.529,0
1398294734251,42003577516000,171538053000001,-8.561,-10.53,-27.529,0
1398294734262,42003589875000,171538053000001,-8.561,-10.139,-27.529,0
1398294734270,42003597688000,171538053000001,-8.561,-10.139,-27.529,0
1398294734283,42003610597000,171538053000001,-8.561,-10.139,-27.85,0
1398294734290,42003617494000,171538053000001,-8.561,-9.815,-27.85,0
1398294734303,42003629945000,171538053000001,-8.561,-9.815,-27.85,0
1398294734311,42003638154000,171538053000001,-8.561,-9.815,-27.85,0
1398294734322,42003649934000,171538053000001,-8.561,-9.362,-28.219,0
1398294734332,42003658876000,171538053000001,-8.561,-9.362,-28.219,0
1398294734343,42003670137000,171538053000001,-8.561,-9.362,-28.219,0
1398294734351,42003677796000,171538053000001,-8.561,-8.979,-28.219,0
1398294734362,42003689820000,171538053000001,-8.561,-8.979,-28.599,0
1398294734371,42003698915000,171538053000001,-8.561,-8.979,-28.599,0
1398294734382,42003709718000,171538053000001,-8.561,-8.63,-28.599,0
1398294734392,42003719239000,171538053000001,-8.255,-8.63,-28.599,0
1398294734403,42003729646000,171538053000001,-8.255,-8.63,-28.903,0
1398294734411,42003738099000,171538053000001,-8.255,-8.322,-28.903,0
1398294734434,42003751191000,171538053000001,-8.255,-8.322,-28.903,0
1398294734444,42003757752000,171538053000001,-8.255,-8.322,-28.903,0
1398294734451,42003767671000,171538053000001,-8.255,-7.983,-28.903,0
1398294734458,42003777680000,171538053000001,-8.255,-7.983,-29.229,0
1398294734463,42003787690000,171538053000001,-8.255,-7.983,-29.229,0
1398294734470,42003797700000,171538053000001,-8.255,-7.667,-29.229,0
1398294734480,42003807740000,171538053000001,-7.949,-7.667,-29.229,0
1398294734490,42003817689000,171538053000001,-7.949,-7.667,-29.229,0
1398294734501,42003827699000,171538053000001,-7.949,-7.667,-29.576,0
1398294734510,42003837709000,171538053000001,-7.949,-7.27,-29.576,0
1398294734520,42003847718000,171538053000001,-7.949,-7.27,-29.576,0
1398294734532,42003857728000,171538053000001,-7.949,-7.27,-29.576,0
1398294734541,42003867860000,171538053000001,-7.949,-7.27,-29.576,0
1398294734553,42003880128000,171538053000001,-7.949,-6.965,-29.576,0
1398294734561,42003888246000,171538053000001,-7.949,-6.965,-29.576,0
1398294734573,42003900209000,171538053000001,-7.949,-6.965,-29.576,0
1398294734582,42003909089000,171538053000001,-7.949,-6.965,-29.917,0
1398294734592,42003919099000,171538053000001,-7.949,-6.965,-29.917,0
1398294734605,42003931581000,171538053000001,-7.949,-6.622,-29.917,0
1398294734612,42003937837000,171538053000001,-7.949,-6.622,-29.917,0
1398294734622,42003949128000,171538053000001,-7.949,-6.622,-29.917,0
1398294734632,42003959107000,171538053000001,-7.638,-6.622,-29.917,0
1398294734643,42003971162000,171538053000001,-7.638,-6.622,-29.917,0
1398294734651,42003978364000,171538053000001,-7.638,-6.622,-29.917,0
1398294734663,42003989839000,171538053000001,-7.638,-6.277,-30.245,0
1398294734671,42003998384000,171538053000001,-7.638,-6.277,-30.245,0
1398294734683,42004010224000,171538053000001,-7.638,-6.277,-30.245,0
1398294734692,42004019441000,171538053000001,-7.638,-6.277,-30.245,0
1398294734703,42004030030000,171538053000001,-7.638,-6.277,-30.245,0
1398294734713,42004039552000,171538053000001,-7.638,-6.277,-30.245,0
1398294734722,42004049439000,171538053000001,-7.638,-6.277,-30.245,0
1398294734732,42004059358000,171538053000001,-7.638,-5.928,-30.245,0
1398294734743,42004070314000,171538053000001,-7.638,-5.928,-30.245,0
1398294734752,42004079347000,171538053000001,-7.638,-5.928,-30.245,0
1398294734764,42004088899000,171538053000001,-7.638,-5.928,-30.245,0
1398294734771,42004098451000,171538053000001,-7.638,-5.928,-30.245,0
1398294734785,42004111909000,171538053000001,-7.638,-5.928,-30.549,0
1398294734793,42004118043000,171538053000001,-7.638,-5.928,-30.549,0
1398294734802,42004129396000,171538053000001,-7.638,-5.622,-30.549,0
1398294734813,42004140351000,171538053000001,-7.638,-5.622,-30.549,0
1398294734821,42004148500000,171538053000001,-7.638,-5.622,-30.549,0
1398294734834,42004160218000,171538053000001,-7.638,-5.622,-30.549,0
1398294734840,42004168031000,171538053000001,-7.638,-5.622,-30.549,0
1398294734854,42004180329000,171538053000001,-7.638,-5.622,-30.549,0
1398294734861,42004188081000,171538053000001,-7.638,-5.622,-30.856,0
1398294734872,42004199494000,171538053000001,-7.638,-5.622,-30.856,0
1398294734882,42004209504000,171538053000001,-7.638,-5.29,-30.856,0
1398294734892,42004219697000,171538053000001,-7.638,-5.29,-30.856,0
1398294734901,42004229066000,171538053000001,-7.638,-5.29,-30.856,0
1398294734913,42004240418000,171538053000001,-7.304,-5.29,-30.856,0
1398294734922,42004248139000,171538053000001,-7.304,-5.29,-30.856,0
1398294734933,42004260346000,171538053000001,-7.304,-5.29,-30.856,0
1398294734950,42004268159000,171538053000001,-7.304,-5.29,-30.856,0
1398294734961,42004278169000,171538053000001,-7.304,-5.29,-30.856,0
1398294734966,42004289735000,171538053000001,-7.304,-5.29,-31.161,0
1398294734973,42004298188000,171538053000001,-6.956,-5.29,-31.161,0
1398294734980,42004308168000,171538053000001,-6.956,-5.29,-31.161,0
1398294734991,42004318238000,171538053000001,-6.956,-5.29,-31.161,0
1398294735001,42004328248000,171538053000001,-6.956,-5.29,-31.161,0
1398294735011,42004338258000,171538053000001,-6.956,-5.29,-31.161,0
1398294735021,42004348207000,171538053000001,-6.956,-4.975,-31.161,0
1398294735031,42004358216000,171538053000001,-6.956,-4.975,-31.161,0
1398294735042,42004368226000,171538053000001,-6.956,-4.975,-31.161,0
1398294735054,42004381105000,171538053000001,-6.956,-4.975,-31.161,0
1398294735062,42004388673000,171538053000001,-6.636,-4.975,-31.161,0
1398294735073,42004400727000,171538053000001,-6.636,-4.975,-31.161,0
1398294735081,42004408723000,171538053000001,-6.636,-4.975,-31.161,0
1398294735094,42004421601000,171538053000001,-6.636,-4.975,-31.161,0
1398294735102,42004428285000,171538053000001,-6.636,-4.975,-31.161,0
1398294735113,42004439271000,171538053000001,-6.636,-4.975,-31.161,0
1398294735123,42004449098000,171538053000001,-6.636,-4.975,-31.161,0
1398294735143,42004458314000,171538053000001,-6.636,-4.975,-31.161,0
1398294735150,42004470765000,171538053000001,-6.636,-4.975,-31.161,0
1398294735156,42004478395000,171538053000001,-6.636,-4.975,-31.161,0
1398294735165,42004488343000,171538053000001,-6.636,-4.975,-31.161,0
1398294735170,42004499604000,171538053000001,-6.636,-4.675,-31.161,0
1398294735185,42004514802000,171538053000001,-6.636,-4.675,-31.161,0
1398294735189,42004518586000,171538053000001,-6.636,-4.675,-31.161,0
1398294735200,42004530274000,171538053000001,-6.636,-4.675,-31.161,0
1398294735214,42004542573000,171538053000001,-6.636,-4.675,-31.161,0
1398294735220,42004548768000,171538053000001,-6.636,-4.675,-31.161,0
1398294735232,42004560578000,171538053000001,-6.636,-4.675,-31.161,0
1398294735242,42004570558000,171538053000001,-6.945,-4.675,-31.161,0
1398294735252,42004580628000,171538053000001,-6.945,-4.675,-31.161,0
1398294735265,42004590486000,171538053000001,-6.945,-4.675,-31.161,0
1398294735271,42004598451000,171538053000001,-6.945,-4.675,-31.161,0
1398294735283,42004610749000,171538053000001,-6.945,-4.675,-31.161,0
1398294735292,42004619905000,171538053000001,-6.945,-4.675,-31.161,0
1398294735318,42004629518000,171538053000001,-6.945,-4.675,-31.161,0
1398294735326,42004638581000,171538053000001,-7.258,-4.675,-31.161,0
1398294735343,42004650209000,171538053000001,-7.258,-4.36,-31.161,0
1398294735351,42004658570000,171538053000001,-7.258,-4.36,-31.161,0
1398294735364,42004668611000,171538053000001,-7.258,-4.36,-31.161,0
1398294735366,42004678559000,171538053000001,-7.258,-4.36,-31.161,0
1398294735376,42004688630000,171538053000001,-7.258,-4.36,-31.161,0
1398294735379,42004698365000,171538053000001,-7.258,-4.36,-31.161,0
1398294735380,42004708345000,171538053000001,-7.258,-4.36,-31.161,0
1398294735389,42004718354000,171538053000001,-7.258,-4.36,-31.161,0
1398294735400,42004728425000,171538053000001,-7.258,-4.36,-31.161,0
1398294735411,42004740022000,171538053000001,-7.258,-4.36,-31.161,0
1398294735425,42004754670000,171538053000001,-7.258,-4.36,-31.161,0
1398294735429,42004759370000,171538053000001,-7.258,-4.36,-31.161,0
1398294735439,42004768373000,171538053000001,-7.258,-4.36,-31.161,0
1398294735448,42004778352000,171538053000001,-7.258,-4.36,-31.161,0
1398294735458,42004788362000,171538053000001,-7.258,-4.36,-31.161,0
1398294735468,42004798371000,171538053000001,-7.258,-4.36,-31.161,0
1398294735479,42004808351000,171538053000001,-7.258,-4.36,-31.161,0
1398294735488,42004818360000,171538053000001,-7.258,-4.36,-31.161,0
1398294735500,42004829927000,171538053000001,-7.258,-4.36,-31.161,0
1398294735508,42004838441000,171538053000001,-7.258,-4.36,-31.161,0
1398294735518,42004848390000,171538053000001,-7.258,-4.36,-31.161,0
1398294735528,42004858399000,171538053000001,-7.258,-4.36,-31.161,0
1398294735545,42004874818000,171538053000001,-7.258,-4.36,-31.161,0
1398294735550,42004880525000,171538053000001,-7.258,-4.36,-31.161,0
1398294735565,42004894746000,171538053000001,-7.258,-4.36,-31.161,0
1398294735571,42004901033000,171538053000001,-7.258,-4.36,-31.161,0
1398294735585,42004914979000,171538053000001,-7.258,-4.36,-31.161,0
1398294735590,42004920594000,171538053000001,-7.258,-4.36,-31.463,0
1398294735601,42004931367000,171538053000001,-7.258,-4.36,-31.463,0
1398294735615,42004945008000,171538053000001,-7.258,-4.36,-31.463,0
1398294735620,42004950501000,171538053000001,-7.258,-4.36,-31.463,0
1398294735635,42004964814000,171538053000001,-7.258,-4.36,-31.463,0
1398294735641,42004971101000,171538053000001,-7.258,-4.36,-31.463,0
1398294735655,42004984986000,171538053000001,-7.258,-4.36,-31.463,0
1398294735661,42004991303000,171538053000001,-7.258,-4.36,-31.463,0
1398294735675,42005005281000,171538053000001,-7.258,-4.36,-31.463,0
1398294735682,42005012452000,171538053000001,-7.258,-4.36,-31.463,0
1398294735694,42005024324000,171538053000001,-7.258,-4.36,-31.463,0
1398294735702,42005029634000,171538053000001,-7.258,-4.36,-31.463,0
1398294735712,42005040467000,171538053000001,-7.258,-4.36,-31.463,0
1398294735722,42005050660000,171538053000001,-7.258,-4.36,-31.463,0
1398294735732,42005060639000,171538053000001,-7.258,-4.36,-31.463,0
1398294735742,42005070619000,171538053000001,-7.258,-4.051,-31.463,0
1398294735755,42005081208000,171538053000001,-7.258,-4.051,-31.463,0
1398294735761,42005088960000,171538053000001,-7.258,-4.051,-31.463,0
1398294735773,42005100373000,171538053000001,-7.258,-4.051,-31.463,0
1398294735783,42005110566000,171538053000001,-7.258,-4.051,-31.463,0
1398294735794,42005121400000,171538053000001,-7.258,-4.051,-31.463,0
1398294735803,42005129457000,171538053000001,-7.258,-4.051,-31.463,0
1398294735814,42005140107000,171538053000001,-7.258,-4.051,-31.463,0
1398294735823,42005150605000,171538053000001,-7.258,-4.051,-31.463,0
1398294735834,42005160523000,171538053000001,-7.258,-4.051,-31.463,0
1398294735842,42005169465000,171538053000001,-7.258,-3.724,-31.765,0
1398294735855,42005180879000,171538053000001,-7.258,-3.724,-31.765,0
1398294735866,42005192567000,171538053000001,-7.258,-3.724,-31.765,0
1398294735873,42005199067000,171538053000001,-7.258,-3.724,-31.765,0
1398294735883,42005210237000,171538053000001,-6.944,-3.724,-31.765,0
1398294735893,42005220124000,171538053000001,-6.944,-3.724,-31.765,0
1398294735904,42005230897000,171538053000001,-6.944,-3.724,-31.765,0
1398294735912,42005239533000,171538053000001,-6.944,-3.724,-31.765,0
1398294735924,42005251344000,171538053000001,-6.944,-3.724,-31.765,0
1398294735932,42005259095000,171538053000001,-6.944,-3.724,-31.765,0
1398294735948,42005269136000,171538053000001,-6.629,-3.724,-31.765,0
1398294735959,42005279115000,171538053000001,-6.629,-3.724,-31.765,0
1398294735964,42005289155000,171538053000001,-6.629,-3.724,-31.765,0
1398294735972,42005299134000,171538053000001,-6.629,-3.724,-31.765,0
1398294735982,42005309175000,171538053000001,-6.629,-3.724,-31.765,0
1398294735992,42005319184000,171538053000001,-6.629,-3.724,-31.765,0
1398294736002,42005329194000,171538053000001,-6.629,-3.724,-31.765,0
1398294736012,42005339173000,171538053000001,-6.629,-3.724,-31.765,0
1398294736023,42005349336000,171538053000001,-6.629,-3.724,-31.765,0
1398294736035,42005359193000,171538053000001,-6.311,-3.724,-31.765,0
1398294736045,42005370973000,171538053000001,-6.311,-3.724,-31.765,0
1398294736053,42005379243000,171538053000001,-6.311,-3.724,-31.765,0
1398294736062,42005389710000,171538053000001,-6.311,-3.724,-31.765,0
1398294736074,42005401612000,171538053000001,-6.311,-3.724,-31.765,0
1398294736085,42005409272000,171538053000001,-6.311,-3.724,-31.765,0
1398294736092,42005419740000,171538053000001,-6.311,-3.724,-31.765,0
1398294736104,42005431916000,171538053000001,-6.311,-3.724,-31.765,0
1398294736112,42005439729000,171538053000001,-6.311,-3.724,-31.765,0
1398294736126,42005453706000,171538053000001,-6.311,-3.724,-32.067,0
1398294736134,42005459291000,171538053000001,-5.996,-3.724,-32.067,0
1398294736142,42005469758000,171538053000001,-5.996,-3.724,-32.067,0
1398294736154,42005481599000,171538053000001,-5.996,-3.724,-32.067,0
1398294736162,42005489778000,171538053000001,-5.996,-3.724,-32.067,0
1398294736175,42005502870000,171538053000001,-5.996,-3.724,-32.067,0
1398294736182,42005509309000,171538053000001,-5.996,-3.724,-32.067,0
1398294736195,42005522950000,171538053000001,-5.996,-3.724,-32.067,0
1398294736203,42005529328000,171538053000001,-5.996,-3.724,-32.067,0
1398294736214,42005541383000,171538053000001,-5.996,-3.724,-32.067,0
1398294736225,42005551820000,171538053000001,-5.996,-3.724,-32.067,0
1398294736232,42005559815000,171538053000001,-5.996,-3.724,-32.067,0
1398294736245,42005573121000,171538053000001,-5.996,-3.724,-32.067,0
1398294736252,42005579377000,171538053000001,-5.996,-3.724,-32.067,0
1398294736265,42005592835000,171538053000001,-5.996,-3.724,-32.067,0
1398294736272,42005599397000,171538053000001,-5.996,-3.724,-32.067,0
1398294736286,42005613221000,171538053000001,-5.996,-3.724,-32.067,0
1398294736292,42005619447000,171538053000001,-5.996,-3.724,-32.067,0
1398294736304,42005631745000,171538053000001,-5.996,-3.724,-32.067,0
1398294736313,42005640748000,171538053000001,-5.996,-3.724,-32.067,0
1398294736324,42005651673000,171538053000001,-5.996,-3.724,-32.067,0
1398294736334,42005660768000,171538053000001,-5.996,-3.724,-32.067,0
1398294736345,42005671571000,171538053000001,-5.996,-3.724,-32.067,0
1398294736352,42005679963000,171538053000001,-5.996,-3.724,-32.067,0
1398294736368,42005692872000,171538053000001,-5.679,-3.724,-32.067,0
1398294736374,42005701020000,171538053000001,-5.679,-3.724,-32.067,0
1398294736383,42005709992000,171538053000001,-5.679,-3.724,-32.067,0
1398294736395,42005722871000,171538053000001,-5.679,-3.724,-32.067,0
1398294736404,42005731111000,171538053000001,-5.679,-3.724,-32.067,0
1398294736414,42005741090000,171538053000001,-5.679,-3.724,-32.067,0
1398294736423,42005750733000,171538053000001,-5.679,-3.724,-32.067,0
1398294736434,42005760011000,171538053000001,-5.679,-4.029,-32.067,0
1398294736454,42005769593000,171538053000001,-5.679,-4.029,-32.067,0
1398294736460,42005779786000,171538053000001,-5.679,-4.029,-32.067,0
1398294736466,42005789613000,171538053000001,-5.679,-4.029,-32.067,0
1398294736472,42005799592000,171538053000001,-5.679,-4.029,-32.067,0
1398294736484,42005809602000,171538053000001,-5.679,-4.029,-32.067,0
1398294736490,42005819398000,171538053000001,-5.679,-4.029,-32.067,0
1398294736499,42005829408000,171538053000001,-5.679,-4.029,-32.067,0
1398294736510,42005839418000,171538053000001,-5.679,-4.029,-32.067,0
1398294736520,42005849427000,171538053000001,-5.679,-4.029,-32.067,0
1398294736534,42005859651000,171538053000001,-5.679,-4.029,-32.067,0
1398294736542,42005869538000,171538053000001,-5.679,-4.029,-32.067,0
1398294736554,42005882875000,171538053000001,-5.679,-4.029,-32.067,0
1398294736562,42005890687000,171538053000001,-5.679,-4.029,-32.067,0
1398294736574,42005902894000,171538053000001,-5.679,-4.029,-32.067,0
1398294736585,42005911988000,171538053000001,-5.679,-4.029,-32.067,0
1398294736592,42005919770000,171538053000001,-6.005,-4.029,-32.067,0
1398294736604,42005931855000,171538053000001,-6.005,-4.029,-32.067,0
1398294736614,42005941316000,171538053000001,-6.005,-4.029,-32.067,0
1398294736625,42005952363000,171538053000001,-6.005,-4.029,-32.067,0
1398294736634,42005961396000,171538053000001,-6.005,-4.029,-32.067,0
1398294736643,42005970368000,171538053000001,-6.005,-4.029,-32.067,0
1398294736656,42005980744000,171538053000001,-6.005,-4.029,-32.067,0
1398294736664,42005990785000,171538053000001,-6.005,-4.029,-32.067,0
1398294736673,42006000764000,171538053000001,-6.005,-4.029,-32.067,0
1398294736684,42006011231000,171538053000001,-6.005,-4.029,-32.067,0
1398294736694,42006020753000,171538053000001,-6.005,-4.029,-32.067,0
1398294736704,42006030763000,171538053000001,-6.005,-4.029,-32.067,0
1398294736713,42006040376000,171538053000001,-6.005,-4.029,-32.067,0
1398294736727,42006054200000,171538053000001,-6.005,-4.029,-32.067,0
1398294736734,42006060914000,171538053000001,-6.005,-4.029,-32.067,0
1398294736743,42006070436000,171538053000001,-6.005,-4.029,-32.067,0
1398294736753,42006080781000,171538053000001,-6.005,-4.029,-32.067,0
1398294736768,42006092744000,171538053000001,-6.005,-4.029,-32.067,0
1398294736774,42006099946000,171538053000001,-6.005,-4.029,-32.067,0
1398294736784,42006110841000,171538053000001,-6.005,-4.029,-32.067,0
1398294736794,42006122041000,171538053000001,-6.005,-4.029,-32.067,0
1398294736804,42006131288000,171538053000001,-6.005,-4.029,-32.067,0
1398294736815,42006142518000,171538053000001,-5.676,-4.029,-32.067,0
1398294736824,42006151216000,171538053000001,-5.676,-4.029,-32.067,0
1398294736834,42006162019000,171538053000001,-5.676,-4.029,-32.067,0
1398294736844,42006172151000,171538053000001,-5.676,-4.029,-32.067,0
1398294736854,42006181520000,171538053000001,-5.676,-4.029,-32.067,0
1398294736865,42006192414000,171538053000001,-5.676,-4.029,-32.067,0
1398294736874,42006201295000,171538053000001,-5.676,-4.029,-32.067,0
1398294736886,42006213563000,171538053000001,-5.676,-4.029,-32.067,0
1398294736893,42006220124000,171538053000001,-5.676,-4.029,-32.067,0
1398294736904,42006231416000,171538053000001,-5.676,-4.029,-32.067,0
1398294736914,42006241395000,171538053000001,-5.676,-4.029,-32.067,0
1398294736925,42006252412000,171538053000001,-5.676,-4.029,-32.067,0
1398294736933,42006260530000,171538053000001,-5.676,-4.029,-32.067,0
1398294736946,42006272431000,171538053000001,-5.676,-4.029,-32.067,0
1398294736954,42006280213000,171538053000001,-5.676,-4.029,-32.067,0
1398294736971,42006290223000,171538053000001,-5.676,-4.029,-32.067,0
1398294736977,42006300202000,171538053000001,-5.676,-4.029,-32.067,0
1398294736986,42006310212000,171538053000001,-5.676,-4.029,-32.067,0
1398294736994,42006320252000,171538053000001,-5.676,-4.029,-32.067,0
1398294737000,42006329896000,171538053000001,-5.676,-4.029,-32.067,0
1398294737010,42006339875000,171538053000001,-5.676,-3.717,-32.067,0
1398294737020,42006349885000,171538053000001,-5.676,-3.717,-32.067,0
1398294737030,42006359895000,171538053000001,-5.676,-3.717,-32.067,0
1398294737043,42006369905000,171538053000001,-5.676,-3.717,-32.067,0
1398294737051,42006380067000,171538053000001,-5.676,-3.717,-32.067,0
1398294737062,42006390077000,171538053000001,-5.676,-3.717,-32.067,0
1398294737072,42006401033000,171538053000001,-5.676,-3.717,-32.067,0
1398294737084,42006412843000,171538053000001,-5.676,-3.717,-32.067,0
1398294737093,42006421601000,171538053000001,-5.676,-3.405,-32.067,0
1398294737104,42006432923000,171538053000001,-5.676,-3.405,-32.067,0
1398294737114,42006442475000,171538053000001,-5.676,-3.405,-32.067,0
1398294737125,42006452912000,171538053000001,-5.676,-3.405,-32.067,0
1398294737133,42006461305000,171538053000001,-5.676,-3.405,-32.067,0
1398294737145,42006473786000,171538053000001,-5.676,-3.405,-32.067,0
1398294737153,42006481782000,171538053000001,-5.676,-3.068,-32.067,0
1398294737165,42006493501000,171538053000001,-5.676,-3.068,-32.067,0
1398294737173,42006501527000,171538053000001,-5.676,-3.068,-32.067,0
1398294737186,42006514131000,171538053000001,-5.676,-3.068,-32.067,0
1398294737193,42006521791000,171538053000001,-5.676,-3.068,-32.067,0
1398294737205,42006533753000,171538053000001,-5.676,-3.068,-32.067,0
1398294737213,42006541139000,171538053000001,-5.676,-3.068,-32.067,0
1398294737225,42006554017000,171538053000001,-5.676,-3.068,-32.067,0
1398294737233,42006561830000,171538053000001,-5.676,-3.068,-32.394,0
1398294737246,42006574281000,171538053000001,-5.676,-3.068,-32.394,0
1398294737255,42006580476000,171538053000001,-5.36,-3.068,-32.394,0
1398294737263,42006590791000,171538053000001,-5.36,-3.068,-32.394,0
1398294737275,42006602571000,171538053000001,-5.36,-3.068,-32.394,0
1398294737283,42006610749000,171538053000001,-5.36,-3.068,-32.394,0
1398294737297,42006624330000,171538053000001,-5.36,-3.068,-32.394,0
1398294737312,42006633210000,171538053000001,-5.36,-3.068,-32.394,0
1398294737317,42006640443000,171538053000001,-5.36,-3.068,-32.394,0
1398294737325,42006650422000,171538053000001,-5.36,-3.068,-32.394,0
1398294737333,42006660737000,171538053000001,-5.36,-3.068,-32.394,0
1398294737347,42006674043000,171538053000001,-5.36,-3.068,-32.394,0
1398294737354,42006680421000,171538053000001,-5.36,-3.068,-32.394,0
1398294737369,42006690492000,171538053000001,-5.36,-3.068,-32.394,0
1398294737386,42006700501000,171538053000001,-5.36,-3.068,-32.394,0
1398294737393,42006710511000,171538053000001,-5.36,-3.068,-32.394,0
1398294737398,42006720521000,171538053000001,-5.36,-3.068,-32.394,0
1398294737406,42006730500000,171538053000001,-5.36,-3.068,-32.394,0
1398294737413,42006742463000,171538053000001,-5.36,-2.748,-32.394,0
1398294737422,42006751863000,171538053000001,-5.36,-2.748,-32.394,0
1398294737432,42006761872000,171538053000001,-5.36,-2.748,-32.394,0
1398294737442,42006771913000,171538053000001,-5.36,-2.748,-32.394,0
1398294737454,42006781007000,171538053000001,-5.36,-2.748,-32.394,0
1398294737463,42006790406000,171538053000001,-5.36,-2.748,-32.394,0
1398294737471,42006800416000,171538053000001,-5.36,-2.748,-32.394,0
1398294737483,42006811982000,171538053000001,-5.36,-2.748,-32.394,0
1398294737491,42006820497000,171538053000001,-5.36,-2.748,-32.394,0
1398294737501,42006830476000,171538053000001,-5.36,-2.748,-32.394,0
1398294737511,42006840486000,171538053000001,-5.36,-2.748,-32.394,0
1398294737521,42006850495000,171538053000001,-5.36,-2.748,-32.394,0
1398294737531,42006860505000,171538053000001,-5.36,-2.748,-32.394,0
1398294737543,42006870545000,171538053000001,-5.36,-2.432,-32.394,0
1398294737561,42006888337000,171538053000001,-5.36,-2.432,-32.394,0
1398294737565,42006890534000,171538053000001,-5.36,-2.432,-32.394,0
1398294737575,42006902925000,171538053000001,-5.36,-2.432,-32.394,0
1398294737584,42006912904000,171538053000001,-5.36,-2.432,-32.394,0
1398294737593,42006921571000,171538053000001,-5.36,-2.432,-32.394,0
1398294737604,42006932923000,171538053000001,-5.36,-2.432,-32.394,0
1398294737615,42006943788000,171538053000001,-5.36,-2.432,-32.394,0
1398294737624,42006952912000,171538053000001,-5.36,-2.432,-32.394,0
1398294737635,42006961793000,171538053000001,-5.36,-2.101,-32.394,0
1398294737646,42006971711000,171538053000001,-5.36,-2.101,-32.394,0
1398294737655,42006981538000,171538053000001,-5.673,-2.101,-32.394,0
1398294737667,42006993562000,171538053000001,-5.673,-2.101,-32.394,0
1398294737674,42007001649000,171538053000001,-5.673,-2.101,-32.394,0
1398294737686,42007013215000,171538053000001,-5.673,-2.101,-32.699,0
1398294737694,42007020783000,171538053000001,-5.673,-2.101,-32.699,0
1398294737705,42007033235000,171538053000001,-5.673,-2.101,-32.699,0
1398294737713,42007041017000,171538053000001,-5.673,-2.101,-32.699,0
1398294737726,42007053285000,171538053000001,-5.673,-2.101,-32.699,0
1398294737734,42007061311000,171538053000001,-5.673,-2.101,-32.699,0
1398294737747,42007074952000,171538053000001,-5.673,-2.101,-32.699,0
1398294737755,42007080842000,171538053000001,-5.673,-2.101,-32.699,0
1398294737766,42007093293000,171538053000001,-5.673,-2.101,-32.699,0
1398294737774,42007100862000,171538053000001,-5.329,-2.101,-32.699,0
1398294737794,42007110902000,171538053000001,-5.329,-2.101,-32.699,0
1398294737804,42007120942000,171538053000001,-5.329,-2.101,-32.699,0
1398294737818,42007130921000,171538053000001,-5.329,-2.101,-32.699,0
1398294737825,42007140931000,171538053000001,-5.329,-2.101,-32.699,0
1398294737840,42007150971000,171538053000001,-5.329,-2.101,-32.699,0
1398294737847,42007160951000,171538053000001,-5.329,-2.101,-32.699,0
1398294737855,42007172517000,171538053000001,-5.329,-2.101,-32.699,0
1398294737866,42007181001000,171538053000001,-5.329,-2.101,-32.699,0
1398294737870,42007196839000,171538053000001,-5.329,-2.101,-32.699,0
1398294737880,42007200898000,171538053000001,-5.329,-2.101,-32.699,0
1398294737882,42007210786000,171538053000001,-5.708,-2.101,-32.699,0
1398294737892,42007221192000,171538053000001,-5.708,-2.101,-32.699,0
1398294737904,42007233705000,171538053000001,-5.708,-2.101,-32.699,0
1398294737914,42007243928000,171538053000001,-5.708,-2.403,-32.699,0
1398294737926,42007255433000,171538053000001,-6.054,-2.403,-32.699,0
1398294737932,42007262178000,171538053000001,-6.054,-2.403,-32.699,0
1398294737943,42007272889000,171538053000001,-6.054,-2.403,-32.699,0
1398294737955,42007282594000,171538053000001,-6.054,-2.403,-32.699,0
1398294737969,42007291688000,171538053000001,-6.054,-2.403,-32.699,0
1398294737974,42007300965000,171538053000001,-6.394,-2.403,-32.699,0
1398294737983,42007310975000,171538053000001,-6.394,-2.403,-32.699,0
1398294737993,42007320954000,171538053000001,-6.394,-2.403,-32.699,0
1398294738003,42007330964000,171538053000001,-6.394,-2.403,-32.699,0
1398294738013,42007340974000,171538053000001,-6.394,-2.091,-32.699,0
1398294738024,42007352662000,171538053000001,-6.394,-2.091,-32.699,0
1398294738033,42007361085000,171538053000001,-6.394,-2.091,-32.699,0
1398294738042,42007371064000,171538053000001,-6.394,-2.091,-32.699,0
1398294738052,42007381043000,171538053000001,-6.394,-1.731,-32.699,0
1398294738066,42007391511000,171538053000001,-6.394,-1.731,-32.699,0
1398294738074,42007401338000,171538053000001,-6.394,-1.731,-32.699,0
1398294738086,42007413209000,171538053000001,-6.394,-1.425,-32.699,0
1398294738096,42007423249000,171538053000001,-6.394,-1.425,-32.699,0
1398294738105,42007432649000,171538053000001,-6.394,-1.425,-32.699,0
1398294738115,42007443086000,171538053000001,-6.394,-1.109,-32.699,0
1398294738126,42007453340000,171538053000001,-6.394,-1.109,-32.699,0
1398294738135,42007462709000,171538053000001,-6.394,-1.109,-32.699,0
1398294738146,42007473542000,171538053000001,-6.394,-1.109,-32.699,0
1398294738154,42007481233000,171538053000001,-6.394,-0.802,-32.699,0
1398294738172,42007493196000,171538053000001,-6.394,-0.802,-32.699,0
1398294738183,42007504823000,171538053000001,-6.394,-0.802,-32.699,0
1398294738189,42007511415000,171538053000001,-6.394,-0.802,-32.699,0
1398294738196,42007521363000,171538053000001,-6.394,-0.802,-32.699,0
1398294738206,42007533296000,171538053000001,-6.394,-0.802,-32.699,0
1398294738214,42007541322000,171538053000001,-6.394,-0.802,-32.699,0
1398294738226,42007553315000,171538053000001,-6.394,-0.802,-32.699,0
1398294738236,42007563844000,171538053000001,-6.394,-0.802,-32.699,0
1398294738245,42007572969000,171538053000001,-6.394,-0.802,-32.699,0
1398294738257,42007584230000,171538053000001,-6.394,-0.802,-32.699,0
1398294738264,42007591920000,171538053000001,-6.394,-1.107,-32.699,0
1398294738277,42007604493000,171538053000001,-6.394,-1.107,-32.699,0
1398294738284,42007611970000,171538053000001,-6.394,-1.107,-32.699,0
1398294738296,42007623262000,171538053000001,-6.394,-1.416,-32.699,0
1398294738304,42007631623000,171538053000001,-6.698,-1.416,-32.699,0
1398294738316,42007643952000,171538053000001,-6.698,-1.416,-32.699,0
1398294738325,42007652680000,171538053000001,-6.698,-1.794,-32.383,0
1398294738336,42007663301000,171538053000001,-6.698,-1.794,-32.383,0
1398294738345,42007672792000,171538053000001,-6.698,-1.794,-32.383,0
1398294738357,42007684815000,171538053000001,-6.698,-2.113,-32.383,0
1398294738365,42007691438000,171538053000001,-6.698,-2.113,-32.383,0
1398294738376,42007703889000,171538053000001,-6.698,-2.113,-32.383,0
1398294738387,42007714265000,171538053000001,-6.698,-2.113,-32.383,0
1398294738395,42007722199000,171538053000001,-6.698,-2.441,-32.383,0
1398294738407,42007734925000,171538053000001,-6.698,-2.441,-32.383,0
1398294738415,42007741456000,171538053000001,-6.698,-2.441,-32.383,0
1398294738426,42007753938000,171538053000001,-6.698,-2.441,-32.383,0
1398294738435,42007762910000,171538053000001,-6.698,-2.441,-32.383,0
1398294738446,42007773835000,171538053000001,-6.698,-2.441,-32.383,0
1398294738454,42007781526000,171538053000001,-6.698,-2.76,-32.383,0
1398294738493,42007792115000,171538053000001,-6.698,-2.76,-32.383,0
1398294738499,42007801545000,171538053000001,-6.698,-2.76,-32.383,0
1398294738505,42007811952000,171538053000001,-6.698,-2.76,-32.383,0
1398294738514,42007821595000,171538053000001,-6.698,-2.76,-32.383,0
1398294738516,42007831605000,171538053000001,-6.698,-2.76,-32.383,0
1398294738518,42007841706000,171538053000001,-6.698,-2.76,-32.383,0
1398294738524,42007851350000,171538053000001,-6.698,-2.76,-32.383,0
1398294738532,42007861390000,171538053000001,-6.698,-2.76,-32.383,0
1398294738542,42007871369000,171538053000001,-6.698,-2.76,-32.383,0
1398294738552,42007881379000,171538053000001,-6.698,-2.76,-32.383,0
1398294738565,42007894319000,171538053000001,-6.698,-2.76,-32.383,0
1398294738572,42007901521000,171538053000001,-6.698,-2.76,-32.383,0
1398294738582,42007911439000,171538053000001,-6.698,-2.76,-32.383,0
1398294738592,42007921449000,171538053000001,-6.698,-2.76,-32.383,0
1398294738602,42007931611000,171538053000001,-6.698,-3.06,-32.383,0
1398294738613,42007941499000,171538053000001,-6.698,-3.06,-32.383,0
1398294738624,42007952516000,171538053000001,-6.698,-3.06,-32.383,0
1398294738634,42007962983000,171538053000001,-6.698,-3.06,-32.383,0
1398294738645,42007973176000,171538053000001,-6.698,-3.06,-32.383,0
1398294738655,42007983705000,171538053000001,-6.698,-3.06,-32.383,0
1398294738665,42007992921000,171538053000001,-6.698,-3.06,-32.383,0
1398294738674,42008002809000,171538053000001,-6.698,-3.06,-32.383,0
1398294738684,42008013703000,171538053000001,-6.698,-3.06,-32.383,0
1398294738694,42008022859000,171538053000001,-6.698,-3.06,-32.383,0
1398294738706,42008035462000,171538053000001,-6.698,-3.06,-32.383,0
1398294738712,42008042024000,171538053000001,-6.698,-3.06,-32.383,0
1398294738723,42008053315000,171538053000001,-6.698,-3.06,-32.383,0
1398294738737,42008067018000,171538053000001,-6.698,-3.06,-32.383,0
1398294738745,42008074586000,171538053000001,-6.698,-3.06,-32.383,0
1398294738753,42008083039000,171538053000001,-6.698,-3.06,-32.383,0
1398294738762,42008091615000,171538053000001,-6.698,-3.06,-32.383,0
1398294738773,42008102082000,171538053000001,-6.698,-3.06,-32.383,0
1398294738783,42008112947000,171538053000001,-6.698,-3.06,-32.383,0
1398294738800,42008122438000,171538053000001,-6.698,-3.06,-32.383,0
1398294738803,42008131654000,171538053000001,-6.698,-3.06,-32.383,0
1398294738836,42008141633000,171538053000001,-6.698,-3.06,-32.383,0
1398294738838,42008151673000,171538053000001,-6.698,-3.06,-32.383,0
1398294738857,42008161653000,171538053000001,-6.698,-3.06,-32.383,0
1398294738863,42008171693000,171538053000001,-6.698,-3.06,-32.383,0
1398294738868,42008181703000,171538053000001,-6.698,-3.06,-32.383,0
1398294738874,42008191682000,171538053000001,-6.698,-3.06,-32.383,0
1398294738875,42008201692000,171538053000001,-6.698,-3.06,-32.383,0
1398294738889,42008211701000,171538053000001,-6.698,-3.06,-32.383,0
1398294738892,42008221742000,171538053000001,-6.698,-3.06,-32.383,0
1398294738906,42008231782000,171538053000001,-6.698,-3.06,-32.383,0
1398294738912,42008241761000,171538053000001,-7.04,-3.06,-32.383,0
1398294738924,42008253297000,171538053000001,-7.04,-3.06,-32.383,0
1398294738932,42008261842000,171538053000001,-7.04,-3.06,-32.383,0
1398294738942,42008271791000,171538053000001,-7.04,-3.06,-32.383,0
1398294738952,42008281831000,171538053000001,-7.04,-2.709,-32.383,0
1398294738962,42008291810000,171538053000001,-7.04,-2.709,-32.383,0
1398294738972,42008301789000,171538053000001,-7.04,-2.709,-32.383,0
1398294738982,42008311830000,171538053000001,-7.04,-2.709,-32.383,0
1398294738995,42008321839000,171538053000001,-7.04,-2.4,-32.383,0
1398294739002,42008331880000,171538053000001,-7.347,-2.4,-32.383,0
1398294739012,42008341889000,171538053000001,-7.347,-2.4,-32.383,0
1398294739022,42008351899000,171538053000001,-7.347,-2.4,-32.383,0
1398294739032,42008361909000,171538053000001,-7.347,-2.4,-32.383,0
1398294739042,42008371858000,171538053000001,-7.347,-2.4,-32.383,0
1398294739052,42008381898000,171538053000001,-7.347,-2.4,-32.383,0
1398294739062,42008392091000,171538053000001,-7.347,-2.4,-32.383,0
1398294739072,42008401918000,171538053000001,-7.347,-2.4,-32.383,0
1398294739082,42008411897000,171538053000001,-7.347,-2.4,-32.383,0
1398294739095,42008424928000,171538053000001,-7.347,-2.099,-32.383,0
1398294739104,42008433442000,171538053000001,-7.347,-2.099,-32.383,0
1398294739112,42008441926000,171538053000001,-7.347,-2.099,-32.383,0
1398294739122,42008451905000,171538053000001,-7.347,-2.099,-32.066,0
1398294739132,42008461915000,171538053000001,-7.347,-2.099,-32.066,0
1398294739142,42008471925000,171538053000001,-7.347,-2.099,-32.066,0
1398294739153,42008481965000,171538053000001,-7.347,-2.099,-32.066,0
1398294739162,42008491944000,171538053000001,-7.347,-2.099,-32.066,0
1398294739172,42008501954000,171538053000001,-7.347,-2.099,-32.066,0
1398294739182,42008511964000,171538053000001,-7.347,-2.099,-32.066,0
1398294739192,42008521974000,171538053000001,-7.347,-2.099,-32.066,0
1398294739202,42008531983000,171538053000001,-7.347,-2.099,-32.066,0
1398294739212,42008541993000,171538053000001,-7.347,-2.099,-32.066,0
1398294739222,42008552003000,171538053000001,-7.347,-2.099,-32.066,0
1398294739232,42008562013000,171538053000001,-7.347,-2.099,-32.066,0
1398294739242,42008572022000,171538053000001,-7.347,-1.794,-32.066,0
1398294739252,42008582032000,171538053000001,-7.012,-1.794,-32.066,0
1398294739262,42008592042000,171538053000001,-7.012,-1.794,-32.066,0
1398294739272,42008602052000,171538053000001,-7.012,-1.794,-32.066,0
1398294739284,42008613587000,171538053000001,-7.012,-1.794,-32.066,0
1398294739292,42008622102000,171538053000001,-7.012,-1.431,-32.066,0
1398294739302,42008632081000,171538053000001,-7.012,-1.431,-32.066,0
1398294739312,42008642060000,171538053000001,-7.012,-1.431,-32.066,0
1398294739322,42008652070000,171538053000001,-7.012,-1.431,-32.066,0
1398294739332,42008662080000,171538053000001,-7.012,-1.086,-32.066,0
1398294739342,42008672090000,171538053000001,-7.012,-1.086,-32.066,0
1398294739354,42008682160000,171538053000001,-7.012,-1.086,-32.066,0
1398294739365,42008695375000,171538053000001,-7.012,-1.086,-32.066,0
1398294739375,42008704560000,171538053000001,-7.012,-0.765,-32.066,0
1398294739385,42008715303000,171538053000001,-7.012,-0.765,-32.066,0
1398294739401,42008724458000,171538053000001,-7.012,-0.765,-32.066,0
1398294739404,42008733552000,171538053000001,-7.012,-0.765,-32.066,0
1398294739415,42008744508000,171538053000001,-7.012,-0.765,-32.066,0
1398294739424,42008753938000,171538053000001,-7.012,-0.765,-32.066,0
1398294739435,42008765351000,171538053000001,-7.012,-0.765,-32.066,0
1398294739444,42008774476000,171538053000001,-7.012,-0.765,-32.066,0
1398294739454,42008783662000,171538053000001,-7.012,-0.451,-32.066,0
1398294739464,42008793794000,171538053000001,-7.012,-0.451,-32.382,0
1398294739474,42008802308000,171538053000001,-6.672,-0.451,-32.382,0
1398294739482,42008812257000,171538053000001,-6.672,-0.451,-32.382,0
1398294739492,42008822267000,171538053000001,-6.672,-0.451,-32.382,0
1398294739502,42008832276000,171538053000001,-6.672,-0.451,-32.382,0
1398294739512,42008842286000,171538053000001,-6.672,-0.451,-32.382,0
1398294739522,42008852296000,171538053000001,-6.672,-0.451,-32.382,0
1398294739532,42008862306000,171538053000001,-6.333,-0.451,-32.382,0
1398294739543,42008873170000,171538053000001,-6.333,-0.451,-32.382,0
1398294739554,42008884034000,171538053000001,-6.333,-0.451,-32.382,0
1398294739564,42008894074000,171538053000001,-6.333,-0.451,-32.382,0
1398294739575,42008904512000,171538053000001,-6.333,-0.451,-32.382,0
1398294739585,42008915376000,171538053000001,-6.333,-0.451,-32.382,0
1398294739595,42008925233000,171538053000001,-5.984,-0.451,-32.382,0
1398294739605,42008934632000,171538053000001,-5.984,-0.451,-32.382,0
1398294739615,42008945314000,171538053000001,-5.984,-0.451,-32.382,0
1398294739624,42008953919000,171538053000001,-5.984,-0.451,-32.69,0
1398294739639,42008968720000,171538053000001,-5.984,-0.451,-32.69,0
1398294739646,42008976350000,171538053000001,-5.984,-0.451,-32.69,0
1398294739658,42008987702000,171538053000001,-5.984,-0.123,-32.69,0
1398294739666,42008996339000,171538053000001,-5.984,-0.123,-32.69,0
1398294739675,42009005220000,171538053000001,-5.984,-0.123,-32.69,0
1398294739690,42009019166000,171538053000001,-5.984,-0.123,-32.69,0
1398294739694,42009023835000,171538053000001,-5.984,-0.123,-32.69,0
1398294739709,42009038545000,171538053000001,-5.984,-0.123,-32.69,0
1398294739714,42009043733000,171538053000001,-5.984,-0.123,-32.69,0
1398294739726,42009055818000,171538053000001,-5.662,-0.123,-32.69,0
1398294739735,42009065248000,171538053000001,-5.662,-0.123,-32.69,0
1398294739745,42009074678000,171538053000001,-5.662,-0.123,-32.69,0
1398294739753,42009083100000,171538053000001,-5.662,-0.123,-32.69,0
1398294739770,42009092561000,171538053000001,-5.662,-0.123,-32.69,0
1398294739773,42009102510000,171538053000001,-5.662,-0.123,-32.69,0
1398294739786,42009115327000,171538053000001,-5.662,-0.123,-32.69,0
1398294739793,42009122560000,171538053000001,-5.662,-0.123,-32.69,0
1398294739812,42009134217000,171538053000001,-5.662,-0.123,-32.69,0
1398294739814,42009142915000,171538053000001,-5.662,-0.123,-32.69,0
1398294739826,42009154176000,171538053000001,-5.662,-0.123,-32.69,0
1398294739833,42009162660000,171538053000001,-5.662,-0.123,-32.69,0
1398294739844,42009172608000,171538053000001,-5.662,0.175,-32.69,0
1398294739854,42009183869000,171538053000001,-5.662,0.175,-32.69,0
1398294739863,42009192628000,171538053000001,-5.662,0.175,-32.69,0
1398294739877,42009203370000,171538053000001,-5.662,0.175,-32.69,0
1398294739883,42009212647000,171538053000001,-5.662,0.175,-32.69,0
1398294739893,42009222657000,171538053000001,-5.662,0.175,-32.69,0
1398294739903,42009232667000,171538053000001,-5.662,0.175,-32.69,0
1398294739913,42009242677000,171538053000001,-5.662,0.175,-32.69,0
1398294739926,42009252687000,171538053000001,-5.662,0.175,-32.69,0
1398294739933,42009262696000,171538053000001,-5.662,0.175,-32.69,0
1398294739943,42009272706000,171538053000001,-5.662,0.52,-32.69,0
1398294739953,42009282716000,171538053000001,-5.662,0.52,-32.69,0
1398294739963,42009292726000,171538053000001,-5.662,0.52,-32.69,0
1398294739975,42009304963000,171538053000001,-5.662,0.52,-32.69,0
1398294739986,42009312715000,171538053000001,-5.662,0.52,-32.69,0
1398294739993,42009322755000,171538053000001,-5.662,0.52,-32.69,0
1398294740041,42009334321000,171538053000001,-5.662,0.52,-32.69,0
1398294740044,42009347627000,171538053000001,-5.662,0.52,-32.69,0
1398294740048,42009352967000,171538053000001,-5.662,0.52,-32.997,0
1398294740050,42009363069000,171538053000001,-5.662,0.52,-32.997,0
1398294740059,42009372773000,171538053000001,-5.662,0.52,-32.997,0
1398294740064,42009383180000,171538053000001,-5.662,0.52,-32.997,0
1398294740067,42009392823000,171538053000001,-5.662,0.52,-32.997,0
1398294740076,42009402833000,171538053000001,-5.662,0.52,-32.997,0
1398294740083,42009412812000,171538053000001,-5.662,0.52,-32.997,0
1398294740093,42009422822000,171538053000001,-5.662,0.52,-32.997,0
1398294740103,42009432832000,171538053000001,-5.662,0.52,-32.997,0
1398294740113,42009442842000,171538053000001,-5.335,0.52,-32.997,0
1398294740123,42009452882000,171538053000001,-5.335,0.52,-32.997,0
1398294740136,42009465241000,171538053000001,-5.335,0.52,-32.997,0
1398294740146,42009472871000,171538053000001,-5.335,0.52,-32.997,0
1398294740156,42009486024000,171538053000001,-5.335,0.52,-32.997,0
1398294740164,42009493440000,171538053000001,-5.335,0.52,-32.997,0
1398294740175,42009503236000,171538053000001,-5.335,0.218,-32.997,0
1398294740190,42009517182000,171538053000001,-5.335,0.218,-32.997,0
1398294740196,42009523408000,171538053000001,-5.335,0.218,-32.997,0
1398294740210,42009533662000,171538053000001,-5.335,0.218,-32.997,0
1398294740213,42009542970000,171538053000001,-5.335,0.218,-32.997,0
1398294740223,42009553224000,171538053000001,-5.335,0.218,-32.997,0
1398294740236,42009565278000,171538053000001,-5.335,0.218,-32.997,0
1398294740245,42009572999000,171538053000001,-5.335,0.218,-32.997,0
1398294740254,42009583009000,171538053000001,-5.335,0.218,-32.997,0
1398294740263,42009593019000,171538053000001,-5.335,0.218,-32.997,0
1398294740276,42009603150000,171538053000001,-5.335,0.218,-32.997,0
1398294740286,42009615846000,171538053000001,-5.335,-0.096,-32.997,0
1398294740293,42009623078000,171538053000001,-5.335,-0.096,-32.997,0
1398294740304,42009633546000,171538053000001,-5.335,-0.096,-32.997,0
1398294740324,42009643098000,171538053000001,-5.335,-0.096,-32.997,0
1398294740326,42009654786000,171538053000001,-5.335,-0.096,-32.997,0
1398294740333,42009663117000,171538053000001,-5.335,-0.096,-32.997,0
1398294740343,42009673097000,171538053000001,-5.335,-0.096,-32.997,0
1398294740353,42009683106000,171538053000001,-5.335,-0.096,-32.997,0
1398294740365,42009694673000,171538053000001,-5.335,-0.096,-32.997,0
1398294740374,42009703187000,171538053000001,-5.335,0.236,-32.997,0
1398294740383,42009713410000,171538053000001,-5.335,0.236,-32.997,0
1398294740393,42009723176000,171538053000001,-5.335,0.236,-32.997,0
1398294740403,42009733155000,171538053000001,-5.335,0.236,-32.997,0
1398294740416,42009746125000,171538053000001,-5.335,0.236,-32.997,0
1398294740427,42009756562000,171538053000001,-5.335,0.236,-32.997,0
1398294740433,42009763185000,171538053000001,-5.335,0.236,-32.997,0
1398294740443,42009773194000,171538053000001,-5.335,0.236,-32.997,0
1398294740455,42009783937000,171538053000001,-5.335,0.236,-32.997,0
1398294740464,42009793275000,171538053000001,-5.335,0.236,-32.997,0
1398294740474,42009803224000,171538053000001,-5.335,0.236,-32.997,0
1398294740485,42009813233000,171538053000001,-5.335,0.55,-32.997,0
1398294740494,42009823274000,171538053000001,-5.335,0.55,-32.997,0
1398294740507,42009833955000,171538053000001,-5.335,0.55,-32.997,0
1398294740517,42009845796000,171538053000001,-5.335,0.55,-32.997,0
1398294740524,42009853608000,171538053000001,-5.335,0.55,-32.997,0
1398294740535,42009865327000,171538053000001,-5.335,0.55,-32.997,0
1398294740548,42009874848000,171538053000001,-5.335,0.55,-32.997,0
1398294740559,42009884950000,171538053000001,-5.335,0.55,-32.997,0
1398294740571,42009893373000,171538053000001,-5.335,0.55,-32.997,0
1398294740573,42009903352000,171538053000001,-5.335,0.55,-32.997,0
1398294740583,42009913331000,171538053000001,-5.335,0.55,-32.997,0
1398294740593,42009923341000,171538053000001,-5.335,0.55,-32.997,0
1398294740604,42009933351000,171538053000001,-5.335,0.55,-32.997,0
1398294740613,42009943360000,171538053000001,-5.335,0.55,-32.997,0
1398294740630,42009953370000,171538053000001,-5.335,0.55,-32.997,0
1398294740634,42009963380000,171538053000001,-5.335,0.55,-32.997,0
1398294740644,42009973420000,171538053000001,-5.335,0.55,-32.997,0
1398294740654,42009983399000,171538053000001,-5.335,0.55,-32.997,0
1398294740664,42009993440000,171538053000001,-5.335,0.55,-32.997,0
1398294740675,42010003419000,171538053000001,-5.636,0.55,-32.997,0
1398294740685,42010014741000,171538053000001,-5.636,0.55,-32.997,0
1398294740694,42010023439000,171538053000001,-5.636,0.55,-32.997,0
1398294740706,42010033906000,171538053000001,-5.636,0.55,-32.997,0
1398294740715,42010044892000,171538053000001,-5.636,0.55,-32.997,0
1398294740725,42010055055000,171538053000001,-5.636,0.55,-32.997,0
1398294740734,42010063935000,171538053000001,-5.636,0.55,-32.997,0
1398294740745,42010075257000,171538053000001,-5.636,0.55,-32.997,0
1398294740754,42010083680000,171538053000001,-5.636,0.55,-32.997,0
1398294740766,42010094697000,171538053000001,-5.636,0.55,-32.997,0
1398294740774,42010103913000,171538053000001,-5.636,0.55,-32.997,0
1398294740784,42010113984000,171538053000001,-5.636,0.55,-32.997,0
1398294740800,42010123536000,171538053000001,-5.636,0.55,-32.997,0
1398294740804,42010133546000,171538053000001,-5.636,0.55,-32.997,0
1398294740813,42010143525000,171538053000001,-5.636,0.55,-32.997,0
1398294740824,42010153535000,171538053000001,-5.636,0.55,-32.997,0
1398294740834,42010163545000,171538053000001,-5.636,0.55,-32.997,0
1398294740844,42010173554000,171538053000001,-5.636,0.55,-32.997,0
1398294740856,42010183564000,171538053000001,-5.636,0.55,-32.997,0
1398294740864,42010193605000,171538053000001,-5.636,0.55,-32.997,0
1398294740874,42010203584000,171538053000001,-5.636,0.55,-32.997,0
1398294740884,42010213594000,171538053000001,-5.636,0.55,-32.997,0
1398294740895,42010225007000,171538053000001,-5.636,0.247,-32.997,0
1398294740905,42010235169000,171538053000001,-5.636,0.247,-32.997,0
1398294740914,42010243653000,171538053000001,-5.636,0.247,-32.997,0
1398294740924,42010253663000,171538053000001,-5.636,0.247,-32.997,0
1398294740938,42010264070000,171538053000001,-5.636,0.247,-32.997,0
1398294740945,42010273683000,171538053000001,-5.636,0.247,-32.997,0
1398294740955,42010283662000,171538053000001,-5.636,0.247,-32.997,0
1398294740966,42010295228000,171538053000001,-5.636,0.247,-32.997,0
1398294740975,42010304170000,171538053000001,-5.636,-0.073,-32.997,0
1398294740989,42010315766000,171538053000001,-5.636,-0.073,-32.997,0
1398294740995,42010324098000,171538053000001,-5.636,-0.073,-32.997,0
1398294741004,42010333772000,171538053000001,-5.636,-0.073,-32.997,0
1398294741016,42010346314000,171538053000001,-5.636,-0.073,-32.997,0
1398294741030,42010353944000,171538053000001,-5.636,-0.073,-32.997,0
1398294741038,42010363954000,171538053000001,-5.636,-0.073,-32.997,0
1398294741044,42010373780000,171538053000001,-5.636,-0.073,-32.997,0
1398294741055,42010384065000,171538053000001,-5.636,-0.073,-32.997,0
1398294741064,42010393769000,171538053000001,-5.636,-0.073,-32.997,0
1398294741074,42010403779000,171538053000001,-5.636,-0.073,-32.997,0
1398294741088,42010415376000,171538053000001,-5.636,-0.073,-32.997,0
1398294741095,42010423860000,171538053000001,-5.636,-0.073,-32.997,0
1398294741105,42010433839000,171538053000001,-5.636,-0.073,-32.997,0
1398294741114,42010443849000,171538053000001,-5.636,-0.073,-32.997,0
1398294741124,42010453858000,171538053000001,-5.636,-0.073,-32.997,0
1398294741136,42010463868000,171538053000001,-5.636,-0.073,-32.997,0
1398294741144,42010473878000,171538053000001,-5.636,-0.073,-32.997,0
1398294741155,42010483857000,171538053000001,-5.636,-0.073,-32.997,0
1398294741165,42010493897000,171538053000001,-5.636,-0.073,-32.997,0
1398294741175,42010503907000,171538053000001,-5.636,-0.073,-32.997,0
1398294741184,42010513917000,171538053000001,-5.636,-0.073,-32.997,0
1398294741194,42010523896000,171538053000001,-5.636,-0.073,-32.997,0
1398294741204,42010533906000,171538053000001,-5.636,-0.073,-32.997,0
1398294741214,42010543946000,171538053000001,-5.636,-0.073,-32.997,0
1398294741228,42010553956000,171538053000001,-5.636,-0.073,-32.997,0
1398294741234,42010563935000,171538053000001,-5.636,-0.073,-32.997,0
1398294741245,42010575288000,171538053000001,-5.636,-0.073,-32.997,0
1398294741254,42010583924000,171538053000001,-5.636,-0.073,-32.997,0
1398294741266,42010595491000,171538053000001,-5.636,-0.073,-32.997,0
1398294741274,42010603974000,171538053000001,-5.636,-0.073,-32.997,0
1398294741284,42010613923000,171538053000001,-5.636,-0.073,-32.997,0
1398294741294,42010623963000,171538053000001,-5.636,-0.073,-32.997,0
1398294741304,42010634004000,171538053000001,-5.636,-0.073,-32.997,0
1398294741314,42010643952000,171538053000001,-5.636,-0.073,-32.997,0
1398294741324,42010653962000,171538053000001,-5.636,-0.073,-32.997,0
1398294741335,42010664002000,171538053000001,-5.636,-0.073,-32.997,0
1398294741344,42010674012000,171538053000001,-5.636,-0.073,-32.997,0
1398294741355,42010684022000,171538053000001,-5.636,-0.073,-32.997,0
1398294741364,42010694001000,171538053000001,-5.636,-0.073,-32.997,0
1398294741380,42010704011000,171538053000001,-5.636,-0.073,-32.997,0
1398294741387,42010714051000,171538053000001,-5.636,-0.073,-32.997,0
1398294741394,42010724061000,171538053000001,-5.636,-0.073,-32.691,0
1398294741404,42010734040000,171538053000001,-5.941,-0.39,-32.691,0
1398294741414,42010744050000,171538053000001,-5.941,-0.39,-32.691,0
1398294741424,42010754060000,171538053000001,-5.941,-0.39,-32.691,0
1398294741434,42010764070000,171538053000001,-5.941,-0.39,-32.691,0
1398294741446,42010775636000,171538053000001,-5.941,-0.39,-32.691,0
1398294741454,42010784120000,171538053000001,-5.941,-0.39,-32.691,0
1398294741464,42010794099000,171538053000001,-5.941,-0.39,-32.691,0
1398294741474,42010804109000,171538053000001,-5.941,-0.39,-32.691,0
1398294741484,42010814118000,171538053000001,-5.941,-0.698,-32.691,0
1398294741494,42010824128000,171538053000001,-5.941,-0.698,-32.691,0
1398294741504,42010834138000,171538053000001,-5.941,-0.698,-32.691,0
1398294741514,42010844178000,171538053000001,-5.941,-0.698,-32.691,0
1398294741524,42010854188000,171538053000001,-5.941,-0.698,-32.691,0
1398294741535,42010864167000,171538053000001,-5.941,-0.698,-32.691,0
1398294741547,42010877412000,171538053000001,-5.941,-0.698,-32.691,0
1398294741554,42010884217000,171538053000001,-5.941,-0.698,-32.691,0
1398294741564,42010894197000,171538053000001,-5.941,-0.698,-32.691,0
1398294741574,42010904237000,171538053000001,-5.941,-0.698,-32.691,0
1398294741584,42010914247000,171538053000001,-5.941,-0.698,-32.691,0
1398294741594,42010924256000,171538053000001,-5.941,-0.698,-32.691,0
1398294741604,42010934266000,171538053000001,-5.941,-0.698,-32.691,0
1398294741614,42010944428000,171538053000001,-5.941,-0.698,-32.383,0
1398294741626,42010955812000,171538053000001,-5.941,-0.698,-32.383,0
1398294741634,42010964326000,171538053000001,-5.941,-0.698,-32.383,0
1398294741645,42010974519000,171538053000001,-5.639,-0.698,-32.383,0
1398294741663,42010984407000,171538053000001,-5.639,-0.698,-32.383,0
1398294741665,42010994325000,171538053000001,-5.639,-0.698,-32.383,0
1398294741674,42011004335000,171538053000001,-5.639,-0.698,-32.383,0
1398294741697,42011015199000,171538053000001,-5.639,-0.698,-32.383,0
1398294741698,42011024354000,171538053000001,-5.639,-0.698,-32.383,0
1398294741704,42011034364000,171538053000001,-5.639,-0.698,-32.383,0
1398294741714,42011044374000,171538053000001,-5.639,-0.698,-32.383,0
1398294741724,42011054383000,171538053000001,-5.639,-0.698,-32.383,0
1398294741734,42011064363000,171538053000001,-5.639,-0.698,-32.383,0
1398294741744,42011074403000,171538053000001,-5.639,-0.698,-32.383,0
1398294741754,42011084382000,171538053000001,-5.639,-0.698,-32.383,0
1398294741764,42011094422000,171538053000001,-5.639,-0.698,-32.383,0
1398294741775,42011104432000,171538053000001,-5.639,-0.698,-32.383,0
1398294741784,42011114442000,171538053000001,-5.639,-0.698,-32.383,0
1398294741795,42011124909000,171538053000001,-5.639,-0.698,-32.69,0
1398294741811,42011140931000,171538053000001,-5.639,-0.698,-32.69,0
1398294741816,42011146028000,171538053000001,-5.639,-0.698,-32.69,0
1398294741829,42011158692000,171538053000001,-5.639,-0.698,-32.69,0
1398294741839,42011168672000,171538053000001,-5.639,-0.341,-32.69,0
1398294741854,42011177552000,171538053000001,-5.639,-0.341,-32.69,0
1398294741856,42011185762000,171538053000001,-5.639,-0.341,-32.69,0
1398294741867,42011195954000,171538053000001,-5.639,-0.341,-32.69,0
1398294741875,42011204591000,171538053000001,-5.639,-0.038,-32.69,0
1398294741885,42011214570000,171538053000001,-5.639,-0.038,-32.69,0
1398294741895,42011224580000,171538053000001,-5.639,-0.038,-32.69,0
1398294741905,42011234590000,171538053000001,-5.639,-0.038,-32.69,0
1398294741916,42011244599000,171538053000001,-5.639,-0.038,-32.69,0
1398294741925,42011254640000,171538053000001,-5.639,-0.038,-32.69,0
1398294741941,42011264649000,171538053000001,-5.639,0.323,-32.69,0
1398294741948,42011274690000,171538053000001,-5.639,0.323,-32.69,0
1398294741957,42011284761000,171538053000001,-5.943,0.323,-32.69,0
1398294741978,42011294648000,171538053000001,-5.943,0.323,-32.69,0
1398294741980,42011304689000,171538053000001,-5.943,0.323,-32.69,0
1398294741994,42011316224000,171538053000001,-5.943,0.64,-32.69,0
1398294741996,42011324739000,171538053000001,-5.943,0.64,-32.69,0
1398294742005,42011334687000,171538053000001,-6.248,0.64,-32.69,0
1398294742015,42011344667000,171538053000001,-6.248,0.64,-32.69,0
1398294742025,42011354707000,171538053000001,-6.248,0.952,-32.69,0
1398294742035,42011364686000,171538053000001,-6.248,0.952,-32.69,0
1398294742045,42011374696000,171538053000001,-6.248,0.952,-32.69,0
1398294742058,42011387574000,171538053000001,-6.248,0.952,-32.69,0
1398294742066,42011396424000,171538053000001,-6.248,0.952,-32.69,0
1398294742080,42011409822000,171538053000001,-6.248,0.952,-32.69,0
1398294742088,42011418458000,171538053000001,-6.248,1.278,-32.69,0
1398294742096,42011426087000,171538053000001,-6.248,1.278,-32.69,0
1398294742106,42011434785000,171538053000001,-6.248,1.278,-32.69,0
1398294742121,42011446534000,171538053000001,-6.248,1.278,-32.69,0
1398294742140,42011454804000,171538053000001,-6.248,1.278,-32.69,0
1398294742143,42011464845000,171538053000001,-6.248,1.58,-32.69,0
1398294742146,42011474824000,171538053000001,-6.248,1.58,-32.69,0
1398294742156,42011484834000,171538053000001,-6.565,1.58,-32.69,0
1398294742170,42011498597000,171538053000001,-6.565,1.58,-32.69,0
1398294742175,42011504884000,171538053000001,-6.565,1.58,-32.69,0
1398294742186,42011514863000,171538053000001,-6.565,1.58,-32.69,0
1398294742195,42011524842000,171538053000001,-6.565,1.58,-32.69,0
1398294742205,42011535035000,171538053000001,-6.565,1.58,-32.69,0
1398294742215,42011544862000,171538053000001,-6.565,1.58,-32.69,0
1398294742225,42011555146000,171538053000001,-6.565,1.896,-32.69,0
1398294742236,42011566377000,171538053000001,-6.565,1.896,-32.69,0
1398294742249,42011578950000,171538053000001,-6.565,1.896,-32.69,0
1398294742258,42011587892000,171538053000001,-6.565,1.896,-32.69,0
1398294742271,42011599916000,171538053000001,-6.565,1.896,-32.69,0
1398294742279,42011604981000,171538053000001,-6.565,1.896,-32.69,0
1398294742288,42011614961000,171538053000001,-6.565,1.896,-32.69,0
1398294742295,42011624970000,171538053000001,-6.565,1.896,-32.69,0
1398294742307,42011634950000,171538053000001,-6.565,1.896,-32.69,0
1398294742316,42011644990000,171538053000001,-6.565,1.896,-32.69,0
1398294742325,42011654969000,171538053000001,-6.565,1.896,-32.69,0
1398294742335,42011664979000,171538053000001,-6.565,1.896,-32.69,0
1398294742347,42011676545000,171538053000001,-6.565,1.896,-32.69,0
1398294742355,42011685029000,171538053000001,-6.565,1.896,-32.69,0
1398294742365,42011695008000,171538053000001,-6.565,1.896,-32.69,0
1398294742375,42011705049000,171538053000001,-6.565,1.896,-32.69,0
1398294742386,42011715455000,171538053000001,-6.565,1.896,-32.69,0
1398294742395,42011725099000,171538053000001,-6.565,1.896,-32.69,0
1398294742410,42011739503000,171538053000001,-6.565,1.896,-32.69,0
1398294742418,42011748323000,171538053000001,-6.565,1.896,-32.69,0
1398294742429,42011759492000,171538053000001,-6.565,1.896,-32.69,0
1398294742438,42011767549000,171538053000001,-6.565,1.896,-32.69,0
1398294742453,42011779481000,171538053000001,-6.565,1.896,-32.69,0
1398294742456,42011785615000,171538053000001,-6.889,1.896,-32.69,0
1398294742475,42011796510000,171538053000001,-6.889,1.896,-32.69,0
1398294742477,42011805329000,171538053000001,-6.889,1.896,-32.69,0
1398294742489,42011818727000,171538053000001,-6.889,1.896,-32.69,0
1398294742499,42011829316000,171538053000001,-6.889,1.896,-32.69,0
1398294742510,42011839692000,171538053000001,-6.889,1.896,-32.69,0
1398294742518,42011848115000,171538053000001,-6.889,1.896,-32.69,0
1398294742532,42011861695000,171538053000001,-6.889,1.896,-32.69,0
1398294742537,42011866914000,171538053000001,-6.889,1.896,-32.69,0
1398294742550,42011879518000,171538053000001,-6.889,1.896,-32.69,0
1398294742559,42011888459000,171538053000001,-6.889,1.896,-32.69,0
1398294742573,42011899812000,171538053000001,-6.889,1.896,-32.69,0
1398294742577,42011905244000,171538053000001,-6.52,1.896,-32.69,0
1398294742591,42011920472000,171538053000001,-6.52,1.591,-32.69,0
1398294742599,42011928712000,171538053000001,-6.52,1.591,-32.69,0
1398294742609,42011939424000,171538053000001,-6.52,1.591,-32.69,0
1398294742620,42011949281000,171538053000001,-6.52,1.591,-32.69,0
1398294742630,42011959413000,171538053000001,-6.52,1.591,-32.69,0
1398294742640,42011969483000,171538053000001,-6.52,1.591,-32.69,0
1398294742651,42011980775000,171538053000001,-6.52,1.591,-32.69,0
1398294742656,42011986360000,171538053000001,-6.52,1.591,-32.69,0
1398294742671,42012000093000,171538053000001,-6.52,1.591,-32.69,0
1398294742677,42012007112000,171538053000001,-6.52,1.591,-32.69,0
1398294742686,42012016481000,171538053000001,-6.52,1.591,-32.69,0
1398294742700,42012030397000,171538053000001,-6.52,1.591,-32.69,0
1398294742711,42012041017000,171538053000001,-6.52,1.591,-32.69,0
1398294742718,42012047853000,171538053000001,-6.52,1.591,-32.69,0
1398294742732,42012061830000,171538053000001,-6.52,1.591,-32.69,0
1398294742737,42012066957000,171538053000001,-6.52,1.591,-32.69,0
1398294742752,42012081697000,171538053000001,-6.52,1.591,-32.69,0
1398294742756,42012086305000,171538053000001,-6.52,1.591,-32.69,0
1398294742772,42012101747000,171538053000001,-6.52,1.591,-32.69,0
1398294742783,42012112580000,171538053000001,-6.52,1.591,-32.69,0
1398294742786,42012116242000,171538053000001,-6.52,1.591,-32.69,0
1398294742801,42012126893000,171538053000001,-6.52,1.591,-32.69,0
1398294742808,42012135682000,171538053000001,-6.52,1.591,-32.69,0
1398294742827,42012145448000,171538053000001,-6.52,1.591,-32.69,0
1398294742828,42012156220000,171538053000001,-6.52,1.591,-32.69,0
1398294742837,42012165528000,171538053000001,-6.52,1.591,-32.69,0
1398294742846,42012175477000,171538053000001,-6.52,1.286,-32.69,0
1398294742856,42012185517000,171538053000001,-6.52,1.286,-32.69,0
1398294742868,42012195527000,171538053000001,-6.52,1.286,-32.69,0
1398294742876,42012205537000,171538053000001,-6.52,1.286,-32.69,0
1398294742888,42012217073000,171538053000001,-6.52,1.286,-32.69,0
1398294742899,42012225587000,171538053000001,-6.52,1.286,-33.016,0
1398294742907,42012235749000,171538053000001,-6.52,1.286,-33.016,0
1398294742916,42012245576000,171538053000001,-6.52,1.286,-33.016,0
1398294742926,42012255586000,171538053000001,-6.52,1.286,-33.016,0
1398294742936,42012265565000,171538053000001,-6.52,1.286,-33.016,0
1398294742946,42012275605000,171538053000001,-6.216,1.286,-33.016,0
1398294742956,42012285585000,171538053000001,-6.216,1.286,-33.016,0
1398294742966,42012295594000,171538053000001,-6.216,1.286,-33.016,0
1398294742976,42012305604000,171538053000001,-6.216,1.286,-33.016,0
1398294742986,42012315644000,171538053000001,-6.216,1.286,-33.016,0
1398294742996,42012325624000,171538053000001,-6.216,1.286,-33.016,0
1398294743010,42012339570000,171538053000001,-6.216,1.286,-33.016,0
1398294743018,42012348054000,171538053000001,-6.216,1.286,-33.016,0
1398294743026,42012356355000,171538053000001,-6.216,1.286,-33.016,0
1398294743036,42012365693000,171538053000001,-6.216,1.286,-33.016,0
1398294743048,42012376893000,171538053000001,-6.216,1.286,-33.016,0
1398294743056,42012385743000,171538053000001,-6.216,1.286,-33.016,0
1398294743068,42012397279000,171538053000001,-6.216,1.286,-33.016,0
1398294743076,42012405793000,171538053000001,-6.216,1.286,-33.016,0
1398294743093,42012419709000,171538053000001,-6.216,1.286,-33.016,0
1398294743098,42012425782000,171538053000001,-6.216,1.286,-33.016,0
1398294743110,42012438600000,171538053000001,-6.216,1.286,-33.016,0
1398294743117,42012445985000,171538053000001,-6.216,1.286,-33.016,0
1398294743131,42012460542000,171538053000001,-6.216,1.286,-33.016,0
1398294743136,42012465730000,171538053000001,-6.216,1.286,-33.016,0
1398294743147,42012476960000,171538053000001,-6.216,1.286,-33.016,0
1398294743160,42012485841000,171538053000001,-6.216,1.286,-32.714,0
1398294743166,42012495820000,171538053000001,-6.581,1.286,-32.714,0
1398294743176,42012505799000,171538053000001,-6.581,1.286,-32.714,0
1398294743186,42012515809000,171538053000001,-6.581,1.286,-32.714,0
1398294743196,42012525849000,171538053000001,-6.581,0.907,-32.714,0
1398294743206,42012535859000,171538053000001,-6.581,0.907,-32.714,0
1398294743218,42012545838000,171538053000001,-6.581,0.907,-32.714,0
1398294743226,42012555909000,171538053000001,-6.581,0.907,-32.714,0
1398294743245,42012565888000,171538053000001,-6.581,0.567,-32.714,0
1398294743247,42012577424000,171538053000001,-6.581,0.567,-32.714,0
1398294743256,42012585908000,171538053000001,-6.895,0.567,-32.714,0
1398294743267,42012595948000,171538053000001,-6.895,0.567,-32.714,0
1398294743276,42012605897000,171538053000001,-6.895,0.253,-32.714,0
1398294743288,42012615937000,171538053000001,-6.895,0.253,-32.714,0
1398294743299,42012625947000,171538053000001,-6.895,0.253,-32.714,0
1398294743306,42012635957000,171538053000001,-6.895,0.253,-32.714,0
1398294743316,42012645936000,171538053000001,-6.895,0.253,-32.714,0
1398294743326,42012655946000,171538053000001,-6.895,0.253,-32.714,0
1398294743336,42012666108000,171538053000001,-6.895,-0.105,-32.714,0
1398294743346,42012675965000,171538053000001,-6.558,-0.105,-32.714,0
1398294743356,42012685975000,171538053000001,-6.558,-0.105,-32.714,0
1398294743366,42012695985000,171538053000001,-6.558,-0.105,-32.714,0
1398294743376,42012706025000,171538053000001,-6.224,-0.105,-32.714,0
1398294743391,42012720552000,171538053000001,-6.224,-0.105,-32.714,0
1398294743397,42012726136000,171538053000001,-6.224,-0.105,-32.714,0
1398294743406,42012736024000,171538053000001,-6.224,-0.411,-32.714,0
1398294743416,42012746034000,171538053000001,-5.921,-0.411,-32.714,0
1398294743427,42012757539000,171538053000001,-5.921,-0.411,-32.714,0
1398294743436,42012766053000,171538053000001,-5.921,-0.411,-32.714,0
1398294743448,42012776002000,171538053000001,-5.921,-0.411,-32.714,0
1398294743456,42012786073000,171538053000001,-5.921,-0.411,-32.714,0
1398294743470,42012796083000,171538053000001,-5.921,-0.411,-32.714,0
1398294743502,42012806062000,171538053000001,-5.921,-0.411,-32.714,0
1398294743503,42012816072000,171538053000001,-5.921,-0.411,-32.714,0
1398294743505,42012826081000,171538053000001,-5.596,-0.411,-32.714,0
1398294743506,42012836091000,171538053000001,-5.596,-0.411,-32.714,0
1398294743516,42012846101000,171538053000001,-5.596,-0.411,-32.714,0
1398294743526,42012856080000,171538053000001,-5.596,-0.411,-32.714,0
1398294743536,42012866120000,171538053000001,-5.596,-0.411,-32.714,0
1398294743546,42012876130000,171538053000001,-5.596,-0.411,-32.714,0
1398294743556,42012886140000,171538053000001,-5.596,-0.411,-32.714,0
1398294743566,42012896150000,171538053000001,-5.596,-0.712,-32.714,0
1398294743576,42012906159000,171538053000001,-5.596,-0.712,-32.714,0
1398294743586,42012916200000,171538053000001,-5.596,-0.712,-32.714,0
1398294743596,42012926179000,171538053000001,-5.282,-0.712,-32.714,0
1398294743608,42012937745000,171538053000001,-5.282,-1.062,-32.714,0
1398294743616,42012946260000,171538053000001,-5.282,-1.062,-32.714,0
1398294743626,42012956208000,171538053000001,-5.282,-1.062,-32.714,0
1398294743636,42012966218000,171538053000001,-5.282,-1.388,-32.714,0
1398294743646,42012976228000,171538053000001,-5.282,-1.388,-32.714,0
1398294743656,42012986238000,171538053000001,-5.282,-1.388,-32.714,0
1398294743666,42012996247000,171538053000001,-5.282,-1.716,-32.714,0
1398294743676,42013006257000,171538053000001,-4.959,-1.716,-32.714,0
1398294743686,42013016267000,171538053000001,-4.959,-1.716,-32.714,0
1398294743701,42013031190000,171538053000001,-4.959,-1.716,-32.382,0
1398294743707,42013036286000,171538053000001,-4.959,-1.716,-32.382,0
1398294743717,42013046327000,171538053000001,-4.959,-1.716,-32.382,0
1398294743726,42013056306000,171538053000001,-4.959,-1.716,-32.382,0
1398294743736,42013066316000,171538053000001,-4.959,-1.716,-32.382,0
1398294743747,42013076325000,171538053000001,-4.959,-1.716,-32.382,0
1398294743756,42013086335000,171538053000001,-4.959,-1.716,-32.382,0
1398294743767,42013096864000,171538053000001,-4.959,-1.716,-32.382,0
1398294743776,42013106355000,171538053000001,-4.959,-1.716,-32.382,0
1398294743788,42013117921000,171538053000001,-4.959,-1.716,-32.382,0
1398294743797,42013126405000,171538053000001,-4.959,-1.716,-32.382,0
1398294743810,42013136476000,171538053000001,-4.959,-1.716,-32.382,0
1398294743838,42013146394000,171538053000001,-4.959,-1.716,-32.382,0
1398294743841,42013156343000,171538053000001,-4.959,-1.716,-32.382,0
1398294743842,42013166413000,171538053000001,-4.959,-1.716,-32.382,0
1398294743847,42013176484000,171538053000001,-5.381,-1.716,-32.382,0
1398294743856,42013186463000,171538053000001,-5.381,-1.716,-32.382,0
1398294743867,42013196473000,171538053000001,-5.381,-1.716,-32.382,0
1398294743876,42013206452000,171538053000001,-5.381,-1.716,-32.382,0
1398294743887,42013216493000,171538053000001,-5.683,-1.716,-32.382,0
1398294743897,42013226502000,171538053000001,-5.683,-1.387,-32.382,0
1398294743907,42013236543000,171538053000001,-5.683,-1.387,-32.382,0
1398294743917,42013246522000,171538053000001,-5.683,-1.387,-32.382,0
1398294743926,42013256532000,171538053000001,-5.683,-1.387,-32.382,0
1398294743937,42013266542000,171538053000001,-5.683,-1.387,-32.382,0
1398294743946,42013276551000,171538053000001,-5.683,-1.086,-32.382,0
1398294743956,42013286561000,171538053000001,-5.987,-1.086,-32.382,0
1398294743968,42013298127000,171538053000001,-5.987,-1.086,-32.382,0
1398294743976,42013306611000,171538053000001,-5.987,-1.086,-32.382,0
1398294743987,42013316621000,171538053000001,-5.987,-1.086,-32.382,0
1398294743997,42013326600000,171538053000001,-5.987,-1.086,-32.382,0
1398294744011,42013340089000,171538053000001,-5.987,-0.767,-32.382,0
1398294744016,42013346559000,171538053000001,-5.987,-0.767,-32.382,0
1398294744028,42013356599000,171538053000001,-5.987,-0.767,-32.382,0
1398294744037,42013366609000,171538053000001,-5.987,-0.767,-32.382,0
1398294744047,42013376618000,171538053000001,-5.987,-0.767,-32.382,0
1398294744056,42013386628000,171538053000001,-5.987,-0.767,-32.382,0
1398294744067,42013396638000,171538053000001,-5.987,-0.767,-32.382,0
1398294744078,42013406617000,171538053000001,-5.987,-0.767,-32.382,0
1398294744087,42013416688000,171538053000001,-5.625,-0.767,-32.382,0
1398294744097,42013426667000,171538053000001,-5.625,-0.767,-32.382,0
1398294744107,42013436647000,171538053000001,-5.625,-0.767,-32.382,0
1398294744117,42013446687000,171538053000001,-5.625,-0.767,-32.382,0
1398294744127,42013456666000,171538053000001,-5.625,-0.767,-32.382,0
1398294744137,42013466676000,171538053000001,-5.322,-0.767,-32.382,0
1398294744148,42013478211000,171538053000001,-5.322,-0.767,-32.382,0
1398294744157,42013486756000,171538053000001,-5.322,-0.767,-32.382,0
1398294744167,42013496797000,171538053000001,-5.322,-1.08,-32.382,0
1398294744178,42013506776000,171538053000001,-5.322,-1.08,-32.382,0
1398294744187,42013516816000,171538053000001,-5.322,-1.08,-32.382,0
1398294744197,42013526979000,171538053000001,-5.322,-1.08,-32.382,0
1398294744207,42013536836000,171538053000001,-5.322,-1.08,-32.382,0
1398294744217,42013546815000,171538053000001,-5.322,-1.08,-32.382,0
1398294744227,42013556794000,171538053000001,-5.322,-1.08,-32.382,0
1398294744237,42013566835000,171538053000001,-5.322,-1.08,-32.382,0
1398294744247,42013576844000,171538053000001,-5.322,-1.08,-32.382,0
1398294744257,42013586824000,171538053000001,-5.322,-1.08,-32.382,0
1398294744267,42013596833000,171538053000001,-5.322,-1.08,-32.382,0
1398294744277,42013606843000,171538053000001,-5.322,-1.08,-32.382,0
1398294744287,42013616883000,171538053000001,-5.322,-1.08,-32.382,0
1398294744297,42013626893000,171538053000001,-5.322,-1.08,-32.382,0
1398294744307,42013636933000,171538053000001,-5.322,-1.08,-32.382,0
1398294744321,42013647309000,171538053000001,-5.322,-0.74,-32.382,0
1398294744329,42013658418000,171538053000001,-5.322,-0.74,-32.382,0
1398294744337,42013666932000,171538053000001,-5.644,-0.74,-32.382,0
1398294744347,42013676881000,171538053000001,-5.644,-0.74,-32.382,0
1398294744357,42013686891000,171538053000001,-5.644,-0.74,-32.382,0
1398294744367,42013696900000,171538053000001,-5.644,-0.74,-32.382,0
1398294744377,42013706910000,171538053000001,-5.644,-0.74,-32.382,0
1398294744387,42013716920000,171538053000001,-5.644,-0.418,-32.382,0
1398294744397,42013726960000,171538053000001,-5.644,-0.418,-32.382,0
1398294744407,42013736939000,171538053000001,-5.644,-0.418,-32.382,0
1398294744417,42013746949000,171538053000001,-5.644,-0.418,-32.382,0
1398294744427,42013756990000,171538053000001,-5.95,-0.418,-32.382,0
1398294744437,42013766969000,171538053000001,-5.95,-0.418,-32.382,0
1398294744447,42013776979000,171538053000001,-5.95,-0.418,-32.382,0
1398294744457,42013786988000,171538053000001,-5.95,-0.418,-32.382,0
1398294744467,42013796998000,171538053000001,-5.95,-0.418,-32.382,0
1398294744477,42013807008000,171538053000001,-5.95,-0.418,-32.382,0
1398294744487,42013817018000,171538053000001,-5.95,-0.418,-32.382,0
1398294744497,42013827058000,171538053000001,-5.95,-0.418,-32.382,0
1398294744508,42013838594000,171538053000001,-5.95,-0.418,-32.382,0
1398294744517,42013847108000,171538053000001,-6.277,-0.418,-32.382,0
1398294744527,42013857087000,171538053000001,-6.277,-0.418,-32.382,0
1398294744537,42013867097000,171538053000001,-6.277,-0.418,-32.382,0
1398294744547,42013877107000,171538053000001,-6.277,-0.418,-32.382,0
1398294744557,42013887116000,171538053000001,-6.277,-0.418,-32.382,0
1398294744567,42013897126000,171538053000001,-6.277,-0.418,-32.382,0
1398294744577,42013907136000,171538053000001,-6.277,-0.108,-32.382,0
1398294744587,42013917146000,171538053000001,-6.277,-0.108,-32.382,0
1398294744598,42013927186000,171538053000001,-6.277,-0.108,-32.382,0
1398294744610,42013937715000,171538053000001,-6.277,-0.108,-32.382,0
1398294744631,42013947267000,171538053000001,-6.277,-0.108,-32.382,0
1398294744633,42013957612000,171538053000001,-6.277,-0.108,-32.382,0
1398294744637,42013967225000,171538053000001,-6.277,-0.108,-32.382,0
1398294744647,42013977265000,171538053000001,-6.277,-0.108,-32.382,0
1398294744657,42013987214000,171538053000001,-6.277,-0.108,-32.382,0
1398294744667,42013997254000,171538053000001,-6.277,-0.108,-32.382,0
1398294744679,42014007264000,171538053000001,-6.277,-0.108,-32.382,0
1398294744689,42014018800000,171538053000001,-6.277,-0.108,-32.382,0
1398294744697,42014027314000,171538053000001,-6.277,-0.108,-32.382,0
1398294744707,42014037293000,171538053000001,-6.277,-0.434,-32.382,0
1398294744717,42014047273000,171538053000001,-6.277,-0.434,-32.382,0
1398294744728,42014057313000,171538053000001,-6.277,-0.434,-32.382,0
1398294744737,42014067323000,171538053000001,-6.277,-0.434,-32.382,0
1398294744747,42014077333000,171538053000001,-6.277,-0.434,-32.382,0
1398294744757,42014087312000,171538053000001,-6.277,-0.434,-32.382,0
1398294744767,42014097322000,171538053000001,-6.277,-0.434,-32.382,0
1398294744777,42014107331000,171538053000001,-6.277,-0.434,-32.382,0
1398294744787,42014117341000,171538053000001,-6.277,-0.434,-32.382,0
1398294744797,42014127351000,171538053000001,-6.277,-0.434,-32.382,0
1398294744807,42014137361000,171538053000001,-6.277,-0.434,-32.382,0
1398294744817,42014147370000,171538053000001,-6.277,-0.434,-32.382,0
1398294744828,42014157411000,171538053000001,-6.277,-0.434,-32.382,0
1398294744837,42014167420000,171538053000001,-6.277,-0.434,-32.382,0
1398294744847,42014177430000,171538053000001,-6.277,-0.434,-32.382,0
1398294744858,42014187440000,171538053000001,-6.277,-0.434,-32.382,0
1398294744869,42014198976000,171538053000001,-6.277,-0.434,-32.382,0
1398294744878,42014207490000,171538053000001,-6.277,-0.434,-32.382,0
1398294744887,42014217469000,171538053000001,-6.277,-0.434,-32.382,0
1398294744897,42014227449000,171538053000001,-6.277,-0.434,-32.382,0
1398294744907,42014237458000,171538053000001,-5.958,-0.434,-32.382,0
1398294744917,42014247499000,171538053000001,-5.958,-0.434,-32.382,0
1398294744927,42014257447000,171538053000001,-5.958,-0.434,-32.382,0
1398294744938,42014267488000,171538053000001,-5.958,-0.434,-32.382,0
1398294744948,42014277497000,171538053000001,-5.958,-0.434,-32.382,0
1398294744958,42014287477000,171538053000001,-5.958,-0.434,-32.382,0
1398294744967,42014297486000,171538053000001,-5.958,-0.434,-32.382,0
1398294744977,42014307496000,171538053000001,-5.958,-0.434,-32.382,0
1398294744987,42014317506000,171538053000001,-5.958,-0.434,-32.382,0
1398294744998,42014327546000,171538053000001,-5.958,-0.434,-32.382,0
1398294745007,42014337525000,171538053000001,-5.958,-0.434,-32.382,0
1398294745019,42014347566000,171538053000001,-5.958,-0.434,-32.382,0
1398294745027,42014357575000,171538053000001,-5.958,-0.434,-32.382,0
1398294745037,42014367555000,171538053000001,-5.958,-0.434,-32.382,0
1398294745049,42014379121000,171538053000001,-5.958,-0.434,-32.382,0
1398294745057,42014387605000,171538053000001,-5.958,-0.434,-32.382,0
1398294745068,42014397767000,171538053000001,-5.958,-0.434,-32.382,0
1398294745078,42014407624000,171538053000001,-5.958,-0.434,-32.382,0
1398294745088,42014417634000,171538053000001,-5.958,-0.434,-32.382,0
1398294745098,42014427644000,171538053000001,-5.958,-0.073,-32.382,0
1398294745108,42014437623000,171538053000001,-5.958,-0.073,-32.382,0
1398294745117,42014447633000,171538053000001,-6.297,-0.073,-32.382,0
1398294745127,42014457643000,171538053000001,-6.297,-0.073,-32.382,0
1398294745139,42014467683000,171538053000001,-6.297,0.233,-32.382,0
1398294745156,42014477693000,171538053000001,-6.297,0.233,-32.382,0
1398294745159,42014487672000,171538053000001,-6.297,0.233,-32.382,0
1398294745168,42014497682000,171538053000001,-6.602,0.233,-32.382,0
1398294745178,42014507722000,171538053000001,-6.602,0.233,-32.382,0
1398294745189,42014517732000,171538053000001,-6.602,0.233,-32.382,0
1398294745198,42014527711000,171538053000001,-6.602,0.233,-32.382,0
1398294745209,42014537721000,171538053000001,-6.602,0.233,-32.382,0
1398294745218,42014547730000,171538053000001,-6.602,0.233,-32.382,0
1398294745230,42014559266000,171538053000001,-6.602,0.233,-32.699,0
1398294745239,42014568910000,171538053000001,-6.602,0.233,-32.699,0
1398294745250,42014577821000,171538053000001,-6.602,0.233,-32.699,0
1398294745262,42014587770000,171538053000001,-6.602,0.233,-32.699,0
1398294745268,42014597810000,171538053000001,-6.602,0.233,-32.699,0
1398294745278,42014607789000,171538053000001,-6.602,0.233,-32.699,0
1398294745288,42014617799000,171538053000001,-6.602,0.233,-32.699,0
1398294745298,42014627809000,171538053000001,-6.602,0.233,-32.699,0
1398294745308,42014637879000,171538053000001,-6.246,0.233,-32.699,0
1398294745318,42014647828000,171538053000001,-6.246,0.233,-32.699,0
1398294745328,42014657838000,171538053000001,-6.246,0.233,-32.699,0
1398294745338,42014667878000,171538053000001,-6.246,0.233,-32.699,0
1398294745348,42014677857000,171538053000001,-6.246,0.233,-32.699,0
1398294745358,42014687867000,171538053000001,-5.935,-0.083,-32.699,0
1398294745368,42014697908000,171538053000001,-5.935,-0.083,-32.699,0
1398294745378,42014707917000,171538053000001,-5.935,-0.083,-32.699,0
1398294745388,42014717897000,171538053000001,-5.935,-0.083,-32.699,0
1398294745398,42014727906000,171538053000001,-5.935,-0.424,-32.699,0
1398294745410,42014739472000,171538053000001,-5.935,-0.424,-32.699,0
1398294745418,42014747956000,171538053000001,-5.935,-0.424,-32.699,0
1398294745428,42014757936000,171538053000001,-5.935,-0.424,-32.699,0
1398294745438,42014767945000,171538053000001,-5.935,-0.749,-32.699,0
1398294745452,42014778016000,171538053000001,-5.935,-0.749,-32.699,0
1398294745463,42014787965000,171538053000001,-5.935,-0.749,-32.699,0
1398294745472,42014797975000,171538053000001,-5.935,-0.749,-32.699,0
1398294745478,42014807984000,171538053000001,-5.935,-0.749,-32.699,0
1398294745488,42014818025000,171538053000001,-5.935,-1.098,-32.699,0
1398294745498,42014828187000,171538053000001,-5.935,-1.098,-32.699,0
1398294745508,42014838014000,171538053000001,-5.935,-1.098,-32.699,0
1398294745518,42014848023000,171538053000001,-5.935,-1.098,-32.699,0
1398294745528,42014858033000,171538053000001,-5.935,-1.098,-32.699,0
1398294745538,42014868012000,171538053000001,-5.935,-1.473,-32.699,0
1398294745548,42014878022000,171538053000001,-5.935,-1.473,-32.699,0
1398294745558,42014888063000,171538053000001,-6.236,-1.473,-32.699,0
1398294745571,42014898103000,171538053000001,-6.236,-1.473,-32.699,0
1398294745578,42014908326000,171538053000001,-6.236,-1.473,-32.699,0
1398294745591,42014919648000,171538053000001,-6.236,-1.473,-32.699,0
1398294745598,42014928132000,171538053000001,-6.236,-1.473,-32.699,0
1398294745608,42014938111000,171538053000001,-6.236,-1.473,-32.699,0
1398294745618,42014948121000,171538053000001,-6.567,-1.473,-32.699,0
1398294745628,42014958131000,171538053000001,-6.567,-1.473,-32.699,0
1398294745638,42014968141000,171538053000001,-6.567,-1.473,-32.374,0
1398294745648,42014978150000,171538053000001,-6.567,-1.473,-32.374,0
1398294745658,42014988160000,171538053000001,-6.567,-1.473,-32.374,0
1398294745668,42014998170000,171538053000001,-6.567,-1.473,-32.374,0
1398294745678,42015008180000,171538053000001,-6.567,-1.473,-32.374,0
1398294745688,42015018189000,171538053000001,-6.567,-1.473,-32.374,0
1398294745698,42015028199000,171538053000001,-6.567,-1.473,-32.374,0
1398294745708,42015038240000,171538053000001,-6.567,-1.473,-32.374,0
1398294745718,42015048219000,171538053000001,-6.567,-1.473,-32.374,0
1398294745728,42015058229000,171538053000001,-6.567,-1.473,-32.374,0
1398294745738,42015068238000,171538053000001,-6.567,-1.473,-32.374,0
1398294745748,42015078248000,171538053000001,-6.567,-1.473,-32.374,0
1398294745758,42015088258000,171538053000001,-6.567,-1.473,-32.374,0
1398294745770,42015099824000,171538053000001,-6.256,-1.473,-32.374,0
1398294745778,42015108338000,171538053000001,-6.256,-1.473,-32.374,0
1398294745788,42015118318000,171538053000001,-6.256,-1.473,-32.374,0
1398294745798,42015128297000,171538053000001,-6.256,-1.473,-32.374,0
1398294745816,42015138337000,171538053000001,-6.256,-1.473,-32.374,0
1398294745818,42015148347000,171538053000001,-6.256,-1.473,-32.374,0
1398294745828,42015158326000,171538053000001,-6.256,-1.473,-32.374,0
1398294745839,42015168336000,171538053000001,-6.256,-1.473,-32.374,0
1398294745848,42015178346000,171538053000001,-6.256,-1.473,-32.374,0
1398294745859,42015188355000,171538053000001,-6.256,-1.473,-32.374,0
1398294745868,42015198365000,171538053000001,-6.256,-1.473,-32.374,0
1398294745878,42015208375000,171538053000001,-5.932,-1.473,-32.374,0
1398294745888,42015218385000,171538053000001,-5.932,-1.473,-32.374,0
1398294745898,42015228395000,171538053000001,-5.932,-1.473,-32.374,0
1398294745908,42015238404000,171538053000001,-5.932,-1.473,-32.374,0
1398294745919,42015248384000,171538053000001,-5.932,-1.473,-32.374,0
1398294745931,42015258607000,171538053000001,-5.932,-1.473,-32.374,0
1398294745940,42015268434000,171538053000001,-5.932,-1.473,-32.374,0
1398294745950,42015280030000,171538053000001,-5.595,-1.473,-32.374,0
1398294745959,42015288514000,171538053000001,-5.595,-1.792,-32.374,0
1398294745968,42015298463000,171538053000001,-5.595,-1.792,-32.374,0
1398294745978,42015308473000,171538053000001,-5.595,-1.792,-32.374,0
1398294745988,42015318452000,171538053000001,-5.595,-1.792,-32.374,0
1398294745998,42015328492000,171538053000001,-5.235,-1.792,-32.374,0
1398294746008,42015338502000,171538053000001,-5.235,-1.792,-32.374,0
1398294746018,42015348481000,171538053000001,-5.235,-1.792,-32.374,0
1398294746032,42015358522000,171538053000001,-4.925,-1.792,-32.374,0
1398294746039,42015368531000,171538053000001,-4.925,-1.792,-32.374,0
1398294746048,42015378572000,171538053000001,-4.925,-1.792,-32.374,0
1398294746058,42015388551000,171538053000001,-4.925,-1.792,-32.374,0
1398294746068,42015398561000,171538053000001,-4.925,-1.792,-32.374,0
1398294746078,42015408570000,171538053000001,-4.925,-1.792,-32.374,0
1398294746089,42015418550000,171538053000001,-4.925,-1.792,-32.374,0
1398294746099,42015428590000,171538053000001,-4.925,-1.792,-32.374,0
1398294746110,42015438600000,171538053000001,-4.925,-1.792,-32.374,0
1398294746119,42015448609000,171538053000001,-4.925,-1.792,-32.374,0
1398294746130,42015460176000,171538053000001,-4.925,-1.792,-32.374,0
1398294746141,42015468659000,171538053000001,-4.925,-1.792,-32.374,0
1398294746148,42015478639000,171538053000001,-4.925,-1.792,-32.374,0
1398294746160,42015490510000,171538053000001,-4.925,-1.792,-32.374,0
1398294746169,42015498658000,171538053000001,-4.925,-1.792,-32.374,0
1398294746179,42015508668000,171538053000001,-4.925,-1.792,-32.374,0
1398294746190,42015518678000,171538053000001,-4.925,-1.792,-32.374,0
1398294746199,42015528688000,171538053000001,-4.925,-1.792,-32.374,0
1398294746209,42015538697000,171538053000001,-4.925,-1.792,-32.374,0
1398294746220,42015548707000,171538053000001,-4.925,-1.475,-32.374,0
1398294746229,42015558747000,171538053000001,-4.925,-1.475,-32.374,0
1398294746240,42015568788000,171538053000001,-4.925,-1.475,-32.374,0
1398294746250,42015578767000,171538053000001,-5.284,-1.475,-32.374,0
1398294746259,42015588746000,171538053000001,-5.284,-1.475,-32.374,0
1398294746269,42015598756000,171538053000001,-5.284,-1.101,-32.374,0
1398294746279,42015608766000,171538053000001,-5.284,-1.101,-32.374,0
1398294746289,42015618745000,171538053000001,-5.284,-1.101,-32.374,0
1398294746299,42015628785000,171538053000001,-5.284,-1.101,-32.374,0
1398294746313,42015640351000,171538053000001,-5.284,-1.101,-32.374,0
1398294746320,42015648835000,171538053000001,-5.284,-1.101,-32.374,0
1398294746329,42015659150000,171538053000001,-5.284,-1.101,-32.374,0
1398294746339,42015668824000,171538053000001,-5.284,-1.101,-32.374,0
1398294746349,42015678834000,171538053000001,-5.284,-1.101,-32.374,0
1398294746379,42015689027000,171538053000001,-5.606,-1.101,-32.374,0
1398294746381,42015698823000,171538053000001,-5.606,-1.101,-32.374,0
1398294746382,42015708863000,171538053000001,-5.606,-1.101,-32.374,0
1398294746389,42015718904000,171538053000001,-5.606,-1.101,-32.374,0
1398294746399,42015728883000,171538053000001,-5.606,-1.101,-32.374,0
1398294746409,42015738893000,171538053000001,-5.606,-1.101,-32.374,0
1398294746419,42015748872000,171538053000001,-5.606,-1.101,-32.374,0
1398294746429,42015758912000,171538053000001,-5.606,-1.101,-32.374,0
1398294746439,42015768922000,171538053000001,-5.606,-1.101,-32.374,0
1398294746449,42015778932000,171538053000001,-5.606,-1.101,-32.374,0
1398294746459,42015788972000,171538053000001,-5.606,-1.101,-32.374,0
1398294746474,42015802583000,171538053000001,-5.606,-1.101,-32.374,0
1398294746479,42015808961000,171538053000001,-5.937,-1.101,-32.374,0
1398294746491,42015820497000,171538053000001,-5.937,-1.101,-32.374,0
1398294746499,42015829011000,171538053000001,-5.937,-1.101,-32.374,0
1398294746509,42015839021000,171538053000001,-6.294,-1.101,-32.374,0
1398294746519,42015849000000,171538053000001,-6.294,-1.101,-32.374,0
1398294746529,42015859040000,171538053000001,-6.294,-1.101,-32.374,0
1398294746539,42015869081000,171538053000001,-6.294,-1.101,-32.374,0
1398294746549,42015879060000,171538053000001,-6.607,-1.101,-32.374,0
1398294746559,42015889070000,171538053000001,-6.607,-1.101,-32.374,0
1398294746569,42015899079000,171538053000001,-6.607,-1.101,-32.374,0
1398294746580,42015909120000,171538053000001,-6.607,-1.101,-32.374,0
1398294746589,42015919099000,171538053000001,-6.607,-1.101,-32.374,0
1398294746599,42015929109000,171538053000001,-6.607,-1.101,-32.374,0
1398294746609,42015939149000,171538053000001,-6.607,-1.101,-32.374,0
1398294746619,42015949128000,171538053000001,-6.936,-1.101,-32.374,0
1398294746629,42015959138000,171538053000001,-6.936,-1.101,-32.374,0
1398294746639,42015969148000,171538053000001,-6.936,-1.101,-32.054,0
1398294746649,42015979188000,171538053000001,-6.936,-1.101,-32.054,0
1398294746659,42015989167000,171538053000001,-6.936,-1.101,-32.054,0
1398294746672,42016000733000,171538053000001,-6.936,-1.101,-32.054,0
1398294746679,42016009248000,171538053000001,-6.936,-1.101,-32.054,0
1398294746689,42016019227000,171538053000001,-6.936,-1.101,-32.054,0
1398294746699,42016029206000,171538053000001,-6.936,-1.101,-32.054,0
1398294746709,42016039216000,171538053000001,-6.936,-1.101,-32.054,0
1398294746719,42016049226000,171538053000001,-6.936,-0.775,-32.054,0
1398294746729,42016059266000,171538053000001,-6.936,-0.775,-32.054,0
1398294746739,42016069245000,171538053000001,-6.936,-0.775,-32.054,0
1398294746749,42016079255000,171538053000001,-6.936,-0.775,-32.054,0
1398294746759,42016089265000,171538053000001,-6.936,-0.775,-32.054,0
1398294746771,42016099366000,171538053000001,-6.936,-0.775,-32.054,0
1398294746781,42016109803000,171538053000001,-6.936,-0.775,-32.054,0
1398294746790,42016119508000,171538053000001,-6.936,-0.775,-32.054,0
1398294746800,42016129335000,171538053000001,-6.936,-0.775,-32.054,0
1398294746810,42016139344000,171538053000001,-6.936,-0.775,-32.054,0
1398294746821,42016149324000,171538053000001,-6.936,-0.463,-32.054,0
1398294746830,42016159364000,171538053000001,-6.936,-0.463,-32.054,0
1398294746840,42016169374000,171538053000001,-6.936,-0.463,-32.365,0
1398294746851,42016180909000,171538053000001,-6.936,-0.463,-32.365,0
1398294746859,42016189393000,171538053000001,-6.936,-0.463,-32.365,0
1398294746869,42016199342000,171538053000001,-6.936,-0.463,-32.365,0
1398294746879,42016209382000,171538053000001,-6.936,-0.463,-32.365,0
1398294746889,42016219361000,171538053000001,-6.936,-0.463,-32.365,0
1398294746899,42016229371000,171538053000001,-6.936,-0.463,-32.365,0
1398294746909,42016239381000,171538053000001,-6.936,-0.463,-32.365,0
1398294746921,42016249421000,171538053000001,-6.936,-0.463,-32.365,0
1398294746931,42016259431000,171538053000001,-6.936,-0.463,-32.365,0
1398294746945,42016269471000,171538053000001,-6.936,-0.463,-32.365,0
1398294746949,42016279450000,171538053000001,-6.936,-0.161,-32.365,0
1398294746961,42016289460000,171538053000001,-6.936,-0.161,-32.365,0
1398294746972,42016299470000,171538053000001,-6.936,-0.161,-32.365,0
1398294746979,42016309480000,171538053000001,-6.936,-0.161,-32.365,0
1398294746989,42016319490000,171538053000001,-6.936,-0.161,-32.365,0
1398294746999,42016329469000,171538053000001,-6.936,-0.161,-32.365,0
1398294747009,42016339479000,171538053000001,-6.936,-0.161,-32.365,0
1398294747019,42016349488000,171538053000001,-6.936,-0.161,-32.365,0
1398294747031,42016361054000,171538053000001,-6.936,-0.161,-32.365,0
1398294747040,42016369569000,171538053000001,-6.936,-0.161,-32.365,0
1398294747050,42016379579000,171538053000001,-6.936,-0.161,-32.365,0
1398294747059,42016389558000,171538053000001,-6.936,-0.161,-32.365,0
1398294747069,42016399568000,171538053000001,-7.249,-0.161,-32.365,0
1398294747079,42016409608000,171538053000001,-7.249,-0.161,-32.365,0
1398294747090,42016419526000,171538053000001,-7.249,-0.161,-32.365,0
1398294747099,42016429536000,171538053000001,-7.249,-0.161,-32.365,0
1398294747109,42016439546000,171538053000001,-7.249,-0.529,-32.365,0
1398294747121,42016449555000,171538053000001,-7.568,-0.529,-32.365,0
1398294747130,42016459596000,171538053000001,-7.568,-0.529,-32.365,0
1398294747140,42016469605000,171538053000001,-7.568,-0.529,-32.054,0
1398294747150,42016479615000,171538053000001,-7.568,-0.854,-32.054,0
1398294747160,42016489595000,171538053000001,-7.568,-0.854,-32.054,0
1398294747170,42016499604000,171538053000001,-7.568,-0.854,-32.054,0
1398294747180,42016509614000,171538053000001,-7.568,-0.854,-32.054,0
1398294747190,42016519654000,171538053000001,-7.904,-0.854,-32.054,0
1398294747200,42016529664000,171538053000001,-7.904,-1.214,-32.054,0
1398294747211,42016541200000,171538053000001,-7.904,-1.214,-31.736,0
1398294747220,42016549897000,171538053000001,-7.904,-1.214,-31.736,0
1398294747230,42016559693000,171538053000001,-7.904,-1.214,-31.736,0
1398294747240,42016569703000,171538053000001,-8.227,-1.556,-31.736,0
1398294747250,42016579713000,171538053000001,-8.227,-1.556,-31.736,0
1398294747260,42016589723000,171538053000001,-8.227,-1.556,-31.736,0
1398294747270,42016599732000,171538053000001,-8.227,-1.556,-31.736,0
1398294747280,42016609712000,171538053000001,-8.227,-1.556,-31.736,0
1398294747290,42016619752000,171538053000001,-8.227,-1.884,-31.736,0
1398294747300,42016629762000,171538053000001,-8.227,-1.884,-31.736,0
1398294747310,42016639772000,171538053000001,-8.227,-1.884,-31.736,0
1398294747320,42016649781000,171538053000001,-8.227,-1.884,-31.736,0
1398294747330,42016659791000,171538053000001,-8.227,-1.884,-31.736,0
1398294747344,42016669801000,171538053000001,-8.227,-1.884,-31.736,0
1398294747351,42016681275000,171538053000001,-8.227,-1.884,-31.736,0
1398294747363,42016693025000,171538053000001,-8.227,-1.884,-31.736,0
1398294747373,42016702882000,171538053000001,-8.227,-1.884,-31.736,0
1398294747385,42016714723000,171538053000001,-8.227,-1.884,-31.736,0
1398294747400,42016727754000,171538053000001,-8.227,-1.884,-31.736,0
1398294747402,42016730653000,171538053000001,-8.227,-1.884,-31.736,0
1398294747411,42016740602000,171538053000001,-8.227,-1.884,-31.736,0
1398294747421,42016751374000,171538053000001,-8.227,-1.884,-31.736,0
1398294747434,42016763642000,171538053000001,-8.227,-1.884,-31.736,0
1398294747441,42016770204000,171538053000001,-8.227,-1.884,-31.736,0
1398294747450,42016779939000,171538053000001,-8.227,-1.884,-31.736,0
1398294747460,42016789949000,171538053000001,-8.227,-1.884,-31.736,0
1398294747470,42016799958000,171538053000001,-8.227,-1.884,-31.736,0
1398294747482,42016809968000,171538053000001,-8.227,-1.884,-31.736,0
1398294747491,42016819978000,171538053000001,-8.227,-1.583,-31.736,0
1398294747508,42016829988000,171538053000001,-8.227,-1.583,-31.736,0
1398294747514,42016839997000,171538053000001,-8.227,-1.583,-31.736,0
1398294747526,42016850068000,171538053000001,-8.227,-1.583,-31.736,0
1398294747530,42016860078000,171538053000001,-8.227,-1.583,-31.736,0
1398294747546,42016870057000,171538053000001,-8.227,-1.583,-31.736,0
1398294747550,42016880067000,171538053000001,-8.227,-1.583,-31.736,0
1398294747560,42016890077000,171538053000001,-8.227,-1.583,-31.736,0
1398294747572,42016901582000,171538053000001,-8.227,-1.583,-31.736,0
1398294747580,42016910096000,171538053000001,-8.227,-1.583,-31.736,0
1398294747595,42016920106000,171538053000001,-8.227,-1.583,-31.736,0
1398294747601,42016930085000,171538053000001,-8.227,-1.583,-31.736,0
1398294747611,42016940095000,171538053000001,-8.227,-1.583,-31.736,0
1398294747623,42016952790000,171538053000001,-8.227,-1.583,-31.736,0
1398294747632,42016961671000,171538053000001,-8.227,-1.583,-31.736,0
1398294747646,42016976411000,171538053000001,-8.227,-1.583,-31.736,0
1398294747655,42016981629000,171538053000001,-8.227,-1.583,-31.736,0
1398294747664,42016992585000,171538053000001,-8.227,-1.583,-31.736,0
1398294747675,42017000154000,171538053000001,-8.227,-1.583,-31.736,0
1398294747681,42017010591000,171538053000001,-8.227,-1.583,-31.736,0
1398294747696,42017020204000,171538053000001,-8.227,-1.583,-31.736,0
1398294747704,42017030183000,171538053000001,-8.227,-1.583,-31.736,0
1398294747710,42017040162000,171538053000001,-8.227,-1.583,-31.736,0
1398294747721,42017050202000,171538053000001,-8.227,-1.583,-31.736,0
1398294747732,42017062318000,171538053000001,-8.227,-1.583,-31.736,0
1398294747742,42017072297000,171538053000001,-8.227,-1.275,-31.736,0
1398294747753,42017081941000,171538053000001,-8.227,-1.275,-31.736,0
1398294747761,42017091004000,171538053000001,-8.227,-1.275,-31.736,0
1398294747771,42017100221000,171538053000001,-8.227,-1.275,-31.736,0
1398294747781,42017110261000,171538053000001,-8.227,-1.275,-31.736,0
1398294747792,42017120545000,171538053000001,-8.227,-1.275,-31.736,0
1398294747805,42017130250000,171538053000001,-8.557,-1.275,-31.736,0
1398294747810,42017140290000,171538053000001,-8.557,-1.275,-31.736,0
1398294747821,42017150270000,171538053000001,-8.557,-1.275,-31.736,0
1398294747830,42017160310000,171538053000001,-8.557,-0.968,-31.736,0
1398294747840,42017170289000,171538053000001,-8.557,-0.968,-31.736,0
1398294747853,42017180299000,171538053000001,-8.557,-0.968,-31.736,0
1398294747860,42017190339000,171538053000001,-8.557,-0.968,-31.736,0
1398294747870,42017200318000,171538053000001,-8.557,-0.968,-31.736,0
1398294747880,42017210359000,171538053000001,-8.557,-0.968,-31.736,0
1398294747891,42017220491000,171538053000001,-8.557,-0.968,-31.736,0
1398294747903,42017230897000,171538053000001,-8.207,-0.968,-31.736,0
1398294747910,42017240357000,171538053000001,-8.207,-0.968,-31.736,0
1398294747924,42017250398000,171538053000001,-7.897,-0.968,-31.736,0
1398294747932,42017261933000,171538053000001,-7.897,-0.968,-31.736,0
1398294747941,42017270478000,171538053000001,-7.566,-1.286,-32.066,0
1398294747956,42017281983000,171538053000001,-7.566,-1.286,-32.066,0
1398294747962,42017290956000,171538053000001,-7.254,-1.286,-32.066,0
1398294747975,42017300477000,171538053000001,-7.254,-1.286,-32.066,0
1398294747982,42017311647000,171538053000001,-7.254,-1.286,-32.066,0
1398294748007,42017320527000,171538053000001,-6.915,-1.286,-32.066,0
1398294748008,42017334748000,171538053000001,-6.915,-1.286,-32.066,0
1398294748011,42017340486000,171538053000001,-6.915,-1.286,-32.418,0
1398294748023,42017350526000,171538053000001,-6.507,-1.286,-32.418,0
1398294748030,42017360536000,171538053000001,-6.507,-1.286,-32.418,0
1398294748040,42017370515000,171538053000001,-6.507,-1.286,-32.418,0
1398294748051,42017380525000,171538053000001,-6.507,-1.286,-32.418,0
1398294748060,42017390565000,171538053000001,-6.507,-1.286,-32.418,0
1398294748071,42017400666000,171538053000001,-6.507,-1.286,-32.418,0
1398294748080,42017410585000,171538053000001,-6.188,-1.286,-32.418,0
1398294748091,42017420838000,171538053000001,-6.188,-0.964,-32.418,0
1398294748100,42017430574000,171538053000001,-6.188,-0.964,-32.418,0
1398294748112,42017442140000,171538053000001,-6.188,-0.964,-32.418,0
1398294748121,42017450654000,171538053000001,-6.188,-0.964,-32.418,0
1398294748130,42017460603000,171538053000001,-6.188,-0.964,-32.418,0
1398294748140,42017470613000,171538053000001,-6.188,-0.65,-32.418,0
1398294748150,42017480622000,171538053000001,-6.188,-0.65,-32.418,0
1398294748161,42017490632000,171538053000001,-6.188,-0.65,-32.418,0
1398294748171,42017500642000,171538053000001,-6.188,-0.65,-32.418,0
1398294748181,42017510682000,171538053000001,-6.188,-0.65,-32.418,0
1398294748190,42017520661000,171538053000001,-6.523,-0.65,-32.418,0
1398294748201,42017530671000,171538053000001,-6.523,-0.65,-32.418,0
1398294748211,42017540681000,171538053000001,-6.523,-0.65,-32.418,0
1398294748225,42017550721000,171538053000001,-6.523,-0.65,-32.418,0
1398294748233,42017560731000,171538053000001,-6.523,-0.65,-32.418,0
1398294748246,42017570741000,171538053000001,-6.523,-0.65,-32.418,0
1398294748260,42017580812000,171538053000001,-6.523,-0.65,-32.418,0
1398294748263,42017590913000,171538053000001,-6.889,-0.65,-32.418,0
1398294748273,42017601655000,171538053000001,-6.889,-0.65,-32.418,0
1398294748284,42017610780000,171538053000001,-6.889,-0.65,-32.418,0
1398294748293,42017622315000,171538053000001,-6.889,-0.65,-32.418,0
1398294748301,42017630830000,171538053000001,-7.247,-0.65,-32.418,0
1398294748316,42017645539000,171538053000001,-7.247,-0.65,-32.418,0
1398294748321,42017650727000,171538053000001,-7.247,-0.65,-32.418,0
1398294748331,42017660737000,171538053000001,-7.247,-0.65,-32.418,0
1398294748341,42017670777000,171538053000001,-7.247,-0.65,-32.418,0
1398294748354,42017680787000,171538053000001,-7.569,-0.65,-32.104,0
1398294748361,42017691041000,171538053000001,-7.569,-0.65,-32.104,0
1398294748371,42017700807000,171538053000001,-7.569,-0.65,-32.104,0
1398294748380,42017710816000,171538053000001,-7.569,-0.65,-32.104,0
1398294748391,42017720796000,171538053000001,-7.888,-0.65,-32.104,0
1398294748401,42017730805000,171538053000001,-7.888,-0.65,-32.104,0
1398294748411,42017740846000,171538053000001,-7.888,-0.65,-32.104,0
1398294748421,42017750886000,171538053000001,-7.888,-0.65,-32.104,0
1398294748431,42017760865000,171538053000001,-8.261,-0.65,-32.104,0
1398294748441,42017770875000,171538053000001,-8.261,-0.65,-32.104,0
1398294748451,42017781220000,171538053000001,-8.261,-0.65,-32.104,0
1398294748461,42017790895000,171538053000001,-8.261,-0.65,-31.794,0
1398294748497,42017802461000,171538053000001,-8.561,-0.65,-31.794,0
1398294748498,42017810975000,171538053000001,-8.561,-0.65,-31.794,0
1398294748500,42017820924000,171538053000001,-8.561,-0.65,-31.794,0
1398294748502,42017831117000,171538053000001,-8.561,-0.65,-31.794,0
1398294748511,42017840943000,171538053000001,-8.561,-0.65,-31.794,0
1398294748521,42017850953000,171538053000001,-8.561,-0.65,-31.794,0
1398294748531,42017860963000,171538053000001,-8.561,-0.65,-31.794,0
1398294748541,42017870973000,171538053000001,-8.561,-1.004,-31.794,0
1398294748551,42017880982000,171538053000001,-8.561,-1.004,-31.794,0
1398294748561,42017890992000,171538053000001,-8.561,-1.004,-31.794,0
1398294748571,42017901002000,171538053000001,-8.561,-1.004,-31.794,0
1398294748581,42017911012000,171538053000001,-8.561,-1.359,-31.794,0
1398294748591,42017921022000,171538053000001,-8.561,-1.359,-31.794,0
1398294748611,42017938630000,171538053000001,-8.561,-1.359,-31.794,0
1398294748613,42017941102000,171538053000001,-8.561,-1.359,-31.794,0
1398294748621,42017951051000,171538053000001,-8.561,-1.359,-31.794,0
1398294748632,42017961030000,171538053000001,-8.561,-1.669,-31.794,0
1398294748641,42017971070000,171538053000001,-8.232,-1.669,-31.794,0
1398294748653,42017982637000,171538053000001,-8.232,-1.669,-31.794,0
1398294748661,42017991120000,171538053000001,-8.232,-1.669,-31.794,0
1398294748671,42018001100000,171538053000001,-8.232,-1.669,-31.459,0
1398294748683,42018011109000,171538053000001,-8.232,-1.669,-31.459,0
1398294748692,42018021119000,171538053000001,-8.232,-1.669,-31.459,0
1398294748702,42018031129000,171538053000001,-8.232,-1.669,-31.459,0
1398294748712,42018041139000,171538053000001,-8.232,-1.669,-31.459,0
1398294748723,42018051179000,171538053000001,-8.232,-1.669,-31.459,0
1398294748731,42018061189000,171538053000001,-8.232,-1.669,-31.459,0
1398294748741,42018071168000,171538053000001,-8.232,-1.669,-31.459,0
1398294748751,42018081178000,171538053000001,-8.232,-1.669,-31.459,0
1398294748761,42018091188000,171538053000001,-8.232,-1.669,-31.459,0
1398294748771,42018101197000,171538053000001,-8.232,-1.669,-31.459,0
1398294748781,42018111177000,171538053000001,-8.546,-1.669,-31.459,0
1398294748791,42018121217000,171538053000001,-8.546,-1.669,-31.459,0
1398294748802,42018131227000,171538053000001,-8.546,-1.669,-31.459,0
1398294748811,42018141236000,171538053000001,-8.546,-1.669,-31.459,0
1398294748821,42018151246000,171538053000001,-8.546,-1.669,-31.459,0
1398294748833,42018162812000,171538053000001,-8.546,-1.669,-31.459,0
1398294748842,42018171632000,171538053000001,-8.546,-1.669,-31.459,0
1398294748852,42018181275000,171538053000001,-8.546,-1.669,-31.459,0
1398294748861,42018191316000,171538053000001,-8.546,-1.669,-31.459,0
1398294748871,42018201325000,171538053000001,-8.546,-1.669,-31.459,0
1398294748882,42018211305000,171538053000001,-8.546,-1.669,-31.459,0
1398294748891,42018221345000,171538053000001,-8.546,-1.669,-31.459,0
1398294748901,42018231324000,171538053000001,-8.546,-1.669,-31.459,0
1398294748911,42018241365000,171538053000001,-8.546,-1.669,-31.459,0
1398294748926,42018255525000,171538053000001,-8.546,-1.669,-31.459,0
1398294748934,42018261628000,171538053000001,-8.546,-1.669,-31.459,0
1398294748942,42018271546000,171538053000001,-8.546,-1.669,-31.459,0
1398294748951,42018281373000,171538053000001,-8.239,-1.669,-31.459,0
1398294748961,42018291383000,171538053000001,-8.239,-1.669,-31.459,0
1398294748971,42018301393000,171538053000001,-8.239,-1.669,-31.459,0
1398294748981,42018311372000,171538053000001,-8.239,-1.669,-31.459,0
1398294748991,42018321382000,171538053000001,-8.239,-1.669,-31.459,0
1398294749001,42018331391000,171538053000001,-8.239,-1.669,-31.459,0
1398294749013,42018342958000,171538053000001,-7.838,-1.669,-31.767,0
1398294749021,42018351533000,171538053000001,-7.838,-1.669,-31.767,0
1398294749032,42018361451000,171538053000001,-7.838,-1.669,-31.767,0
1398294749041,42018371461000,171538053000001,-7.838,-1.669,-31.767,0
1398294749051,42018381471000,171538053000001,-7.484,-1.669,-31.767,0
1398294749061,42018391481000,171538053000001,-7.484,-1.669,-31.767,0
1398294749071,42018401490000,171538053000001,-7.484,-1.669,-31.767,0
1398294749081,42018411500000,171538053000001,-7.121,-1.669,-31.767,0
1398294749091,42018421510000,171538053000001,-7.121,-1.669,-31.767,0
1398294749101,42018431520000,171538053000001,-7.121,-1.669,-31.767,0
1398294749111,42018441529000,171538053000001,-6.752,-1.669,-31.767,0
1398294749121,42018451539000,171538053000001,-6.752,-1.669,-31.767,0
1398294749131,42018461549000,171538053000001,-6.752,-1.669,-31.767,0
1398294749141,42018471559000,171538053000001,-6.752,-1.669,-31.767,0
1398294749154,42018481568000,171538053000001,-6.356,-1.669,-31.767,0
1398294749162,42018491609000,171538053000001,-6.356,-1.669,-31.767,0
1398294749172,42018501588000,171538053000001,-6.356,-1.669,-31.767,0
1398294749182,42018511598000,171538053000001,-6.356,-1.669,-31.767,0
1398294749194,42018523164000,171538053000001,-6.356,-1.669,-31.767,0
1398294749205,42018531678000,171538053000001,-6.356,-1.669,-31.767,0
1398294749211,42018541627000,171538053000001,-6.053,-1.669,-31.767,0
1398294749222,42018551850000,171538053000001,-6.053,-1.669,-31.767,0
1398294749233,42018562287000,171538053000001,-6.053,-1.669,-31.767,0
1398294749249,42018571717000,171538053000001,-6.053,-1.669,-32.073,0
1398294749261,42018581727000,171538053000001,-6.053,-1.669,-32.073,0
1398294749264,42018591737000,171538053000001,-6.053,-1.669,-32.073,0
1398294749272,42018601747000,171538053000001,-6.053,-1.669,-32.073,0
1398294749282,42018611787000,171538053000001,-6.053,-1.669,-32.073,0
1398294749292,42018621736000,171538053000001,-6.053,-1.669,-32.073,0
1398294749302,42018631745000,171538053000001,-6.053,-1.669,-32.073,0
1398294749312,42018641725000,171538053000001,-6.053,-1.669,-32.073,0
1398294749322,42018651795000,171538053000001,-6.053,-1.669,-32.073,0
1398294749332,42018661775000,171538053000001,-6.053,-1.669,-32.073,0
1398294749342,42018671815000,171538053000001,-6.053,-1.669,-32.073,0
1398294749352,42018681977000,171538053000001,-6.053,-1.669,-32.073,0
1398294749362,42018691957000,171538053000001,-6.053,-1.669,-32.073,0
1398294749373,42018703370000,171538053000001,-6.053,-1.669,-32.073,0
1398294749382,42018711854000,171538053000001,-5.743,-1.669,-32.073,0
1398294749392,42018721864000,171538053000001,-5.743,-1.669,-32.073,0
1398294749405,42018731874000,171538053000001,-5.743,-1.669,-32.073,0
1398294749412,42018741883000,171538053000001,-5.743,-1.669,-32.073,0
1398294749423,42018751893000,171538053000001,-5.743,-1.669,-32.073,0
1398294749432,42018761903000,171538053000001,-5.743,-1.669,-32.073,0
1398294749442,42018771913000,171538053000001,-5.743,-1.669,-32.073,0
1398294749452,42018781892000,171538053000001,-5.743,-1.669,-32.073,0
1398294749462,42018791871000,171538053000001,-5.743,-1.669,-32.073,0
1398294749472,42018801881000,171538053000001,-6.06,-1.669,-32.073,0
1398294749482,42018811921000,171538053000001,-6.06,-1.669,-32.073,0
1398294749492,42018821931000,171538053000001,-6.06,-1.669,-32.073,0
1398294749502,42018831910000,171538053000001,-6.06,-1.669,-32.073,0
1398294749512,42018841920000,171538053000001,-6.06,-1.669,-32.073,0
1398294749522,42018851960000,171538053000001,-6.06,-1.669,-32.073,0
1398294749532,42018861970000,171538053000001,-6.388,-1.669,-32.073,0
1398294749542,42018871980000,171538053000001,-6.388,-1.669,-32.073,0
1398294749554,42018883546000,171538053000001,-6.388,-1.669,-32.073,0
1398294749562,42018892030000,171538053000001,-6.388,-1.669,-32.073,0
1398294749572,42018902009000,171538053000001,-6.388,-1.669,-32.073,0
1398294749582,42018912019000,171538053000001,-6.689,-1.669,-32.073,0
1398294749592,42018922029000,171538053000001,-6.689,-1.669,-32.073,0
1398294749602,42018932038000,171538053000001,-6.689,-1.669,-32.073,0
1398294749612,42018942048000,171538053000001,-6.689,-1.669,-32.073,0
1398294749622,42018952058000,171538053000001,-6.689,-1.669,-32.073,0
1398294749632,42018962068000,171538053000001,-6.689,-1.669,-32.073,0
1398294749642,42018972077000,171538053000001,-6.689,-1.669,-32.073,0
1398294749652,42018982087000,171538053000001,-6.689,-1.669,-32.073,0
1398294749662,42018992066000,171538053000001,-6.689,-1.669,-32.073,0
1398294749672,42019002107000,171538053000001,-6.689,-1.669,-32.073,0
1398294749682,42019012116000,171538053000001,-6.689,-1.669,-32.073,0
1398294749692,42019022126000,171538053000001,-6.689,-1.669,-32.073,0
1398294749702,42019032105000,171538053000001,-6.689,-1.669,-32.073,0
1398294749712,42019042115000,171538053000001,-6.689,-1.669,-32.073,0
1398294749725,42019052217000,171538053000001,-6.689,-1.669,-32.073,0
1398294749735,42019064759000,171538053000001,-6.689,-1.669,-32.073,0
1398294749745,42019074494000,171538053000001,-6.689,-1.669,-32.073,0
1398294749755,42019085328000,171538053000001,-6.689,-1.669,-32.073,0
1398294749764,42019094453000,171538053000001,-6.689,-1.669,-32.073,0
1398294749775,42019104798000,171538053000001,-6.689,-1.669,-32.073,0
1398294749784,42019114503000,171538053000001,-6.689,-1.669,-32.073,0
1398294749795,42019124818000,171538053000001,-6.689,-1.669,-32.073,0
1398294749804,42019134431000,171538053000001,-6.689,-1.669,-32.073,0
1398294749814,42019143220000,171538053000001,-6.689,-1.669,-32.073,0
1398294749825,42019154908000,171538053000001,-6.689,-1.669,-32.073,0
1398294749835,42019163453000,171538053000001,-6.689,-1.669,-32.073,0
1398294749859,42019173890000,171538053000001,-6.358,-1.669,-32.073,0
1398294749865,42019183198000,171538053000001,-6.358,-1.669,-32.073,0
1398294749872,42019192292000,171538053000001,-6.358,-1.669,-32.073,0
1398294749874,42019202302000,171538053000001,-6.358,-1.669,-32.073,0
1398294749887,42019212281000,171538053000001,-6.358,-1.669,-32.073,0
1398294749893,42019222810000,171538053000001,-6.358,-1.669,-32.073,0
1398294749903,42019232759000,171538053000001,-6.358,-1.669,-32.073,0
1398294749916,42019244325000,171538053000001,-6.358,-1.669,-32.073,0
1398294749923,42019252809000,171538053000001,-6.358,-1.669,-32.073,0
1398294749932,42019262300000,171538053000001,-6.358,-1.669,-32.073,0
1398294749947,42019272370000,171538053000001,-6.358,-1.669,-32.073,0
1398294749962,42019282350000,171538053000001,-6.358,-1.669,-32.073,0
1398294749964,42019292359000,171538053000001,-6.358,-1.669,-32.073,0
1398294749973,42019302369000,171538053000001,-6.358,-1.669,-32.073,0
1398294749982,42019312348000,171538053000001,-6.358,-1.669,-32.073,0
1398294749992,42019322389000,171538053000001,-6.358,-1.669,-32.073,0
1398294750002,42019332368000,171538053000001,-6.358,-1.669,-32.073,0
1398294750013,42019342408000,171538053000001,-6.358,-1.669,-32.073,0
1398294750023,42019352418000,171538053000001,-6.358,-1.669,-32.073,0
1398294750032,42019362397000,171538053000001,-6.358,-1.669,-32.073,0
1398294750043,42019372407000,171538053000001,-6.358,-1.669,-32.073,0
1398294750053,42019382478000,171538053000001,-6.358,-1.669,-32.073,0
1398294750062,42019392427000,171538053000001,-6.358,-1.669,-32.073,0
1398294750074,42019403688000,171538053000001,-6.684,-1.669,-32.073,0
1398294750083,42019412477000,171538053000001,-6.684,-1.669,-32.073,0
1398294750097,42019424745000,171538053000001,-6.684,-1.669,-32.073,0
1398294750103,42019432527000,171538053000001,-6.684,-2.001,-32.073,0
1398294750114,42019442536000,171538053000001,-6.684,-2.001,-32.073,0
1398294750124,42019453950000,171538053000001,-6.684,-2.001,-32.073,0
1398294750133,42019462495000,171538053000001,-6.684,-2.001,-32.073,0
1398294750144,42019473023000,171538053000001,-6.684,-2.001,-32.073,0
1398294750171,42019485261000,171538053000001,-6.684,-2.001,-32.073,0
1398294750172,42019492524000,171538053000001,-6.684,-2.001,-32.073,0
1398294750174,42019502534000,171538053000001,-6.684,-2.001,-32.073,0
1398294750189,42019512574000,171538053000001,-6.684,-2.001,-32.073,0
1398294750193,42019522584000,171538053000001,-6.684,-2.001,-32.073,0
1398294750203,42019532563000,171538053000001,-6.684,-2.001,-32.073,0
1398294750213,42019542573000,171538053000001,-6.684,-2.001,-32.073,0
1398294750224,42019553407000,171538053000001,-6.684,-2.001,-32.073,0
1398294750233,42019562593000,171538053000001,-6.684,-2.001,-32.073,0
1398294750243,42019572602000,171538053000001,-6.684,-2.001,-32.073,0
1398294750253,42019582612000,171538053000001,-6.684,-2.001,-32.073,0
1398294750263,42019592622000,171538053000001,-6.684,-2.001,-32.073,0
1398294750275,42019604188000,171538053000001,-6.684,-2.001,-32.073,0
1398294750283,42019613099000,171538053000001,-6.684,-2.001,-32.073,0
1398294750292,42019622682000,171538053000001,-6.684,-2.001,-32.073,0
1398294750303,42019632661000,171538053000001,-6.684,-2.001,-32.073,0
1398294750313,42019642732000,171538053000001,-6.684,-2.001,-32.073,0
1398294750323,42019652711000,171538053000001,-6.684,-2.001,-32.073,0
1398294750333,42019662721000,171538053000001,-6.684,-2.001,-32.073,0
1398294750345,42019672761000,171538053000001,-6.684,-2.001,-32.073,0
1398294750354,42019682771000,171538053000001,-6.684,-2.001,-32.073,0
1398294750363,42019692720000,171538053000001,-6.684,-2.001,-32.073,0
1398294750373,42019702729000,171538053000001,-6.684,-1.66,-32.073,0
1398294750383,42019712770000,171538053000001,-6.684,-1.66,-32.073,0
1398294750393,42019722749000,171538053000001,-6.684,-1.66,-32.073,0
1398294750403,42019732759000,171538053000001,-6.684,-1.66,-32.073,0
1398294750413,42019742799000,171538053000001,-6.684,-1.66,-32.073,0
1398294750423,42019752809000,171538053000001,-6.684,-1.66,-32.374,0
1398294750433,42019762818000,171538053000001,-6.684,-1.66,-32.374,0
1398294750443,42019772798000,171538053000001,-6.684,-1.66,-32.374,0
1398294750454,42019784364000,171538053000001,-6.684,-1.345,-32.374,0
1398294750463,42019792817000,171538053000001,-6.684,-1.345,-32.374,0
1398294750473,42019802827000,171538053000001,-6.991,-1.345,-32.374,0
1398294750483,42019812806000,171538053000001,-6.991,-1.345,-32.374,0
1398294750493,42019822816000,171538053000001,-6.991,-1.345,-32.374,0
1398294750503,42019832826000,171538053000001,-6.991,-1.042,-32.374,0
1398294750513,42019842835000,171538053000001,-6.991,-1.042,-32.374,0
1398294750523,42019852845000,171538053000001,-6.991,-1.042,-32.374,0
1398294750533,42019862855000,171538053000001,-6.991,-1.042,-32.374,0
1398294750543,42019872865000,171538053000001,-6.991,-1.042,-32.374,0
1398294750553,42019882875000,171538053000001,-6.991,-1.042,-32.374,0
1398294750563,42019892884000,171538053000001,-6.991,-1.042,-32.374,0
1398294750575,42019902894000,171538053000001,-6.991,-1.042,-32.374,0
1398294750585,42019912934000,171538053000001,-6.991,-1.042,-32.374,0
1398294750593,42019922914000,171538053000001,-6.991,-0.735,-32.374,0
1398294750603,42019932923000,171538053000001,-6.991,-0.735,-32.374,0
1398294750613,42019942933000,171538053000001,-6.991,-0.735,-32.374,0
1398294750623,42019953004000,171538053000001,-6.663,-0.735,-32.374,0
1398294750635,42019964570000,171538053000001,-6.663,-0.735,-32.374,0
1398294750644,42019973023000,171538053000001,-6.663,-0.735,-32.374,0
1398294750653,42019983003000,171538053000001,-6.663,-0.735,-32.374,0
1398294750663,42019992982000,171538053000001,-6.663,-0.735,-32.374,0
1398294750673,42020003022000,171538053000001,-6.663,-0.735,-32.374,0
1398294750683,42020013032000,171538053000001,-6.663,-0.735,-32.374,0
1398294750693,42020023042000,171538053000001,-6.663,-0.735,-32.374,0
1398294750703,42020033052000,171538053000001,-6.663,-0.735,-32.374,0
1398294750713,42020043061000,171538053000001,-6.663,-0.735,-32.374,0
1398294750723,42020053071000,171538053000001,-6.663,-0.735,-32.374,0
1398294750733,42020063081000,171538053000001,-6.663,-0.735,-32.374,0
1398294750743,42020073243000,171538053000001,-6.663,-0.735,-32.374,0
1398294750753,42020083100000,171538053000001,-6.663,-0.735,-32.374,0
1398294750764,42020093415000,171538053000001,-6.663,-0.735,-32.374,0
1398294750773,42020103456000,171538053000001,-6.985,-1.078,-32.374,0
1398294750783,42020113099000,171538053000001,-6.985,-1.078,-32.374,0
1398294750793,42020123200000,171538053000001,-6.985,-1.078,-32.374,0
1398294750803,42020133119000,171538053000001,-6.985,-1.078,-32.374,0
1398294750815,42020144685000,171538053000001,-6.985,-1.078,-32.374,0
1398294750823,42020153199000,171538053000001,-6.985,-1.396,-32.374,0
1398294750833,42020163148000,171538053000001,-6.985,-1.396,-32.374,0
1398294750843,42020173158000,171538053000001,-6.985,-1.396,-32.374,0
1398294750853,42020183168000,171538053000001,-6.985,-1.396,-32.374,0
1398294750863,42020193177000,171538053000001,-6.985,-1.757,-32.374,0
1398294750873,42020203218000,171538053000001,-6.985,-1.757,-32.374,0
1398294750883,42020213197000,171538053000001,-6.985,-1.757,-32.374,0
1398294750893,42020223207000,171538053000001,-6.985,-1.757,-32.374,0
1398294750903,42020233216000,171538053000001,-6.985,-2.067,-32.374,0
1398294750913,42020243226000,171538053000001,-6.985,-2.067,-32.069,0
1398294750925,42020254701000,171538053000001,-6.985,-2.067,-32.069,0
1398294750937,42020267121000,171538053000001,-6.985,-2.067,-32.069,0
1398294750946,42020275697000,171538053000001,-6.985,-2.067,-32.069,0
1398294750957,42020287080000,171538053000001,-6.985,-2.067,-32.069,0
1398294750967,42020297090000,171538053000001,-7.287,-2.067,-32.069,0
1398294750977,42020306886000,171538053000001,-7.287,-2.067,-32.069,0
1398294750987,42020317079000,171538053000001,-7.287,-2.067,-32.069,0
1398294750996,42020326387000,171538053000001,-7.287,-2.067,-32.069,0
1398294751010,42020339845000,171538053000001,-7.287,-2.067,-32.069,0
1398294751015,42020344972000,171538053000001,-7.287,-2.067,-32.069,0
1398294751027,42020357026000,171538053000001,-7.287,-2.067,-32.069,0
1398294751037,42020367066000,171538053000001,-7.287,-2.067,-32.069,0
1398294751044,42020373750000,171538053000001,-7.287,-2.067,-32.069,0
1398294751055,42020384889000,171538053000001,-7.287,-2.067,-32.069,0
1398294751068,42020397523000,171538053000001,-7.287,-2.067,-32.069,0
1398294751078,42020407533000,171538053000001,-7.287,-2.067,-32.069,0
1398294751087,42020416413000,171538053000001,-7.287,-2.067,-32.069,0
1398294751096,42020423890000,171538053000001,-7.287,-2.067,-32.069,0
1398294751104,42020433442000,171538053000001,-7.287,-2.067,-32.069,0
1398294751114,42020443452000,171538053000001,-7.287,-2.067,-32.069,0
1398294751124,42020453462000,171538053000001,-6.896,-2.067,-32.069,0
1398294751133,42020463471000,171538053000001,-6.896,-2.067,-32.069,0
1398294751144,42020473512000,171538053000001,-6.896,-2.067,-32.069,0
1398294751154,42020483522000,171538053000001,-6.57,-2.067,-32.069,0
1398294751163,42020493531000,171538053000001,-6.57,-2.067,-32.069,0
1398294751175,42020505097000,171538053000001,-6.57,-2.067,-32.069,0
1398294751184,42020513581000,171538053000001,-6.57,-2.067,-32.069,0
1398294751195,42020524781000,171538053000001,-6.57,-2.067,-32.069,0
1398294751206,42020536103000,171538053000001,-6.57,-2.067,-32.069,0
1398294751217,42020547151000,171538053000001,-6.57,-2.067,-32.069,0
1398294751229,42020559297000,171538053000001,-6.57,-2.067,-32.069,0
1398294751236,42020566102000,171538053000001,-6.57,-2.067,-32.069,0
1398294751250,42020579957000,171538053000001,-6.57,-2.067,-32.069,0
1398294751255,42020585115000,171538053000001,-6.57,-2.067,-32.069,0
1398294751267,42020597291000,171538053000001,-6.57,-2.067,-32.069,0
1398294751277,42020607331000,171538053000001,-6.57,-2.067,-32.069,0
1398294751289,42020619416000,171538053000001,-6.57,-2.067,-32.069,0
1398294751295,42020624604000,171538053000001,-6.57,-2.067,-32.069,0
1398294751310,42020639955000,171538053000001,-6.57,-2.067,-32.069,0
1398294751315,42020645204000,171538053000001,-6.57,-2.067,-32.069,0
1398294751327,42020657350000,171538053000001,-6.57,-2.067,-32.069,0
1398294751338,42020667756000,171538053000001,-6.57,-2.067,-32.069,0
1398294751344,42020674043000,171538053000001,-6.57,-2.067,-32.069,0
1398294751362,42020691346000,171538053000001,-6.57,-2.067,-32.069,0
1398294751365,42020694612000,171538053000001,-6.57,-2.384,-32.069,0
1398294751386,42020709840000,171538053000001,-6.57,-2.384,-32.069,0
1398294751390,42020719606000,171538053000001,-6.57,-2.384,-32.069,0
1398294751397,42020726777000,171538053000001,-6.193,-2.384,-32.069,0
1398294751408,42020737855000,171538053000001,-6.193,-2.705,-32.069,0
1398294751418,42020748200000,171538053000001,-6.193,-2.705,-32.069,0
1398294751428,42020758119000,171538053000001,-5.845,-2.705,-32.069,0
1398294751438,42020767854000,171538053000001,-5.845,-2.705,-32.069,0
1398294751448,42020778199000,171538053000001,-5.845,-3.018,-32.069,0
1398294751458,42020788301000,171538053000001,-5.525,-3.018,-32.069,0
1398294751468,42020797883000,171538053000001,-5.525,-3.018,-32.069,0
1398294751482,42020807740000,171538053000001,-5.525,-3.018,-32.069,0
1398294751484,42020813844000,171538053000001,-5.22,-3.018,-32.069,0
1398294751498,42020823823000,171538053000001,-5.22,-3.327,-32.069,0
1398294751505,42020834962000,171538053000001,-5.22,-3.327,-32.069,0
1398294751515,42020844483000,171538053000001,-4.902,-3.327,-32.069,0
1398294751536,42020854615000,171538053000001,-4.902,-3.327,-32.069,0
1398294751539,42020865449000,171538053000001,-4.902,-3.327,-32.069,0
1398294751548,42020873933000,171538053000001,-4.521,-3.327,-32.069,0
1398294751555,42020883912000,171538053000001,-4.521,-3.327,-32.069,0
1398294751566,42020895295000,171538053000001,-4.521,-3.327,-32.069,0
1398294751578,42020905427000,171538053000001,-4.521,-3.327,-32.069,0
1398294751584,42020913972000,171538053000001,-4.17,-3.327,-32.069,0
1398294751597,42020923982000,171538053000001,-4.17,-3.327,-32.069,0
1398294751604,42020933991000,171538053000001,-4.17,-3.327,-32.069,0
1398294751614,42020943971000,171538053000001,-4.17,-3.327,-32.069,0
1398294751630,42020953981000,171538053000001,-4.17,-3.327,-32.069,0
1398294751634,42020963990000,171538053000001,-4.17,-3.327,-32.069,0
1398294751644,42020974000000,171538053000001,-4.17,-3.327,-32.069,0
1398294751656,42020985719000,171538053000001,-4.17,-3.327,-32.069,0
1398294751671,42021000611000,171538053000001,-4.17,-3.327,-32.069,0
1398294751674,42021004060000,171538053000001,-4.17,-3.327,-32.373,0
1398294751686,42021014100000,171538053000001,-4.17,-3.327,-32.373,0
1398294751707,42021024873000,171538053000001,-4.17,-3.327,-32.373,0
1398294751708,42021034028000,171538053000001,-4.17,-3.327,-32.373,0
1398294751716,42021045594000,171538053000001,-4.17,-2.996,-32.373,0
1398294751724,42021054078000,171538053000001,-4.17,-2.996,-32.373,0
1398294751734,42021064057000,171538053000001,-4.17,-2.996,-32.373,0
1398294751744,42021074037000,171538053000001,-4.486,-2.996,-32.373,0
1398294751754,42021084046000,171538053000001,-4.486,-2.996,-32.373,0
1398294751764,42021094087000,171538053000001,-4.486,-2.996,-32.373,0
1398294751774,42021104066000,171538053000001,-4.486,-2.996,-32.373,0
1398294751784,42021114106000,171538053000001,-4.801,-2.996,-32.373,0
1398294751794,42021124116000,171538053000001,-4.801,-2.996,-32.373,0
1398294751804,42021134095000,171538053000001,-4.801,-2.996,-32.373,0
1398294751814,42021144105000,171538053000001,-4.801,-2.996,-32.373,0
1398294751825,42021154115000,171538053000001,-4.801,-2.996,-32.373,0
1398294751834,42021164125000,171538053000001,-4.801,-2.996,-32.373,0
1398294751845,42021174165000,171538053000001,-4.801,-2.996,-32.373,0
1398294751854,42021184175000,171538053000001,-5.102,-2.996,-32.07,0
1398294751864,42021194184000,171538053000001,-5.102,-2.996,-32.07,0
1398294751875,42021204194000,171538053000001,-5.102,-2.996,-32.07,0
1398294751884,42021214204000,171538053000001,-5.102,-2.996,-32.07,0
1398294751896,42021225740000,171538053000001,-5.102,-2.996,-32.07,0
1398294751904,42021234254000,171538053000001,-5.456,-2.996,-32.07,0
1398294751914,42021244203000,171538053000001,-5.456,-3.297,-32.07,0
1398294751924,42021254243000,171538053000001,-5.456,-3.297,-32.07,0
1398294751934,42021264222000,171538053000001,-5.456,-3.297,-32.07,0
1398294751944,42021274415000,171538053000001,-5.456,-3.297,-32.07,0
1398294751954,42021284272000,171538053000001,-5.456,-3.297,-32.07,0
1398294751964,42021294313000,171538053000001,-5.456,-3.297,-32.07,0
1398294751977,42021304322000,171538053000001,-5.781,-3.297,-32.07,0
1398294751984,42021314302000,171538053000001,-5.781,-3.297,-32.07,0
1398294751997,42021326997000,171538053000001,-5.781,-3.297,-32.07,0
1398294752004,42021334291000,171538053000001,-5.781,-2.902,-32.07,0
1398294752014,42021344300000,171538053000001,-5.781,-2.902,-32.07,0
1398294752024,42021354310000,171538053000001,-5.781,-2.902,-32.07,0
1398294752034,42021364320000,171538053000001,-6.083,-2.902,-32.07,0
1398294752044,42021374360000,171538053000001,-6.083,-2.502,-32.07,0
1398294752054,42021384339000,171538053000001,-6.083,-2.502,-32.07,0
1398294752064,42021394349000,171538053000001,-6.083,-2.502,-32.07,0
1398294752076,42021405915000,171538053000001,-6.083,-2.502,-32.07,0
1398294752084,42021414430000,171538053000001,-6.083,-2.188,-32.07,0
1398294752094,42021424378000,171538053000001,-6.083,-2.188,-32.07,0
1398294752104,42021434388000,171538053000001,-6.083,-2.188,-32.07,0
1398294752114,42021444398000,171538053000001,-6.083,-2.188,-32.07,0
1398294752124,42021454408000,171538053000001,-6.083,-1.829,-32.07,0
1398294752134,42021464418000,171538053000001,-6.083,-1.829,-32.07,0
1398294752144,42021474427000,171538053000001,-6.083,-1.829,-32.07,0
1398294752154,42021484437000,171538053000001,-6.083,-1.829,-32.07,0
1398294752164,42021494447000,171538053000001,-6.083,-1.829,-32.07,0
1398294752174,42021504487000,171538053000001,-6.083,-1.516,-32.07,0
1398294752187,42021514497000,171538053000001,-6.083,-1.516,-32.07,0
1398294752195,42021524812000,171538053000001,-6.083,-1.516,-32.07,0
1398294752204,42021534486000,171538053000001,-6.083,-1.516,-32.07,0
1398294752214,42021544496000,171538053000001,-6.083,-1.516,-32.07,0
1398294752225,42021554505000,171538053000001,-6.083,-1.516,-32.07,0
1398294752235,42021564546000,171538053000001,-6.083,-1.516,-32.07,0
1398294752245,42021574525000,171538053000001,-6.083,-1.516,-32.07,0
1398294752257,42021586091000,171538053000001,-6.393,-1.516,-32.07,0
1398294752265,42021594941000,171538053000001,-6.393,-1.516,-32.07,0
1398294752275,42021604585000,171538053000001,-6.393,-1.516,-32.07,0
1398294752285,42021614595000,171538053000001,-6.393,-1.516,-32.07,0
1398294752295,42021624604000,171538053000001,-6.393,-1.516,-32.07,0
1398294752309,42021639253000,171538053000001,-6.701,-1.516,-32.07,0
1398294752315,42021644563000,171538053000001,-6.701,-1.211,-32.07,0
1398294752324,42021654603000,171538053000001,-6.701,-1.211,-32.07,0
1398294752335,42021664613000,171538053000001,-6.701,-1.211,-32.07,0
1398294752344,42021674623000,171538053000001,-6.701,-1.211,-32.07,0
1398294752355,42021684632000,171538053000001,-6.701,-1.211,-32.07,0
1398294752365,42021694642000,171538053000001,-7.017,-1.211,-32.07,0
1398294752375,42021704866000,171538053000001,-7.017,-1.211,-32.07,0
1398294752385,42021714692000,171538053000001,-7.017,-1.211,-32.07,0
1398294752395,42021724702000,171538053000001,-7.017,-1.211,-32.07,0
1398294752405,42021734712000,171538053000001,-7.017,-1.211,-32.07,0
1398294752415,42021744721000,171538053000001,-7.017,-1.211,-32.07,0
1398294752425,42021754731000,171538053000001,-7.017,-1.211,-32.07,0
1398294752436,42021766267000,171538053000001,-7.017,-1.211,-32.07,0
1398294752445,42021774751000,171538053000001,-7.017,-1.538,-32.07,0
1398294752454,42021784730000,171538053000001,-7.017,-1.538,-32.07,0
1398294752465,42021794740000,171538053000001,-7.017,-1.538,-32.07,0
1398294752475,42021804750000,171538053000001,-7.017,-1.538,-32.07,0
1398294752485,42021814759000,171538053000001,-7.017,-1.538,-32.07,0
1398294752495,42021824769000,171538053000001,-7.017,-1.538,-32.07,0
1398294752509,42021834779000,171538053000001,-7.316,-1.87,-32.07,0
1398294752515,42021844819000,171538053000001,-7.316,-1.87,-32.07,0
1398294752526,42021854829000,171538053000001,-7.316,-1.87,-31.764,0
1398294752535,42021864808000,171538053000001,-7.316,-1.87,-31.764,0
1398294752550,42021874848000,171538053000001,-7.316,-1.87,-31.764,0
1398294752557,42021884828000,171538053000001,-7.316,-1.87,-31.764,0
1398294752565,42021894868000,171538053000001,-7.316,-2.2,-31.764,0
1398294752575,42021905030000,171538053000001,-7.316,-2.2,-31.764,0
1398294752585,42021914887000,171538053000001,-7.316,-2.2,-31.764,0
1398294752596,42021924928000,171538053000001,-7.316,-2.2,-31.764,0
1398294752617,42021939942000,171538053000001,-7.316,-2.2,-31.764,0
1398294752619,42021946534000,171538053000001,-7.316,-2.2,-31.764,0
1398294752625,42021954927000,171538053000001,-7.316,-2.2,-31.764,0
1398294752635,42021964906000,171538053000001,-7.316,-2.2,-31.764,0
1398294752645,42021974916000,171538053000001,-7.316,-2.2,-31.764,0
1398294752655,42021984925000,171538053000001,-7.316,-2.2,-31.764,0
1398294752665,42021994935000,171538053000001,-7.316,-2.2,-31.764,0
1398294752675,42022004975000,171538053000001,-7.316,-2.2,-31.764,0
1398294752685,42022014955000,171538053000001,-7.316,-2.2,-31.764,0
1398294752695,42022024964000,171538053000001,-7.316,-2.2,-31.764,0
1398294752705,42022034974000,171538053000001,-7.316,-2.2,-31.764,0
1398294752715,42022044984000,171538053000001,-7.316,-2.2,-31.764,0
1398294752725,42022054994000,171538053000001,-7.316,-2.2,-31.764,0
1398294752736,42022065034000,171538053000001,-7.316,-2.2,-31.764,0
1398294752745,42022075013000,171538053000001,-7.316,-2.2,-31.764,0
1398294752755,42022085023000,171538053000001,-7.316,-2.2,-31.764,0
1398294752765,42022095033000,171538053000001,-7.316,-2.2,-31.764,0
1398294752775,42022105073000,171538053000001,-7.316,-2.2,-31.764,0
1398294752785,42022115052000,171538053000001,-7.316,-2.2,-31.764,0
1398294752797,42022126618000,171538053000001,-7.316,-2.2,-31.764,0
1398294752805,42022135102000,171538053000001,-7.316,-2.2,-31.764,0
1398294752815,42022145082000,171538053000001,-7.316,-2.2,-31.764,0
1398294752825,42022155091000,171538053000001,-7.316,-2.2,-31.764,0
1398294752838,42022165132000,171538053000001,-7.316,-2.2,-31.764,0
1398294752845,42022175172000,171538053000001,-7.316,-2.2,-31.764,0
1398294752859,42022185121000,171538053000001,-7.316,-2.2,-31.764,0
1398294752865,42022195130000,171538053000001,-7.316,-2.2,-31.764,0
1398294752875,42022205171000,171538053000001,-7.316,-2.2,-31.764,0
1398294752885,42022215150000,171538053000001,-7.316,-2.2,-31.764,0
1398294752895,42022225190000,171538053000001,-7.316,-2.2,-31.764,0
1398294752906,42022235200000,171538053000001,-7.316,-2.2,-31.764,0
1398294752916,42022245698000,171538053000001,-7.316,-2.2,-31.764,0
1398294752925,42022255220000,171538053000001,-7.316,-2.2,-31.764,0
1398294752935,42022265199000,171538053000001,-7.316,-1.885,-31.764,0
1398294752945,42022275239000,171538053000001,-7.316,-1.885,-31.764,0
1398294752955,42022285218000,171538053000001,-7.316,-1.885,-31.764,0
1398294752965,42022295259000,171538053000001,-7.316,-1.885,-31.764,0
1398294752977,42022306794000,171538053000001,-7.316,-1.885,-31.764,0
1398294752985,42022315309000,171538053000001,-7.316,-1.885,-31.764,0
1398294752995,42022325257000,171538053000001,-7.316,-1.885,-31.764,0
1398294753005,42022335267000,171538053000001,-7.316,-1.885,-31.764,0
1398294753015,42022345307000,171538053000001,-7.316,-1.885,-31.764,0
1398294753025,42022355287000,171538053000001,-6.945,-1.885,-31.764,0
1398294753037,42022365296000,171538053000001,-6.945,-1.885,-31.764,0
1398294753045,42022375306000,171538053000001,-6.945,-1.885,-31.764,0
1398294753056,42022385316000,171538053000001,-6.945,-1.885,-31.764,0
1398294753073,42022395356000,171538053000001,-6.945,-1.885,-31.764,0
1398294753075,42022405397000,171538053000001,-6.945,-1.885,-31.764,0
1398294753087,42022415376000,171538053000001,-6.945,-1.885,-31.764,0
1398294753097,42022425386000,171538053000001,-6.945,-1.885,-31.764,0
1398294753105,42022435365000,171538053000001,-6.945,-1.885,-31.764,0
1398294753115,42022445375000,171538053000001,-6.945,-1.885,-31.764,0
1398294753125,42022455384000,171538053000001,-6.945,-1.885,-31.764,0
1398294753135,42022465394000,171538053000001,-6.945,-1.885,-31.764,0
1398294753145,42022475404000,171538053000001,-6.945,-1.885,-31.764,0
1398294753157,42022486939000,171538053000001,-6.945,-1.885,-31.764,0
1398294753165,42022495454000,171538053000001,-6.945,-1.885,-31.764,0
1398294753175,42022505433000,171538053000001,-6.945,-1.885,-31.764,0
1398294753186,42022515962000,171538053000001,-6.945,-1.885,-31.764,0
1398294753195,42022525453000,171538053000001,-6.945,-1.885,-32.072,0
1398294753205,42022535462000,171538053000001,-6.945,-1.885,-32.072,0
1398294753215,42022545472000,171538053000001,-6.945,-1.885,-32.072,0
1398294753225,42022555482000,171538053000001,-6.945,-1.885,-32.072,0
1398294753235,42022565492000,171538053000001,-6.945,-1.885,-32.072,0
1398294753245,42022575501000,171538053000001,-6.945,-1.885,-32.072,0
1398294753256,42022585511000,171538053000001,-6.945,-1.885,-32.072,0
1398294753265,42022595521000,171538053000001,-6.945,-1.885,-32.072,0
1398294753275,42022605531000,171538053000001,-6.945,-1.885,-32.072,0
1398294753288,42022615541000,171538053000001,-6.617,-1.885,-32.072,0
1398294753296,42022625550000,171538053000001,-6.617,-1.885,-32.072,0
1398294753310,42022635591000,171538053000001,-6.617,-1.885,-32.072,0
1398294753316,42022645570000,171538053000001,-6.617,-1.885,-32.072,0
1398294753325,42022655580000,171538053000001,-6.282,-1.885,-32.072,0
1398294753337,42022667146000,171538053000001,-6.282,-1.885,-32.072,0
1398294753345,42022675660000,171538053000001,-6.282,-1.885,-32.072,0
1398294753357,42022685609000,171538053000001,-6.282,-1.885,-32.072,0
1398294753366,42022695619000,171538053000001,-6.282,-1.885,-32.072,0
1398294753376,42022705628000,171538053000001,-6.282,-1.885,-32.072,0
1398294753388,42022715638000,171538053000001,-6.282,-1.885,-32.072,0
1398294753396,42022725648000,171538053000001,-6.282,-1.885,-32.072,0
1398294753406,42022735658000,171538053000001,-6.282,-1.885,-32.072,0
1398294753416,42022745668000,171538053000001,-6.282,-1.885,-32.072,0
1398294753426,42022755677000,171538053000001,-6.282,-1.885,-32.072,0
1398294753436,42022765687000,171538053000001,-6.282,-1.885,-32.072,0
1398294753446,42022775697000,171538053000001,-6.282,-1.885,-32.072,0
1398294753456,42022785707000,171538053000001,-6.282,-1.562,-32.072,0
1398294753466,42022795747000,171538053000001,-6.282,-1.562,-32.072,0
1398294753480,42022805726000,171538053000001,-6.282,-1.562,-32.072,0
1398294753498,42022815736000,171538053000001,-6.282,-1.562,-32.072,0
1398294753499,42022825776000,171538053000001,-6.282,-1.562,-32.072,0
1398294753506,42022835786000,171538053000001,-6.282,-1.562,-32.072,0
1398294753517,42022847322000,171538053000001,-6.282,-1.562,-32.072,0
1398294753526,42022855836000,171538053000001,-6.282,-1.562,-32.072,0
1398294753537,42022865785000,171538053000001,-6.282,-1.562,-32.072,0
1398294753546,42022875794000,171538053000001,-6.282,-1.562,-32.072,0
1398294753556,42022885804000,171538053000001,-6.282,-1.251,-32.072,0
1398294753566,42022895783000,171538053000001,-6.61,-1.251,-32.072,0
1398294753576,42022905824000,171538053000001,-6.61,-1.251,-32.072,0
1398294753586,42022915834000,171538053000001,-6.61,-1.251,-32.072,0
1398294753596,42022925843000,171538053000001,-6.61,-1.251,-32.072,0
1398294753606,42022935853000,171538053000001,-6.61,-1.251,-32.072,0
1398294753616,42022945863000,171538053000001,-6.61,-1.251,-32.072,0
1398294753626,42022955873000,171538053000001,-6.61,-1.251,-32.072,0
1398294753636,42022965882000,171538053000001,-6.61,-1.251,-32.072,0
1398294753647,42022975892000,171538053000001,-6.61,-1.251,-32.072,0
1398294753657,42022985902000,171538053000001,-6.959,-1.251,-32.072,0
1398294753666,42022995912000,171538053000001,-6.959,-1.251,-32.072,0
1398294753676,42023005952000,171538053000001,-6.959,-1.251,-32.072,0
1398294753686,42023015931000,171538053000001,-6.959,-1.251,-32.072,0
1398294753698,42023027528000,171538053000001,-6.959,-1.251,-32.072,0
1398294753706,42023036012000,171538053000001,-6.959,-1.251,-32.072,0
1398294753716,42023045960000,171538053000001,-7.287,-1.251,-32.072,0
1398294753726,42023055970000,171538053000001,-7.287,-1.251,-32.072,0
1398294753736,42023065980000,171538053000001,-7.287,-1.559,-32.072,0
1398294753746,42023075990000,171538053000001,-7.287,-1.559,-31.744,0
1398294753762,42023086030000,171538053000001,-7.287,-1.559,-31.744,0
1398294753768,42023096009000,171538053000001,-7.287,-1.901,-31.744,0
1398294753776,42023106019000,171538053000001,-7.287,-1.901,-31.744,0
1398294753786,42023116029000,171538053000001,-7.678,-1.901,-31.744,0
1398294753796,42023126039000,171538053000001,-7.678,-2.229,-31.744,0
1398294753806,42023136079000,171538053000001,-7.678,-2.229,-31.744,0
1398294753816,42023146089000,171538053000001,-7.678,-2.229,-31.744,0
1398294753826,42023156068000,171538053000001,-7.678,-2.229,-31.744,0
1398294753836,42023166078000,171538053000001,-7.678,-2.572,-31.744,0
1398294753849,42023176087000,171538053000001,-7.678,-2.572,-31.744,0
1398294753862,42023186097000,171538053000001,-7.678,-2.572,-31.744,0
1398294753866,42023196107000,171538053000001,-7.678,-2.572,-31.744,0
1398294753878,42023207673000,171538053000001,-7.678,-2.572,-31.744,0
1398294753886,42023216157000,171538053000001,-7.678,-2.903,-31.744,0
1398294753896,42023226136000,171538053000001,-7.678,-2.903,-31.744,0
1398294753906,42023236146000,171538053000001,-7.678,-2.903,-31.744,0
1398294753916,42023246156000,171538053000001,-7.678,-2.903,-31.744,0
1398294753926,42023256166000,171538053000001,-7.678,-2.903,-31.744,0
1398294753937,42023266175000,171538053000001,-7.678,-2.903,-31.744,0
1398294753946,42023276185000,171538053000001,-7.678,-2.903,-31.744,0
1398294753957,42023286195000,171538053000001,-7.678,-2.903,-31.744,0
1398294753966,42023296205000,171538053000001,-7.678,-2.903,-31.744,0
1398294753976,42023306245000,171538053000001,-7.678,-2.903,-31.744,0
1398294753986,42023316194000,171538053000001,-7.678,-2.903,-31.744,0
1398294753998,42023326264000,171538053000001,-7.678,-2.903,-31.744,0
1398294754007,42023336244000,171538053000001,-7.678,-2.903,-31.744,0
1398294754016,42023346253000,171538053000001,-7.678,-2.903,-31.744,0
1398294754026,42023356263000,171538053000001,-7.341,-2.903,-31.744,0
1398294754036,42023366273000,171538053000001,-7.341,-2.903,-31.744,0
1398294754046,42023376313000,171538053000001,-7.341,-2.903,-31.744,0
1398294754058,42023387849000,171538053000001,-7.341,-2.903,-31.744,0
1398294754066,42023396333000,171538053000001,-7.341,-2.903,-31.744,0
1398294754076,42023406312000,171538053000001,-7.341,-2.903,-31.744,0
1398294754086,42023416322000,171538053000001,-7.023,-2.903,-31.744,0
1398294754096,42023426301000,171538053000001,-7.023,-2.903,-31.744,0
1398294754106,42023436311000,171538053000001,-7.023,-2.903,-31.744,0
1398294754116,42023446321000,171538053000001,-7.023,-2.903,-31.744,0
1398294754126,42023456361000,171538053000001,-7.023,-2.903,-31.744,0
1398294754136,42023466401000,171538053000001,-6.71,-2.903,-31.744,0
1398294754146,42023476380000,171538053000001,-6.71,-2.903,-31.744,0
1398294754156,42023486390000,171538053000001,-6.71,-2.903,-31.744,0
1398294754166,42023496400000,171538053000001,-6.394,-2.903,-31.744,0
1398294754176,42023506410000,171538053000001,-6.394,-2.903,-31.744,0
1398294754186,42023516419000,171538053000001,-6.394,-2.903,-31.744,0
1398294754196,42023526429000,171538053000001,-6.394,-2.903,-31.744,0
1398294754206,42023536439000,171538053000001,-6.394,-2.903,-31.744,0
1398294754217,42023546510000,171538053000001,-6.045,-2.903,-31.744,0
1398294754227,42023556520000,171538053000001,-6.045,-2.903,-31.744,0
1398294754238,42023568055000,171538053000001,-6.045,-2.903,-31.744,0
1398294754247,42023576539000,171538053000001,-6.045,-2.903,-31.744,0
1398294754259,42023586549000,171538053000001,-6.045,-2.903,-31.744,0
1398294754270,42023596559000,171538053000001,-6.045,-2.903,-31.744,0
1398294754277,42023606568000,171538053000001,-6.045,-2.903,-32.072,0
1398294754287,42023616548000,171538053000001,-6.045,-2.903,-32.072,0
1398294754296,42023626527000,171538053000001,-5.718,-2.903,-32.072,0
1398294754307,42023636598000,171538053000001,-5.718,-2.903,-32.072,0
1398294754317,42023646607000,171538053000001,-5.718,-2.903,-32.072,0
1398294754327,42023656617000,171538053000001,-5.718,-2.903,-32.072,0
1398294754337,42023666627000,171538053000001,-5.718,-2.903,-32.072,0
1398294754347,42023676637000,171538053000001,-5.718,-2.903,-32.072,0
1398294754357,42023686647000,171538053000001,-5.718,-2.603,-32.072,0
1398294754367,42023696656000,171538053000001,-5.718,-2.603,-32.072,0
1398294754377,42023706636000,171538053000001,-5.718,-2.603,-32.072,0
1398294754387,42023716706000,171538053000001,-5.718,-2.603,-32.072,0
1398294754397,42023726686000,171538053000001,-5.718,-2.603,-32.072,0
1398294754407,42023736695000,171538053000001,-5.718,-2.603,-32.395,0
1398294754419,42023748292000,171538053000001,-5.718,-2.603,-32.395,0
1398294754427,42023756745000,171538053000001,-5.718,-2.603,-32.395,0
1398294754437,42023766725000,171538053000001,-5.413,-2.603,-32.395,0
1398294754451,42023779969000,171538053000001,-5.413,-2.603,-32.395,0
1398294754457,42023786653000,171538053000001,-5.413,-2.603,-32.395,0
1398294754467,42023796662000,171538053000001,-5.413,-2.603,-32.395,0
1398294754482,42023806703000,171538053000001,-5.094,-2.603,-32.395,0
1398294754490,42023816712000,171538053000001,-5.094,-2.603,-32.395,0
1398294754497,42023826722000,171538053000001,-5.094,-2.603,-32.395,0
1398294754507,42023836793000,171538053000001,-5.094,-2.603,-32.395,0
1398294754524,42023846742000,171538053000001,-5.094,-2.603,-32.395,0
1398294754527,42023856935000,171538053000001,-5.094,-2.603,-32.395,0
1398294754537,42023866792000,171538053000001,-5.094,-2.603,-32.395,0
1398294754547,42023876741000,171538053000001,-5.094,-2.603,-32.395,0
1398294754557,42023886781000,171538053000001,-4.792,-2.603,-32.395,0
1398294754567,42023896760000,171538053000001,-4.792,-2.603,-32.395,0
1398294754577,42023906800000,171538053000001,-4.792,-2.603,-32.395,0
1398294754587,42023916810000,171538053000001,-4.792,-2.603,-32.395,0
1398294754600,42023928346000,171538053000001,-4.792,-2.603,-32.395,0
1398294754607,42023936860000,171538053000001,-4.792,-2.603,-32.395,0
1398294754617,42023946839000,171538053000001,-4.792,-2.603,-32.395,0
1398294754627,42023956849000,171538053000001,-4.792,-2.603,-32.395,0
1398294754637,42023966859000,171538053000001,-5.108,-2.603,-32.395,0
1398294754647,42023976869000,171538053000001,-5.108,-2.25,-32.395,0
1398294754657,42023986909000,171538053000001,-5.108,-2.25,-32.395,0
1398294754667,42023996949000,171538053000001,-5.108,-2.25,-32.395,0
1398294754684,42024006928000,171538053000001,-5.108,-2.25,-32.395,0
1398294754688,42024016969000,171538053000001,-5.108,-2.25,-32.395,0
1398294754698,42024026948000,171538053000001,-5.108,-2.25,-32.395,0
1398294754707,42024036927000,171538053000001,-5.444,-1.899,-32.395,0
1398294754717,42024046907000,171538053000001,-5.444,-1.899,-32.395,0
1398294754727,42024056916000,171538053000001,-5.444,-1.899,-32.395,0
1398294754737,42024066926000,171538053000001,-5.444,-1.899,-32.395,0
1398294754747,42024076936000,171538053000001,-5.444,-1.899,-32.395,0
1398294754757,42024086946000,171538053000001,-5.444,-1.899,-32.395,0
1398294754772,42024097108000,171538053000001,-5.444,-1.899,-32.395,0
1398294754779,42024108552000,171538053000001,-5.444,-1.899,-32.395,0
1398294754788,42024117097000,171538053000001,-5.444,-1.899,-32.395,0
1398294754797,42024127046000,171538053000001,-5.444,-1.899,-32.395,0
1398294754807,42024137055000,171538053000001,-5.444,-1.899,-32.395,0
1398294754818,42024147065000,171538053000001,-5.444,-1.593,-32.395,0
1398294754827,42024157075000,171538053000001,-5.444,-1.593,-32.395,0
1398294754838,42024167115000,171538053000001,-5.444,-1.593,-32.395,0
1398294754849,42024177125000,171538053000001,-5.838,-1.593,-32.395,0
1398294754857,42024187104000,171538053000001,-5.838,-1.593,-32.395,0
1398294754867,42024197145000,171538053000001,-5.838,-1.593,-32.395,0
1398294754877,42024207093000,171538053000001,-5.838,-1.593,-32.395,0
1398294754887,42024217134000,171538053000001,-6.221,-1.593,-32.395,0
1398294754897,42024227113000,171538053000001,-6.221,-1.593,-32.395,0
1398294754907,42024237123000,171538053000001,-6.221,-1.593,-32.395,0
1398294754920,42024247163000,171538053000001,-6.221,-1.593,-32.395,0
1398294754927,42024257173000,171538053000001,-6.221,-1.284,-32.395,0
1398294754937,42024267182000,171538053000001,-6.552,-1.284,-32.395,0
1398294754948,42024277192000,171538053000001,-6.552,-1.284,-32.395,0
1398294754959,42024288911000,171538053000001,-6.552,-1.284,-32.395,0
1398294754967,42024297242000,171538053000001,-6.552,-1.284,-32.395,0
1398294754977,42024307252000,171538053000001,-6.552,-1.284,-32.395,0
1398294754988,42024317231000,171538053000001,-6.552,-1.284,-32.395,0
1398294754998,42024327241000,171538053000001,-6.552,-1.284,-32.395,0
1398294755007,42024337251000,171538053000001,-6.552,-1.284,-32.395,0
1398294755017,42024347261000,171538053000001,-6.552,-1.284,-32.395,0
1398294755027,42024357270000,171538053000001,-6.552,-1.284,-32.395,0
1398294755037,42024367280000,171538053000001,-6.552,-1.284,-32.395,0
1398294755048,42024377259000,171538053000001,-6.552,-1.284,-32.395,0
1398294755059,42024387300000,171538053000001,-6.552,-1.284,-32.395,0
1398294755071,42024397340000,171538053000001,-6.552,-1.284,-32.395,0
1398294755077,42024407319000,171538053000001,-6.552,-1.284,-32.395,0
1398294755087,42024417298000,171538053000001,-6.552,-1.284,-32.395,0
1398294755099,42024427308000,171538053000001,-6.552,-1.284,-32.395,0
1398294755107,42024437318000,171538053000001,-6.196,-1.284,-32.395,0
1398294755117,42024447328000,171538053000001,-6.196,-1.284,-32.395,0
1398294755127,42024457337000,171538053000001,-6.196,-1.284,-32.395,0
1398294755139,42024468934000,171538053000001,-6.196,-1.644,-32.395,0
1398294755161,42024477418000,171538053000001,-5.799,-1.644,-32.395,0
1398294755163,42024487367000,171538053000001,-5.799,-1.644,-32.395,0
1398294755167,42024497407000,171538053000001,-5.799,-1.644,-32.395,0
1398294755178,42024507417000,171538053000001,-5.491,-1.96,-32.395,0
1398294755187,42024517427000,171538053000001,-5.491,-1.96,-32.395,0
1398294755199,42024527406000,171538053000001,-5.491,-1.96,-32.395,0
1398294755208,42024537446000,171538053000001,-5.491,-1.96,-32.395,0
1398294755218,42024547456000,171538053000001,-5.117,-2.31,-32.395,0
1398294755227,42024557435000,171538053000001,-5.117,-2.31,-32.395,0
1398294755237,42024567445000,171538053000001,-5.117,-2.31,-32.395,0
1398294755249,42024577455000,171538053000001,-5.117,-2.31,-32.395,0
1398294755258,42024587495000,171538053000001,-5.117,-2.641,-32.395,0
1398294755268,42024597505000,171538053000001,-4.78,-2.641,-32.395,0
1398294755278,42024607545000,171538053000001,-4.78,-2.641,-32.395,0
1398294755288,42024617524000,171538053000001,-4.78,-2.641,-32.395,0
1398294755299,42024627503000,171538053000001,-4.78,-2.641,-32.395,0
1398294755307,42024637544000,171538053000001,-4.78,-2.641,-32.395,0
1398294755319,42024649079000,171538053000001,-4.78,-2.641,-32.395,0
1398294755327,42024657563000,171538053000001,-4.78,-2.641,-32.395,0
1398294755337,42024667543000,171538053000001,-4.78,-2.641,-32.395,0
1398294755348,42024677552000,171538053000001,-4.78,-2.641,-32.395,0
1398294755358,42024687593000,171538053000001,-5.12,-2.641,-32.395,0
1398294755367,42024697572000,171538053000001,-5.12,-2.641,-32.395,0
1398294755377,42024707582000,171538053000001,-5.12,-2.641,-32.395,0
1398294755388,42024717744000,171538053000001,-5.12,-2.641,-32.395,0
1398294755398,42024727601000,171538053000001,-5.488,-2.641,-32.395,0
1398294755408,42024737580000,171538053000001,-5.488,-2.641,-32.395,0
1398294755417,42024747560000,171538053000001,-5.488,-2.641,-32.395,0
1398294755428,42024757600000,171538053000001,-5.488,-2.641,-32.395,0
1398294755438,42024767640000,171538053000001,-5.86,-2.641,-32.395,0
1398294755448,42024777619000,171538053000001,-5.86,-2.641,-32.395,0
1398294755458,42024787660000,171538053000001,-5.86,-2.641,-32.055,0
1398294755468,42024797700000,171538053000001,-5.86,-2.641,-32.055,0
1398294755477,42024807649000,171538053000001,-6.167,-2.641,-32.055,0
1398294755488,42024817658000,171538053000001,-6.167,-2.641,-32.055,0
1398294755499,42024829225000,171538053000001,-6.167,-2.641,-32.055,0
1398294755509,42024837739000,171538053000001,-6.167,-2.641,-32.055,0
1398294755518,42024847688000,171538053000001,-6.167,-2.641,-32.055,0
1398294755528,42024857728000,171538053000001,-6.167,-2.641,-32.055,0
1398294755538,42024867707000,171538053000001,-6.167,-2.641,-32.055,0
1398294755548,42024877717000,171538053000001,-6.167,-2.641,-32.055,0
1398294755557,42024887727000,171538053000001,-6.167,-2.641,-32.055,0
1398294755568,42024897706000,171538053000001,-6.167,-2.641,-32.055,0
1398294755578,42024907746000,171538053000001,-6.167,-2.641,-32.055,0
1398294755589,42024917756000,171538053000001,-6.167,-2.641,-32.055,0
1398294755598,42024927796000,171538053000001,-6.501,-2.641,-32.055,0
1398294755608,42024937776000,171538053000001,-6.501,-2.641,-32.055,0
1398294755618,42024947785000,171538053000001,-6.501,-2.641,-32.055,0
1398294755628,42024957795000,171538053000001,-6.501,-2.641,-32.055,0
1398294755638,42024967805000,171538053000001,-6.501,-2.641,-32.055,0
1398294755648,42024977815000,171538053000001,-6.501,-2.641,-32.055,0
1398294755660,42024987855000,171538053000001,-6.501,-2.641,-32.055,0
1398294755670,42024998384000,171538053000001,-6.501,-2.641,-32.055,0
1398294755685,42025014283000,171538053000001,-6.501,-2.641,-32.055,0
1398294755688,42025017976000,171538053000001,-6.501,-2.641,-32.055,0
1398294755698,42025027864000,171538053000001,-6.501,-2.641,-32.055,0
1398294755708,42025037873000,171538053000001,-6.501,-2.641,-32.055,0
1398294755718,42025047883000,171538053000001,-6.501,-2.641,-32.055,0
1398294755728,42025057893000,171538053000001,-6.501,-2.641,-32.055,0
1398294755738,42025067964000,171538053000001,-6.501,-2.641,-32.055,0
1398294755748,42025077912000,171538053000001,-6.501,-2.641,-32.055,0
1398294755758,42025087922000,171538053000001,-6.501,-2.641,-32.055,0
1398294755768,42025097901000,171538053000001,-6.501,-2.641,-32.055,0
1398294755778,42025107942000,171538053000001,-6.501,-2.641,-32.055,0
1398294755788,42025117951000,171538053000001,-6.501,-2.641,-32.055,0
1398294755798,42025127961000,171538053000001,-6.501,-2.641,-32.055,0
1398294755808,42025137971000,171538053000001,-6.501,-2.641,-32.055,0
1398294755818,42025147981000,171538053000001,-6.501,-2.641,-32.055,0
1398294755828,42025157991000,171538053000001,-6.501,-2.641,-32.055,0
1398294755838,42025168000000,171538053000001,-6.501,-2.641,-32.055,0
1398294755848,42025178010000,171538053000001,-6.501,-2.641,-32.055,0
1398294755860,42025189576000,171538053000001,-6.501,-2.323,-32.055,0
1398294755868,42025198060000,171538053000001,-6.501,-2.323,-32.055,0
1398294755878,42025208070000,171538053000001,-6.501,-2.323,-32.055,0
1398294755888,42025218049000,171538053000001,-6.501,-2.323,-32.055,0
1398294755898,42025228059000,171538053000001,-6.501,-2.323,-32.055,0
1398294755908,42025238069000,171538053000001,-6.501,-2.323,-32.055,0
1398294755918,42025248078000,171538053000001,-6.501,-1.986,-32.055,0
1398294755928,42025258088000,171538053000001,-6.501,-1.986,-32.055,0
1398294755938,42025268098000,171538053000001,-6.501,-1.986,-32.055,0
1398294755948,42025278108000,171538053000001,-6.501,-1.986,-32.055,0
1398294755958,42025288117000,171538053000001,-6.501,-1.986,-32.055,0
1398294755968,42025298127000,171538053000001,-6.501,-1.655,-32.055,0
1398294755978,42025308137000,171538053000001,-6.184,-1.655,-32.055,0
1398294755991,42025321107000,171538053000001,-6.184,-1.655,-32.055,0
1398294755998,42025328157000,171538053000001,-6.184,-1.655,-32.055,0
1398294756008,42025338166000,171538053000001,-6.184,-1.655,-32.055,0
1398294756018,42025348176000,171538053000001,-6.184,-1.313,-32.357,0
1398294756028,42025358186000,171538053000001,-6.184,-1.313,-32.357,0
1398294756040,42025369752000,171538053000001,-6.184,-1.313,-32.357,0
1398294756048,42025378236000,171538053000001,-6.184,-1.313,-32.357,0
1398294756058,42025388215000,171538053000001,-6.184,-1.313,-32.357,0
1398294756068,42025398225000,171538053000001,-6.184,-1.313,-32.357,0
1398294756078,42025408235000,171538053000001,-6.184,-1.011,-32.357,0
1398294756088,42025418244000,171538053000001,-6.184,-1.011,-32.357,0
1398294756098,42025428254000,171538053000001,-6.184,-1.011,-32.357,0
1398294756108,42025438264000,171538053000001,-6.184,-1.011,-32.357,0
1398294756118,42025448274000,171538053000001,-6.184,-1.011,-32.357,0
1398294756128,42025458283000,171538053000001,-6.517,-1.011,-32.357,0
1398294756138,42025468293000,171538053000001,-6.517,-1.011,-32.357,0
1398294756151,42025480500000,171538053000001,-6.517,-1.011,-32.357,0
1398294756164,42025494447000,171538053000001,-6.517,-1.011,-32.357,0
1398294756170,42025499787000,171538053000001,-6.848,-1.011,-32.357,0
1398294756183,42025509736000,171538053000001,-6.848,-0.648,-32.357,0
1398294756189,42025518373000,171538053000001,-6.848,-0.648,-32.357,0
1398294756199,42025528382000,171538053000001,-7.247,-0.648,-32.357,0
1398294756208,42025538362000,171538053000001,-7.247,-0.648,-32.357,0
1398294756220,42025549958000,171538053000001,-7.247,-0.648,-32.357,0
1398294756228,42025558442000,171538053000001,-7.553,-0.648,-32.357,0
1398294756238,42025568391000,171538053000001,-7.553,-0.343,-32.357,0
1398294756256,42025578401000,171538053000001,-7.553,-0.343,-32.009,0
1398294756261,42025588441000,171538053000001,-7.553,-0.343,-32.009,0
1398294756269,42025598481000,171538053000001,-7.553,-0.343,-32.009,0
1398294756280,42025608460000,171538053000001,-7.553,-0.343,-32.009,0
1398294756289,42025618470000,171538053000001,-7.89,-0.343,-32.009,0
1398294756300,42025629273000,171538053000001,-7.89,-0.343,-32.009,0
1398294756310,42025638490000,171538053000001,-7.89,-0.343,-32.009,0
1398294756320,42025648530000,171538053000001,-7.89,-0.343,-32.009,0
1398294756329,42025658509000,171538053000001,-7.89,-0.022,-32.009,0
1398294756339,42025668489000,171538053000001,-7.89,-0.022,-32.009,0
1398294756349,42025678529000,171538053000001,-7.89,-0.022,-32.009,0
1398294756358,42025688508000,171538053000001,-8.209,-0.022,-32.009,0
1398294756368,42025698487000,171538053000001,-8.209,-0.022,-32.009,0
1398294756378,42025708497000,171538053000001,-8.209,-0.022,-32.009,0
1398294756391,42025718507000,171538053000001,-8.209,-0.022,-32.009,0
1398294756400,42025730256000,171538053000001,-8.209,-0.022,-32.009,0
1398294756409,42025738557000,171538053000001,-8.209,-0.022,-32.009,0
1398294756418,42025748506000,171538053000001,-8.209,-0.022,-32.009,0
1398294756429,42025758515000,171538053000001,-8.209,-0.022,-32.009,0
1398294756438,42025768525000,171538053000001,-8.209,-0.022,-32.009,0
1398294756449,42025778565000,171538053000001,-8.209,-0.022,-32.009,0
1398294756458,42025788545000,171538053000001,-8.209,-0.022,-32.009,0
1398294756469,42025798585000,171538053000001,-8.209,-0.022,-32.009,0
1398294756479,42025808595000,171538053000001,-8.209,-0.022,-32.009,0
1398294756488,42025818605000,171538053000001,-8.209,-0.022,-32.009,0
1398294756498,42025828614000,171538053000001,-8.209,-0.022,-32.009,0
1398294756508,42025838624000,171538053000001,-8.209,-0.022,-32.009,0
1398294756518,42025848634000,171538053000001,-8.209,-0.022,-32.009,0
1398294756528,42025858613000,171538053000001,-8.209,-0.022,-32.009,0
1398294756538,42025868623000,171538053000001,-8.209,-0.022,-32.009,0
1398294756548,42025878633000,171538053000001,-8.209,-0.022,-32.009,0
1398294756558,42025888642000,171538053000001,-8.209,-0.022,-32.009,0
1398294756569,42025898683000,171538053000001,-8.209,-0.022,-32.009,0
1398294756580,42025910218000,171538053000001,-8.209,-0.022,-32.009,0
1398294756588,42025918733000,171538053000001,-8.209,-0.022,-32.009,0
1398294756604,42025933717000,171538053000001,-8.209,-0.022,-32.009,0
1398294756609,42025938722000,171538053000001,-8.209,-0.022,-32.009,0
1398294756619,42025948731000,171538053000001,-8.209,-0.022,-32.009,0
1398294756629,42025958741000,171538053000001,-8.209,-0.022,-32.009,0
1398294756639,42025968751000,171538053000001,-8.209,-0.022,-32.009,0
1398294756649,42025978761000,171538053000001,-8.209,-0.022,-32.009,0
1398294756659,42025988771000,171538053000001,-8.209,-0.022,-32.009,0
1398294756669,42025998963000,171538053000001,-8.209,-0.022,-32.009,0
1398294756679,42026008760000,171538053000001,-8.209,-0.022,-32.009,0
1398294756689,42026018769000,171538053000001,-8.209,-0.328,-32.009,0
1398294756699,42026028810000,171538053000001,-8.209,-0.328,-32.009,0
1398294756712,42026038850000,171538053000001,-8.209,-0.328,-32.009,0
1398294756719,42026048829000,171538053000001,-8.209,-0.328,-32.009,0
1398294756729,42026058808000,171538053000001,-8.209,-0.328,-32.009,0
1398294756740,42026068849000,171538053000001,-8.209,-0.328,-32.009,0
1398294756749,42026078889000,171538053000001,-7.896,-0.631,-32.009,0
1398294756761,42026090425000,171538053000001,-7.896,-0.631,-32.009,0
1398294756769,42026098939000,171538053000001,-7.896,-0.631,-32.009,0
1398294756779,42026108949000,171538053000001,-7.896,-0.631,-32.009,0
1398294756789,42026118959000,171538053000001,-7.896,-0.631,-32.009,0
1398294756799,42026128968000,171538053000001,-7.896,-0.631,-32.009,0
1398294756810,42026138948000,171538053000001,-7.896,-0.631,-32.009,0
1398294756819,42026148957000,171538053000001,-7.896,-0.631,-32.009,0
1398294756829,42026158967000,171538053000001,-7.896,-0.631,-32.009,0
1398294756839,42026168977000,171538053000001,-7.896,-0.631,-32.009,0
1398294756849,42026178987000,171538053000001,-7.896,-0.631,-32.009,0
1398294756868,42026188996000,171538053000001,-7.896,-0.631,-32.009,0
1398294756871,42026199067000,171538053000001,-7.896,-0.631,-32.009,0
1398294756888,42026209077000,171538053000001,-7.896,-0.631,-32.009,0
1398294756890,42026219056000,171538053000001,-7.896,-0.631,-32.009,0
1398294756899,42026229035000,171538053000001,-7.896,-0.631,-32.009,0
1398294756913,42026242707000,171538053000001,-7.896,-0.965,-32.009,0
1398294756919,42026249024000,171538053000001,-7.896,-0.965,-32.009,0
1398294756929,42026259034000,171538053000001,-7.896,-0.965,-32.009,0
1398294756941,42026270600000,171538053000001,-7.595,-0.965,-32.009,0
1398294756949,42026279084000,171538053000001,-7.595,-0.965,-32.009,0
1398294756959,42026289033000,171538053000001,-7.595,-0.965,-32.009,0
1398294756969,42026299073000,171538053000001,-7.595,-0.965,-32.009,0
1398294756980,42026309083000,171538053000001,-7.595,-1.3,-32.009,0
1398294756989,42026319062000,171538053000001,-7.595,-1.3,-32.009,0
1398294756999,42026329072000,171538053000001,-7.595,-1.3,-32.009,0
1398294757011,42026339082000,171538053000001,-7.595,-1.3,-32.009,0
1398294757019,42026349122000,171538053000001,-7.595,-1.3,-32.009,0
1398294757029,42026359101000,171538053000001,-7.595,-1.3,-32.009,0
1398294757040,42026369142000,171538053000001,-7.595,-1.605,-32.009,0
1398294757050,42026379151000,171538053000001,-7.595,-1.605,-32.009,0
1398294757064,42026389222000,171538053000001,-7.595,-1.605,-32.009,0
1398294757069,42026399201000,171538053000001,-7.595,-1.605,-32.009,0
1398294757079,42026409211000,171538053000001,-7.908,-1.605,-32.009,0
1398294757089,42026419221000,171538053000001,-7.908,-1.605,-32.009,0
1398294757099,42026429414000,171538053000001,-7.908,-1.605,-32.009,0
1398294757109,42026439241000,171538053000001,-7.908,-1.605,-32.009,0
1398294757121,42026450807000,171538053000001,-7.908,-1.605,-32.009,0
1398294757129,42026459291000,171538053000001,-7.908,-1.605,-32.009,0
1398294757139,42026469239000,171538053000001,-7.908,-1.605,-32.009,0
1398294757149,42026479280000,171538053000001,-7.908,-1.274,-32.009,0
1398294757159,42026489259000,171538053000001,-7.908,-1.274,-32.009,0
1398294757169,42026499269000,171538053000001,-7.908,-1.274,-32.009,0
1398294757179,42026509309000,171538053000001,-7.908,-1.274,-32.009,0
1398294757189,42026519319000,171538053000001,-7.908,-1.274,-32.009,0
1398294757199,42026529328000,171538053000001,-7.908,-1.274,-32.009,0
1398294757209,42026539338000,171538053000001,-7.908,-0.95,-32.009,0
1398294757220,42026549867000,171538053000001,-7.908,-0.95,-32.009,0
1398294757229,42026559327000,171538053000001,-7.908,-0.95,-32.009,0
1398294757239,42026569306000,171538053000001,-7.579,-0.95,-32.009,0
1398294757249,42026579316000,171538053000001,-7.579,-0.95,-32.009,0
1398294757259,42026589326000,171538053000001,-7.579,-0.95,-32.009,0
1398294757274,42026599366000,171538053000001,-7.579,-0.95,-32.009,0
1398294757281,42026609590000,171538053000001,-7.579,-0.95,-32.009,0
1398294757290,42026619355000,171538053000001,-7.579,-0.95,-32.009,0
1398294757301,42026630921000,171538053000001,-7.247,-0.95,-32.009,0
1398294757310,42026639405000,171538053000001,-7.247,-0.95,-32.009,0
1398294757321,42026649415000,171538053000001,-7.247,-0.95,-32.009,0
1398294757330,42026659486000,171538053000001,-7.247,-0.95,-32.009,0
1398294757340,42026669465000,171538053000001,-7.247,-0.95,-32.009,0
1398294757350,42026679475000,171538053000001,-7.247,-0.95,-32.009,0
1398294757359,42026689454000,171538053000001,-7.247,-0.95,-32.009,0
1398294757369,42026699494000,171538053000001,-7.247,-0.95,-32.009,0
1398294757379,42026709474000,171538053000001,-7.247,-0.95,-32.009,0
1398294757389,42026719514000,171538053000001,-7.247,-0.95,-32.009,0
1398294757399,42026729524000,171538053000001,-7.247,-0.95,-32.009,0
1398294757409,42026739533000,171538053000001,-7.247,-0.95,-32.009,0
1398294757419,42026749513000,171538053000001,-7.247,-0.95,-32.009,0
1398294757430,42026759553000,171538053000001,-7.247,-0.95,-32.009,0
1398294757439,42026769532000,171538053000001,-7.247,-0.95,-32.009,0
1398294757449,42026779542000,171538053000001,-7.247,-0.95,-32.009,0
1398294757460,42026789552000,171538053000001,-7.247,-0.95,-32.009,0
1398294757470,42026799592000,171538053000001,-7.247,-0.95,-32.009,0
1398294757481,42026811158000,171538053000001,-7.247,-0.95,-32.009,0
1398294757490,42026819642000,171538053000001,-7.247,-0.95,-32.009,0
1398294757500,42026829621000,171538053000001,-7.247,-0.95,-32.009,0
1398294757510,42026839631000,171538053000001,-7.247,-0.617,-32.009,0
1398294757525,42026849641000,171538053000001,-7.247,-0.617,-32.009,0
1398294757530,42026859651000,171538053000001,-6.941,-0.617,-32.009,0
1398294757540,42026869630000,171538053000001,-6.941,-0.617,-32.009,0
1398294757550,42026879670000,171538053000001,-6.941,-0.617,-32.009,0
1398294757561,42026889680000,171538053000001,-6.941,-0.617,-32.009,0
1398294757570,42026899629000,171538053000001,-6.941,-0.617,-32.009,0
1398294757580,42026909669000,171538053000001,-6.941,-0.617,-32.009,0
1398294757590,42026919648000,171538053000001,-6.941,-0.617,-32.009,0
1398294757600,42026929658000,171538053000001,-6.941,-0.617,-32.009,0
1398294757615,42026939698000,171538053000001,-6.941,-0.299,-32.009,0
1398294757620,42026949708000,171538053000001,-6.941,-0.299,-32.009,0
1398294757630,42026959687000,171538053000001,-6.941,-0.299,-32.009,0
1398294757640,42026969697000,171538053000001,-6.941,-0.299,-32.009,0
1398294757650,42026979707000,171538053000001,-6.941,-0.299,-32.009,0
1398294757661,42026991242000,171538053000001,-6.607,-0.299,-32.009,0
1398294757670,42026999757000,171538053000001,-6.607,-0.299,-32.009,0
1398294757680,42027009767000,171538053000001,-6.607,-0.299,-32.009,0
1398294757690,42027019746000,171538053000001,-6.607,-0.299,-32.009,0
1398294757706,42027029756000,171538053000001,-6.607,-0.299,-32.009,0
1398294757712,42027039765000,171538053000001,-6.607,-0.299,-32.009,0
1398294757720,42027049775000,171538053000001,-6.607,-0.299,-32.009,0
1398294757730,42027059785000,171538053000001,-6.607,-0.299,-32.009,0
1398294757740,42027069825000,171538053000001,-6.607,-0.299,-32.009,0
1398294757750,42027079804000,171538053000001,-6.607,-0.299,-32.009,0
1398294757763,42027089814000,171538053000001,-6.607,-0.299,-32.009,0
1398294757770,42027099885000,171538053000001,-6.607,-0.299,-32.009,0
1398294757780,42027109895000,171538053000001,-6.607,-0.299,-32.009,0
1398294757793,42027119905000,171538053000001,-6.607,-0.299,-32.009,0
1398294757800,42027129914000,171538053000001,-6.607,-0.299,-32.009,0
1398294757810,42027139894000,171538053000001,-6.607,-0.299,-32.009,0
1398294757820,42027149903000,171538053000001,-6.607,-0.299,-32.009,0
1398294757830,42027159883000,171538053000001,-6.607,-0.299,-32.009,0
1398294757843,42027171449000,171538053000001,-6.607,-0.299,-32.009,0
1398294757852,42027179963000,171538053000001,-6.607,-0.299,-32.009,0
1398294757862,42027189942000,171538053000001,-6.976,-0.299,-32.009,0
1398294757870,42027199922000,171538053000001,-6.976,-0.299,-32.009,0
1398294757884,42027209962000,171538053000001,-6.976,-0.299,-32.009,0
1398294757895,42027219941000,171538053000001,-6.976,-0.299,-32.009,0
1398294757920,42027229951000,171538053000001,-6.976,-0.299,-32.009,0
1398294757922,42027239961000,171538053000001,-6.976,-0.299,-32.009,0
1398294757926,42027250032000,171538053000001,-6.976,-0.299,-32.009,0
1398294757930,42027259980000,171538053000001,-6.976,-0.299,-32.009,0
1398294757942,42027270051000,171538053000001,-6.976,-0.299,-32.009,0
1398294757950,42027280183000,171538053000001,-6.976,-0.299,-32.009,0
1398294757960,42027290040000,171538053000001,-6.976,-0.299,-32.009,0
1398294757970,42027300050000,171538053000001,-6.976,-0.299,-32.009,0
1398294757980,42027310060000,171538053000001,-6.976,-0.299,-32.009,0
1398294757991,42027320069000,171538053000001,-6.976,-0.299,-32.009,0
1398294758000,42027330110000,171538053000001,-6.976,-0.299,-32.009,0
1398294758010,42027340119000,171538053000001,-6.976,-0.642,-32.009,0
1398294758022,42027351625000,171538053000001,-6.976,-0.642,-32.009,0
1398294758030,42027360139000,171538053000001,-6.976,-0.642,-32.009,0
1398294758040,42027370088000,171538053000001,-6.976,-0.642,-32.009,0
1398294758050,42027380128000,171538053000001,-6.976,-0.642,-32.009,0
1398294758060,42027390138000,171538053000001,-6.651,-0.991,-32.009,0
1398294758070,42027400117000,171538053000001,-6.651,-0.991,-32.009,0
1398294758080,42027410157000,171538053000001,-6.651,-0.991,-32.009,0
1398294758090,42027420137000,171538053000001,-6.651,-0.991,-32.009,0
1398294758100,42027430177000,171538053000001,-6.651,-0.991,-32.009,0
1398294758110,42027440156000,171538053000001,-6.651,-0.991,-32.009,0
1398294758120,42027450166000,171538053000001,-6.651,-0.991,-32.009,0
1398294758130,42027460176000,171538053000001,-6.651,-0.991,-32.009,0
1398294758141,42027471498000,171538053000001,-6.651,-0.991,-32.009,0
1398294758150,42027480195000,171538053000001,-6.651,-0.991,-32.009,0
1398294758160,42027490205000,171538053000001,-6.651,-0.991,-32.009,0
1398294758170,42027500215000,171538053000001,-6.651,-0.991,-32.009,0
1398294758180,42027510255000,171538053000001,-6.651,-0.991,-32.009,0
1398294758191,42027520234000,171538053000001,-6.651,-0.991,-32.009,0
1398294758202,42027531831000,171538053000001,-6.651,-0.991,-32.009,0
1398294758210,42027540315000,171538053000001,-6.651,-0.991,-32.009,0
1398294758220,42027550263000,171538053000001,-6.651,-0.991,-32.009,0
1398294758230,42027560273000,171538053000001,-6.651,-0.991,-32.009,0
1398294758240,42027570283000,171538053000001,-6.651,-0.991,-32.009,0
1398294758250,42027580293000,171538053000001,-6.651,-0.657,-32.009,0
1398294758260,42027590303000,171538053000001,-6.651,-0.657,-32.009,0
1398294758270,42027600312000,171538053000001,-6.651,-0.657,-32.009,0
1398294758280,42027610322000,171538053000001,-6.651,-0.657,-32.009,0
1398294758290,42027620332000,171538053000001,-6.651,-0.657,-32.009,0
1398294758300,42027630342000,171538053000001,-6.651,-0.657,-32.009,0
1398294758310,42027640351000,171538053000001,-6.651,-0.657,-32.009,0
1398294758320,42027650361000,171538053000001,-6.651,-0.657,-32.009,0
1398294758330,42027660371000,171538053000001,-6.651,-0.657,-32.009,0
1398294758340,42027670381000,171538053000001,-6.651,-0.657,-32.009,0
1398294758350,42027680390000,171538053000001,-6.651,-0.657,-32.009,0
1398294758360,42027690400000,171538053000001,-6.651,-0.657,-32.009,0
1398294758370,42027700410000,171538053000001,-6.651,-0.657,-32.009,0
1398294758383,42027712159000,171538053000001,-6.651,-0.657,-32.009,0
1398294758394,42027720735000,171538053000001,-6.651,-0.657,-32.009,0
1398294758400,42027730470000,171538053000001,-6.651,-0.975,-32.009,0
1398294758411,42027740449000,171538053000001,-6.651,-0.975,-32.009,0
1398294758420,42027750459000,171538053000001,-6.651,-0.975,-32.009,0
1398294758430,42027760469000,171538053000001,-6.651,-0.975,-32.009,0
1398294758440,42027770478000,171538053000001,-6.651,-0.975,-32.009,0
1398294758450,42027780488000,171538053000001,-6.651,-0.975,-32.009,0
1398294758460,42027790528000,171538053000001,-6.651,-0.975,-32.009,0
1398294758470,42027800538000,171538053000001,-6.651,-0.975,-32.009,0
1398294758497,42027810578000,171538053000001,-6.651,-0.975,-32.009,0
1398294758499,42027820802000,171538053000001,-6.958,-0.975,-32.009,0
1398294758501,42027830598000,171538053000001,-6.958,-0.975,-32.009,0
1398294758511,42027840577000,171538053000001,-6.958,-0.975,-32.009,0
1398294758520,42027850587000,171538053000001,-6.958,-0.975,-32.009,0
1398294758530,42027860597000,171538053000001,-6.958,-0.975,-32.009,0
1398294758540,42027870606000,171538053000001,-6.958,-0.975,-32.009,0
1398294758550,42027880616000,171538053000001,-6.958,-0.975,-32.009,0
1398294758562,42027892182000,171538053000001,-6.958,-0.975,-32.009,0
1398294758571,42027900666000,171538053000001,-6.958,-0.975,-32.009,0
1398294758581,42027910676000,171538053000001,-6.958,-0.975,-32.009,0
1398294758592,42027920686000,171538053000001,-6.958,-0.975,-32.009,0
1398294758601,42027930818000,171538053000001,-6.958,-0.975,-32.009,0
1398294758611,42027940675000,171538053000001,-6.958,-0.975,-32.009,0
1398294758621,42027950715000,171538053000001,-6.958,-0.975,-32.009,0
1398294758630,42027960694000,171538053000001,-6.958,-0.975,-32.009,0
1398294758641,42027970704000,171538053000001,-6.958,-0.975,-32.009,0
1398294758651,42027980714000,171538053000001,-6.958,-0.975,-32.009,0
1398294758661,42027990724000,171538053000001,-6.958,-0.975,-32.009,0
1398294758672,42028000733000,171538053000001,-6.958,-0.975,-32.009,0
1398294758681,42028010774000,171538053000001,-6.958,-0.975,-32.009,0
1398294758693,42028020753000,171538053000001,-6.958,-0.975,-32.009,0
1398294758701,42028030763000,171538053000001,-6.958,-0.662,-32.009,0
1398294758711,42028040772000,171538053000001,-6.958,-0.662,-32.009,0
1398294758721,42028050782000,171538053000001,-6.958,-0.662,-32.009,0
1398294758731,42028060792000,171538053000001,-6.958,-0.662,-32.009,0
1398294758742,42028072419000,171538053000001,-6.958,-0.662,-32.009,0
1398294758761,42028085664000,171538053000001,-6.958,-0.662,-32.009,0
1398294758763,42028090760000,171538053000001,-6.958,-0.662,-32.009,0
1398294758771,42028100831000,171538053000001,-6.958,-0.662,-32.009,0
1398294758781,42028110810000,171538053000001,-6.958,-0.662,-32.009,0
1398294758791,42028120820000,171538053000001,-6.958,-0.662,-32.009,0
1398294758801,42028130830000,171538053000001,-6.958,-0.662,-32.333,0
1398294758811,42028140809000,171538053000001,-6.958,-0.662,-32.333,0
1398294758821,42028150849000,171538053000001,-6.958,-0.662,-32.333,0
1398294758831,42028160859000,171538053000001,-6.958,-0.662,-32.333,0
1398294758841,42028170869000,171538053000001,-6.958,-0.662,-32.333,0
1398294758851,42028180848000,171538053000001,-6.958,-0.662,-32.333,0
1398294758861,42028190888000,171538053000001,-6.958,-0.662,-32.333,0
1398294758871,42028201081000,171538053000001,-6.634,-0.662,-32.333,0
1398294758881,42028210908000,171538053000001,-6.634,-0.662,-32.333,0
1398294758895,42028220918000,171538053000001,-6.634,-0.662,-32.333,0
1398294758901,42028230928000,171538053000001,-6.634,-0.662,-32.333,0
1398294758911,42028240937000,171538053000001,-6.634,-0.662,-32.333,0
1398294758923,42028252473000,171538053000001,-6.634,-0.662,-32.333,0
1398294758931,42028260987000,171538053000001,-6.314,-0.662,-32.333,0
1398294758941,42028270967000,171538053000001,-6.314,-0.662,-32.333,0
1398294758951,42028280946000,171538053000001,-6.314,-0.662,-32.333,0
1398294758961,42028290956000,171538053000001,-6.314,-0.662,-32.333,0
1398294758971,42028300965000,171538053000001,-6.314,-0.662,-32.333,0
1398294758981,42028311006000,171538053000001,-5.932,-0.662,-32.333,0
1398294758991,42028321015000,171538053000001,-5.932,-0.662,-32.333,0
1398294759001,42028330995000,171538053000001,-5.932,-0.662,-32.333,0
1398294759011,42028341065000,171538053000001,-5.932,-0.662,-32.333,0
1398294759021,42028351045000,171538053000001,-5.932,-0.662,-32.333,0
1398294759031,42028361054000,171538053000001,-5.612,-0.662,-32.333,0
1398294759041,42028371064000,171538053000001,-5.612,-0.662,-32.333,0
1398294759051,42028381074000,171538053000001,-5.612,-0.662,-32.333,0
1398294759061,42028391053000,171538053000001,-5.612,-0.662,-32.333,0
1398294759071,42028401094000,171538053000001,-5.612,-0.662,-32.333,0
1398294759081,42028411073000,171538053000001,-5.612,-0.662,-32.333,0
1398294759091,42028421113000,171538053000001,-5.308,-0.662,-32.333,0
1398294759103,42028432649000,171538053000001,-5.308,-0.662,-32.333,0
1398294759112,42028441163000,171538053000001,-5.308,-0.662,-32.333,0
1398294759122,42028451142000,171538053000001,-5.308,-0.662,-32.333,0
1398294759131,42028461122000,171538053000001,-5.308,-0.662,-32.333,0
1398294759141,42028471162000,171538053000001,-5.308,-0.994,-32.333,0
1398294759151,42028481202000,171538053000001,-5.308,-0.994,-32.333,0
1398294759164,42028491181000,171538053000001,-5.308,-0.994,-32.333,0
1398294759178,42028501191000,171538053000001,-5.308,-0.994,-32.333,0
1398294759181,42028511201000,171538053000001,-5.308,-0.994,-32.333,0
1398294759191,42028521211000,171538053000001,-5.308,-1.342,-32.333,0
1398294759201,42028531220000,171538053000001,-5.308,-1.342,-32.333,0
1398294759211,42028541230000,171538053000001,-5.308,-1.342,-32.333,0
1398294759221,42028551240000,171538053000001,-5.619,-1.342,-32.333,0
1398294759231,42028561402000,171538053000001,-5.619,-1.681,-32.333,0
1398294759241,42028571260000,171538053000001,-5.619,-1.681,-32.333,0
1398294759251,42028581269000,171538053000001,-5.619,-1.681,-32.333,0
1398294759261,42028591279000,171538053000001,-5.619,-1.681,-32.333,0
1398294759271,42028601289000,171538053000001,-5.619,-2.017,-32.005,0
1398294759283,42028612824000,171538053000001,-5.619,-2.017,-32.005,0
1398294759291,42028621339000,171538053000001,-5.619,-2.017,-32.005,0
1398294759301,42028631318000,171538053000001,-5.619,-2.017,-32.005,0
1398294759311,42028641328000,171538053000001,-5.619,-2.323,-32.005,0
1398294759321,42028651338000,171538053000001,-5.619,-2.323,-32.005,0
1398294759331,42028661347000,171538053000001,-5.619,-2.323,-32.005,0
1398294759342,42028671357000,171538053000001,-5.619,-2.323,-32.005,0
1398294759351,42028681367000,171538053000001,-5.619,-2.323,-32.005,0
1398294759361,42028691377000,171538053000001,-5.619,-2.323,-32.005,0
1398294759371,42028701356000,171538053000001,-5.619,-2.323,-32.005,0
1398294759381,42028711427000,171538053000001,-5.619,-2.323,-32.005,0
1398294759391,42028721437000,171538053000001,-5.619,-2.653,-32.005,0
1398294759401,42028731446000,171538053000001,-5.619,-2.653,-32.005,0
1398294759412,42028741456000,171538053000001,-5.619,-2.653,-32.005,0
1398294759431,42028751496000,171538053000001,-5.619,-2.653,-32.005,0
1398294759436,42028761476000,171538053000001,-5.619,-2.653,-32.005,0
1398294759442,42028771546000,171538053000001,-5.619,-2.653,-32.005,0
1398294759452,42028781678000,171538053000001,-5.619,-2.653,-32.005,0
1398294759463,42028793061000,171538053000001,-5.619,-2.653,-32.005,0
1398294759477,42028801637000,171538053000001,-5.619,-2.653,-32.005,0
1398294759481,42028811494000,171538053000001,-5.619,-2.653,-32.005,0
1398294759492,42028821534000,171538053000001,-5.619,-2.653,-32.005,0
1398294759503,42028831513000,171538053000001,-5.619,-2.653,-32.005,0
1398294759511,42028841554000,171538053000001,-5.619,-2.653,-32.005,0
1398294759521,42028851564000,171538053000001,-6.022,-2.653,-32.005,0
1398294759532,42028861787000,171538053000001,-6.022,-2.653,-32.005,0
1398294759542,42028871553000,171538053000001,-6.022,-2.653,-32.005,0
1398294759553,42028881562000,171538053000001,-6.022,-2.653,-32.005,0
1398294759562,42028891572000,171538053000001,-6.022,-2.653,-32.005,0
1398294759572,42028901551000,171538053000001,-6.022,-2.337,-32.005,0
1398294759581,42028911561000,171538053000001,-6.381,-2.337,-32.005,0
1398294759591,42028921571000,171538053000001,-6.381,-2.337,-32.005,0
1398294759602,42028931611000,171538053000001,-6.381,-2.337,-32.005,0
1398294759615,42028941621000,171538053000001,-6.381,-2.337,-32.005,0
1398294759622,42028951631000,171538053000001,-6.381,-2.337,-32.005,0
1398294759632,42028961671000,171538053000001,-6.381,-2.337,-32.005,0
1398294759643,42028973207000,171538053000001,-6.381,-2.337,-32.005,0
1398294759652,42028981690000,171538053000001,-6.381,-1.986,-32.005,0
1398294759662,42028991700000,171538053000001,-6.381,-1.986,-32.005,0
1398294759672,42029002381000,171538053000001,-6.381,-1.986,-32.005,0
1398294759682,42029011659000,171538053000001,-6.381,-1.986,-32.005,0
1398294759692,42029021699000,171538053000001,-6.381,-1.986,-32.005,0
1398294759703,42029031678000,171538053000001,-6.381,-1.986,-32.005,0
1398294759712,42029041963000,171538053000001,-6.381,-1.664,-32.005,0
1398294759722,42029051698000,171538053000001,-6.381,-1.664,-32.005,0
1398294759732,42029061708000,171538053000001,-6.381,-1.664,-32.005,0
1398294759742,42029071717000,171538053000001,-6.381,-1.664,-32.005,0
1398294759751,42029081758000,171538053000001,-6.381,-1.664,-32.005,0
1398294759763,42029091737000,171538053000001,-6.381,-1.3,-32.005,0
1398294759772,42029101777000,171538053000001,-6.381,-1.3,-32.005,0
1398294759782,42029111756000,171538053000001,-6.381,-1.3,-32.005,0
1398294759792,42029121797000,171538053000001,-6.381,-1.3,-32.005,0
1398294759802,42029131837000,171538053000001,-6.381,-1.3,-32.005,0
1398294759812,42029141816000,171538053000001,-6.381,-0.991,-32.005,0
1398294759823,42029153352000,171538053000001,-6.381,-0.991,-32.005,0
1398294759832,42029161866000,171538053000001,-6.381,-0.991,-32.005,0
1398294759842,42029171876000,171538053000001,-6.381,-0.991,-32.005,0
1398294759852,42029181855000,171538053000001,-6.381,-0.991,-32.005,0
1398294759862,42029191865000,171538053000001,-6.381,-0.991,-32.005,0
1398294759872,42029201844000,171538053000001,-6.381,-0.643,-32.005,0
1398294759882,42029211854000,171538053000001,-6.381,-0.643,-32.005,0
1398294759892,42029221864000,171538053000001,-6.381,-0.643,-32.005,0
1398294759902,42029231874000,171538053000001,-6.381,-0.643,-32.005,0
1398294759912,42029241883000,171538053000001,-6.381,-0.643,-32.005,0
1398294759922,42029251954000,171538053000001,-6.381,-0.326,-32.005,0
1398294759932,42029261933000,171538053000001,-6.381,-0.326,-32.005,0
1398294759944,42029271974000,171538053000001,-6.381,-0.326,-32.005,0
1398294759955,42029285310000,171538053000001,-6.381,-0.326,-32.005,0
1398294759964,42029294465000,171538053000001,-6.381,-0.326,-32.005,0
1398294759975,42029305482000,171538053000001,-6.381,-0.007,-32.005,0
1398294759987,42029317323000,171538053000001,-6.381,-0.007,-32.005,0
1398294759994,42029324220000,171538053000001,-6.381,-0.007,-32.005,0
1398294760005,42029334565000,171538053000001,-6.381,-0.007,-32.005,0
1398294760014,42029344300000,171538053000001,-6.381,0.297,-32.005,0
1398294760025,42029355470000,171538053000001,-6.381,0.297,-32.005,0
1398294760034,42029364472000,171538053000001,-6.381,0.297,-32.005,0
1398294760045,42029374818000,171538053000001,-6.381,0.297,-32.308,0
1398294760054,42029384492000,171538053000001,-6.381,0.297,-32.308,0
1398294760066,42029395570000,171538053000001,-6.381,0.297,-32.308,0
1398294760074,42029404512000,171538053000001,-6.381,0.297,-32.308,0
1398294760085,42029414460000,171538053000001,-6.381,0.607,-32.308,0
1398294760095,42029424684000,171538053000001,-6.381,0.607,-32.308,0
1398294760105,42029434754000,171538053000001,-6.381,0.607,-32.308,0
1398294760114,42029444276000,171538053000001,-6.381,0.607,-32.308,0
1398294760123,42029452455000,171538053000001,-6.381,0.607,-32.308,0
1398294760132,42029462159000,171538053000001,-6.381,0.607,-32.308,0
1398294760143,42029472169000,171538053000001,-6.381,0.607,-32.308,0
1398294760166,42029482209000,171538053000001,-6.381,0.607,-32.308,0
1398294760167,42029492189000,171538053000001,-6.381,0.607,-32.308,0
1398294760172,42029502229000,171538053000001,-6.381,0.607,-32.308,0
1398294760184,42029513764000,171538053000001,-6.381,0.607,-32.308,0
1398294760192,42029522279000,171538053000001,-6.381,0.607,-32.308,0
1398294760202,42029532228000,171538053000001,-6.381,0.607,-32.308,0
1398294760212,42029542237000,171538053000001,-6.381,0.607,-32.308,0
1398294760223,42029552980000,171538053000001,-6.381,0.607,-32.308,0
1398294760235,42029565339000,171538053000001,-6.381,0.607,-32.308,0
1398294760244,42029574464000,171538053000001,-6.381,0.607,-32.308,0
1398294760259,42029588685000,171538053000001,-6.381,0.607,-32.308,0
1398294760264,42029594270000,171538053000001,-6.381,0.607,-32.308,0
1398294760278,42029607484000,171538053000001,-6.381,0.607,-32.308,0
1398294760289,42029618440000,171538053000001,-6.381,0.607,-32.308,0
1398294760294,42029623139000,171538053000001,-6.381,0.607,-32.308,0
1398294760305,42029634553000,171538053000001,-6.381,0.607,-32.308,0
1398294760316,42029644258000,171538053000001,-6.381,0.607,-32.308,0
1398294760324,42029654481000,171538053000001,-6.381,0.607,-32.308,0
1398294760337,42029664002000,171538053000001,-6.381,0.607,-32.308,0
1398294760345,42029674806000,171538053000001,-6.381,0.607,-32.308,0
1398294760352,42029682344000,171538053000001,-6.381,0.607,-32.308,0
1398294760364,42029693910000,171538053000001,-6.381,0.607,-32.308,0
1398294760373,42029702882000,171538053000001,-6.381,0.607,-32.308,0
1398294760387,42029713319000,171538053000001,-6.73,0.607,-32.308,0
1398294760393,42029722596000,171538053000001,-6.73,0.607,-32.308,0
1398294760406,42029732423000,171538053000001,-6.73,0.607,-32.308,0
1398294760414,42029742433000,171538053000001,-6.73,0.607,-32.308,0
1398294760424,42029753907000,171538053000001,-6.73,0.607,-32.308,0
1398294760435,42029762452000,171538053000001,-6.73,0.607,-32.308,0
1398294760445,42029775270000,171538053000001,-6.73,0.607,-32.308,0
1398294760455,42029782472000,171538053000001,-6.73,0.607,-32.308,0
1398294760470,42029792481000,171538053000001,-6.73,0.607,-32.308,0
1398294760475,42029802491000,171538053000001,-6.73,0.607,-32.308,0
1398294760484,42029812470000,171538053000001,-6.73,0.607,-32.308,0
1398294760492,42029822480000,171538053000001,-6.73,0.607,-32.308,0
1398294760502,42029832490000,171538053000001,-6.73,0.607,-32.308,0
1398294760512,42029842500000,171538053000001,-6.73,0.607,-32.308,0
1398294760523,42029852540000,171538053000001,-6.73,0.607,-32.308,0
1398294760535,42029862550000,171538053000001,-6.73,0.302,-32.308,0
1398294760544,42029874116000,171538053000001,-6.73,0.302,-32.308,0
1398294760553,42029882630000,171538053000001,-6.73,0.302,-32.308,0
1398294760563,42029892579000,171538053000001,-6.73,0.302,-32.308,0
1398294760574,42029904389000,171538053000001,-6.73,0.302,-32.308,0
1398294760589,42029918885000,171538053000001,-6.73,0.302,-32.308,0
1398294760600,42029930238000,171538053000001,-6.73,0.302,-32.308,0
1398294760604,42029933076000,171538053000001,-6.73,0.302,-32.308,0
1398294760616,42029945710000,171538053000001,-6.73,0.302,-32.308,0
1398294760625,42029955262000,171538053000001,-6.73,0.302,-32.308,0
1398294760636,42029965241000,171538053000001,-6.73,0.302,-32.308,0
1398294760646,42029975465000,171538053000001,-6.73,0.302,-32.308,0
1398294760655,42029985231000,171538053000001,-6.73,0.302,-32.308,0
1398294760679,42029995210000,171538053000001,-6.73,0.302,-32.308,0
1398294760681,42030002717000,171538053000001,-6.73,0.302,-32.308,0
1398294760683,42030012696000,171538053000001,-6.73,0.302,-32.308,0
1398294760693,42030022737000,171538053000001,-6.73,0.302,-32.308,0
1398294760706,42030035279000,171538053000001,-6.73,0.302,-32.308,0
1398294760715,42030045259000,171538053000001,-6.73,0.302,-32.308,0
1398294760727,42030056825000,171538053000001,-6.73,0.302,-32.308,0
1398294760735,42030063691000,171538053000001,-6.73,0.302,-32.308,0
1398294760746,42030075501000,171538053000001,-6.73,0.302,-32.308,0
1398294760755,42030085267000,171538053000001,-6.73,0.302,-32.308,0
1398294760765,42030095216000,171538053000001,-6.73,0.302,-32.308,0
1398294760775,42030105256000,171538053000001,-6.73,0.302,-32.308,0
1398294760785,42030115266000,171538053000001,-6.73,0.302,-32.308,0
1398294760796,42030125550000,171538053000001,-6.73,0.302,-32.308,0
1398294760805,42030135255000,171538053000001,-6.73,0.302,-32.308,0
1398294760815,42030145234000,171538053000001,-6.73,0.302,-32.308,0
1398294760827,42030157197000,171538053000001,-7.055,0.302,-32.308,0
1398294760839,42030168519000,171538053000001,-7.055,0.302,-32.308,0
1398294760844,42030174165000,171538053000001,-7.055,0.302,-32.308,0
1398294760855,42030184999000,171538053000001,-7.055,0.302,-32.308,0
1398294760872,42030194154000,171538053000001,-7.055,0.302,-32.308,0
1398294760874,42030202882000,171538053000001,-7.055,0.302,-32.308,0
1398294760887,42030212953000,171538053000001,-7.055,0.302,-32.308,0
1398294760912,42030231263000,171538053000001,-7.055,0.302,-32.308,0
1398294760919,42030234468000,171538053000001,-7.055,0.302,-32.308,0
1398294760923,42030242982000,171538053000001,-7.055,0.302,-32.308,0
1398294760925,42030252961000,171538053000001,-7.055,0.302,-32.308,0
1398294760936,42030262971000,171538053000001,-7.055,0.302,-32.308,0
1398294760943,42030272950000,171538053000001,-7.055,0.302,-32.308,0
1398294760957,42030282991000,171538053000001,-7.055,0.302,-32.308,0
1398294760964,42030294068000,171538053000001,-7.055,0.302,-32.308,0
1398294760978,42030304200000,171538053000001,-7.055,0.302,-32.308,0
1398294760984,42030313325000,171538053000001,-7.055,0.302,-32.308,0
1398294760993,42030322969000,171538053000001,-7.055,0.302,-32.308,0
1398294761003,42030332948000,171538053000001,-7.055,0.302,-32.308,0
1398294761013,42030342958000,171538053000001,-7.055,-0.006,-32.308,0
1398294761023,42030352998000,171538053000001,-7.055,-0.006,-32.308,0
1398294761036,42030363008000,171538053000001,-7.055,-0.006,-32.308,0
1398294761043,42030373017000,171538053000001,-7.055,-0.006,-32.308,0
1398294761053,42030383027000,171538053000001,-7.055,-0.006,-32.308,0
1398294761063,42030393006000,171538053000001,-7.055,-0.006,-32.308,0
1398294761076,42030406129000,171538053000001,-7.055,-0.006,-32.308,0
1398294761087,42030416688000,171538053000001,-7.055,-0.32,-32.308,0
1398294761099,42030428742000,171538053000001,-7.055,-0.32,-32.308,0
1398294761105,42030435456000,171538053000001,-7.055,-0.32,-32.308,0
1398294761115,42030445191000,171538053000001,-7.055,-0.32,-32.308,0
1398294761126,42030456636000,171538053000001,-7.055,-0.32,-32.308,0
1398294761140,42030469697000,171538053000001,-7.055,-0.32,-32.308,0
1398294761145,42030474702000,171538053000001,-7.055,-0.32,-32.308,0
1398294761157,42030487214000,171538053000001,-7.055,-0.32,-32.308,0
1398294761169,42030498536000,171538053000001,-7.055,-0.32,-32.308,0
1398294761177,42030506806000,171538053000001,-7.055,-0.674,-32.308,0
1398294761187,42030516755000,171538053000001,-7.055,-0.674,-32.308,0
1398294761197,42030526704000,171538053000001,-7.055,-0.674,-32.308,0
1398294761213,42030542939000,171538053000001,-7.055,-0.674,-32.308,0
1398294761215,42030544740000,171538053000001,-7.055,-0.674,-32.308,0
1398294761227,42030556886000,171538053000001,-7.055,-0.674,-32.308,0
1398294761237,42030566773000,171538053000001,-7.055,-0.674,-32.308,0
1398294761247,42030576722000,171538053000001,-7.055,-0.674,-32.308,0
1398294761257,42030586793000,171538053000001,-7.055,-0.674,-32.308,0
1398294761270,42030599214000,171538053000001,-7.055,-0.674,-32.308,0
1398294761276,42030605561000,171538053000001,-7.055,-0.674,-32.308,0
1398294761285,42030615449000,171538053000001,-7.055,-0.674,-32.308,0
1398294761298,42030627534000,171538053000001,-7.055,-0.674,-32.308,0
1398294761307,42030637116000,171538053000001,-7.055,-0.674,-32.308,0
1398294761316,42030646028000,171538053000001,-7.055,-0.674,-32.308,0
1398294761326,42030655671000,171538053000001,-7.055,-0.674,-32.308,0
1398294761337,42030664216000,171538053000001,-7.055,-0.674,-32.308,0
1398294761346,42030674867000,171538053000001,-7.055,-0.674,-32.308,0
1398294761356,42030683351000,171538053000001,-7.055,-0.674,-32.308,0
1398294761372,42030695344000,171538053000001,-7.055,-1.002,-32.308,0
1398294761375,42030703370000,171538053000001,-7.055,-1.002,-32.308,0
1398294761393,42030713929000,171538053000001,-7.055,-1.002,-32.308,0
1398294761396,42030723390000,171538053000001,-7.055,-1.002,-32.308,0
1398294761404,42030733369000,171538053000001,-7.055,-1.002,-32.308,0
1398294761420,42030744142000,171538053000001,-7.055,-1.327,-32.308,0
1398294761423,42030753388000,171538053000001,-7.055,-1.327,-32.308,0
1398294761434,42030763429000,171538053000001,-7.055,-1.327,-32.308,0
1398294761450,42030778901000,171538053000001,-7.055,-1.327,-32.308,0
1398294761454,42030783723000,171538053000001,-7.055,-1.649,-32.308,0
1398294761464,42030794343000,171538053000001,-6.752,-1.649,-31.953,0
1398294761474,42030803468000,171538053000001,-6.752,-1.649,-31.953,0
1398294761487,42030813478000,171538053000001,-6.752,-1.649,-31.953,0
1398294761493,42030823457000,171538053000001,-6.752,-1.977,-31.953,0
1398294761509,42030833497000,171538053000001,-6.752,-1.977,-31.953,0
1398294761525,42030843507000,171538053000001,-6.752,-1.977,-31.953,0
1398294761526,42030853486000,171538053000001,-6.752,-1.977,-31.953,0
1398294761534,42030863526000,171538053000001,-6.752,-1.977,-31.953,0
1398294761543,42030873506000,171538053000001,-6.752,-2.301,-31.953,0
1398294761554,42030883515000,171538053000001,-6.752,-2.301,-31.953,0
1398294761565,42030893525000,171538053000001,-6.752,-2.301,-31.953,0
1398294761574,42030903565000,171538053000001,-6.752,-2.301,-31.953,0
1398294761584,42030913545000,171538053000001,-6.752,-2.301,-31.953,0
1398294761594,42030923554000,171538053000001,-6.752,-2.301,-31.953,0
1398294761606,42030936158000,171538053000001,-6.752,-2.301,-31.953,0
1398294761614,42030943574000,171538053000001,-6.352,-2.301,-31.953,0
1398294761627,42030956758000,171538053000001,-6.352,-2.65,-31.953,0
1398294761634,42030963655000,171538053000001,-6.352,-2.65,-31.953,0
1398294761647,42030974732000,171538053000001,-6.352,-2.65,-31.953,0
1398294761654,42030983613000,171538053000001,-6.352,-2.65,-31.953,0
1398294761665,42030994203000,171538053000001,-6.352,-3.06,-31.953,0
1398294761677,42031003724000,171538053000001,-6.022,-3.06,-31.953,0
1398294761684,42031013642000,171538053000001,-6.022,-3.06,-31.953,0
1398294761698,42031025575000,171538053000001,-6.022,-3.06,-31.953,0
1398294761722,42031036195000,171538053000001,-6.022,-3.404,-31.953,0
1398294761724,42031043824000,171538053000001,-5.645,-3.404,-31.953,0
1398294761725,42031053712000,171538053000001,-5.645,-3.404,-31.953,0
1398294761734,42031063752000,171538053000001,-5.645,-3.404,-31.953,0
1398294761744,42031073762000,171538053000001,-5.645,-3.404,-31.953,0
1398294761754,42031083741000,171538053000001,-5.645,-3.726,-31.953,0
1398294761764,42031093751000,171538053000001,-5.345,-3.726,-31.953,0
1398294761774,42031103761000,171538053000001,-5.345,-3.726,-31.953,0
1398294761784,42031113740000,171538053000001,-5.345,-3.726,-31.953,0
1398294761794,42031123963000,171538053000001,-5.345,-3.726,-31.953,0
1398294761806,42031135346000,171538053000001,-5.345,-3.726,-31.953,0
1398294761815,42031143830000,171538053000001,-5.345,-3.726,-31.953,0
1398294761834,42031159028000,171538053000001,-5.345,-3.726,-31.953,0
1398294761836,42031165467000,171538053000001,-5.345,-3.726,-31.953,0
1398294761844,42031173860000,171538053000001,-5.345,-3.726,-31.953,0
1398294761857,42031183839000,171538053000001,-5.696,-3.726,-31.953,0
1398294761869,42031193879000,171538053000001,-5.696,-3.726,-31.953,0
1398294761883,42031203858000,171538053000001,-5.696,-3.726,-31.953,0
1398294761885,42031213899000,171538053000001,-5.696,-3.726,-31.953,0
1398294761894,42031223847000,171538053000001,-5.696,-3.726,-31.953,0
1398294761909,42031233888000,171538053000001,-5.998,-3.726,-31.953,0
1398294761919,42031243897000,171538053000001,-5.998,-3.726,-31.953,0
1398294761925,42031253907000,171538053000001,-5.998,-3.726,-31.953,0
1398294761934,42031263917000,171538053000001,-5.998,-3.726,-31.953,0
1398294761944,42031273927000,171538053000001,-5.998,-3.726,-31.953,0
1398294761954,42031283906000,171538053000001,-5.998,-3.726,-31.953,0
1398294761964,42031293946000,171538053000001,-5.998,-3.726,-31.953,0
1398294761974,42031303987000,171538053000001,-5.998,-3.726,-31.953,0
1398294761985,42031315492000,171538053000001,-6.355,-3.726,-31.953,0
1398294761994,42031323976000,171538053000001,-6.355,-3.726,-31.953,0
1398294762004,42031333955000,171538053000001,-6.355,-3.726,-31.953,0
1398294762016,42031343965000,171538053000001,-6.355,-3.726,-31.953,0
1398294762024,42031354005000,171538053000001,-6.355,-3.726,-31.953,0
1398294762034,42031363984000,171538053000001,-6.355,-3.726,-31.953,0
1398294762044,42031373994000,171538053000001,-6.355,-3.726,-31.59,0
1398294762054,42031384004000,171538053000001,-6.355,-3.726,-31.59,0
1398294762064,42031394013000,171538053000001,-6.355,-3.726,-31.59,0
1398294762074,42031404023000,171538053000001,-6.355,-3.726,-31.59,0
1398294762084,42031414033000,171538053000001,-6.69,-3.726,-31.59,0
1398294762094,42031424073000,171538053000001,-6.69,-3.726,-31.59,0
1398294762104,42031434083000,171538053000001,-6.69,-3.726,-31.59,0
1398294762114,42031444093000,171538053000001,-6.69,-3.726,-31.59,0
1398294762129,42031458375000,171538053000001,-6.69,-4.087,-31.268,0
1398294762134,42031464082000,171538053000001,-6.69,-4.087,-31.268,0
1398294762144,42031474092000,171538053000001,-6.69,-4.087,-31.268,0
1398294762154,42031484101000,171538053000001,-6.69,-4.087,-31.268,0
1398294762166,42031495668000,171538053000001,-7.022,-4.403,-31.268,0
1398294762176,42031504609000,171538053000001,-7.022,-4.403,-31.268,0
1398294762185,42031514131000,171538053000001,-7.022,-4.403,-31.268,0
1398294762198,42031526429000,171538053000001,-7.022,-4.403,-30.964,0
1398294762205,42031534150000,171538053000001,-7.022,-4.772,-30.964,0
1398294762220,42031544190000,171538053000001,-7.022,-4.772,-30.964,0
1398294762225,42031554170000,171538053000001,-7.022,-4.772,-30.964,0
1398294762236,42031564179000,171538053000001,-7.022,-4.772,-30.964,0
1398294762244,42031574189000,171538053000001,-7.022,-4.772,-30.964,0
1398294762255,42031584199000,171538053000001,-7.022,-4.772,-30.964,0
1398294762266,42031594209000,171538053000001,-7.022,-4.772,-30.964,0
1398294762278,42031607240000,171538053000001,-7.022,-4.772,-30.964,0
1398294762288,42031614228000,171538053000001,-7.022,-4.772,-30.964,0
1398294762300,42031625886000,171538053000001,-7.022,-4.772,-30.964,0
1398294762313,42031634248000,171538053000001,-7.322,-4.772,-30.964,0
1398294762315,42031644288000,171538053000001,-7.322,-4.772,-30.964,0
1398294762324,42031654267000,171538053000001,-7.322,-4.772,-30.964,0
1398294762334,42031664277000,171538053000001,-7.322,-4.772,-30.964,0
1398294762346,42031675843000,171538053000001,-7.322,-4.772,-30.964,0
1398294762354,42031684327000,171538053000001,-7.322,-4.772,-30.964,0
1398294762364,42031694306000,171538053000001,-7.322,-4.772,-30.964,0
1398294762375,42031704316000,171538053000001,-7.322,-4.772,-30.964,0
1398294762385,42031714326000,171538053000001,-7.322,-4.772,-30.964,0
1398294762395,42031724336000,171538053000001,-7.322,-4.772,-30.964,0
1398294762408,42031738008000,171538053000001,-7.322,-4.429,-30.964,0
1398294762427,42031749024000,171538053000001,-7.322,-4.429,-30.964,0
1398294762445,42031754396000,171538053000001,-7.322,-4.429,-30.964,0
1398294762450,42031764405000,171538053000001,-7.322,-4.429,-30.964,0
1398294762453,42031774415000,171538053000001,-7.322,-4.429,-30.964,0
1398294762456,42031784425000,171538053000001,-7.322,-4.103,-30.964,0
1398294762467,42031794435000,171538053000001,-7.322,-4.103,-30.964,0
1398294762475,42031804444000,171538053000001,-7.322,-4.103,-30.964,0
1398294762485,42031814454000,171538053000001,-7.322,-4.103,-30.964,0
1398294762498,42031824464000,171538053000001,-7.322,-4.103,-30.964,0
1398294762505,42031834474000,171538053000001,-7.322,-4.103,-30.964,0
1398294762518,42031844483000,171538053000001,-7.322,-4.103,-30.964,0
1398294762528,42031856050000,171538053000001,-7.322,-4.103,-30.964,0
1398294762535,42031864503000,171538053000001,-7.322,-4.103,-30.964,0
1398294762546,42031874513000,171538053000001,-7.322,-3.782,-31.294,0
1398294762554,42031884492000,171538053000001,-7.322,-3.782,-31.294,0
1398294762565,42031894532000,171538053000001,-7.322,-3.782,-31.294,0
1398294762575,42031904512000,171538053000001,-7.322,-3.782,-31.294,0
1398294762585,42031914521000,171538053000001,-7.322,-3.782,-31.294,0
1398294762594,42031924531000,171538053000001,-7.322,-3.479,-31.294,0
1398294762604,42031934541000,171538053000001,-7.322,-3.479,-31.294,0
1398294762614,42031944551000,171538053000001,-7.322,-3.479,-31.294,0
1398294762625,42031954560000,171538053000001,-7.322,-3.479,-31.294,0
1398294762634,42031964570000,171538053000001,-7.322,-3.479,-31.294,0
1398294762645,42031974763000,171538053000001,-7.322,-3.135,-31.294,0
1398294762654,42031984590000,171538053000001,-6.996,-3.135,-31.294,0
1398294762664,42031994599000,171538053000001,-6.996,-3.135,-31.294,0
1398294762675,42032004640000,171538053000001,-6.996,-3.135,-31.294,0
1398294762685,42032014649000,171538053000001,-6.996,-3.135,-31.294,0
1398294762695,42032024629000,171538053000001,-6.996,-2.809,-31.294,0
1398294762707,42032036256000,171538053000001,-6.996,-2.809,-31.294,0
1398294762717,42032044648000,171538053000001,-6.996,-2.809,-31.294,0
1398294762725,42032054689000,171538053000001,-6.69,-2.809,-31.294,0
1398294762735,42032064698000,171538053000001,-6.69,-2.809,-31.294,0
1398294762745,42032074647000,171538053000001,-6.69,-2.496,-31.294,0
1398294762755,42032084687000,171538053000001,-6.69,-2.496,-31.619,0
1398294762765,42032094697000,171538053000001,-6.69,-2.496,-31.619,0
1398294762775,42032104676000,171538053000001,-6.69,-2.496,-31.619,0
1398294762786,42032114717000,171538053000001,-6.69,-2.496,-31.619,0
1398294762799,42032124696000,171538053000001,-6.69,-2.496,-31.619,0
1398294762805,42032134736000,171538053000001,-6.69,-2.185,-31.619,0
1398294762815,42032144715000,171538053000001,-6.69,-2.185,-31.619,0
1398294762825,42032154725000,171538053000001,-6.69,-2.185,-31.619,0
1398294762835,42032164735000,171538053000001,-6.69,-2.185,-31.619,0
1398294762845,42032174745000,171538053000001,-6.69,-2.185,-31.619,0
1398294762855,42032184754000,171538053000001,-6.69,-2.185,-31.619,0
1398294762865,42032194795000,171538053000001,-6.69,-2.185,-31.619,0
1398294762875,42032204774000,171538053000001,-6.69,-2.185,-31.619,0
1398294762886,42032216340000,171538053000001,-7.026,-2.185,-31.619,0
1398294762895,42032224855000,171538053000001,-7.026,-2.185,-31.619,0
1398294762905,42032234803000,171538053000001,-7.026,-2.185,-31.619,0
1398294762915,42032244813000,171538053000001,-7.449,-2.185,-31.619,0
1398294762925,42032254853000,171538053000001,-7.449,-2.185,-31.619,0
1398294762935,42032264863000,171538053000001,-7.449,-2.185,-31.619,0
1398294762945,42032274842000,171538053000001,-7.778,-2.185,-31.619,0
1398294762955,42032284852000,171538053000001,-7.778,-2.185,-31.619,0
1398294762966,42032294862000,171538053000001,-7.778,-2.185,-31.619,0
1398294762975,42032304872000,171538053000001,-7.778,-2.185,-31.312,0
1398294762985,42032314881000,171538053000001,-7.778,-2.185,-31.312,0
1398294762996,42032324891000,171538053000001,-7.778,-2.185,-31.312,0
1398294763005,42032334901000,171538053000001,-7.778,-2.185,-31.312,0
1398294763015,42032344911000,171538053000001,-7.778,-2.185,-31.312,0
1398294763025,42032354981000,171538053000001,-8.093,-2.185,-31.312,0
1398294763035,42032364930000,171538053000001,-8.093,-2.185,-31.312,0
1398294763045,42032374940000,171538053000001,-8.093,-2.185,-31.312,0
1398294763057,42032386811000,171538053000001,-8.093,-2.185,-31.312,0
1398294763066,42032396516000,171538053000001,-8.093,-2.185,-31.312,0
1398294763075,42032405000000,171538053000001,-8.093,-2.185,-31.312,0
1398294763085,42032414979000,171538053000001,-8.093,-2.185,-31.312,0
1398294763096,42032424989000,171538053000001,-8.093,-2.185,-31.312,0
1398294763105,42032434999000,171538053000001,-7.736,-2.185,-31.312,0
1398294763116,42032445008000,171538053000001,-7.736,-2.185,-31.312,0
1398294763125,42032455018000,171538053000001,-7.736,-2.185,-31.312,0
1398294763135,42032465028000,171538053000001,-7.348,-2.185,-31.312,0
1398294763145,42032475038000,171538053000001,-7.348,-2.185,-31.629,0
1398294763155,42032485047000,171538053000001,-7.348,-2.185,-31.629,0
1398294763165,42032495057000,171538053000001,-7.025,-2.185,-31.629,0
1398294763176,42032505067000,171538053000001,-7.025,-2.185,-31.629,0
1398294763185,42032515077000,171538053000001,-7.025,-2.185,-31.629,0
1398294763200,42032525117000,171538053000001,-7.025,-2.185,-31.629,0
1398294763205,42032535096000,171538053000001,-7.025,-2.185,-31.629,0
1398294763215,42032545106000,171538053000001,-7.025,-2.185,-31.629,0
1398294763226,42032555116000,171538053000001,-6.718,-2.185,-31.629,0
1398294763235,42032565126000,171538053000001,-6.718,-2.185,-31.629,0
1398294763247,42032576692000,171538053000001,-6.718,-2.185,-31.629,0
1398294763255,42032585176000,171538053000001,-6.718,-2.185,-31.629,0
1398294763265,42032595124000,171538053000001,-6.718,-2.185,-31.629,0
1398294763275,42032605165000,171538053000001,-6.393,-2.185,-31.629,0
1398294763285,42032615174000,171538053000001,-6.393,-2.185,-31.629,0
1398294763295,42032625184000,171538053000001,-6.393,-2.185,-31.629,0
1398294763305,42032635194000,171538053000001,-6.393,-2.185,-31.629,0
1398294763315,42032645204000,171538053000001,-6.393,-2.185,-31.629,0
1398294763325,42032655213000,171538053000001,-6.393,-2.185,-31.629,0
1398294763335,42032665223000,171538053000001,-6.393,-2.185,-31.629,0
1398294763345,42032675233000,171538053000001,-6.393,-2.185,-31.629,0
1398294763359,42032688813000,171538053000001,-6.393,-2.185,-31.629,0
1398294763365,42032695252000,171538053000001,-6.393,-2.185,-31.629,0
1398294763375,42032705262000,171538053000001,-6.393,-2.185,-31.629,0
1398294763385,42032715272000,171538053000001,-6.393,-2.185,-31.629,0
1398294763397,42032725282000,171538053000001,-6.393,-2.185,-31.629,0
1398294763405,42032735292000,171538053000001,-6.393,-2.185,-31.629,0
1398294763415,42032745332000,171538053000001,-6.393,-2.496,-31.629,0
1398294763427,42032756837000,171538053000001,-6.393,-2.496,-31.629,0
1398294763435,42032765351000,171538053000001,-6.393,-2.496,-31.629,0
1398294763445,42032775331000,171538053000001,-6.393,-2.496,-31.629,0
1398294763455,42032785340000,171538053000001,-6.393,-2.496,-31.629,0
1398294763466,42032795350000,171538053000001,-6.393,-2.496,-31.629,0
1398294763489,42032805360000,171538053000001,-6.393,-2.496,-31.629,0
1398294763501,42032815370000,171538053000001,-6.706,-2.496,-31.629,0
1398294763503,42032825379000,171538053000001,-6.706,-2.496,-31.629,0
1398294763505,42032835389000,171538053000001,-6.706,-2.496,-31.629,0
1398294763516,42032845399000,171538053000001,-6.706,-2.496,-31.629,0
1398294763528,42032855409000,171538053000001,-6.706,-2.183,-31.629,0
1398294763535,42032865418000,171538053000001,-6.706,-2.183,-31.629,0
1398294763545,42032875428000,171538053000001,-7.026,-2.183,-31.629,0
1398294763555,42032885408000,171538053000001,-7.026,-2.183,-31.629,0
1398294763565,42032895417000,171538053000001,-7.026,-2.183,-31.629,0
1398294763576,42032905458000,171538053000001,-7.026,-2.183,-31.629,0
1398294763589,42032915498000,171538053000001,-7.026,-2.183,-31.629,0
1398294763596,42032925508000,171538053000001,-7.026,-1.866,-31.629,0
1398294763608,42032937043000,171538053000001,-7.026,-1.866,-31.629,0
1398294763615,42032945558000,171538053000001,-7.026,-1.866,-31.629,0
1398294763625,42032955506000,171538053000001,-7.026,-1.866,-31.629,0
1398294763636,42032965516000,171538053000001,-7.026,-1.866,-31.629,0
1398294763646,42032975526000,171538053000001,-7.342,-1.866,-31.629,0
1398294763655,42032985536000,171538053000001,-7.342,-1.866,-31.629,0
1398294763670,42032999391000,171538053000001,-7.342,-1.866,-31.629,0
1398294763677,42033005555000,171538053000001,-7.342,-1.866,-31.629,0
1398294763686,42033015595000,171538053000001,-7.342,-1.866,-31.629,0
1398294763696,42033025575000,171538053000001,-7.342,-1.866,-31.629,0
1398294763706,42033035585000,171538053000001,-7.342,-1.866,-31.629,0
1398294763716,42033045594000,171538053000001,-7.342,-1.866,-31.629,0
1398294763726,42033055604000,171538053000001,-7.342,-1.866,-31.629,0
1398294763736,42033065614000,171538053000001,-7.342,-1.866,-31.629,0
1398294763746,42033075624000,171538053000001,-7.342,-1.866,-31.629,0
1398294763756,42033085633000,171538053000001,-7.342,-1.866,-31.629,0
1398294763766,42033095643000,171538053000001,-7.342,-1.866,-31.629,0
1398294763776,42033105653000,171538053000001,-7.342,-1.866,-31.629,0
1398294763787,42033117219000,171538053000001,-7.342,-1.866,-31.629,0
1398294763796,42033125733000,171538053000001,-7.342,-1.866,-31.629,0
1398294763806,42033135682000,171538053000001,-7.342,-1.866,-31.629,0
1398294763816,42033145692000,171538053000001,-7.342,-1.866,-31.629,0
1398294763826,42033155702000,171538053000001,-7.342,-1.866,-31.629,0
1398294763837,42033165742000,171538053000001,-7.342,-1.866,-31.629,0
1398294763847,42033175782000,171538053000001,-7.342,-1.866,-31.629,0
1398294763856,42033185700000,171538053000001,-7.342,-1.866,-31.629,0
1398294763866,42033195710000,171538053000001,-7.342,-1.866,-31.629,0
1398294763880,42033205751000,171538053000001,-7.342,-1.866,-31.629,0
1398294763886,42033215760000,171538053000001,-7.342,-1.866,-31.629,0
1398294763896,42033225801000,171538053000001,-7.342,-1.866,-31.629,0
1398294763906,42033235780000,171538053000001,-7.342,-1.866,-31.629,0
1398294763916,42033245790000,171538053000001,-7.342,-1.866,-31.629,0
1398294763926,42033255952000,171538053000001,-7.342,-2.189,-31.629,0
1398294763936,42033265779000,171538053000001,-7.342,-2.189,-31.629,0
1398294763946,42033275788000,171538053000001,-7.342,-2.189,-31.311,0
1398294763956,42033285798000,171538053000001,-7.342,-2.189,-31.311,0
1398294763967,42033297364000,171538053000001,-7.342,-2.189,-31.311,0
1398294763978,42033308412000,171538053000001,-7.342,-2.189,-31.311,0
1398294763986,42033315858000,171538053000001,-7.342,-2.508,-31.311,0
1398294763996,42033325868000,171538053000001,-7.342,-2.508,-31.311,0
1398294764006,42033335847000,171538053000001,-7.342,-2.508,-31.311,0
1398294764016,42033345857000,171538053000001,-7.342,-2.508,-31.311,0
1398294764026,42033355866000,171538053000001,-7.342,-2.508,-31.311,0
1398294764036,42033365907000,171538053000001,-7.342,-2.508,-31.311,0
1398294764046,42033375917000,171538053000001,-7.342,-2.508,-31.311,0
1398294764056,42033385896000,171538053000001,-7.342,-2.508,-31.311,0
1398294764066,42033395936000,171538053000001,-7.342,-2.818,-31.311,0
1398294764076,42033405946000,171538053000001,-7.342,-2.818,-31.311,0
1398294764086,42033415956000,171538053000001,-7.342,-2.818,-31.311,0
1398294764096,42033425965000,171538053000001,-7.342,-2.818,-31.311,0
1398294764106,42033435975000,171538053000001,-7.342,-2.818,-31.311,0
1398294764116,42033445954000,171538053000001,-7.342,-2.818,-31.311,0
1398294764126,42033455995000,171538053000001,-7.342,-2.818,-31.311,0
1398294764136,42033466004000,171538053000001,-7.342,-2.818,-31.311,0
1398294764148,42033477540000,171538053000001,-7.342,-2.818,-31.311,0
1398294764156,42033486054000,171538053000001,-7.342,-2.818,-31.311,0
1398294764166,42033496034000,171538053000001,-7.342,-2.818,-31.311,0
1398294764176,42033506043000,171538053000001,-7.646,-2.505,-31.311,0
1398294764189,42033518495000,171538053000001,-7.646,-2.505,-31.311,0
1398294764201,42033530915000,171538053000001,-7.646,-2.505,-31.311,0
1398294764209,42033538636000,171538053000001,-7.646,-2.505,-31.311,0
1398294764222,42033552369000,171538053000001,-7.646,-2.505,-31.311,0
1398294764228,42033558412000,171538053000001,-7.646,-2.505,-31.311,0
1398294764244,42033570924000,171538053000001,-7.646,-2.505,-31.311,0
1398294764246,42033576081000,171538053000001,-7.646,-2.191,-31.311,0
1398294764257,42033586824000,171538053000001,-7.646,-2.191,-31.311,0
1398294764268,42033597627000,171538053000001,-7.646,-2.191,-31.311,0
1398294764282,42033611604000,171538053000001,-7.646,-2.191,-31.311,0
1398294764287,42033616700000,171538053000001,-7.646,-2.191,-31.311,0
1398294764297,42033627320000,171538053000001,-7.646,-2.191,-31.311,0
1398294764314,42033636781000,171538053000001,-7.646,-2.191,-31.311,0
1398294764317,42033646211000,171538053000001,-7.646,-2.191,-31.311,0
1398294764331,42033658204000,171538053000001,-7.646,-2.191,-31.311,0
1398294764336,42033666261000,171538053000001,-7.646,-2.191,-31.311,0
1398294764348,42033676240000,171538053000001,-7.646,-2.191,-31.311,0
1398294764365,42033686433000,171538053000001,-7.646,-2.191,-31.311,0
1398294764367,42033696260000,171538053000001,-7.646,-2.191,-31.311,0
1398294764377,42033706239000,171538053000001,-7.646,-2.191,-31.311,0
1398294764386,42033716249000,171538053000001,-7.963,-2.191,-31.311,0
1398294764396,42033726258000,171538053000001,-7.963,-2.191,-31.311,0
1398294764407,42033736268000,171538053000001,-7.963,-2.191,-31.311,0
1398294764416,42033746247000,171538053000001,-7.963,-2.191,-31.311,0
1398294764426,42033756288000,171538053000001,-7.963,-2.191,-31.311,0
1398294764436,42033766297000,171538053000001,-7.963,-2.191,-31.311,0
1398294764446,42033776277000,171538053000001,-7.963,-2.191,-31.311,0
1398294764456,42033786286000,171538053000001,-7.963,-2.191,-31.311,0
1398294764466,42033796296000,171538053000001,-7.963,-2.191,-31.311,0
1398294764483,42033812715000,171538053000001,-8.279,-2.191,-31.311,0
1398294764496,42033816804000,171538053000001,-8.279,-2.191,-31.311,0
1398294764497,42033826417000,171538053000001,-8.279,-2.191,-30.998,0
1398294764508,42033837983000,171538053000001,-8.279,-2.191,-30.998,0
1398294764522,42033852143000,171538053000001,-8.279,-2.191,-30.998,0
1398294764529,42033858827000,171538053000001,-8.279,-2.191,-30.998,0
1398294764544,42033868714000,171538053000001,-8.279,-2.497,-30.998,0
1398294764546,42033876374000,171538053000001,-8.279,-2.497,-30.998,0
1398294764557,42033886872000,171538053000001,-8.279,-2.497,-30.998,0
1398294764568,42033897828000,171538053000001,-8.279,-2.497,-30.998,0
1398294764577,42033906434000,171538053000001,-8.279,-2.497,-30.998,0
1398294764592,42033918794000,171538053000001,-8.279,-2.497,-30.998,0
1398294764600,42033926515000,171538053000001,-8.279,-2.497,-30.998,0
1398294764611,42033936921000,171538053000001,-8.279,-2.497,-30.998,0
1398294764617,42033947480000,171538053000001,-8.279,-2.497,-30.998,0
1398294764628,42033956849000,171538053000001,-8.279,-2.497,-30.998,0
1398294764640,42033968476000,171538053000001,-8.279,-2.497,-30.998,0
1398294764650,42033976502000,171538053000001,-8.279,-2.497,-30.998,0
1398294764660,42033986970000,171538053000001,-8.602,-2.497,-30.998,0
1398294764670,42033996522000,171538053000001,-8.602,-2.497,-30.998,0
1398294764677,42034006532000,171538053000001,-8.602,-2.497,-30.998,0
1398294764691,42034018067000,171538053000001,-8.602,-2.497,-30.998,0
1398294764697,42034026582000,171538053000001,-8.602,-2.497,-30.998,0
1398294764707,42034036561000,171538053000001,-8.602,-2.497,-30.998,0
1398294764716,42034046571000,171538053000001,-8.602,-2.497,-30.998,0
1398294764727,42034056581000,171538053000001,-8.602,-2.497,-30.998,0
1398294764737,42034066560000,171538053000001,-8.602,-2.497,-30.998,0
1398294764747,42034076570000,171538053000001,-8.602,-2.497,-30.998,0
1398294764757,42034086610000,171538053000001,-8.602,-2.497,-30.998,0
1398294764768,42034097596000,171538053000001,-8.602,-2.497,-30.998,0
1398294764777,42034106629000,171538053000001,-8.288,-2.497,-30.998,0
1398294764792,42034118562000,171538053000001,-8.288,-2.497,-30.998,0
1398294764797,42034126649000,171538053000001,-8.288,-2.497,-30.998,0
1398294764808,42034137116000,171538053000001,-8.288,-2.497,-30.998,0
1398294764820,42034149232000,171538053000001,-8.288,-2.497,-30.998,0
1398294764829,42034158784000,171538053000001,-8.288,-2.497,-30.998,0
1398294764839,42034168641000,171538053000001,-8.288,-2.497,-30.998,0
1398294764850,42034176728000,171538053000001,-8.288,-2.497,-30.998,0
1398294764860,42034186891000,171538053000001,-8.288,-2.497,-30.998,0
1398294764870,42034198274000,171538053000001,-8.288,-2.497,-30.998,0
1398294764877,42034206758000,171538053000001,-8.288,-2.497,-30.998,0
1398294764888,42034216706000,171538053000001,-8.288,-2.497,-30.998,0
1398294764903,42034227021000,171538053000001,-8.288,-2.497,-30.998,0
1398294764907,42034236756000,171538053000001,-8.288,-2.497,-30.998,0
1398294764917,42034246888000,171538053000001,-8.288,-2.145,-30.998,0
1398294764927,42034256776000,171538053000001,-8.288,-2.145,-30.998,0
1398294764938,42034266755000,171538053000001,-8.288,-2.145,-30.998,0
1398294764947,42034276795000,171538053000001,-8.288,-2.145,-30.998,0
1398294764957,42034286805000,171538053000001,-8.288,-2.145,-30.998,0
1398294764972,42034301606000,171538053000001,-8.288,-2.145,-30.998,0
1398294764979,42034308839000,171538053000001,-8.288,-2.145,-30.998,0
1398294764993,42034322999000,171538053000001,-8.288,-2.145,-30.998,0
1398294764998,42034327973000,171538053000001,-8.288,-2.145,-30.998,0
1398294765013,42034342897000,171538053000001,-8.288,-2.145,-30.998,0
1398294765019,42034348970000,171538053000001,-8.288,-2.145,-30.998,0
1398294765033,42034363313000,171538053000001,-8.288,-2.145,-30.998,0
1398294765038,42034368470000,171538053000001,-8.288,-2.145,-31.329,0
1398294765053,42034382936000,171538053000001,-7.966,-2.145,-31.329,0
1398294765058,42034388063000,171538053000001,-7.966,-2.145,-31.329,0
1398294765073,42034403199000,171538053000001,-7.966,-2.145,-31.329,0
1398294765079,42034408937000,171538053000001,-7.966,-2.145,-31.329,0
1398294765096,42034422120000,171538053000001,-7.966,-2.145,-31.329,0
1398294765098,42034426911000,171538053000001,-7.65,-2.145,-31.329,0
1398294765115,42034436982000,171538053000001,-7.65,-2.145,-31.329,0
1398294765118,42034446992000,171538053000001,-7.65,-2.145,-31.329,0
1398294765160,42034457490000,171538053000001,-7.65,-2.145,-31.329,0
1398294765182,42034468995000,171538053000001,-7.65,-2.145,-31.329,0
1398294765184,42034476991000,171538053000001,-7.65,-2.145,-31.329,0
1398294765186,42034487214000,171538053000001,-7.65,-2.145,-31.329,0
1398294765191,42034496980000,171538053000001,-7.65,-2.145,-31.329,0
1398294765192,42034507020000,171538053000001,-7.65,-2.145,-31.329,0
1398294765195,42034516999000,171538053000001,-7.65,-2.145,-31.329,0
1398294765198,42034527009000,171538053000001,-7.65,-2.145,-31.329,0
1398294765208,42034538240000,171538053000001,-7.65,-2.145,-31.329,0
1398294765217,42034547059000,171538053000001,-7.65,-2.145,-31.329,0
1398294765229,42034558595000,171538053000001,-7.65,-1.811,-31.329,0
1398294765237,42034567079000,171538053000001,-7.65,-1.811,-31.329,0
1398294765247,42034577058000,171538053000001,-7.65,-1.811,-31.329,0
1398294765260,42034589845000,171538053000001,-7.65,-1.811,-31.329,0
1398294765272,42034601808000,171538053000001,-7.65,-1.811,-31.329,0
1398294765279,42034609193000,171538053000001,-7.65,-1.811,-31.329,0
1398294765292,42034618501000,171538053000001,-7.65,-1.811,-31.329,0
1398294765300,42034629365000,171538053000001,-7.65,-1.811,-31.329,0
1398294765308,42034637849000,171538053000001,-7.65,-1.811,-31.329,0
1398294765322,42034651643000,171538053000001,-7.65,-1.811,-31.329,0
1398294765330,42034659944000,171538053000001,-7.65,-1.811,-31.329,0
1398294765339,42034668122000,171538053000001,-7.65,-1.811,-31.329,0
1398294765353,42034682984000,171538053000001,-7.65,-1.811,-31.329,0
1398294765359,42034688783000,171538053000001,-7.65,-1.811,-31.329,0
1398294765372,42034701783000,171538053000001,-7.65,-1.811,-31.329,0
1398294765382,42034709291000,171538053000001,-7.65,-1.811,-31.329,0
1398294765390,42034720307000,171538053000001,-7.65,-1.811,-31.329,0
1398294765399,42034728791000,171538053000001,-7.65,-1.811,-31.329,0
1398294765410,42034739808000,171538053000001,-7.65,-1.811,-31.329,0
1398294765423,42034752778000,171538053000001,-7.65,-1.811,-31.329,0
1398294765430,42034759553000,171538053000001,-7.65,-1.811,-31.329,0
1398294765442,42034767304000,171538053000001,-7.65,-1.811,-31.329,0
1398294765449,42034778718000,171538053000001,-7.65,-1.811,-31.329,0
1398294765458,42034787324000,171538053000001,-7.65,-1.811,-31.329,0
1398294765477,42034798554000,171538053000001,-7.65,-1.811,-31.329,0
1398294765482,42034807344000,171538053000001,-7.65,-1.811,-31.329,0
1398294765489,42034817353000,171538053000001,-7.65,-1.811,-31.329,0
1398294765498,42034827363000,171538053000001,-7.65,-1.811,-31.329,0
1398294765514,42034837342000,171538053000001,-7.65,-1.811,-31.329,0
1398294765520,42034847383000,171538053000001,-7.65,-1.811,-31.329,0
1398294765530,42034859559000,171538053000001,-7.65,-1.811,-31.329,0
1398294765538,42034867372000,171538053000001,-7.65,-1.811,-31.329,0
1398294765548,42034877381000,171538053000001,-7.65,-1.811,-31.329,0
1398294765565,42034887696000,171538053000001,-8.02,-1.811,-31.329,0
1398294765569,42034897401000,171538053000001,-8.02,-1.811,-31.329,0
1398294765578,42034907380000,171538053000001,-8.02,-1.811,-31.329,0
1398294765589,42034918946000,171538053000001,-8.02,-1.811,-31.329,0
1398294765598,42034927461000,171538053000001,-8.02,-1.811,-31.329,0
1398294765607,42034937409000,171538053000001,-8.02,-1.811,-31.329,0
1398294765618,42034947419000,171538053000001,-8.02,-1.811,-31.329,0
1398294765628,42034957460000,171538053000001,-8.02,-1.811,-31.329,0
1398294765638,42034967469000,171538053000001,-8.02,-1.811,-31.329,0
1398294765647,42034977479000,171538053000001,-8.02,-1.811,-31.329,0
1398294765661,42034991212000,171538053000001,-8.02,-1.811,-31.329,0
1398294765672,42034999147000,171538053000001,-8.02,-1.811,-31.329,0
1398294765679,42035008027000,171538053000001,-8.02,-1.811,-31.329,0
1398294765688,42035017732000,171538053000001,-8.02,-1.811,-31.329,0
1398294765698,42035027650000,171538053000001,-8.02,-1.811,-31.329,0
1398294765708,42035037538000,171538053000001,-8.02,-1.811,-31.329,0
1398294765721,42035048921000,171538053000001,-8.02,-1.811,-31.329,0
1398294765728,42035057557000,171538053000001,-8.02,-1.811,-31.329,0
1398294765738,42035067567000,171538053000001,-8.02,-1.811,-31.329,0
1398294765753,42035079682000,171538053000001,-8.02,-1.811,-31.329,0
1398294765759,42035089021000,171538053000001,-8.02,-1.811,-31.329,0
1398294765770,42035099336000,171538053000001,-8.02,-1.811,-31.329,0
1398294765778,42035107606000,171538053000001,-8.02,-1.811,-31.329,0
1398294765791,42035117616000,171538053000001,-8.02,-1.811,-31.329,0
1398294765801,42035127656000,171538053000001,-8.02,-1.811,-31.329,0
1398294765808,42035137635000,171538053000001,-8.02,-1.811,-31.329,0
1398294765824,42035152711000,171538053000001,-8.02,-1.811,-31.329,0
1398294765827,42035157624000,171538053000001,-8.02,-1.811,-31.329,0
1398294765837,42035167604000,171538053000001,-8.02,-1.811,-31.329,0
1398294765848,42035177613000,171538053000001,-8.02,-1.811,-31.329,0
1398294765858,42035187623000,171538053000001,-8.02,-1.811,-31.329,0
1398294765867,42035197633000,171538053000001,-8.02,-1.811,-31.329,0
1398294765878,42035207643000,171538053000001,-8.02,-1.811,-31.329,0
1398294765888,42035217652000,171538053000001,-8.02,-1.811,-31.329,0
1398294765898,42035227662000,171538053000001,-8.02,-1.811,-31.329,0
1398294765908,42035237672000,171538053000001,-8.02,-1.811,-31.329,0
1398294765918,42035247682000,171538053000001,-8.02,-1.811,-31.329,0
1398294765928,42035257691000,171538053000001,-8.02,-1.811,-31.329,0
1398294765938,42035267701000,171538053000001,-8.02,-1.811,-31.329,0
1398294765949,42035279267000,171538053000001,-7.682,-1.811,-31.329,0
1398294765959,42035287782000,171538053000001,-7.682,-1.811,-31.329,0
1398294765968,42035297761000,171538053000001,-7.682,-1.811,-31.329,0
1398294765979,42035307832000,171538053000001,-7.682,-1.811,-31.329,0
1398294765988,42035317750000,171538053000001,-7.682,-1.811,-31.329,0
1398294765998,42035327760000,171538053000001,-7.682,-1.811,-31.329,0
1398294766013,42035337800000,171538053000001,-7.682,-1.811,-31.329,0
1398294766023,42035347810000,171538053000001,-7.682,-1.811,-31.329,0
1398294766028,42035357820000,171538053000001,-7.682,-1.811,-31.329,0
1398294766038,42035367799000,171538053000001,-7.682,-1.811,-31.329,0
1398294766048,42035377809000,171538053000001,-7.682,-1.811,-31.329,0
1398294766058,42035388001000,171538053000001,-7.682,-1.811,-31.329,0
1398294766068,42035397859000,171538053000001,-7.682,-1.811,-31.329,0
1398294766078,42035407838000,171538053000001,-7.682,-1.811,-31.329,0
1398294766088,42035417848000,171538053000001,-7.682,-1.811,-31.329,0
1398294766098,42035427827000,171538053000001,-7.682,-1.811,-31.329,0
1398294766108,42035437867000,171538053000001,-7.682,-1.811,-31.329,0
1398294766118,42035447877000,171538053000001,-7.682,-1.811,-31.329,0
1398294766134,42035464021000,171538053000001,-7.376,-1.811,-31.329,0
1398294766138,42035467927000,171538053000001,-7.376,-1.811,-31.329,0
1398294766148,42035477876000,171538053000001,-7.376,-1.811,-31.329,0
1398294766158,42035487916000,171538053000001,-7.376,-1.811,-31.329,0
1398294766168,42035497895000,171538053000001,-7.376,-1.811,-31.329,0
1398294766178,42035507936000,171538053000001,-7.687,-1.811,-31.329,0
1398294766188,42035518159000,171538053000001,-7.687,-1.811,-31.329,0
1398294766198,42035527955000,171538053000001,-7.687,-1.811,-31.329,0
1398294766208,42035537965000,171538053000001,-7.687,-1.811,-31.329,0
1398294766218,42035547975000,171538053000001,-7.687,-1.811,-31.329,0
1398294766228,42035557984000,171538053000001,-7.687,-1.811,-31.329,0
1398294766238,42035567994000,171538053000001,-8.007,-1.811,-31.329,0
1398294766248,42035578004000,171538053000001,-8.007,-1.811,-31.329,0
1398294766258,42035588014000,171538053000001,-8.007,-1.811,-31.329,0
1398294766269,42035598023000,171538053000001,-8.007,-1.811,-31.329,0
1398294766278,42035608033000,171538053000001,-8.007,-1.811,-31.329,0
1398294766289,42035618043000,171538053000001,-8.007,-2.113,-31.329,0
1398294766298,42035628083000,171538053000001,-8.007,-2.113,-31.329,0
1398294766310,42035639619000,171538053000001,-8.007,-2.113,-31.329,0
1398294766319,42035648103000,171538053000001,-8.007,-2.113,-31.329,0
1398294766329,42035658082000,171538053000001,-8.314,-2.113,-31.329,0
1398294766339,42035668153000,171538053000001,-8.314,-2.113,-31.329,0
1398294766348,42035678132000,171538053000001,-8.314,-2.113,-31.329,0
1398294766358,42035688111000,171538053000001,-8.314,-2.113,-31.329,0
1398294766368,42035698121000,171538053000001,-8.314,-2.113,-31.329,0
1398294766378,42035708131000,171538053000001,-8.314,-2.113,-31.329,0
1398294766388,42035718110000,171538053000001,-8.314,-2.113,-31.329,0
1398294766398,42035728150000,171538053000001,-8.314,-2.113,-31.329,0
1398294766408,42035738160000,171538053000001,-8.314,-2.113,-31.329,0
1398294766418,42035748170000,171538053000001,-7.991,-2.113,-31.329,0
1398294766433,42035758180000,171538053000001,-7.991,-2.113,-31.329,0
1398294766438,42035768159000,171538053000001,-7.991,-2.113,-31.329,0
1398294766448,42035778199000,171538053000001,-7.991,-2.113,-31.329,0
1398294766458,42035788209000,171538053000001,-7.991,-2.113,-31.329,0
1398294766468,42035798219000,171538053000001,-7.991,-2.113,-31.329,0
1398294766478,42035808229000,171538053000001,-7.991,-2.113,-31.329,0
1398294766490,42035819795000,171538053000001,-7.991,-2.113,-31.329,0
1398294766498,42035828279000,171538053000001,-7.991,-2.113,-31.329,0
1398294766509,42035838258000,171538053000001,-7.991,-2.113,-31.329,0
1398294766519,42035848268000,171538053000001,-7.652,-2.113,-31.329,0
1398294766528,42035858277000,171538053000001,-7.652,-2.113,-31.329,0
1398294766538,42035868287000,171538053000001,-7.652,-1.802,-31.329,0
1398294766548,42035878266000,171538053000001,-7.652,-1.802,-31.329,0
1398294766559,42035888307000,171538053000001,-7.652,-1.802,-31.329,0
1398294766573,42035898347000,171538053000001,-7.652,-1.802,-31.329,0
1398294766579,42035908357000,171538053000001,-7.652,-1.802,-31.329,0
1398294766588,42035918336000,171538053000001,-7.652,-1.802,-31.329,0
1398294766598,42035928346000,171538053000001,-7.652,-1.802,-31.329,0
1398294766608,42035938356000,171538053000001,-7.325,-1.802,-31.329,0
1398294766618,42035948335000,171538053000001,-7.325,-1.493,-31.637,0
1398294766628,42035958375000,171538053000001,-7.325,-1.493,-31.637,0
1398294766638,42035968385000,171538053000001,-7.325,-1.493,-31.637,0
1398294766648,42035978364000,171538053000001,-7.325,-1.493,-31.637,0
1398294766658,42035988404000,171538053000001,-7.325,-1.493,-31.637,0
1398294766670,42035999940000,171538053000001,-7.325,-1.493,-31.637,0
1398294766678,42036008454000,171538053000001,-7.325,-1.493,-31.637,0
1398294766688,42036018403000,171538053000001,-7.325,-1.493,-31.637,0
1398294766698,42036028443000,171538053000001,-7.325,-1.493,-31.637,0
1398294766708,42036038453000,171538053000001,-7.325,-1.493,-31.637,0
1398294766718,42036048463000,171538053000001,-7.325,-1.493,-31.637,0
1398294766729,42036058473000,171538053000001,-7.325,-1.493,-31.637,0
1398294766740,42036068971000,171538053000001,-7.325,-1.493,-31.637,0
1398294766749,42036078797000,171538053000001,-7.325,-1.493,-31.637,0
1398294766758,42036088471000,171538053000001,-7.325,-1.173,-31.637,0
1398294766768,42036098481000,171538053000001,-7.325,-1.173,-31.637,0
1398294766779,42036108491000,171538053000001,-7.325,-1.173,-31.637,0
1398294766791,42036118531000,171538053000001,-7.325,-1.173,-31.637,0
1398294766798,42036128541000,171538053000001,-7.325,-1.173,-31.637,0
1398294766809,42036138551000,171538053000001,-7.325,-1.173,-31.637,0
1398294766819,42036148561000,171538053000001,-7.325,-1.173,-31.637,0
1398294766828,42036158540000,171538053000001,-7.325,-1.173,-31.637,0
1398294766838,42036168580000,171538053000001,-7.325,-1.173,-31.637,0
1398294766850,42036180116000,171538053000001,-7.325,-1.173,-31.637,0
1398294766858,42036188630000,171538053000001,-7.325,-0.869,-31.637,0
1398294766869,42036198579000,171538053000001,-7.325,-0.869,-31.637,0
1398294766879,42036208589000,171538053000001,-7.325,-0.869,-31.637,0
1398294766889,42036218629000,171538053000001,-7.325,-0.869,-31.637,0
1398294766899,42036228608000,171538053000001,-7.325,-0.869,-31.637,0
1398294766909,42036238832000,171538053000001,-7.325,-0.869,-31.637,0
1398294766919,42036248658000,171538053000001,-7.325,-0.869,-31.637,0
1398294766929,42036258668000,171538053000001,-7.325,-0.869,-31.637,0
1398294766939,42036268678000,171538053000001,-7.325,-0.869,-31.637,0
1398294766949,42036278657000,171538053000001,-7.325,-0.869,-31.637,0
1398294766958,42036288667000,171538053000001,-6.99,-0.869,-31.637,0
1398294766973,42036298707000,171538053000001,-6.99,-0.869,-31.637,0
1398294766979,42036308717000,171538053000001,-6.99,-0.869,-31.637,0
1398294766989,42036318727000,171538053000001,-6.99,-0.869,-31.637,0
1398294766999,42036328736000,171538053000001,-6.99,-0.869,-31.637,0
1398294767010,42036338746000,171538053000001,-6.99,-0.869,-31.637,0
1398294767019,42036348756000,171538053000001,-6.99,-0.869,-31.637,0
1398294767030,42036360292000,171538053000001,-6.99,-0.869,-31.637,0
1398294767038,42036368775000,171538053000001,-6.99,-0.869,-31.637,0
1398294767051,42036380372000,171538053000001,-6.666,-1.173,-31.637,0
1398294767059,42036388795000,171538053000001,-6.666,-1.173,-31.637,0
1398294767069,42036398774000,171538053000001,-6.666,-1.173,-31.637,0
1398294767080,42036408814000,171538053000001,-6.666,-1.173,-31.637,0
1398294767089,42036418824000,171538053000001,-6.666,-1.173,-31.637,0
1398294767099,42036428834000,171538053000001,-6.666,-1.173,-31.637,0
1398294767109,42036438844000,171538053000001,-6.666,-1.173,-31.637,0
1398294767123,42036448854000,171538053000001,-6.666,-1.173,-31.637,0
1398294767129,42036458863000,171538053000001,-6.666,-1.173,-31.637,0
1398294767139,42036468873000,171538053000001,-6.358,-1.173,-31.637,0
1398294767151,42036478852000,171538053000001,-6.358,-1.475,-31.637,0
1398294767159,42036488862000,171538053000001,-6.358,-1.475,-31.637,0
1398294767169,42036498872000,171538053000001,-6.358,-1.475,-31.637,0
1398294767179,42036508882000,171538053000001,-6.358,-1.475,-31.637,0
1398294767189,42036518891000,171538053000001,-6.358,-1.475,-31.637,0
1398294767199,42036528932000,171538053000001,-6.358,-1.475,-31.637,0
1398294767212,42036540498000,171538053000001,-6.358,-1.475,-31.637,0
1398294767219,42036548982000,171538053000001,-6.358,-1.475,-31.637,0
1398294767229,42036558961000,171538053000001,-6.358,-1.475,-31.637,0
1398294767240,42036568971000,171538053000001,-6.358,-1.475,-31.637,0
1398294767250,42036578981000,171538053000001,-6.358,-1.475,-31.637,0
1398294767259,42036588990000,171538053000001,-6.358,-1.475,-31.637,0
1398294767269,42036599000000,171538053000001,-6.358,-1.475,-31.637,0
1398294767279,42036608979000,171538053000001,-6.358,-1.475,-31.637,0
1398294767289,42036618989000,171538053000001,-6.358,-1.475,-31.637,0
1398294767299,42036628968000,171538053000001,-6.358,-1.475,-31.637,0
1398294767309,42036639009000,171538053000001,-6.358,-1.475,-31.637,0
1398294767328,42036649049000,171538053000001,-6.358,-1.475,-31.637,0
1398294767331,42036659333000,171538053000001,-6.658,-1.475,-31.637,0
1398294767339,42036669251000,171538053000001,-6.658,-1.475,-31.637,0
1398294767349,42036679170000,171538053000001,-6.658,-1.475,-31.637,0
1398294767360,42036689057000,171538053000001,-6.658,-1.475,-31.637,0
1398294767369,42036699067000,171538053000001,-6.658,-1.475,-31.939,0
1398294767379,42036709077000,171538053000001,-6.658,-1.475,-31.939,0
1398294767391,42036720643000,171538053000001,-6.658,-1.475,-31.939,0
1398294767400,42036729158000,171538053000001,-6.658,-1.475,-31.939,0
1398294767409,42036739137000,171538053000001,-6.658,-1.475,-31.939,0
1398294767420,42036749116000,171538053000001,-6.658,-1.475,-31.939,0
1398294767429,42036759156000,171538053000001,-6.658,-1.475,-31.939,0
1398294767439,42036769136000,171538053000001,-6.658,-1.475,-31.939,0
1398294767449,42036779145000,171538053000001,-6.658,-1.475,-31.939,0
1398294767460,42036789186000,171538053000001,-6.658,-1.475,-31.939,0
1398294767469,42036799195000,171538053000001,-6.658,-1.475,-31.939,0
1398294767481,42036809175000,171538053000001,-6.658,-1.17,-31.939,0
1398294767490,42036819184000,171538053000001,-6.658,-1.17,-31.939,0
1398294767500,42036829194000,171538053000001,-6.658,-1.17,-31.939,0
1398294767509,42036839204000,171538053000001,-6.658,-1.17,-31.939,0
1398294767520,42036849244000,171538053000001,-6.658,-1.17,-31.939,0
1398294767529,42036859223000,171538053000001,-6.658,-1.17,-31.939,0
1398294767541,42036869264000,171538053000001,-6.658,-1.17,-31.939,0
1398294767550,42036879273000,171538053000001,-6.658,-1.17,-31.939,0
1398294767559,42036889253000,171538053000001,-6.658,-1.17,-31.939,0
1398294767571,42036900819000,171538053000001,-6.658,-1.17,-31.939,0
1398294767579,42036909303000,171538053000001,-6.658,-1.17,-31.939,0
1398294767589,42036919282000,171538053000001,-6.658,-1.17,-31.939,0
1398294767599,42036929292000,171538053000001,-6.658,-1.17,-31.939,0
1398294767609,42036939332000,171538053000001,-6.658,-0.857,-31.939,0
1398294767620,42036949861000,171538053000001,-6.658,-0.857,-31.939,0
1398294767629,42036959321000,171538053000001,-6.658,-0.857,-31.939,0
1398294767640,42036969361000,171538053000001,-6.658,-0.857,-31.939,0
1398294767649,42036979371000,171538053000001,-6.658,-0.857,-31.939,0
1398294767660,42036989595000,171538053000001,-6.658,-0.526,-31.939,0
1398294767669,42036999421000,171538053000001,-6.658,-0.526,-31.939,0
1398294767680,42037009400000,171538053000001,-6.658,-0.526,-31.939,0
1398294767689,42037019410000,171538053000001,-6.658,-0.526,-31.939,0
1398294767699,42037029420000,171538053000001,-6.658,-0.526,-31.939,0
1398294767709,42037039430000,171538053000001,-6.658,-0.204,-31.939,0
1398294767720,42037049409000,171538053000001,-6.658,-0.204,-31.939,0
1398294767729,42037059419000,171538053000001,-6.658,-0.204,-31.939,0
1398294767739,42037069428000,171538053000001,-6.658,-0.204,-31.939,0
1398294767751,42037080995000,171538053000001,-6.658,-0.204,-31.939,0
1398294767759,42037089509000,171538053000001,-6.658,-0.204,-32.281,0
1398294767769,42037099458000,171538053000001,-6.356,-0.204,-32.281,0
1398294767779,42037109468000,171538053000001,-6.356,0.126,-32.281,0
1398294767789,42037119477000,171538053000001,-6.356,0.126,-32.281,0
1398294767799,42037129487000,171538053000001,-6.356,0.126,-32.281,0
1398294767809,42037139527000,171538053000001,-6.356,0.126,-32.281,0
1398294767819,42037149507000,171538053000001,-6.356,0.126,-32.281,0
1398294767829,42037159516000,171538053000001,-6.356,0.483,-32.281,0
1398294767839,42037169526000,171538053000001,-6.356,0.483,-32.281,0
1398294767849,42037179597000,171538053000001,-6.356,0.483,-32.281,0
1398294767859,42037189576000,171538053000001,-6.356,0.483,-32.281,0
1398294767869,42037199555000,171538053000001,-6.356,0.483,-32.281,0
1398294767880,42037209596000,171538053000001,-6.356,0.483,-32.281,0
1398294767889,42037219606000,171538053000001,-6.356,0.807,-32.281,0
1398294767899,42037229615000,171538053000001,-6.356,0.807,-32.281,0
1398294767909,42037239595000,171538053000001,-6.047,0.807,-32.281,0
1398294767920,42037249604000,171538053000001,-6.047,0.807,-32.281,0
1398294767931,42037261170000,171538053000001,-6.047,0.807,-32.281,0
1398294767940,42037269715000,171538053000001,-6.047,0.807,-32.281,0
1398294767950,42037279695000,171538053000001,-6.047,0.807,-32.281,0
1398294767960,42037289674000,171538053000001,-6.047,1.141,-32.281,0
1398294767972,42037302095000,171538053000001,-6.047,1.141,-32.281,0
1398294767980,42037309663000,171538053000001,-6.047,1.141,-32.281,0
1398294767990,42037319673000,171538053000001,-6.047,1.141,-32.281,0
1398294768001,42037329682000,171538053000001,-6.047,1.141,-32.281,0
1398294768010,42037339692000,171538053000001,-6.047,1.141,-32.281,0
1398294768023,42037349702000,171538053000001,-5.699,1.141,-32.281,0
1398294768030,42037359712000,171538053000001,-5.699,1.141,-32.281,0
1398294768040,42037369752000,171538053000001,-5.699,1.141,-32.603,0
1398294768051,42037379792000,171538053000001,-5.699,1.141,-32.603,0
1398294768060,42037389802000,171538053000001,-5.699,1.141,-32.603,0
1398294768070,42037399781000,171538053000001,-5.323,1.141,-32.603,0
1398294768081,42037409822000,171538053000001,-5.323,1.141,-32.603,0
1398294768090,42037419862000,171538053000001,-5.323,1.141,-32.603,0
1398294768100,42037429841000,171538053000001,-5.323,1.141,-32.603,0
1398294768111,42037441377000,171538053000001,-5.323,1.141,-32.603,0
1398294768120,42037449861000,171538053000001,-5.323,1.141,-32.603,0
1398294768130,42037459870000,171538053000001,-5.323,1.141,-32.603,0
1398294768140,42037469850000,171538053000001,-5.323,1.141,-32.603,0
1398294768150,42037479859000,171538053000001,-5.323,1.141,-32.603,0
1398294768160,42037489869000,171538053000001,-5.323,1.141,-32.603,0
1398294768170,42037499879000,171538053000001,-5.323,1.141,-32.603,0
1398294768180,42037509919000,171538053000001,-5.323,1.141,-32.603,0
1398294768191,42037520112000,171538053000001,-5.323,1.141,-32.603,0
1398294768200,42037529908000,171538053000001,-5.323,1.141,-32.603,0
1398294768210,42037539918000,171538053000001,-5.323,1.141,-32.603,0
1398294768220,42037549928000,171538053000001,-5.323,1.141,-32.603,0
1398294768230,42037559938000,171538053000001,-5.323,1.141,-32.603,0
1398294768240,42037569947000,171538053000001,-5.323,1.141,-32.603,0
1398294768250,42037579988000,171538053000001,-5.323,1.141,-32.603,0
1398294768260,42037589967000,171538053000001,-5.323,1.141,-32.603,0
1398294768270,42037600038000,171538053000001,-5.697,1.141,-32.603,0
1398294768288,42037614350000,171538053000001,-5.697,1.141,-32.603,0
1398294768292,42037621614000,171538053000001,-5.697,0.814,-32.603,0
1398294768306,42037630067000,171538053000001,-5.697,0.814,-32.603,0
1398294768315,42037640046000,171538053000001,-6.047,0.814,-32.603,0
1398294768320,42037649995000,171538053000001,-6.047,0.509,-32.603,0
1398294768330,42037660005000,171538053000001,-6.047,0.509,-32.603,0
1398294768340,42037670045000,171538053000001,-6.382,0.509,-32.275,0
1398294768350,42037680055000,171538053000001,-6.382,0.205,-32.275,0
1398294768360,42037690034000,171538053000001,-6.382,0.205,-32.275,0
1398294768370,42037700074000,171538053000001,-6.382,0.205,-32.275,0
1398294768380,42037710084000,171538053000001,-6.382,0.205,-32.275,0
1398294768390,42037720063000,171538053000001,-6.759,-0.184,-32.275,0
1398294768400,42037730073000,171538053000001,-6.759,-0.184,-32.275,0
1398294768410,42037740083000,171538053000001,-6.759,-0.184,-32.275,0
1398294768421,42037750093000,171538053000001,-6.759,-0.184,-32.275,0
1398294768430,42037760102000,171538053000001,-7.09,-0.534,-32.275,0
1398294768440,42037770112000,171538053000001,-7.09,-0.534,-32.275,0
1398294768450,42037780091000,171538053000001,-7.09,-0.534,-31.945,0
1398294768460,42037790101000,171538053000001,-7.09,-0.534,-31.945,0
1398294768471,42037801667000,171538053000001,-7.09,-0.906,-31.945,0
1398294768499,42037810182000,171538053000001,-7.414,-0.906,-31.945,0
1398294768501,42037820161000,171538053000001,-7.414,-0.906,-31.945,0
1398294768502,42037830171000,171538053000001,-7.414,-0.906,-31.945,0
1398294768510,42037840180000,171538053000001,-7.414,-0.906,-31.945,0
1398294768520,42037850251000,171538053000001,-7.414,-0.906,-31.945,0
1398294768530,42037860200000,171538053000001,-7.414,-0.906,-31.945,0
1398294768540,42037870210000,171538053000001,-7.414,-1.231,-31.945,0
1398294768550,42037880220000,171538053000001,-7.414,-1.231,-31.945,0
1398294768560,42037890229000,171538053000001,-7.414,-1.231,-31.616,0
1398294768570,42037900239000,171538053000001,-7.414,-1.231,-31.616,0
1398294768580,42037910279000,171538053000001,-7.414,-1.231,-31.616,0
1398294768590,42037920259000,171538053000001,-7.414,-1.231,-31.616,0
1398294768600,42037930268000,171538053000001,-7.414,-1.231,-31.616,0
1398294768635,42037940309000,171538053000001,-7.414,-1.57,-31.616,0
1398294768638,42037950471000,171538053000001,-7.414,-1.57,-31.616,0
1398294768642,42037960359000,171538053000001,-7.73,-1.57,-31.616,0
1398294768644,42037970368000,171538053000001,-7.73,-1.57,-31.616,0
1398294768652,42037981935000,171538053000001,-7.73,-1.57,-31.616,0
1398294768661,42037990388000,171538053000001,-7.73,-1.57,-31.616,0
1398294768670,42038000337000,171538053000001,-7.73,-1.57,-31.616,0
1398294768681,42038010346000,171538053000001,-7.73,-1.878,-31.616,0
1398294768690,42038020356000,171538053000001,-7.73,-1.878,-31.616,0
1398294768701,42038030397000,171538053000001,-7.73,-1.878,-31.616,0
1398294768714,42038040376000,171538053000001,-7.73,-1.878,-31.616,0
1398294768720,42038050386000,171538053000001,-7.73,-1.878,-31.616,0
1398294768730,42038060395000,171538053000001,-7.73,-2.189,-31.616,0
1398294768740,42038070405000,171538053000001,-7.73,-2.189,-31.616,0
1398294768754,42038080415000,171538053000001,-7.73,-2.189,-31.616,0
1398294768766,42038090455000,171538053000001,-7.73,-2.189,-31.616,0
1398294768772,42038100434000,171538053000001,-7.73,-2.189,-31.616,0
1398294768788,42038110444000,171538053000001,-7.73,-2.189,-31.616,0
1398294768790,42038120454000,171538053000001,-7.73,-2.189,-31.616,0
1398294768800,42038130464000,171538053000001,-7.73,-2.189,-31.616,0
1398294768810,42038140473000,171538053000001,-7.73,-2.189,-31.616,0
1398294768820,42038150483000,171538053000001,-7.73,-2.189,-31.616,0
1398294768832,42038162049000,171538053000001,-7.73,-2.189,-31.616,0
1398294768840,42038170533000,171538053000001,-7.73,-2.189,-31.616,0
1398294768851,42038180512000,171538053000001,-7.374,-2.189,-31.616,0
1398294768861,42038190492000,171538053000001,-7.374,-2.189,-31.616,0
1398294768871,42038200563000,171538053000001,-7.374,-2.189,-31.616,0
1398294768880,42038210542000,171538053000001,-7.374,-2.189,-31.616,0
1398294768891,42038220582000,171538053000001,-7.374,-2.189,-31.616,0
1398294768903,42038230561000,171538053000001,-7.374,-2.189,-31.616,0
1398294768913,42038240602000,171538053000001,-7.374,-2.189,-31.616,0
1398294768921,42038250581000,171538053000001,-7.031,-2.189,-31.616,0
1398294768931,42038260591000,171538053000001,-7.031,-2.189,-31.616,0
1398294768941,42038270600000,171538053000001,-7.031,-2.189,-31.616,0
1398294768951,42038280641000,171538053000001,-7.031,-2.189,-31.616,0
1398294768964,42038290681000,171538053000001,-7.031,-2.189,-31.616,0
1398294768971,42038300813000,171538053000001,-7.031,-2.189,-31.616,0
1398294768981,42038310670000,171538053000001,-7.031,-2.189,-31.932,0
1398294768991,42038320680000,171538053000001,-7.031,-2.189,-31.932,0
1398294769001,42038330689000,171538053000001,-7.031,-2.189,-31.932,0
1398294769012,42038342256000,171538053000001,-6.698,-2.189,-31.932,0
1398294769021,42038350740000,171538053000001,-6.698,-1.843,-31.932,0
1398294769031,42038360749000,171538053000001,-6.698,-1.843,-31.932,0
1398294769041,42038370729000,171538053000001,-6.698,-1.843,-31.932,0
1398294769051,42038380921000,171538053000001,-6.698,-1.843,-31.932,0
1398294769061,42038390748000,171538053000001,-6.698,-1.843,-31.932,0
1398294769072,42038400788000,171538053000001,-6.698,-1.843,-31.932,0
1398294769081,42038410768000,171538053000001,-6.698,-1.843,-31.932,0
1398294769091,42038420777000,171538053000001,-6.698,-1.843,-31.932,0
1398294769101,42038430787000,171538053000001,-6.698,-1.843,-31.932,0
1398294769111,42038440797000,171538053000001,-6.398,-1.843,-31.932,0
1398294769121,42038450807000,171538053000001,-6.398,-1.843,-31.932,0
1398294769131,42038460816000,171538053000001,-6.398,-1.533,-31.932,0
1398294769141,42038470826000,171538053000001,-6.398,-1.533,-31.932,0
1398294769151,42038480836000,171538053000001,-6.398,-1.533,-31.932,0
1398294769161,42038490846000,171538053000001,-6.398,-1.533,-31.932,0
1398294769171,42038500856000,171538053000001,-6.398,-1.533,-31.932,0
1398294769181,42038510896000,171538053000001,-6.398,-1.533,-31.932,0
1398294769193,42038522492000,171538053000001,-6.398,-1.533,-31.932,0
1398294769206,42038535707000,171538053000001,-6.398,-1.533,-31.932,0
1398294769211,42038540834000,171538053000001,-6.398,-1.533,-31.932,0
1398294769224,42038551911000,171538053000001,-6.398,-1.533,-31.932,0
1398294769235,42038564515000,171538053000001,-6.724,-1.533,-31.932,0
1398294769244,42038574464000,171538053000001,-6.724,-1.533,-31.932,0
1398294769254,42038584443000,171538053000001,-6.724,-1.846,-31.631,0
1398294769265,42038594575000,171538053000001,-6.724,-1.846,-31.631,0
1398294769273,42038602540000,171538053000001,-6.724,-1.846,-31.631,0
1398294769285,42038614503000,171538053000001,-6.724,-1.846,-31.631,0
1398294769292,42038621491000,171538053000001,-6.724,-2.188,-31.631,0
1398294769301,42038631257000,171538053000001,-6.724,-2.188,-31.631,0
1398294769312,42038641328000,171538053000001,-7.052,-2.188,-31.631,0
1398294769321,42038651033000,171538053000001,-7.052,-2.496,-31.631,0
1398294769331,42038661073000,171538053000001,-7.052,-2.496,-31.631,0
1398294769342,42038671388000,171538053000001,-7.052,-2.496,-31.631,0
1398294769352,42038681550000,171538053000001,-7.052,-2.806,-31.324,0
1398294769364,42038692567000,171538053000001,-7.052,-2.806,-31.324,0
1398294769374,42038703706000,171538053000001,-7.052,-2.806,-31.324,0
1398294769382,42038711762000,171538053000001,-7.052,-3.109,-31.324,0
1398294769394,42038723207000,171538053000001,-7.052,-3.109,-31.324,0
1398294769401,42038731111000,171538053000001,-7.052,-3.109,-31.324,0
1398294769411,42038741120000,171538053000001,-7.052,-3.109,-31.324,0
1398294769426,42038751130000,171538053000001,-7.052,-3.109,-31.324,0
1398294769440,42038761476000,171538053000001,-7.052,-3.109,-31.324,0
1398294769443,42038771180000,171538053000001,-7.052,-3.109,-31.324,0
1398294769455,42038781159000,171538053000001,-7.052,-3.411,-31.324,0
1398294769462,42038791169000,171538053000001,-7.052,-3.411,-31.324,0
1398294769472,42038801210000,171538053000001,-7.052,-3.411,-31.324,0
1398294769481,42038811189000,171538053000001,-7.052,-3.411,-31.324,0
1398294769494,42038821199000,171538053000001,-7.052,-3.411,-31.324,0
1398294769504,42038832917000,171538053000001,-7.052,-3.411,-31.324,0
1398294769514,42038843782000,171538053000001,-7.052,-3.089,-31.324,0
1398294769522,42038851533000,171538053000001,-7.052,-3.089,-31.324,0
1398294769531,42038861207000,171538053000001,-7.052,-3.089,-31.651,0
1398294769541,42038871247000,171538053000001,-7.052,-3.089,-31.651,0
1398294769553,42038882783000,171538053000001,-7.052,-2.74,-31.651,0
1398294769561,42038891267000,171538053000001,-7.052,-2.74,-31.651,0
1398294769571,42038901277000,171538053000001,-7.052,-2.74,-31.651,0
1398294769581,42038911256000,171538053000001,-7.052,-2.74,-31.651,0
1398294769591,42038921296000,171538053000001,-6.752,-2.74,-31.651,0
1398294769601,42038931275000,171538053000001,-6.752,-2.416,-31.651,0
1398294769613,42038941285000,171538053000001,-6.752,-2.416,-31.651,0
1398294769621,42038951264000,171538053000001,-6.752,-2.416,-31.651,0
1398294769631,42038961244000,171538053000001,-6.752,-2.416,-31.651,0
1398294769641,42038971284000,171538053000001,-6.752,-2.416,-31.651,0
1398294769651,42038981263000,171538053000001,-6.752,-2.416,-31.651,0
1398294769662,42038991273000,171538053000001,-6.408,-2.416,-31.651,0
1398294769671,42039001283000,171538053000001,-6.408,-2.416,-31.651,0
1398294769681,42039011293000,171538053000001,-6.408,-2.416,-31.651,0
1398294769696,42039021333000,171538053000001,-6.408,-2.416,-31.651,0
1398294769703,42039031343000,171538053000001,-6.408,-2.416,-31.651,0
1398294769711,42039041352000,171538053000001,-6.408,-2.416,-31.651,0
1398294769721,42039051393000,171538053000001,-6.082,-2.416,-31.651,0
1398294769733,42039062898000,171538053000001,-6.082,-2.416,-31.651,0
1398294769741,42039071412000,171538053000001,-6.082,-2.416,-31.651,0
1398294769751,42039081422000,171538053000001,-6.082,-2.416,-31.651,0
1398294769762,42039091401000,171538053000001,-5.709,-2.416,-31.651,0
1398294769771,42039101380000,171538053000001,-5.709,-2.416,-31.651,0
1398294769781,42039111421000,171538053000001,-5.709,-2.725,-31.651,0
1398294769791,42039121400000,171538053000001,-5.709,-2.725,-31.651,0
1398294769802,42039131471000,171538053000001,-5.36,-2.725,-31.651,0
1398294769814,42039143525000,171538053000001,-5.36,-2.725,-31.651,0
1398294769822,42039151460000,171538053000001,-5.36,-2.725,-31.996,0
1398294769835,42039161470000,171538053000001,-5.36,-2.725,-31.996,0
1398294769843,42039171479000,171538053000001,-5.053,-2.725,-31.996,0
1398294769852,42039181459000,171538053000001,-5.053,-2.725,-31.996,0
1398294769861,42039191529000,171538053000001,-5.053,-2.725,-31.996,0
1398294769872,42039201570000,171538053000001,-5.053,-2.725,-31.996,0
1398294769882,42039211549000,171538053000001,-5.053,-2.725,-31.996,0
1398294769891,42039221528000,171538053000001,-5.053,-2.725,-31.996,0
1398294769902,42039231721000,171538053000001,-5.053,-2.725,-31.996,0
1398294769913,42039243074000,171538053000001,-5.053,-2.725,-31.996,0
1398294769921,42039251557000,171538053000001,-5.053,-2.725,-31.996,0
1398294769931,42039261537000,171538053000001,-5.053,-2.4,-31.996,0
1398294769941,42039271546000,171538053000001,-5.053,-2.4,-31.996,0
1398294769951,42039281556000,171538053000001,-5.053,-2.4,-31.996,0
1398294769961,42039291566000,171538053000001,-5.433,-2.4,-31.996,0
1398294769972,42039301576000,171538053000001,-5.433,-2.084,-31.996,0
1398294769981,42039311585000,171538053000001,-5.433,-2.084,-31.996,0
1398294769991,42039321595000,171538053000001,-5.847,-2.084,-31.996,0
1398294770001,42039331605000,171538053000001,-5.847,-1.771,-31.996,0
1398294770011,42039341615000,171538053000001,-6.185,-1.771,-31.996,0
1398294770021,42039351625000,171538053000001,-6.185,-1.771,-31.996,0
1398294770031,42039361634000,171538053000001,-6.52,-1.771,-31.996,0
1398294770041,42039371644000,171538053000001,-6.52,-1.405,-31.996,0
1398294770051,42039381654000,171538053000001,-6.52,-1.405,-31.996,0
1398294770062,42039391694000,171538053000001,-6.866,-1.405,-31.996,0
1398294770072,42039401673000,171538053000001,-6.866,-1.405,-31.689,0
1398294770082,42039411714000,171538053000001,-6.866,-1.405,-31.689,0
1398294770093,42039423280000,171538053000001,-7.212,-1.405,-31.689,0
1398294770102,42039431794000,171538053000001,-7.212,-1.071,-31.689,0
1398294770112,42039441773000,171538053000001,-7.212,-1.071,-31.689,0
1398294770126,42039455537000,171538053000001,-7.212,-1.071,-31.689,0
1398294770132,42039461762000,171538053000001,-7.546,-1.071,-31.689,0
1398294770142,42039471833000,171538053000001,-7.546,-1.071,-31.689,0
1398294770152,42039481782000,171538053000001,-7.546,-1.071,-31.689,0
1398294770163,42039491883000,171538053000001,-7.546,-1.071,-31.689,0
1398294770172,42039501802000,171538053000001,-7.546,-1.071,-31.689,0
1398294770182,42039511842000,171538053000001,-7.914,-1.071,-31.689,0
1398294770192,42039521791000,171538053000001,-7.914,-1.071,-31.689,0
1398294770202,42039531831000,171538053000001,-7.914,-1.071,-31.689,0
1398294770215,42039541932000,171538053000001,-7.914,-1.071,-31.689,0
1398294770222,42039551911000,171538053000001,-7.914,-0.747,-31.689,0
1398294770232,42039561891000,171538053000001,-7.914,-0.747,-31.689,0
1398294770242,42039571839000,171538053000001,-8.251,-0.747,-31.689,0
1398294770252,42039581849000,171538053000001,-8.251,-0.747,-31.388,0
1398294770262,42039592073000,171538053000001,-8.251,-0.747,-31.388,0
1398294770273,42039603425000,171538053000001,-8.251,-0.747,-31.388,0
1398294770282,42039611939000,171538053000001,-8.251,-0.747,-31.388,0
1398294770292,42039621888000,171538053000001,-8.251,-0.747,-31.388,0
1398294770302,42039631898000,171538053000001,-8.251,-0.747,-31.388,0
1398294770312,42039641938000,171538053000001,-8.251,-0.747,-31.388,0
1398294770322,42039651918000,171538053000001,-8.251,-0.747,-31.388,0
1398294770337,42039661958000,171538053000001,-8.251,-0.747,-31.388,0
1398294770343,42039671937000,171538053000001,-8.251,-0.747,-31.388,0
1398294770352,42039682008000,171538053000001,-8.251,-0.747,-31.388,0
1398294770366,42039692018000,171538053000001,-8.251,-0.747,-31.388,0
1398294770373,42039702027000,171538053000001,-8.251,-0.747,-31.388,0
1398294770383,42039712037000,171538053000001,-8.251,-0.747,-31.388,0
1398294770393,42039722047000,171538053000001,-8.251,-0.747,-31.388,0
1398294770403,42039732087000,171538053000001,-8.251,-0.747,-31.388,0
1398294770413,42039742097000,171538053000001,-8.251,-0.747,-31.388,0
1398294770422,42039752076000,171538053000001,-8.251,-0.747,-31.388,0
1398294770432,42039762086000,171538053000001,-8.251,-0.747,-31.388,0
1398294770442,42039772096000,171538053000001,-8.251,-0.747,-31.388,0
1398294770454,42039783631000,171538053000001,-8.251,-0.747,-31.388,0
1398294770462,42039792481000,171538053000001,-8.251,-0.747,-31.388,0
1398294770472,42039802095000,171538053000001,-8.251,-0.747,-31.388,0
1398294770482,42039812104000,171538053000001,-8.251,-0.747,-31.388,0
1398294770495,42039822114000,171538053000001,-8.251,-0.747,-31.388,0
1398294770502,42039832154000,171538053000001,-8.251,-0.747,-31.388,0
1398294770512,42039842164000,171538053000001,-8.251,-0.747,-31.689,0
1398294770523,42039852174000,171538053000001,-8.251,-0.747,-31.689,0
1398294770532,42039862184000,171538053000001,-8.251,-0.747,-31.689,0
1398294770542,42039872193000,171538053000001,-8.251,-0.747,-31.689,0
1398294770552,42039882173000,171538053000001,-8.251,-0.747,-31.689,0
1398294770562,42039892182000,171538053000001,-8.251,-0.747,-31.689,0
1398294770572,42039902192000,171538053000001,-8.251,-0.747,-31.689,0
1398294770582,42039912202000,171538053000001,-7.945,-0.747,-31.689,0
1398294770592,42039922242000,171538053000001,-7.945,-0.747,-31.689,0
1398294770602,42039932221000,171538053000001,-7.945,-0.747,-31.689,0
1398294770612,42039942475000,171538053000001,-7.945,-0.747,-31.689,0
1398294770622,42039952241000,171538053000001,-7.945,-0.747,-31.689,0
1398294770636,42039963807000,171538053000001,-7.945,-0.747,-31.689,0
1398294770644,42039972322000,171538053000001,-7.945,-0.747,-31.689,0
1398294770652,42039982301000,171538053000001,-7.945,-0.747,-31.689,0
1398294770662,42039992372000,171538053000001,-7.945,-0.747,-31.689,0
1398294770674,42040002320000,171538053000001,-7.945,-0.747,-31.689,0
1398294770683,42040012300000,171538053000001,-7.945,-0.747,-31.689,0
1398294770692,42040022340000,171538053000001,-7.945,-0.747,-31.689,0
1398294770702,42040032319000,171538053000001,-7.945,-0.747,-31.689,0
1398294770712,42040042329000,171538053000001,-7.945,-0.747,-31.689,0
1398294770722,42040052369000,171538053000001,-7.945,-0.747,-31.689,0
1398294770733,42040062928000,171538053000001,-7.945,-0.747,-31.689,0
1398294770742,42040072328000,171538053000001,-7.945,-0.747,-31.689,0
1398294770753,42040082521000,171538053000001,-7.945,-0.747,-31.689,0
1398294770762,42040092347000,171538053000001,-7.945,-0.747,-31.689,0
1398294770772,42040102357000,171538053000001,-7.945,-0.747,-31.689,0
1398294770782,42040112336000,171538053000001,-7.945,-0.747,-31.689,0
1398294770792,42040122346000,171538053000001,-7.945,-0.747,-31.689,0
1398294770802,42040132386000,171538053000001,-7.945,-0.747,-31.689,0
1398294770814,42040143922000,171538053000001,-7.945,-0.747,-31.689,0
1398294770824,42040152467000,171538053000001,-7.945,-0.747,-31.689,0
1398294770833,42040162446000,171538053000001,-7.945,-0.747,-31.689,0
1398294770843,42040172425000,171538053000001,-7.945,-0.747,-31.689,0
1398294770853,42040182466000,171538053000001,-7.945,-0.747,-31.689,0
1398294770862,42040192445000,171538053000001,-7.945,-0.747,-31.689,0
1398294770872,42040202485000,171538053000001,-7.945,-0.747,-31.689,0
1398294770882,42040212464000,171538053000001,-7.62,-0.747,-31.689,0
1398294770892,42040222474000,171538053000001,-7.62,-1.074,-31.689,0
1398294770902,42040232484000,171538053000001,-7.62,-1.074,-31.689,0
1398294770913,42040242494000,171538053000001,-7.62,-1.074,-31.689,0
1398294770922,42040252503000,171538053000001,-7.62,-1.074,-31.689,0
1398294770932,42040262544000,171538053000001,-7.62,-1.074,-31.689,0
1398294770942,42040272523000,171538053000001,-7.62,-1.074,-31.689,0
1398294770953,42040282533000,171538053000001,-7.279,-1.393,-31.689,0
1398294770963,42040292543000,171538053000001,-7.279,-1.393,-31.689,0
1398294770974,42040303590000,171538053000001,-7.279,-1.393,-31.689,0
1398294770985,42040315370000,171538053000001,-7.279,-1.393,-31.689,0
1398294770997,42040326539000,171538053000001,-7.279,-1.393,-31.689,0
1398294771003,42040332704000,171538053000001,-6.953,-1.393,-31.689,0
1398294771016,42040345643000,171538053000001,-6.953,-1.695,-31.689,0
1398294771026,42040355653000,171538053000001,-6.953,-1.695,-31.689,0
1398294771041,42040364076000,171538053000001,-6.953,-1.695,-31.689,0
1398294771049,42040378175000,171538053000001,-6.639,-1.695,-31.689,0
1398294771053,42040382844000,171538053000001,-6.639,-1.695,-31.689,0
1398294771063,42040392945000,171538053000001,-6.639,-1.695,-31.689,0
1398294771078,42040403077000,171538053000001,-6.639,-2.027,-31.689,0
1398294771084,42040414033000,171538053000001,-6.639,-2.027,-31.689,0
1398294771098,42040422730000,171538053000001,-6.639,-2.027,-31.689,0
1398294771108,42040432740000,171538053000001,-6.333,-2.027,-31.689,0
1398294771113,42040442720000,171538053000001,-6.333,-2.027,-31.689,0
1398294771125,42040453218000,171538053000001,-6.333,-2.027,-31.689,0
1398294771136,42040462770000,171538053000001,-6.333,-2.027,-31.689,0
1398294771143,42040472779000,171538053000001,-6.333,-2.027,-31.689,0
1398294771157,42040482759000,171538053000001,-6.333,-2.027,-31.689,0
1398294771163,42040492768000,171538053000001,-6.333,-2.027,-31.689,0
1398294771180,42040504335000,171538053000001,-6.333,-2.027,-31.689,0
1398294771183,42040512849000,171538053000001,-6.333,-2.027,-31.689,0
1398294771193,42040522798000,171538053000001,-6.333,-2.339,-31.689,0
1398294771203,42040532838000,171538053000001,-6.671,-2.339,-31.689,0
1398294771213,42040542848000,171538053000001,-6.671,-2.339,-31.689,0
1398294771223,42040552827000,171538053000001,-6.671,-2.339,-31.689,0
1398294771233,42040562837000,171538053000001,-7.02,-2.339,-31.689,0
1398294771245,42040575257000,171538053000001,-7.02,-2.339,-31.689,0
1398294771259,42040589051000,171538053000001,-7.02,-2.339,-31.689,0
1398294771266,42040595613000,171538053000001,-7.02,-2.339,-31.689,0
1398294771280,42040609407000,171538053000001,-7.403,-2.339,-31.379,0
1398294771285,42040614656000,171538053000001,-7.403,-2.641,-31.379,0
1398294771297,42040626466000,171538053000001,-7.403,-2.641,-31.379,0
1398294771311,42040633851000,171538053000001,-7.403,-2.641,-31.379,0
1398294771314,42040643220000,171538053000001,-7.403,-2.641,-31.379,0
1398294771324,42040653016000,171538053000001,-7.403,-2.641,-31.379,0
1398294771335,42040664582000,171538053000001,-7.728,-2.961,-31.379,0
1398294771345,42040672975000,171538053000001,-7.728,-2.961,-31.379,0
1398294771358,42040687867000,171538053000001,-7.728,-2.961,-31.068,0
1398294771363,42040692964000,171538053000001,-7.728,-2.961,-31.068,0
1398294771376,42040703034000,171538053000001,-7.728,-2.961,-31.068,0
1398294771384,42040714173000,171538053000001,-7.728,-2.961,-31.068,0
1398294771397,42040723054000,171538053000001,-7.728,-2.961,-31.068,0
1398294771409,42040734803000,171538053000001,-7.728,-2.961,-31.068,0
1398294771421,42040743043000,171538053000001,-7.728,-3.279,-31.068,0
1398294771423,42040753022000,171538053000001,-7.728,-3.279,-31.068,0
1398294771433,42040763032000,171538053000001,-7.412,-3.279,-31.068,0
1398294771443,42040773042000,171538053000001,-7.412,-3.279,-31.068,0
1398294771455,42040783052000,171538053000001,-7.412,-3.279,-31.068,0
1398294771463,42040793061000,171538053000001,-7.412,-3.279,-31.068,0
1398294771474,42040803071000,171538053000001,-7.412,-3.279,-31.068,0
1398294771483,42040813111000,171538053000001,-7.412,-3.279,-31.382,0
1398294771493,42040823091000,171538053000001,-7.412,-3.279,-31.382,0
1398294771503,42040833100000,171538053000001,-7.098,-3.279,-31.382,0
1398294771515,42040845185000,171538053000001,-7.098,-3.279,-31.382,0
1398294771528,42040858491000,171538053000001,-7.098,-3.279,-31.382,0
1398294771538,42040867250000,171538053000001,-7.098,-2.943,-31.382,0
1398294771547,42040876649000,171538053000001,-7.098,-2.943,-31.382,0
1398294771559,42040885530000,171538053000001,-7.098,-2.943,-31.382,0
1398294771564,42040893617000,171538053000001,-7.098,-2.943,-31.382,0
1398294771574,42040903321000,171538053000001,-7.098,-2.943,-31.382,0
1398294771588,42040915681000,171538053000001,-7.098,-2.943,-31.382,0
1398294771596,42040923188000,171538053000001,-7.098,-2.943,-31.382,0
1398294771607,42040935151000,171538053000001,-6.796,-2.943,-31.382,0
1398294771613,42040943238000,171538053000001,-6.796,-2.943,-31.382,0
1398294771624,42040953279000,171538053000001,-6.796,-2.943,-31.382,0
1398294771635,42040964479000,171538053000001,-6.796,-2.943,-31.382,0
1398294771646,42040975923000,171538053000001,-6.491,-2.943,-31.382,0
1398294771662,42040984925000,171538053000001,-6.491,-2.943,-31.382,0
1398294771665,42040994813000,171538053000001,-6.491,-2.943,-31.382,0
1398294771673,42041003449000,171538053000001,-6.491,-2.943,-31.382,0
1398294771684,42041013673000,171538053000001,-6.103,-2.943,-31.382,0
1398294771701,42041023316000,171538053000001,-6.103,-2.943,-31.382,0
1398294771704,42041033784000,171538053000001,-6.103,-2.943,-31.382,0
1398294771729,42041045686000,171538053000001,-6.103,-2.943,-31.382,0
1398294771731,42041053346000,171538053000001,-6.103,-2.943,-31.382,0
1398294771733,42041063325000,171538053000001,-5.763,-2.943,-31.382,0
1398294771743,42041073335000,171538053000001,-5.763,-2.943,-31.382,0
1398294771754,42041083314000,171538053000001,-5.763,-3.244,-31.382,0
1398294771764,42041093354000,171538053000001,-5.763,-3.244,-31.382,0
1398294771774,42041103364000,171538053000001,-5.763,-3.244,-31.687,0
1398294771783,42041113404000,171538053000001,-5.433,-3.244,-31.687,0
1398294771793,42041123384000,171538053000001,-5.433,-3.244,-31.687,0
1398294771804,42041133363000,171538053000001,-5.433,-3.244,-31.687,0
1398294771814,42041143403000,171538053000001,-5.433,-3.244,-31.687,0
1398294771823,42041153443000,171538053000001,-5.433,-3.244,-31.687,0
1398294771833,42041163423000,171538053000001,-5.433,-3.244,-31.687,0
1398294771843,42041173432000,171538053000001,-5.433,-3.244,-31.687,0
1398294771854,42041183442000,171538053000001,-5.433,-3.244,-31.687,0
1398294771863,42041193452000,171538053000001,-5.433,-2.903,-31.687,0
1398294771873,42041203462000,171538053000001,-5.433,-2.903,-31.991,0
1398294771883,42041213471000,171538053000001,-5.433,-2.903,-31.991,0
1398294771895,42041225038000,171538053000001,-5.433,-2.903,-31.991,0
1398294771905,42041233522000,171538053000001,-5.433,-2.903,-31.991,0
1398294771913,42041243501000,171538053000001,-5.433,-2.545,-31.991,0
1398294771923,42041253511000,171538053000001,-5.433,-2.545,-31.991,0
1398294771933,42041263551000,171538053000001,-5.772,-2.545,-31.991,0
1398294771943,42041273530000,171538053000001,-5.772,-2.545,-31.991,0
1398294771953,42041283540000,171538053000001,-5.772,-2.244,-31.991,0
1398294771970,42041293733000,171538053000001,-5.772,-2.244,-31.991,0
1398294771975,42041303498000,171538053000001,-5.772,-2.244,-31.991,0
1398294771984,42041313539000,171538053000001,-6.112,-2.244,-31.991,0
1398294771994,42041323579000,171538053000001,-6.112,-2.244,-31.991,0
1398294772004,42041333528000,171538053000001,-6.112,-2.244,-31.991,0
1398294772013,42041343568000,171538053000001,-6.497,-1.913,-31.991,0
1398294772024,42041353578000,171538053000001,-6.497,-1.913,-31.991,0
1398294772034,42041363771000,171538053000001,-6.497,-1.913,-31.991,0
1398294772044,42041373628000,171538053000001,-6.849,-1.913,-31.991,0
1398294772054,42041383576000,171538053000001,-6.849,-1.913,-31.689,0
1398294772063,42041393586000,171538053000001,-6.849,-1.913,-31.689,0
1398294772075,42041405183000,171538053000001,-6.849,-1.913,-31.689,0
1398294772091,42041413667000,171538053000001,-6.849,-1.913,-31.689,0
1398294772094,42041423677000,171538053000001,-6.849,-1.913,-31.689,0
1398294772108,42041433686000,171538053000001,-6.849,-1.913,-31.689,0
1398294772114,42041443666000,171538053000001,-7.159,-1.913,-31.689,0
1398294772124,42041453645000,171538053000001,-7.159,-1.913,-31.689,0
1398294772133,42041463655000,171538053000001,-7.159,-1.913,-31.689,0
1398294772143,42041473664000,171538053000001,-7.159,-1.913,-31.381,0
1398294772154,42041483705000,171538053000001,-7.159,-1.913,-31.381,0
1398294772164,42041493714000,171538053000001,-7.159,-1.913,-31.381,0
1398294772174,42041503724000,171538053000001,-7.159,-1.913,-31.381,0
1398294772184,42041513734000,171538053000001,-7.159,-1.913,-31.381,0
1398294772194,42041523713000,171538053000001,-7.159,-1.913,-31.381,0
1398294772204,42041533753000,171538053000001,-7.159,-1.913,-31.381,0
1398294772214,42041543733000,171538053000001,-6.852,-1.913,-31.381,0
1398294772224,42041553773000,171538053000001,-6.852,-1.913,-31.381,0
1398294772234,42041563783000,171538053000001,-6.852,-1.913,-31.381,0
1398294772244,42041573793000,171538053000001,-6.852,-1.913,-31.381,0
1398294772256,42041585359000,171538053000001,-6.532,-1.913,-31.381,0
1398294772264,42041594270000,171538053000001,-6.532,-1.913,-31.381,0
1398294772274,42041603791000,171538053000001,-6.532,-1.913,-31.381,0
1398294772284,42041613801000,171538053000001,-6.532,-1.913,-31.381,0
1398294772294,42041623811000,171538053000001,-6.532,-1.913,-31.381,0
1398294772304,42041633821000,171538053000001,-6.532,-1.913,-31.381,0
1398294772314,42041643891000,171538053000001,-6.532,-1.913,-31.381,0
1398294772324,42041654023000,171538053000001,-6.532,-1.913,-31.381,0
1398294772335,42041663850000,171538053000001,-6.532,-1.913,-31.381,0
1398294772344,42041673890000,171538053000001,-6.532,-1.913,-31.381,0
1398294772354,42041683900000,171538053000001,-6.532,-1.913,-31.381,0
1398294772364,42041693910000,171538053000001,-6.532,-1.913,-31.381,0
1398294772374,42041703889000,171538053000001,-6.532,-1.913,-31.381,0
1398294772385,42041713899000,171538053000001,-6.532,-1.913,-31.381,0
1398294772394,42041723908000,171538053000001,-6.532,-1.913,-31.381,0
1398294772404,42041733918000,171538053000001,-6.532,-1.913,-31.381,0
1398294772414,42041743928000,171538053000001,-6.532,-1.913,-31.381,0
1398294772424,42041753938000,171538053000001,-6.845,-1.913,-31.381,0
1398294772436,42041765504000,171538053000001,-6.845,-1.913,-31.381,0
1398294772444,42041774018000,171538053000001,-6.845,-1.913,-31.381,0
1398294772454,42041783967000,171538053000001,-6.845,-1.913,-31.381,0
1398294772464,42041794160000,171538053000001,-6.845,-1.913,-31.381,0
1398294772476,42041804017000,171538053000001,-6.845,-1.913,-31.381,0
1398294772484,42041814027000,171538053000001,-6.845,-1.913,-31.381,0
1398294772494,42041824037000,171538053000001,-6.845,-1.913,-31.381,0
1398294772504,42041834016000,171538053000001,-6.845,-1.913,-31.381,0
1398294772514,42041844056000,171538053000001,-6.845,-1.913,-31.381,0
1398294772524,42041854035000,171538053000001,-6.845,-1.913,-31.381,0
1398294772534,42041864045000,171538053000001,-6.845,-1.913,-31.381,0
1398294772544,42041874085000,171538053000001,-6.845,-1.913,-31.381,0
1398294772554,42041884126000,171538053000001,-6.845,-1.913,-31.381,0
1398294772564,42041894105000,171538053000001,-6.845,-1.913,-31.381,0
1398294772574,42041904115000,171538053000001,-6.845,-1.913,-31.381,0
1398294772586,42041915437000,171538053000001,-6.845,-1.913,-31.381,0
1398294772594,42041924104000,171538053000001,-6.845,-1.913,-31.695,0
1398294772604,42041934144000,171538053000001,-6.845,-1.913,-31.695,0
1398294772616,42041945680000,171538053000001,-6.845,-1.525,-31.695,0
1398294772624,42041954194000,171538053000001,-6.845,-1.525,-31.695,0
1398294772634,42041964173000,171538053000001,-6.845,-1.525,-31.695,0
1398294772644,42041974183000,171538053000001,-6.845,-1.525,-31.695,0
1398294772654,42041984193000,171538053000001,-6.845,-1.205,-31.695,0
1398294772664,42041994203000,171538053000001,-6.845,-1.205,-31.695,0
1398294772674,42042004212000,171538053000001,-6.845,-1.205,-31.695,0
1398294772684,42042014222000,171538053000001,-6.845,-1.205,-31.695,0
1398294772694,42042024232000,171538053000001,-6.845,-1.205,-31.695,0
1398294772704,42042034242000,171538053000001,-6.845,-1.205,-31.695,0
1398294772714,42042044251000,171538053000001,-6.845,-1.205,-31.695,0
1398294772724,42042054261000,171538053000001,-6.845,-1.205,-31.695,0
1398294772734,42042064271000,171538053000001,-6.845,-1.205,-31.695,0
1398294772744,42042074250000,171538053000001,-6.845,-1.205,-31.695,0
1398294772754,42042084291000,171538053000001,-6.845,-1.205,-31.695,0
1398294772764,42042094300000,171538053000001,-6.845,-1.205,-31.695,0
1398294772775,42042104951000,171538053000001,-6.845,-1.205,-31.695,0
1398294772789,42042118653000,171538053000001,-6.845,-1.205,-31.695,0
1398294772800,42042129884000,171538053000001,-6.845,-1.205,-31.695,0
1398294772807,42042136872000,171538053000001,-6.845,-1.205,-31.695,0
1398294772817,42042146577000,171538053000001,-6.845,-1.205,-31.695,0
1398294772836,42042158876000,171538053000001,-6.845,-1.205,-31.695,0
1398294772838,42042167359000,171538053000001,-6.845,-1.205,-31.695,0
1398294772849,42042179017000,171538053000001,-6.845,-1.205,-31.695,0
1398294772856,42042185853000,171538053000001,-6.845,-1.205,-31.695,0
1398294772870,42042198365000,171538053000001,-6.845,-1.205,-31.695,0
1398294772875,42042204621000,171538053000001,-6.845,-1.205,-31.695,0
1398294772888,42042218232000,171538053000001,-6.845,-1.205,-31.695,0
1398294772899,42042228700000,171538053000001,-6.845,-1.205,-31.695,0
1398294772909,42042238954000,171538053000001,-6.845,-1.205,-31.695,0
1398294772919,42042248597000,171538053000001,-6.845,-1.205,-31.695,0
1398294772929,42042259004000,171538053000001,-6.845,-1.205,-31.695,0
1398294772937,42042266694000,171538053000001,-6.845,-1.205,-31.695,0
1398294772948,42042278199000,171538053000001,-6.845,-0.88,-31.695,0
1398294772960,42042289552000,171538053000001,-6.845,-0.88,-31.695,0
1398294772968,42042298127000,171538053000001,-6.845,-0.88,-31.695,0
1398294772978,42042307588000,171538053000001,-6.845,-0.88,-31.695,0
1398294772987,42042315034000,171538053000001,-6.845,-0.88,-31.695,0
1398294772995,42042324555000,171538053000001,-6.845,-0.88,-31.695,0
1398294773005,42042334565000,171538053000001,-6.845,-0.88,-31.695,0
1398294773015,42042344575000,171538053000001,-6.845,-0.88,-31.695,0
1398294773025,42042354554000,171538053000001,-6.845,-0.88,-31.695,0
1398294773035,42042364564000,171538053000001,-6.845,-0.88,-31.695,0
1398294773045,42042374604000,171538053000001,-6.845,-0.88,-31.695,0
1398294773055,42042384614000,171538053000001,-6.845,-0.88,-31.695,0
1398294773065,42042394624000,171538053000001,-6.845,-0.88,-31.695,0
1398294773075,42042404634000,171538053000001,-6.845,-0.88,-31.695,0
1398294773088,42042418336000,171538053000001,-6.845,-0.88,-31.695,0
1398294773099,42042428590000,171538053000001,-6.845,-0.88,-31.695,0
1398294773110,42042439881000,171538053000001,-6.845,-0.88,-31.695,0
1398294773116,42042444703000,171538053000001,-6.845,-1.205,-31.695,0
1398294773126,42042454713000,171538053000001,-6.845,-1.205,-31.695,0
1398294773143,42042465913000,171538053000001,-6.845,-1.205,-31.695,0
1398294773158,42042474732000,171538053000001,-6.845,-1.205,-31.695,0
1398294773160,42042486268000,171538053000001,-6.845,-1.205,-31.695,0
1398294773165,42042494752000,171538053000001,-6.845,-1.205,-31.695,0
1398294773205,42042504762000,171538053000001,-6.845,-1.205,-31.695,0
1398294773208,42042514741000,171538053000001,-6.845,-1.51,-31.695,0
1398294773209,42042530702000,171538053000001,-6.845,-1.51,-31.695,0
1398294773212,42042535096000,171538053000001,-6.845,-1.51,-31.695,0
1398294773216,42042544770000,171538053000001,-7.174,-1.51,-31.695,0
1398294773225,42042554750000,171538053000001,-7.174,-1.51,-31.695,0
1398294773235,42042564759000,171538053000001,-7.174,-1.51,-31.695,0
1398294773245,42042574769000,171538053000001,-7.174,-1.51,-31.695,0
1398294773259,42042588716000,171538053000001,-7.174,-1.51,-31.695,0
1398294773268,42042598023000,171538053000001,-7.174,-1.51,-31.695,0
1398294773281,42042611390000,171538053000001,-7.174,-1.51,-31.695,0
1398294773287,42042617036000,171538053000001,-7.174,-1.51,-31.695,0
1398294773299,42042628999000,171538053000001,-7.174,-1.51,-31.695,0
1398294773305,42042634828000,171538053000001,-7.174,-1.51,-31.695,0
1398294773318,42042646516000,171538053000001,-7.174,-1.51,-31.695,0
1398294773329,42042659425000,171538053000001,-7.174,-1.51,-31.695,0
1398294773337,42042667268000,171538053000001,-7.174,-1.51,-31.695,0
1398294773351,42042681397000,171538053000001,-7.174,-1.51,-31.695,0
1398294773357,42042686952000,171538053000001,-7.174,-1.51,-31.695,0
1398294773371,42042701173000,171538053000001,-7.174,-1.51,-31.695,0
1398294773377,42042707551000,171538053000001,-7.174,-1.51,-31.695,0
1398294773391,42042721070000,171538053000001,-7.174,-1.51,-31.695,0
1398294773397,42042727479000,171538053000001,-7.174,-1.51,-31.695,0
1398294773411,42042741395000,171538053000001,-6.871,-1.51,-31.695,0
1398294773416,42042745668000,171538053000001,-6.871,-1.51,-31.695,0
1398294773431,42042761170000,171538053000001,-6.871,-1.51,-31.695,0
1398294773438,42042767610000,171538053000001,-6.871,-1.51,-31.695,0
1398294773447,42042776582000,171538053000001,-6.871,-1.51,-31.695,0
1398294773456,42042785005000,171538053000001,-6.871,-1.51,-31.695,0
1398294773468,42042796662000,171538053000001,-6.871,-1.51,-31.695,0
1398294773476,42042805665000,171538053000001,-6.871,-1.51,-31.695,0
1398294773520,42042815034000,171538053000001,-6.871,-1.51,-31.695,0
1398294773529,42042831178000,171538053000001,-6.871,-1.51,-31.695,0
1398294773535,42042835053000,171538053000001,-6.871,-1.51,-31.695,0
1398294773536,42042846620000,171538053000001,-6.871,-1.51,-31.695,0
1398294773538,42042855134000,171538053000001,-6.871,-1.51,-31.695,0
1398294773540,42042865113000,171538053000001,-6.871,-1.51,-31.695,0
1398294773545,42042875093000,171538053000001,-6.871,-1.51,-31.695,0
1398294773558,42042887757000,171538053000001,-6.871,-1.21,-31.695,0
1398294773571,42042896516000,171538053000001,-6.871,-1.21,-31.695,0
1398294773580,42042905122000,171538053000001,-6.871,-1.21,-31.695,0
1398294773585,42042915162000,171538053000001,-6.871,-1.21,-31.695,0
1398294773595,42042925141000,171538053000001,-6.871,-1.21,-31.695,0
1398294773605,42042935151000,171538053000001,-6.871,-1.21,-31.695,0
1398294773616,42042945161000,171538053000001,-6.871,-1.21,-31.695,0
1398294773625,42042955171000,171538053000001,-7.173,-1.21,-31.695,0
1398294773635,42042965180000,171538053000001,-7.173,-1.21,-31.695,0
1398294773645,42042975190000,171538053000001,-7.173,-1.21,-31.695,0
1398294773655,42042985169000,171538053000001,-7.173,-1.21,-31.695,0
1398294773671,42042995179000,171538053000001,-7.173,-0.907,-31.695,0
1398294773675,42043005189000,171538053000001,-7.173,-0.907,-31.695,0
1398294773685,42043015199000,171538053000001,-7.173,-0.907,-31.695,0
1398294773696,42043026765000,171538053000001,-7.487,-0.907,-31.695,0
1398294773705,42043035249000,171538053000001,-7.487,-0.907,-31.695,0
1398294773715,42043045228000,171538053000001,-7.487,-0.907,-31.695,0
1398294773725,42043055268000,171538053000001,-7.487,-0.907,-31.695,0
1398294773735,42043065248000,171538053000001,-7.487,-0.907,-31.695,0
1398294773745,42043075257000,171538053000001,-7.487,-0.907,-31.695,0
1398294773755,42043085267000,171538053000001,-7.487,-0.907,-31.695,0
1398294773765,42043095277000,171538053000001,-7.487,-0.907,-31.695,0
1398294773775,42043105287000,171538053000001,-7.827,-0.907,-31.695,0
1398294773785,42043115296000,171538053000001,-7.827,-0.907,-31.695,0
1398294773795,42043125306000,171538053000001,-7.827,-0.907,-31.695,0
1398294773811,42043140290000,171538053000001,-7.827,-0.907,-31.695,0
1398294773817,42043145326000,171538053000001,-7.827,-0.907,-31.695,0
1398294773825,42043155366000,171538053000001,-7.827,-0.907,-31.695,0
1398294773837,42043165345000,171538053000001,-7.827,-0.592,-31.695,0
1398294773845,42043175355000,171538053000001,-7.827,-0.592,-31.695,0
1398294773857,42043185395000,171538053000001,-7.827,-0.592,-31.695,0
1398294773866,42043195375000,171538053000001,-7.827,-0.592,-31.695,0
1398294773877,42043206941000,171538053000001,-7.827,-0.592,-31.695,0
1398294773885,42043215425000,171538053000001,-7.827,-0.592,-31.695,0
1398294773895,42043225404000,171538053000001,-7.827,-0.592,-31.695,0
1398294773905,42043235414000,171538053000001,-7.827,-0.592,-31.695,0
1398294773919,42043245423000,171538053000001,-7.827,-0.592,-31.695,0
1398294773929,42043255464000,171538053000001,-7.827,-0.592,-31.695,0
1398294773936,42043265443000,171538053000001,-7.827,-0.592,-31.695,0
1398294773945,42043275453000,171538053000001,-7.827,-0.592,-31.695,0
1398294773955,42043285462000,171538053000001,-7.827,-0.592,-31.695,0
1398294773965,42043295442000,171538053000001,-7.525,-0.592,-31.695,0
1398294773975,42043305451000,171538053000001,-7.525,-0.592,-31.695,0
1398294773985,42043315461000,171538053000001,-7.525,-0.592,-31.695,0
1398294773995,42043325471000,171538053000001,-7.525,-0.592,-31.695,0
1398294774005,42043335511000,171538053000001,-7.525,-0.592,-31.695,0
1398294774015,42043345521000,171538053000001,-7.525,-0.592,-31.695,0
1398294774025,42043355531000,171538053000001,-7.525,-0.592,-31.695,0
1398294774035,42043365510000,171538053000001,-7.525,-0.592,-31.695,0
1398294774045,42043375520000,171538053000001,-7.179,-0.245,-31.695,0
1398294774057,42043387086000,171538053000001,-7.179,-0.245,-31.695,0
1398294774065,42043395600000,171538053000001,-7.179,-0.245,-31.695,0
1398294774075,42043405580000,171538053000001,-7.179,-0.245,-31.695,0
1398294774085,42043415589000,171538053000001,-6.857,-0.245,-31.695,0
1398294774095,42043425599000,171538053000001,-6.857,0.099,-31.695,0
1398294774105,42043435609000,171538053000001,-6.857,0.099,-31.695,0
1398294774116,42043446076000,171538053000001,-6.857,0.099,-31.695,0
1398294774125,42043455628000,171538053000001,-6.857,0.099,-31.695,0
1398294774135,42043465608000,171538053000001,-6.857,0.448,-31.695,0
1398294774145,42043475648000,171538053000001,-6.857,0.448,-31.695,0
1398294774155,42043485627000,171538053000001,-6.857,0.448,-31.695,0
1398294774165,42043495668000,171538053000001,-6.544,0.448,-31.695,0
1398294774176,42043505830000,171538053000001,-6.544,0.849,-31.695,0
1398294774186,42043515687000,171538053000001,-6.544,0.849,-31.695,0
1398294774196,42043525697000,171538053000001,-6.544,0.849,-31.695,0
1398294774206,42043535676000,171538053000001,-6.544,0.849,-31.695,0
1398294774216,42043545686000,171538053000001,-6.544,1.222,-32.006,0
1398294774226,42043555696000,171538053000001,-6.544,1.222,-32.006,0
1398294774237,42043567262000,171538053000001,-6.544,1.222,-32.006,0
1398294774249,42043578523000,171538053000001,-6.544,1.222,-32.006,0
1398294774261,42043590608000,171538053000001,-6.544,1.222,-32.006,0
1398294774268,42043598420000,171538053000001,-6.544,1.222,-32.006,0
1398294774281,42043610871000,171538053000001,-6.544,1.222,-32.006,0
1398294774288,42043618440000,171538053000001,-6.544,1.222,-32.006,0
1398294774306,42043630921000,171538053000001,-6.544,1.553,-32.006,0
1398294774307,42043635774000,171538053000001,-6.544,1.553,-32.006,0
1398294774321,42043645814000,171538053000001,-6.544,1.553,-32.006,0
1398294774335,42043658723000,171538053000001,-6.544,1.553,-32.006,0
1398294774337,42043665834000,171538053000001,-6.544,1.553,-32.006,0
1398294774355,42043676423000,171538053000001,-6.874,1.553,-32.006,0
1398294774358,42043685853000,171538053000001,-6.874,1.553,-32.006,0
1398294774369,42043695893000,171538053000001,-6.874,1.553,-32.006,0
1398294774378,42043707551000,171538053000001,-6.874,1.553,-32.006,0
1398294774388,42043717164000,171538053000001,-7.24,1.553,-32.006,0
1398294774398,42043726930000,171538053000001,-7.24,1.553,-32.006,0
1398294774411,42043739991000,171538053000001,-7.24,1.553,-32.006,0
1398294774425,42043752778000,171538053000001,-7.24,1.553,-32.006,0
1398294774428,42043755738000,171538053000001,-7.24,1.553,-32.006,0
1398294774439,42043768739000,171538053000001,-7.24,1.553,-32.006,0
1398294774449,42043776643000,171538053000001,-7.24,1.553,-32.006,0
1398294774458,42043786439000,171538053000001,-7.24,1.553,-32.006,0
1398294774468,42043795991000,171538053000001,-7.24,1.553,-32.006,0
1398294774476,42043806001000,171538053000001,-7.601,1.553,-32.006,0
1398294774486,42043815980000,171538053000001,-7.601,1.553,-32.006,0
1398294774496,42043825990000,171538053000001,-7.601,1.553,-32.006,0
1398294774506,42043835969000,171538053000001,-7.601,1.553,-32.006,0
1398294774517,42043846009000,171538053000001,-7.601,1.553,-32.006,0
1398294774526,42043856050000,171538053000001,-7.601,1.249,-32.006,0
1398294774536,42043866029000,171538053000001,-7.601,1.249,-32.006,0
1398294774546,42043876039000,171538053000001,-7.601,1.249,-32.006,0
1398294774556,42043886048000,171538053000001,-7.601,1.249,-32.006,0
1398294774566,42043896058000,171538053000001,-7.601,1.249,-32.006,0
1398294774582,42043911592000,171538053000001,-7.601,1.249,-32.006,0
1398294774588,42043918428000,171538053000001,-7.601,1.249,-32.006,0
1398294774603,42043927735000,171538053000001,-7.601,0.926,-32.006,0
1398294774606,42043936219000,171538053000001,-7.601,0.926,-32.006,0
1398294774617,42043946168000,171538053000001,-7.601,0.926,-32.006,0
1398294774627,42043956178000,171538053000001,-7.601,0.926,-32.006,0
1398294774642,42043971955000,171538053000001,-7.601,0.926,-32.006,0
1398294774648,42043978334000,171538053000001,-7.601,0.621,-32.006,0
1398294774662,42043992280000,171538053000001,-7.601,0.621,-31.69,0
1398294774668,42043998414000,171538053000001,-7.601,0.621,-31.69,0
1398294774682,42044012391000,171538053000001,-7.601,0.621,-31.69,0
1398294774688,42044018342000,171538053000001,-7.601,0.621,-31.69,0
1398294774703,42044032746000,171538053000001,-7.601,0.621,-31.69,0
1398294774708,42044037690000,171538053000001,-7.601,0.251,-31.69,0
1398294774721,42044050752000,171538053000001,-7.601,0.251,-31.69,0
1398294774728,42044057954000,171538053000001,-7.601,0.251,-31.69,0
1398294774740,42044069123000,171538053000001,-7.601,-0.051,-31.69,0
1398294774748,42044078370000,171538053000001,-7.601,-0.051,-31.69,0
1398294774761,42044090455000,171538053000001,-7.601,-0.051,-31.69,0
1398294774771,42044100556000,171538053000001,-7.601,-0.352,-31.69,0
1398294774782,42044111695000,171538053000001,-7.601,-0.352,-31.69,0
1398294774789,42044119111000,171538053000001,-7.601,-0.352,-31.69,0
1398294774801,42044130860000,171538053000001,-7.601,-0.73,-31.69,0
1398294774810,42044139283000,171538053000001,-7.601,-0.73,-31.69,0
1398294774818,42044148408000,171538053000001,-7.276,-0.73,-31.69,0
1398294774831,42044160920000,171538053000001,-7.276,-1.124,-31.69,0
1398294774839,42044169251000,171538053000001,-7.276,-1.124,-31.69,0
1398294774849,42044178742000,171538053000001,-7.276,-1.124,-31.69,0
1398294774863,42044192750000,171538053000001,-6.875,-1.48,-31.69,0
1398294774868,42044197633000,171538053000001,-6.875,-1.48,-31.69,0
1398294774884,42044213441000,171538053000001,-6.875,-1.48,-31.69,0
1398294774888,42044217897000,171538053000001,-6.875,-1.48,-31.69,0
1398294774903,42044232698000,171538053000001,-6.875,-1.48,-31.69,0
1398294774909,42044238648000,171538053000001,-6.875,-1.48,-31.69,0
1398294774923,42044252870000,171538053000001,-6.521,-1.817,-31.69,0
1398294774928,42044257997000,171538053000001,-6.521,-1.817,-31.69,0
1398294774943,42044272737000,171538053000001,-6.521,-1.817,-31.69,0
1398294774947,42044277314000,171538053000001,-6.521,-1.817,-31.69,0
1398294774961,42044291078000,171538053000001,-6.521,-1.817,-31.69,0
1398294774967,42044296479000,171538053000001,-6.198,-1.817,-31.69,0
1398294774977,42044306459000,171538053000001,-6.198,-1.817,-31.69,0
1398294774987,42044316468000,171538053000001,-6.198,-1.817,-31.69,0
1398294774996,42044326448000,171538053000001,-6.198,-1.817,-31.69,0
1398294775007,42044336488000,171538053000001,-6.198,-1.817,-31.69,0
1398294775017,42044346528000,171538053000001,-6.198,-1.817,-31.69,0
1398294775027,42044356690000,171538053000001,-6.198,-1.817,-31.69,0
1398294775039,42044368745000,171538053000001,-6.198,-1.817,-31.69,0
1398294775047,42044376527000,171538053000001,-6.198,-1.817,-31.69,0
1398294775057,42044386506000,171538053000001,-6.198,-1.478,-31.69,0
1398294775070,42044400117000,171538053000001,-6.198,-1.478,-31.69,0
1398294775081,42044410554000,171538053000001,-6.198,-1.478,-31.69,0
1398294775091,42044420564000,171538053000001,-6.198,-1.159,-31.69,0
1398294775101,42044430574000,171538053000001,-6.198,-1.159,-31.69,0
1398294775111,42044440553000,171538053000001,-6.198,-1.159,-31.69,0
1398294775120,42044450471000,171538053000001,-6.198,-0.854,-31.69,0
1398294775130,42044460237000,171538053000001,-6.515,-0.854,-31.69,0
1398294775144,42044474122000,171538053000001,-6.515,-0.854,-31.69,0
1398294775147,42044477296000,171538053000001,-6.515,-0.854,-31.69,0
1398294775163,42044492890000,171538053000001,-6.515,-0.854,-31.69,0
1398294775169,42044498963000,171538053000001,-6.515,-0.515,-31.69,0
1398294775179,42044507051000,171538053000001,-6.515,-0.515,-31.69,0
1398294775200,42044522279000,171538053000001,-6.515,-0.515,-31.991,0
1398294775202,42044526643000,171538053000001,-6.515,-0.515,-31.991,0
1398294775217,42044539247000,171538053000001,-6.831,-0.515,-31.991,0
1398294775219,42044546693000,171538053000001,-6.831,-0.515,-31.991,0
1398294775234,42044557405000,171538053000001,-6.831,-0.515,-31.991,0
1398294775237,42044566712000,171538053000001,-6.831,-0.515,-31.991,0
1398294775249,42044576692000,171538053000001,-6.831,-0.515,-31.991,0
1398294775258,42044587525000,171538053000001,-6.831,-0.515,-31.991,0
1398294775269,42044598085000,171538053000001,-6.831,-0.515,-31.991,0
1398294775279,42044607392000,171538053000001,-7.135,-0.207,-31.991,0
1398294775293,42044620149000,171538053000001,-7.135,-0.207,-31.991,0
1398294775301,42044626771000,171538053000001,-7.135,-0.207,-31.991,0
1398294775309,42044639222000,171538053000001,-7.135,-0.207,-31.991,0
1398294775321,42044648347000,171538053000001,-7.135,-0.207,-31.991,0
1398294775330,42044656892000,171538053000001,-7.135,-0.207,-31.991,0
1398294775337,42044666841000,171538053000001,-7.135,-0.207,-31.991,0
1398294775347,42044676850000,171538053000001,-7.135,0.129,-31.991,0
1398294775357,42044686830000,171538053000001,-7.135,0.129,-31.991,0
1398294775367,42044696839000,171538053000001,-7.135,0.129,-31.991,0
1398294775381,42044706849000,171538053000001,-7.135,0.129,-31.991,0
1398294775388,42044716889000,171538053000001,-7.135,0.129,-31.991,0
1398294775398,42044726899000,171538053000001,-7.135,0.129,-31.991,0
1398294775407,42044736909000,171538053000001,-7.135,0.129,-31.991,0
1398294775417,42044746888000,171538053000001,-7.135,0.456,-31.991,0
1398294775427,42044756928000,171538053000001,-7.135,0.456,-31.991,0
1398294775443,42044772767000,171538053000001,-7.135,0.456,-31.991,0
1398294775448,42044778077000,171538053000001,-7.135,0.456,-31.991,0
1398294775463,42044792878000,171538053000001,-7.135,0.456,-31.991,0
1398294775469,42044798524000,171538053000001,-7.135,0.456,-31.991,0
1398294775482,42044811647000,171538053000001,-7.135,0.456,-31.991,0
1398294775491,42044821015000,171538053000001,-7.135,0.456,-31.991,0
1398294775507,42044834016000,171538053000001,-7.135,0.456,-31.991,0
1398294775509,42044837068000,171538053000001,-7.135,0.456,-31.991,0
1398294775518,42044846986000,171538053000001,-7.135,0.456,-31.991,0
1398294775534,42044857423000,171538053000001,-7.135,0.456,-31.991,0
1398294775541,42044867005000,171538053000001,-7.135,0.456,-31.991,0
1398294775549,42044877015000,171538053000001,-7.135,0.456,-31.991,0
1398294775557,42044887055000,171538053000001,-7.135,0.456,-31.991,0
1398294775575,42044897035000,171538053000001,-7.135,0.12,-31.991,0
1398294775587,42044907044000,171538053000001,-7.135,0.12,-31.991,0
1398294775591,42044917085000,171538053000001,-7.135,0.12,-31.991,0
1398294775598,42044927095000,171538053000001,-7.135,0.12,-31.991,0
1398294775608,42044937074000,171538053000001,-7.135,-0.221,-31.991,0
1398294775617,42044947053000,171538053000001,-7.438,-0.221,-31.991,0
1398294775627,42044957063000,171538053000001,-7.438,-0.221,-31.991,0
1398294775637,42044967073000,171538053000001,-7.438,-0.221,-31.991,0
1398294775651,42044978608000,171538053000001,-7.438,-0.566,-31.991,0
1398294775657,42044987092000,171538053000001,-7.438,-0.566,-31.991,0
1398294775670,42044999513000,171538053000001,-7.438,-0.566,-31.991,0
1398294775680,42045010041000,171538053000001,-7.438,-0.881,-31.991,0
1398294775689,42045018678000,171538053000001,-7.438,-0.881,-31.991,0
1398294775703,42045032777000,171538053000001,-7.438,-0.881,-31.991,0
1398294775709,42045038636000,171538053000001,-7.438,-1.208,-31.991,0
1398294775723,42045052766000,171538053000001,-7.438,-1.208,-31.991,0
1398294775731,42045057191000,171538053000001,-7.438,-1.208,-31.991,0
1398294775740,42045069337000,171538053000001,-7.438,-1.208,-31.991,0
1398294775749,42045078370000,171538053000001,-7.438,-1.553,-31.991,0
1398294775761,42045090516000,171538053000001,-7.107,-1.553,-31.991,0
1398294775769,42045099183000,171538053000001,-7.107,-1.553,-31.991,0
1398294775783,42045113069000,171538053000001,-7.107,-1.553,-31.991,0
1398294775789,42045118653000,171538053000001,-7.107,-1.553,-31.991,0
1398294775802,42045131715000,171538053000001,-7.107,-1.553,-31.991,0
1398294775809,42045138459000,171538053000001,-6.802,-1.553,-31.991,0
1398294775823,42045153230000,171538053000001,-6.802,-1.553,-31.991,0
1398294775829,42045159028000,171538053000001,-6.802,-1.856,-31.991,0
1398294775842,42045171693000,171538053000001,-6.802,-1.856,-31.991,0
1398294775849,42045179383000,171538053000001,-6.802,-1.856,-31.991,0
1398294775865,42045193086000,171538053000001,-6.802,-1.856,-31.991,0
1398294775868,42045197633000,171538053000001,-6.465,-1.856,-31.991,0
1398294775878,42045207398000,171538053000001,-6.465,-1.856,-31.991,0
1398294775892,42045221772000,171538053000001,-6.465,-1.856,-31.991,0
1398294775900,42045229493000,171538053000001,-6.465,-1.856,-31.991,0
1398294775925,42045243470000,171538053000001,-6.465,-1.856,-31.991,0
1398294775928,42045247682000,171538053000001,-6.152,-2.162,-31.991,0
1398294775929,42045257447000,171538053000001,-6.152,-2.162,-31.991,0
1398294775939,42045267457000,171538053000001,-6.152,-2.162,-31.991,0
1398294775948,42045277436000,171538053000001,-6.152,-2.162,-31.991,0
1398294775965,42045293946000,171538053000001,-6.152,-2.162,-31.991,0
1398294775969,42045298951000,171538053000001,-6.152,-2.162,-31.991,0
1398294775982,42045312318000,171538053000001,-5.793,-2.162,-31.991,0
1398294775990,42045319673000,171538053000001,-5.793,-2.162,-31.991,0
1398294776006,42045331880000,171538053000001,-5.793,-2.162,-31.991,0
1398294776014,42045337464000,171538053000001,-5.793,-2.162,-31.991,0
1398294776018,42045347627000,171538053000001,-5.435,-2.162,-31.991,0
1398294776033,42045358186000,171538053000001,-5.435,-2.162,-31.991,0
1398294776055,42045369233000,171538053000001,-5.435,-2.511,-31.991,0
1398294776064,42045377534000,171538053000001,-5.435,-2.511,-31.991,0
1398294776069,42045387483000,171538053000001,-5.435,-2.511,-31.991,0
1398294776071,42045397523000,171538053000001,-5.126,-2.511,-31.991,0
1398294776078,42045407533000,171538053000001,-5.126,-2.511,-31.991,0
1398294776087,42045417512000,171538053000001,-5.126,-2.511,-31.991,0
1398294776098,42045427522000,171538053000001,-5.126,-2.511,-31.991,0
1398294776109,42045437501000,171538053000001,-4.774,-2.511,-31.991,0
1398294776118,42045447541000,171538053000001,-4.774,-2.827,-31.991,0
1398294776135,42045457582000,171538053000001,-4.774,-2.827,-31.991,0
1398294776144,42045467591000,171538053000001,-4.774,-2.827,-31.991,0
1398294776148,42045477571000,171538053000001,-4.774,-2.827,-31.991,0
1398294776160,42045487580000,171538053000001,-4.774,-2.827,-31.991,0
1398294776168,42045497621000,171538053000001,-4.774,-2.827,-31.991,0
1398294776178,42045507600000,171538053000001,-4.458,-2.827,-31.991,0
1398294776188,42045517610000,171538053000001,-4.458,-2.827,-31.991,0
1398294776198,42045527650000,171538053000001,-4.458,-2.827,-31.991,0
1398294776210,42045537629000,171538053000001,-4.458,-2.827,-31.991,0
1398294776220,42045549226000,171538053000001,-4.458,-2.827,-31.991,0
1398294776228,42045557679000,171538053000001,-4.458,-2.827,-31.991,0
1398294776238,42045567658000,171538053000001,-4.458,-2.827,-31.991,0
1398294776253,42045582704000,171538053000001,-4.458,-2.827,-31.991,0
1398294776266,42045596253000,171538053000001,-4.458,-2.827,-31.991,0
1398294776268,42045598023000,171538053000001,-4.458,-2.827,-31.991,0
1398294776283,42045613130000,171538053000001,-4.458,-2.827,-31.991,0
1398294776293,42045619233000,171538053000001,-4.458,-2.827,-31.991,0
1398294776300,42045629273000,171538053000001,-4.458,-2.827,-31.991,0
1398294776316,42045639253000,171538053000001,-4.458,-2.827,-31.991,0
1398294776318,42045647737000,171538053000001,-4.808,-2.827,-31.991,0
1398294776332,42045657777000,171538053000001,-4.808,-2.827,-31.991,0
1398294776342,42045669801000,171538053000001,-4.808,-2.827,-31.991,0
1398294776348,42045677766000,171538053000001,-4.808,-2.827,-31.991,0
1398294776363,42045687806000,171538053000001,-5.113,-2.827,-31.991,0
1398294776373,42045699861000,171538053000001,-5.113,-2.827,-31.991,0
1398294776378,42045707826000,171538053000001,-5.113,-2.827,-31.991,0
1398294776388,42045717805000,171538053000001,-5.113,-2.827,-31.991,0
1398294776399,42045729341000,171538053000001,-5.113,-3.164,-31.991,0
1398294776408,42045737855000,171538053000001,-5.422,-3.164,-31.991,0
1398294776418,42045747865000,171538053000001,-5.422,-3.164,-31.991,0
1398294776428,42045757875000,171538053000001,-5.422,-3.164,-31.991,0
1398294776438,42045767884000,171538053000001,-5.422,-3.164,-31.991,0
1398294776448,42045777864000,171538053000001,-5.798,-3.164,-31.991,0
1398294776459,42045787904000,171538053000001,-5.798,-3.164,-31.991,0
1398294776468,42045797883000,171538053000001,-5.798,-3.164,-31.64,0
1398294776478,42045807893000,171538053000001,-5.798,-3.164,-31.64,0
1398294776488,42045817872000,171538053000001,-6.192,-3.164,-31.64,0
1398294776498,42045827912000,171538053000001,-6.192,-3.164,-31.64,0
1398294776508,42045837922000,171538053000001,-6.192,-3.48,-31.64,0
1398294776518,42045847932000,171538053000001,-6.192,-3.48,-31.64,0
1398294776528,42045857942000,171538053000001,-6.524,-3.48,-31.3,0
1398294776538,42045867951000,171538053000001,-6.524,-3.48,-31.3,0
1398294776551,42045877992000,171538053000001,-6.524,-3.48,-31.3,0
1398294776561,42045888001000,171538053000001,-6.524,-3.48,-31.3,0
1398294776569,42045898683000,171538053000001,-6.524,-3.48,-31.3,0
1398294776579,42045909486000,171538053000001,-6.831,-3.48,-31.3,0
1398294776588,42045918000000,171538053000001,-6.831,-3.48,-31.3,0
1398294776598,42045927949000,171538053000001,-6.831,-3.48,-31.3,0
1398294776608,42045937989000,171538053000001,-6.831,-3.48,-31.3,0
1398294776618,42045947999000,171538053000001,-6.831,-3.48,-31.3,0
1398294776628,42045958039000,171538053000001,-6.831,-3.48,-31.3,0
1398294776638,42045968019000,171538053000001,-6.831,-3.48,-31.3,0
1398294776648,42045978028000,171538053000001,-6.831,-3.48,-31.3,0
1398294776658,42045988038000,171538053000001,-6.831,-3.158,-31.3,0
1398294776668,42045998048000,171538053000001,-6.831,-3.158,-31.3,0
1398294776678,42046008058000,171538053000001,-6.831,-3.158,-31.3,0
1398294776688,42046018067000,171538053000001,-6.831,-3.158,-31.3,0
1398294776698,42046028077000,171538053000001,-6.831,-3.158,-31.3,0
1398294776708,42046038087000,171538053000001,-6.831,-3.158,-31.3,0
1398294776718,42046048097000,171538053000001,-6.831,-2.857,-31.3,0
1398294776729,42046058259000,171538053000001,-6.831,-2.857,-31.3,0
1398294776738,42046068147000,171538053000001,-6.831,-2.857,-31.3,0
1398294776748,42046078157000,171538053000001,-6.831,-2.857,-31.3,0
1398294776760,42046089723000,171538053000001,-6.831,-2.857,-31.3,0
1398294776769,42046098237000,171538053000001,-6.831,-2.857,-31.3,0
1398294776779,42046108216000,171538053000001,-6.831,-2.857,-31.3,0
1398294776788,42046118226000,171538053000001,-6.831,-2.857,-31.3,0
1398294776798,42046128205000,171538053000001,-6.831,-2.857,-31.3,0
1398294776808,42046138215000,171538053000001,-6.831,-2.857,-31.3,0
1398294776818,42046148225000,171538053000001,-6.831,-2.857,-31.3,0
1398294776828,42046158235000,171538053000001,-6.831,-2.857,-31.3,0
1398294776838,42046168275000,171538053000001,-6.831,-2.857,-31.3,0
1398294776848,42046178254000,171538053000001,-6.831,-2.857,-31.3,0
1398294776858,42046188264000,171538053000001,-6.831,-2.857,-31.3,0
1398294776868,42046198243000,171538053000001,-6.831,-2.857,-31.3,0
1398294776881,42046210908000,171538053000001,-6.831,-2.857,-31.3,0
1398294776888,42046218263000,171538053000001,-6.831,-2.857,-31.3,0
1398294776898,42046228242000,171538053000001,-6.831,-2.857,-31.3,0
1398294776908,42046238282000,171538053000001,-6.831,-2.857,-31.3,0
1398294776918,42046248262000,171538053000001,-6.831,-2.857,-31.3,0
1398294776928,42046258302000,171538053000001,-6.831,-2.857,-31.3,0
1398294776940,42046269837000,171538053000001,-6.831,-2.857,-31.3,0
1398294776948,42046278352000,171538053000001,-6.831,-2.857,-31.3,0
1398294776958,42046288331000,171538053000001,-6.831,-2.857,-31.3,0
1398294776968,42046298341000,171538053000001,-6.831,-2.857,-31.3,0
1398294776978,42046308351000,171538053000001,-6.831,-2.857,-31.3,0
1398294776988,42046318360000,171538053000001,-6.831,-2.857,-31.3,0
1398294776998,42046328370000,171538053000001,-6.831,-2.857,-31.3,0
1398294777008,42046338380000,171538053000001,-6.831,-2.857,-31.3,0
1398294777018,42046348390000,171538053000001,-6.831,-2.857,-31.3,0
1398294777028,42046358399000,171538053000001,-6.831,-2.857,-31.3,0
1398294777038,42046368409000,171538053000001,-6.831,-2.857,-31.3,0
1398294777048,42046378419000,171538053000001,-6.831,-2.857,-31.3,0
1398294777058,42046388429000,171538053000001,-6.831,-2.857,-31.3,0
1398294777068,42046398439000,171538053000001,-6.831,-2.857,-31.3,0
1398294777078,42046408448000,171538053000001,-6.831,-2.857,-31.3,0
1398294777088,42046418458000,171538053000001,-6.831,-2.857,-31.3,0
1398294777098,42046428468000,171538053000001,-6.831,-2.857,-31.3,0
1398294777108,42046438478000,171538053000001,-6.831,-2.857,-31.3,0
1398294777120,42046450044000,171538053000001,-6.831,-2.857,-31.3,0
1398294777128,42046458528000,171538053000001,-6.529,-2.857,-31.3,0
1398294777138,42046468507000,171538053000001,-6.529,-2.857,-31.3,0
1398294777148,42046478517000,171538053000001,-6.529,-2.857,-31.3,0
1398294777158,42046488526000,171538053000001,-6.529,-2.857,-31.3,0
1398294777168,42046498536000,171538053000001,-6.529,-2.857,-31.3,0
1398294777178,42046508546000,171538053000001,-6.529,-3.158,-31.3,0
1398294777188,42046518556000,171538053000001,-6.529,-3.158,-31.3,0
1398294777198,42046528565000,171538053000001,-6.529,-3.158,-31.3,0
1398294777208,42046538545000,171538053000001,-6.529,-3.158,-31.3,0
1398294777218,42046548554000,171538053000001,-6.529,-3.158,-31.3,0
1398294777231,42046560609000,171538053000001,-6.529,-3.158,-31.3,0
1398294777242,42046569337000,171538053000001,-6.529,-3.158,-31.3,0
1398294777249,42046578675000,171538053000001,-6.529,-3.158,-31.3,0
1398294777259,42046588960000,171538053000001,-6.529,-3.158,-30.992,0
1398294777269,42046598664000,171538053000001,-6.529,-3.158,-30.992,0
1398294777279,42046608705000,171538053000001,-6.529,-3.492,-30.992,0
1398294777289,42046618684000,171538053000001,-6.842,-3.492,-30.992,0
1398294777300,42046630220000,171538053000001,-6.842,-3.492,-30.992,0
1398294777309,42046638734000,171538053000001,-6.842,-3.492,-30.992,0
1398294777319,42046648713000,171538053000001,-6.842,-3.492,-30.992,0
1398294777329,42046658723000,171538053000001,-6.842,-3.492,-30.992,0
1398294777339,42046668733000,171538053000001,-6.842,-3.492,-30.992,0
1398294777354,42046683991000,171538053000001,-6.842,-3.492,-30.992,0
1398294777361,42046690553000,171538053000001,-6.842,-3.492,-30.992,0
1398294777375,42046705445000,171538053000001,-7.142,-3.492,-30.992,0
1398294777379,42046709230000,171538053000001,-7.142,-3.492,-30.992,0
1398294777395,42046725190000,171538053000001,-7.142,-3.492,-30.992,0
1398294777400,42046730378000,171538053000001,-7.142,-3.492,-30.992,0
1398294777415,42046745088000,171538053000001,-7.142,-3.492,-30.992,0
1398294777420,42046749696000,171538053000001,-7.142,-3.492,-30.992,0
1398294777435,42046765229000,171538053000001,-7.142,-3.492,-30.992,0
1398294777439,42046769288000,171538053000001,-7.472,-3.492,-30.992,0
1398294777454,42046783723000,171538053000001,-7.472,-3.492,-30.992,0
1398294777465,42046791322000,171538053000001,-7.472,-3.492,-30.992,0
1398294777470,42046799348000,171538053000001,-7.472,-3.492,-30.992,0
1398294777481,42046810426000,171538053000001,-7.472,-3.492,-30.992,0
1398294777499,42046824647000,171538053000001,-7.472,-3.492,-30.992,0
1398294777503,42046829042000,171538053000001,-7.472,-3.492,-30.992,0
1398294777518,42046838899000,171538053000001,-7.472,-3.492,-30.992,0
1398294777525,42046848908000,171538053000001,-7.472,-3.492,-30.992,0
1398294777530,42046858918000,171538053000001,-7.472,-3.492,-30.992,0
1398294777543,42046868959000,171538053000001,-7.472,-3.492,-30.992,0
1398294777550,42046879853000,171538053000001,-7.777,-3.492,-30.992,0
1398294777560,42046889436000,171538053000001,-7.777,-3.492,-30.992,0
1398294777575,42046899934000,171538053000001,-7.777,-3.492,-30.992,0
1398294777579,42046908967000,171538053000001,-7.777,-3.492,-30.992,0
1398294777592,42046918977000,171538053000001,-7.777,-3.492,-30.992,0
1398294777599,42046929017000,171538053000001,-7.777,-3.492,-30.992,0
1398294777609,42046939027000,171538053000001,-7.777,-3.492,-30.992,0
1398294777619,42046949037000,171538053000001,-7.777,-3.492,-30.992,0
1398294777629,42046959016000,171538053000001,-7.777,-3.492,-30.992,0
1398294777639,42046969026000,171538053000001,-7.777,-3.492,-30.992,0
1398294777649,42046979035000,171538053000001,-7.777,-3.492,-30.992,0
1398294777660,42046990602000,171538053000001,-7.777,-3.492,-30.992,0
1398294777669,42046999085000,171538053000001,-7.777,-3.492,-30.992,0
1398294777679,42047009095000,171538053000001,-7.421,-3.492,-30.992,0
1398294777689,42047019074000,171538053000001,-7.421,-3.492,-30.992,0
1398294777699,42047029084000,171538053000001,-7.421,-3.492,-30.992,0
1398294777709,42047039094000,171538053000001,-7.421,-3.492,-30.992,0
1398294777719,42047049104000,171538053000001,-7.421,-3.492,-30.992,0
1398294777729,42047059144000,171538053000001,-7.421,-3.492,-30.992,0
1398294777739,42047069123000,171538053000001,-7.421,-3.492,-30.992,0
1398294777749,42047079133000,171538053000001,-7.421,-3.492,-30.992,0
1398294777760,42047089173000,171538053000001,-7.421,-3.492,-30.992,0
1398294777769,42047099153000,171538053000001,-7.421,-3.492,-30.992,0
1398294777779,42047109223000,171538053000001,-7.421,-3.492,-30.992,0
1398294777789,42047119203000,171538053000001,-7.421,-3.492,-30.992,0
1398294777804,42047132569000,171538053000001,-7.421,-3.492,-30.992,0
1398294777809,42047139161000,171538053000001,-7.421,-3.492,-30.992,0
1398294777823,42047149171000,171538053000001,-7.421,-3.492,-30.992,0
1398294777829,42047159303000,171538053000001,-7.421,-3.492,-30.992,0
1398294777841,42047170808000,171538053000001,-7.421,-3.492,-30.992,0
1398294777849,42047179322000,171538053000001,-7.421,-3.492,-30.992,0
1398294777861,42047189271000,171538053000001,-7.421,-3.492,-30.992,0
1398294777870,42047199281000,171538053000001,-7.421,-3.492,-30.992,0
1398294777879,42047209291000,171538053000001,-7.421,-3.492,-30.992,0
1398294777889,42047219270000,171538053000001,-7.421,-3.492,-30.992,0
1398294777899,42047229280000,171538053000001,-7.421,-3.492,-30.992,0
1398294777909,42047239289000,171538053000001,-7.421,-3.492,-30.992,0
1398294777920,42047249299000,171538053000001,-7.421,-3.492,-30.992,0
1398294777929,42047259339000,171538053000001,-7.421,-3.492,-30.992,0
1398294777939,42047269349000,171538053000001,-7.421,-3.492,-30.992,0
1398294777949,42047279359000,171538053000001,-7.421,-3.492,-30.992,0
1398294777959,42047289338000,171538053000001,-7.421,-3.492,-30.992,0
1398294777969,42047299378000,171538053000001,-7.421,-3.492,-30.992,0
1398294777979,42047309388000,171538053000001,-7.421,-3.492,-30.992,0
1398294777989,42047319398000,171538053000001,-7.421,-3.492,-30.992,0
1398294777999,42047329377000,171538053000001,-7.421,-3.492,-30.992,0
1398294778010,42047339570000,171538053000001,-7.421,-3.492,-30.992,0
1398294778021,42047350953000,171538053000001,-7.421,-3.492,-30.992,0
1398294778030,42047359468000,171538053000001,-7.421,-3.492,-30.992,0
1398294778040,42047369447000,171538053000001,-7.421,-3.492,-30.992,0
1398294778049,42047379426000,171538053000001,-7.421,-3.492,-30.992,0
1398294778060,42047389466000,171538053000001,-7.421,-3.492,-30.992,0
1398294778071,42047399476000,171538053000001,-7.421,-3.492,-30.992,0
1398294778079,42047409455000,171538053000001,-7.118,-3.492,-30.992,0
1398294778090,42047419496000,171538053000001,-7.118,-3.492,-30.992,0
1398294778099,42047429475000,171538053000001,-7.118,-3.492,-30.992,0
1398294778114,42047439759000,171538053000001,-7.118,-3.492,-30.992,0
1398294778120,42047449494000,171538053000001,-7.118,-3.492,-30.992,0
1398294778130,42047459474000,171538053000001,-7.118,-3.492,-30.992,0
1398294778139,42047469483000,171538053000001,-7.118,-3.179,-30.992,0
1398294778149,42047479493000,171538053000001,-7.118,-3.179,-30.992,0
1398294778159,42047489503000,171538053000001,-7.118,-3.179,-31.3,0
1398294778170,42047499513000,171538053000001,-7.118,-3.179,-31.3,0
1398294778179,42047509522000,171538053000001,-7.118,-3.179,-31.3,0
1398294778189,42047519532000,171538053000001,-7.118,-3.179,-31.3,0
1398294778201,42047531098000,171538053000001,-6.809,-3.179,-31.3,0
1398294778209,42047539582000,171538053000001,-6.809,-3.179,-31.3,0
1398294778220,42047549562000,171538053000001,-6.809,-3.179,-31.3,0
1398294778229,42047559571000,171538053000001,-6.809,-2.879,-31.3,0
1398294778239,42047569581000,171538053000001,-6.809,-2.879,-31.3,0
1398294778249,42047579591000,171538053000001,-6.809,-2.879,-31.3,0
1398294778263,42047589601000,171538053000001,-6.809,-2.879,-31.3,0
1398294778275,42047599671000,171538053000001,-6.809,-2.879,-31.3,0
1398294778280,42047609681000,171538053000001,-6.809,-2.879,-31.3,0
1398294778291,42047619691000,171538053000001,-6.809,-2.574,-31.3,0
1398294778300,42047629670000,171538053000001,-6.809,-2.574,-31.3,0
1398294778310,42047639710000,171538053000001,-6.809,-2.574,-31.3,0
1398294778322,42047649690000,171538053000001,-6.809,-2.574,-31.3,0
1398294778330,42047659699000,171538053000001,-6.809,-2.574,-31.3,0
1398294778340,42047669709000,171538053000001,-6.492,-2.574,-31.3,0
1398294778350,42047679719000,171538053000001,-6.492,-2.574,-31.3,0
1398294778360,42047689729000,171538053000001,-6.492,-2.574,-31.3,0
1398294778370,42047699739000,171538053000001,-6.492,-2.574,-31.3,0
1398294778381,42047711305000,171538053000001,-6.492,-2.574,-31.3,0
1398294778390,42047719819000,171538053000001,-6.492,-2.574,-31.3,0
1398294778400,42047729798000,171538053000001,-6.492,-2.574,-31.3,0
1398294778412,42047742158000,171538053000001,-6.492,-2.574,-31.3,0
1398294778420,42047749757000,171538053000001,-6.492,-2.574,-31.3,0
1398294778430,42047759767000,171538053000001,-6.492,-2.574,-31.3,0
1398294778440,42047769960000,171538053000001,-6.492,-2.574,-31.3,0
1398294778450,42047779786000,171538053000001,-6.492,-2.574,-31.619,0
1398294778460,42047789796000,171538053000001,-6.164,-2.574,-31.619,0
1398294778472,42047799806000,171538053000001,-6.164,-2.574,-31.619,0
1398294778480,42047809815000,171538053000001,-6.164,-2.574,-31.619,0
1398294778508,42047819856000,171538053000001,-6.164,-2.574,-31.619,0
1398294778516,42047829835000,171538053000001,-6.164,-2.574,-31.619,0
1398294778518,42047839845000,171538053000001,-6.164,-2.574,-31.619,0
1398294778520,42047849855000,171538053000001,-6.164,-2.574,-31.619,0
1398294778530,42047859864000,171538053000001,-6.164,-2.574,-31.619,0
1398294778540,42047869874000,171538053000001,-6.164,-2.574,-31.619,0
1398294778550,42047879884000,171538053000001,-6.164,-2.574,-31.619,0
1398294778561,42047891450000,171538053000001,-6.164,-2.574,-31.619,0
1398294778570,42047899964000,171538053000001,-6.164,-2.249,-31.619,0
1398294778580,42047909944000,171538053000001,-6.164,-2.249,-31.619,0
1398294778590,42047919953000,171538053000001,-6.164,-2.249,-31.619,0
1398294778600,42047929933000,171538053000001,-6.164,-2.249,-31.619,0
1398294778610,42047939942000,171538053000001,-6.164,-2.249,-31.619,0
1398294778620,42047949983000,171538053000001,-6.164,-2.249,-31.619,0
1398294778630,42047959992000,171538053000001,-6.164,-2.249,-31.619,0
1398294778640,42047969972000,171538053000001,-6.164,-2.249,-31.619,0
1398294778650,42047979981000,171538053000001,-6.164,-2.249,-31.619,0
1398294778661,42047989991000,171538053000001,-6.164,-2.249,-31.619,0
1398294778670,42048000001000,171538053000001,-6.164,-2.249,-31.619,0
1398294778680,42048010011000,171538053000001,-6.474,-1.922,-31.619,0
1398294778690,42048020021000,171538053000001,-6.474,-1.922,-31.619,0
1398294778700,42048030030000,171538053000001,-6.474,-1.922,-31.619,0
1398294778710,42048040040000,171538053000001,-6.474,-1.922,-31.619,0
1398294778726,42048055177000,171538053000001,-6.474,-1.922,-31.619,0
1398294778730,42048060121000,171538053000001,-6.779,-1.922,-31.619,0
1398294778742,42048071626000,171538053000001,-6.779,-1.922,-31.619,0
1398294778750,42048080140000,171538053000001,-6.779,-1.922,-31.619,0
1398294778760,42048090089000,171538053000001,-6.779,-1.922,-31.619,0
1398294778770,42048100099000,171538053000001,-6.779,-1.922,-31.619,0
1398294778780,42048110108000,171538053000001,-6.779,-1.922,-31.619,0
1398294778790,42048120149000,171538053000001,-6.779,-1.922,-31.619,0
1398294778801,42048130128000,171538053000001,-6.779,-1.922,-31.619,0
1398294778810,42048140168000,171538053000001,-7.096,-1.922,-31.619,0
1398294778820,42048150147000,171538053000001,-7.096,-1.922,-31.619,0
1398294778830,42048160157000,171538053000001,-7.096,-1.922,-31.619,0
1398294778840,42048170167000,171538053000001,-7.096,-1.922,-31.619,0
1398294778850,42048180207000,171538053000001,-7.096,-1.922,-31.619,0
1398294778860,42048190217000,171538053000001,-7.096,-1.922,-31.619,0
1398294778870,42048200196000,171538053000001,-7.096,-1.922,-31.619,0
1398294778880,42048210237000,171538053000001,-7.096,-1.922,-31.619,0
1398294778896,42048220277000,171538053000001,-7.096,-2.273,-31.619,0
1398294778905,42048233766000,171538053000001,-7.096,-2.273,-31.619,0
1398294778910,42048240266000,171538053000001,-7.403,-2.273,-31.619,0
1398294778922,42048251832000,171538053000001,-7.403,-2.273,-31.619,0
1398294778930,42048260316000,171538053000001,-7.403,-2.273,-31.619,0
1398294778940,42048270265000,171538053000001,-7.403,-2.273,-31.619,0
1398294778950,42048280519000,171538053000001,-7.403,-2.273,-31.619,0
1398294778960,42048290284000,171538053000001,-7.403,-2.273,-31.619,0
1398294778970,42048300324000,171538053000001,-7.403,-2.273,-31.619,0
1398294778980,42048310304000,171538053000001,-7.403,-2.273,-31.619,0
1398294778990,42048320314000,171538053000001,-7.727,-2.273,-31.619,0
1398294779000,42048330323000,171538053000001,-7.727,-2.273,-31.278,0
1398294779010,42048340333000,171538053000001,-7.727,-2.273,-31.278,0
1398294779020,42048350343000,171538053000001,-7.727,-2.273,-31.278,0
1398294779031,42048361390000,171538053000001,-7.727,-2.273,-31.278,0
1398294779040,42048370362000,171538053000001,-7.727,-2.273,-31.278,0
1398294779050,42048380372000,171538053000001,-7.727,-2.273,-31.278,0
1398294779060,42048390412000,171538053000001,-7.727,-2.273,-31.278,0
1398294779070,42048400392000,171538053000001,-7.727,-2.273,-31.278,0
1398294779080,42048410432000,171538053000001,-7.727,-2.273,-31.278,0
1398294779090,42048420411000,171538053000001,-7.727,-2.273,-31.278,0
1398294779102,42048431947000,171538053000001,-7.727,-2.273,-31.278,0
1398294779110,42048440461000,171538053000001,-7.727,-2.273,-31.278,0
1398294779120,42048450410000,171538053000001,-7.727,-2.592,-31.278,0
1398294779130,42048460420000,171538053000001,-7.727,-2.592,-31.278,0
1398294779140,42048470491000,171538053000001,-7.727,-2.592,-31.278,0
1398294779159,42048480500000,171538053000001,-7.727,-2.592,-31.278,0
1398294779165,42048490480000,171538053000001,-7.727,-2.592,-31.278,0
1398294779170,42048500489000,171538053000001,-7.727,-2.592,-31.278,0
1398294779180,42048510530000,171538053000001,-7.727,-2.592,-31.278,0
1398294779190,42048520509000,171538053000001,-7.727,-2.592,-31.278,0
1398294779200,42048530519000,171538053000001,-7.727,-2.592,-31.278,0
1398294779210,42048540528000,171538053000001,-7.727,-2.592,-31.278,0
1398294779220,42048550569000,171538053000001,-7.727,-2.592,-31.278,0
1398294779230,42048560548000,171538053000001,-7.727,-2.592,-31.278,0
1398294779240,42048570558000,171538053000001,-7.727,-2.592,-31.278,0
1398294779250,42048580537000,171538053000001,-7.727,-2.592,-31.278,0
1398294779260,42048590760000,171538053000001,-7.727,-2.592,-31.278,0
1398294779270,42048600587000,171538053000001,-7.417,-2.592,-31.278,0
1398294779282,42048612123000,171538053000001,-7.417,-2.592,-31.278,0
1398294779290,42048620820000,171538053000001,-7.417,-2.592,-31.278,0
1398294779300,42048630616000,171538053000001,-7.417,-2.592,-31.278,0
1398294779310,42048640626000,171538053000001,-7.417,-2.592,-31.278,0
1398294779322,42048650666000,171538053000001,-7.417,-2.592,-31.278,0
1398294779337,42048660676000,171538053000001,-7.417,-2.592,-31.278,0
1398294779341,42048670625000,171538053000001,-7.078,-2.592,-31.278,0
1398294779351,42048680665000,171538053000001,-7.078,-2.592,-31.278,0
1398294779361,42048690736000,171538053000001,-7.078,-2.592,-31.278,0
1398294779372,42048700685000,171538053000001,-7.078,-2.592,-31.278,0
1398294779380,42048710694000,171538053000001,-7.078,-2.592,-31.278,0
1398294779391,42048720704000,171538053000001,-7.078,-2.592,-31.278,0
1398294779402,42048730714000,171538053000001,-7.078,-2.592,-31.278,0
1398294779411,42048740724000,171538053000001,-7.078,-2.592,-31.278,0
1398294779421,42048750733000,171538053000001,-6.761,-2.592,-31.585,0
1398294779430,42048760713000,171538053000001,-6.761,-2.592,-31.585,0
1398294779440,42048770722000,171538053000001,-6.761,-2.592,-31.585,0
1398294779451,42048780732000,171538053000001,-6.761,-2.592,-31.585,0
1398294779463,42048792573000,171538053000001,-6.761,-2.592,-31.585,0
1398294779471,42048800813000,171538053000001,-6.761,-2.592,-31.585,0
1398294779481,42048810762000,171538053000001,-6.761,-2.592,-31.585,0
1398294779491,42048820771000,171538053000001,-6.761,-2.592,-31.585,0
1398294779501,42048830781000,171538053000001,-6.761,-2.592,-31.585,0
1398294779511,42048840821000,171538053000001,-6.761,-2.592,-31.585,0
1398294779521,42048850831000,171538053000001,-6.761,-2.592,-31.585,0
1398294779531,42048860810000,171538053000001,-6.761,-2.592,-31.585,0
1398294779541,42048870851000,171538053000001,-6.761,-2.592,-31.585,0
1398294779551,42048880860000,171538053000001,-6.761,-2.592,-31.585,0
1398294779561,42048890840000,171538053000001,-6.761,-2.592,-31.585,0
1398294779571,42048900880000,171538053000001,-6.761,-2.592,-31.585,0
1398294779581,42048910890000,171538053000001,-6.761,-2.592,-31.585,0
1398294779591,42048920899000,171538053000001,-6.761,-2.592,-31.585,0
1398294779601,42048930909000,171538053000001,-6.761,-2.592,-31.585,0
1398294779611,42048940919000,171538053000001,-6.761,-2.592,-31.585,0
1398294779621,42048950929000,171538053000001,-6.761,-2.273,-31.585,0
1398294779631,42048960939000,171538053000001,-6.761,-2.273,-31.585,0
1398294779646,42048976350000,171538053000001,-6.761,-2.273,-31.585,0
1398294779651,42048980775000,171538053000001,-6.761,-2.273,-31.585,0
1398294779661,42048990968000,171538053000001,-6.761,-2.273,-31.585,0
1398294779674,42049001802000,171538053000001,-6.761,-2.273,-31.585,0
1398294779685,42049014527000,171538053000001,-6.761,-2.273,-31.585,0
1398294779695,42049024934000,171538053000001,-6.761,-1.969,-31.585,0
1398294779703,42049033082000,171538053000001,-6.761,-1.969,-31.585,0
1398294779716,42049045320000,171538053000001,-6.761,-1.969,-31.585,0
1398294779738,42049053193000,171538053000001,-6.761,-1.969,-31.585,0
1398294779740,42049061097000,171538053000001,-6.761,-1.969,-31.585,0
1398294779742,42049071076000,171538053000001,-6.761,-1.969,-31.585,0
1398294779752,42049081086000,171538053000001,-6.761,-1.969,-31.585,0
1398294779762,42049091798000,171538053000001,-6.761,-1.969,-31.585,0
1398294779774,42049103944000,171538053000001,-6.761,-1.969,-31.585,0
1398294779785,42049114595000,171538053000001,-6.761,-1.969,-31.585,0
1398294779795,42049124604000,171538053000001,-6.761,-1.969,-31.585,0
1398294779805,42049134767000,171538053000001,-6.416,-1.969,-31.585,0
1398294779815,42049144593000,171538053000001,-6.416,-1.969,-31.585,0
1398294779826,42049154908000,171538053000001,-6.416,-1.969,-31.585,0
1398294779834,42049163850000,171538053000001,-6.416,-1.969,-31.585,0
1398294779845,42049174623000,171538053000001,-6.416,-1.969,-31.585,0
1398294779853,42049183137000,171538053000001,-6.416,-1.969,-31.585,0
1398294779864,42049193543000,171538053000001,-6.092,-1.969,-31.585,0
1398294779871,42049201234000,171538053000001,-6.092,-1.969,-31.904,0
1398294779883,42049211213000,171538053000001,-6.092,-1.969,-31.904,0
1398294779891,42049221253000,171538053000001,-6.092,-1.969,-31.904,0
1398294779901,42049231233000,171538053000001,-6.092,-1.969,-31.904,0
1398294779911,42049241273000,171538053000001,-6.092,-1.969,-31.904,0
1398294779921,42049251283000,171538053000001,-6.092,-1.969,-31.904,0
1398294779931,42049261262000,171538053000001,-6.092,-1.969,-31.904,0
1398294779941,42049271272000,171538053000001,-6.092,-1.969,-31.904,0
1398294779955,42049285035000,171538053000001,-6.092,-1.969,-31.904,0
1398294779961,42049291291000,171538053000001,-6.092,-1.969,-31.904,0
1398294779972,42049302217000,171538053000001,-6.092,-1.969,-31.904,0
1398294779985,42049314820000,171538053000001,-6.092,-1.969,-31.904,0
1398294779994,42049324281000,171538053000001,-6.092,-1.969,-31.904,0
1398294780034,42049333863000,171538053000001,-6.092,-1.969,-31.904,0
1398294780035,42049341371000,171538053000001,-6.092,-1.969,-31.904,0
1398294780037,42049351350000,171538053000001,-6.401,-1.969,-31.904,0
1398294780039,42049361360000,171538053000001,-6.401,-1.969,-31.904,0
1398294780042,42049371369000,171538053000001,-6.401,-1.969,-31.904,0
1398294780051,42049381349000,171538053000001,-6.401,-1.969,-31.904,0
1398294780061,42049391358000,171538053000001,-6.401,-1.969,-31.904,0
1398294780071,42049401338000,171538053000001,-6.401,-1.969,-31.904,0
1398294780081,42049411347000,171538053000001,-6.401,-1.969,-31.904,0
1398294780091,42049421357000,171538053000001,-6.401,-1.969,-31.904,0
1398294780101,42049431367000,171538053000001,-6.401,-1.969,-31.904,0
1398294780112,42049442231000,171538053000001,-6.401,-1.969,-31.904,0
1398294780125,42049454866000,171538053000001,-6.401,-1.969,-31.904,0
1398294780138,42049467866000,171538053000001,-6.401,-1.969,-31.904,0
1398294780143,42049473512000,171538053000001,-6.401,-1.969,-31.904,0
1398294780158,42049487702000,171538053000001,-6.401,-1.969,-31.904,0
1398294780164,42049493775000,171538053000001,-6.401,-1.969,-31.904,0
1398294780178,42049507752000,171538053000001,-6.401,-1.969,-31.904,0
1398294780184,42049512971000,171538053000001,-6.401,-1.969,-31.904,0
1398294780195,42049525117000,171538053000001,-6.401,-2.291,-31.904,0
1398294780204,42049531526000,171538053000001,-6.401,-2.291,-31.904,0
1398294780219,42049542970000,171538053000001,-6.401,-2.291,-31.904,0
1398294780222,42049552003000,171538053000001,-6.401,-2.291,-31.904,0
1398294780241,42049561616000,171538053000001,-6.083,-2.291,-31.904,0
1398294780244,42049571565000,171538053000001,-6.083,-2.291,-31.904,0
1398294780260,42049581605000,171538053000001,-6.083,-2.291,-31.904,0
1398294780267,42049591584000,171538053000001,-6.083,-2.291,-31.904,0
1398294780272,42049601564000,171538053000001,-6.083,-2.291,-31.904,0
1398294780284,42049613069000,171538053000001,-6.083,-2.291,-31.904,0
1398294780297,42049621614000,171538053000001,-6.083,-2.291,-31.904,0
1398294780305,42049631593000,171538053000001,-6.083,-2.291,-31.904,0
1398294780317,42049641633000,171538053000001,-6.083,-2.291,-31.904,0
1398294780322,42049651612000,171538053000001,-6.083,-2.291,-31.904,0
1398294780339,42049661622000,171538053000001,-6.405,-2.291,-31.904,0
1398294780342,42049671632000,171538053000001,-6.405,-2.291,-31.904,0
1398294780352,42049681642000,171538053000001,-6.405,-2.291,-31.904,0
1398294780363,42049693177000,171538053000001,-6.405,-2.291,-31.904,0
1398294780372,42049701692000,171538053000001,-6.405,-2.291,-31.904,0
1398294780383,42049711671000,171538053000001,-6.405,-2.291,-31.596,0
1398294780392,42049721681000,171538053000001,-6.405,-2.291,-31.596,0
1398294780403,42049732545000,171538053000001,-6.405,-2.291,-31.596,0
1398294780417,42049745820000,171538053000001,-6.405,-2.291,-31.596,0
1398294780423,42049751741000,171538053000001,-6.065,-2.291,-31.596,0
1398294780433,42049762086000,171538053000001,-6.065,-2.291,-31.596,0
1398294780443,42049771760000,171538053000001,-6.065,-2.291,-31.596,0
1398294780452,42049781800000,171538053000001,-6.065,-2.6,-31.596,0
1398294780466,42049793061000,171538053000001,-6.065,-2.6,-31.596,0
1398294780472,42049801850000,171538053000001,-6.065,-2.6,-31.596,0
1398294780482,42049811799000,171538053000001,-5.715,-2.6,-31.596,0
1398294780495,42049824189000,171538053000001,-5.715,-2.935,-31.596,0
1398294780502,42049831849000,171538053000001,-5.715,-2.935,-31.596,0
1398294780512,42049841828000,171538053000001,-5.715,-2.935,-31.596,0
1398294780526,42049851869000,171538053000001,-5.374,-2.935,-31.596,0
1398294780532,42049861848000,171538053000001,-5.374,-2.935,-31.596,0
1398294780544,42049873384000,171538053000001,-5.374,-2.935,-31.596,0
1398294780553,42049882020000,171538053000001,-5.374,-2.935,-31.596,0
1398294780568,42049898042000,171538053000001,-5.374,-2.935,-31.596,0
1398294780573,42049902497000,171538053000001,-5.374,-3.239,-31.596,0
1398294780584,42049911897000,171538053000001,-5.374,-3.239,-31.596,0
1398294780594,42049921937000,171538053000001,-5.374,-3.239,-31.596,0
1398294780602,42049931916000,171538053000001,-5.374,-3.239,-31.596,0
1398294780612,42049941865000,171538053000001,-5.374,-3.239,-31.596,0
1398294780622,42049951905000,171538053000001,-5.374,-3.239,-31.596,0
1398294780632,42049961915000,171538053000001,-5.374,-3.239,-31.596,0
1398294780642,42049971894000,171538053000001,-5.374,-3.239,-31.596,0
1398294780652,42049981904000,171538053000001,-5.374,-3.239,-31.596,0
1398294780662,42049991914000,171538053000001,-5.682,-3.239,-31.596,0
1398294780672,42050001924000,171538053000001,-5.682,-3.239,-31.596,0
1398294780682,42050011933000,171538053000001,-5.682,-3.239,-31.596,0
1398294780693,42050021974000,171538053000001,-5.682,-3.239,-31.596,0
1398294780702,42050031922000,171538053000001,-5.682,-3.239,-31.596,0
1398294780712,42050041932000,171538053000001,-5.682,-3.239,-31.596,0
1398294780724,42050053498000,171538053000001,-6.007,-3.239,-31.596,0
1398294780732,42050061982000,171538053000001,-6.007,-3.239,-31.596,0
1398294780742,42050071961000,171538053000001,-6.007,-3.239,-31.596,0
1398294780752,42050082002000,171538053000001,-6.007,-3.239,-31.596,0
1398294780762,42050091981000,171538053000001,-6.007,-3.239,-31.596,0
1398294780772,42050102052000,171538053000001,-6.007,-3.239,-31.596,0
1398294780782,42050112031000,171538053000001,-6.007,-3.239,-31.596,0
1398294780792,42050122010000,171538053000001,-6.007,-3.239,-31.596,0
1398294780803,42050132508000,171538053000001,-6.007,-3.239,-31.596,0
1398294780812,42050142030000,171538053000001,-6.007,-3.239,-31.596,0
1398294780822,42050152070000,171538053000001,-6.007,-3.239,-31.596,0
1398294780832,42050162080000,171538053000001,-6.007,-3.239,-31.596,0
1398294780842,42050172059000,171538053000001,-6.007,-3.239,-31.596,0
1398294780852,42050182069000,171538053000001,-6.007,-3.239,-31.596,0
1398294780863,42050192079000,171538053000001,-6.007,-3.239,-31.596,0
1398294780875,42050204591000,171538053000001,-6.007,-3.239,-31.596,0
1398294780883,42050212098000,171538053000001,-6.007,-3.239,-31.596,0
1398294780892,42050222108000,171538053000001,-5.685,-3.239,-31.596,0
1398294780909,42050233674000,171538053000001,-5.685,-3.239,-31.596,0
1398294780917,42050242158000,171538053000001,-5.685,-3.239,-31.596,0
1398294780923,42050252137000,171538053000001,-5.685,-3.239,-31.596,0
1398294780938,42050262147000,171538053000001,-5.685,-2.934,-31.596,0
1398294780942,42050272157000,171538053000001,-5.685,-2.934,-31.596,0
1398294780952,42050282167000,171538053000001,-5.38,-2.934,-31.903,0
1398294780962,42050292176000,171538053000001,-5.38,-2.934,-31.903,0
1398294780972,42050302186000,171538053000001,-5.38,-2.934,-31.903,0
1398294780983,42050312196000,171538053000001,-5.38,-2.624,-31.903,0
1398294780993,42050322236000,171538053000001,-5.38,-2.624,-31.903,0
1398294781003,42050332429000,171538053000001,-5.38,-2.624,-31.903,0
1398294781013,42050342225000,171538053000001,-5.38,-2.624,-31.903,0
1398294781022,42050352235000,171538053000001,-5.38,-2.624,-31.903,0
1398294781033,42050362245000,171538053000001,-5.38,-2.313,-31.903,0
1398294781042,42050372315000,171538053000001,-5.38,-2.313,-31.903,0
1398294781053,42050382295000,171538053000001,-5.749,-2.313,-31.903,0
1398294781063,42050392274000,171538053000001,-5.749,-2.313,-31.903,0
1398294781072,42050402284000,171538053000001,-5.749,-2.313,-31.903,0
1398294781084,42050413850000,171538053000001,-5.749,-2.313,-31.903,0
1398294781092,42050422334000,171538053000001,-5.749,-2.313,-31.903,0
1398294781103,42050432801000,171538053000001,-6.069,-2.313,-31.903,0
1398294781112,42050442323000,171538053000001,-6.069,-2.313,-31.903,0
1398294781122,42050452333000,171538053000001,-6.069,-2.313,-31.903,0
1398294781132,42050462342000,171538053000001,-6.069,-2.313,-31.903,0
1398294781142,42050472352000,171538053000001,-6.069,-2.313,-31.903,0
1398294781152,42050482362000,171538053000001,-6.069,-2.313,-31.597,0
1398294781162,42050492372000,171538053000001,-6.069,-2.009,-31.597,0
1398294781172,42050502381000,171538053000001,-6.401,-2.009,-31.597,0
1398294781182,42050512391000,171538053000001,-6.401,-2.009,-31.597,0
1398294781192,42050522401000,171538053000001,-6.401,-2.009,-31.597,0
1398294781203,42050532472000,171538053000001,-6.401,-2.009,-31.597,0
1398294781212,42050542481000,171538053000001,-6.401,-2.009,-31.597,0
1398294781222,42050552461000,171538053000001,-6.401,-2.009,-31.597,0
1398294781232,42050562470000,171538053000001,-6.401,-2.009,-31.597,0
1398294781242,42050572480000,171538053000001,-6.401,-2.009,-31.597,0
1398294781252,42050582490000,171538053000001,-6.401,-2.009,-31.597,0
1398294781264,42050594056000,171538053000001,-6.401,-2.009,-31.597,0
1398294781272,42050602540000,171538053000001,-6.401,-2.009,-31.597,0
1398294781282,42050612489000,171538053000001,-6.401,-2.009,-31.597,0
1398294781292,42050622499000,171538053000001,-6.401,-2.009,-31.597,0
1398294781302,42050632508000,171538053000001,-6.401,-2.009,-31.597,0
1398294781312,42050642518000,171538053000001,-6.401,-2.009,-31.597,0
1398294781322,42050652528000,171538053000001,-6.401,-2.009,-31.597,0
1398294781332,42050662538000,171538053000001,-6.401,-2.009,-31.597,0
1398294781344,42050673585000,171538053000001,-6.716,-2.009,-31.597,0
1398294781355,42050685426000,171538053000001,-6.716,-2.009,-31.289,0
1398294781365,42050695222000,171538053000001,-6.716,-2.009,-31.289,0
1398294781375,42050705262000,171538053000001,-6.716,-2.009,-31.289,0
1398294781385,42050715241000,171538053000001,-6.716,-2.009,-31.289,0
1398294781395,42050725404000,171538053000001,-6.716,-2.009,-31.289,0
1398294781405,42050735200000,171538053000001,-6.716,-2.009,-31.289,0
1398294781415,42050745240000,171538053000001,-6.716,-2.009,-31.289,0
1398294781429,42050759156000,171538053000001,-6.716,-2.009,-31.289,0
1398294781434,42050764192000,171538053000001,-6.716,-2.009,-31.289,0
1398294781446,42050775880000,171538053000001,-6.716,-2.009,-31.289,0
1398294781455,42050785218000,171538053000001,-6.716,-2.009,-31.289,0
1398294781465,42050795259000,171538053000001,-6.716,-2.009,-31.289,0
1398294781475,42050805207000,171538053000001,-6.716,-2.009,-31.289,0
1398294781486,42050816102000,171538053000001,-6.716,-2.009,-31.289,0
1398294781494,42050823640000,171538053000001,-6.716,-2.009,-31.289,0
1398294781503,42050832765000,171538053000001,-6.716,-2.009,-31.289,0
1398294781513,42050842774000,171538053000001,-6.716,-2.009,-31.289,0
1398294781523,42050852754000,171538053000001,-6.716,-2.009,-31.289,0
1398294781533,42050862763000,171538053000001,-6.716,-2.009,-31.289,0
1398294781543,42050872773000,171538053000001,-6.716,-2.009,-31.289,0
1398294781553,42050883058000,171538053000001,-6.716,-2.009,-31.289,0
1398294781563,42050892793000,171538053000001,-6.716,-2.326,-31.289,0
1398294781573,42050903138000,171538053000001,-6.716,-2.326,-31.289,0
1398294781583,42050912812000,171538053000001,-6.413,-2.326,-31.289,0
1398294781593,42050922822000,171538053000001,-6.413,-2.326,-31.289,0
1398294781604,42050933839000,171538053000001,-6.413,-2.326,-31.289,0
1398294781615,42050945344000,171538053000001,-6.413,-2.326,-31.289,0
1398294781627,42050957185000,171538053000001,-6.413,-2.326,-31.289,0
1398294781635,42050965333000,171538053000001,-6.413,-2.326,-31.289,0
1398294781645,42050975404000,171538053000001,-6.413,-2.326,-31.593,0
1398294781655,42050985261000,171538053000001,-6.413,-2.326,-31.593,0
1398294781665,42050995393000,171538053000001,-6.413,-2.326,-31.593,0
1398294781675,42051005220000,171538053000001,-6.413,-2.326,-31.593,0
1398294781690,42051019441000,171538053000001,-6.413,-2.326,-31.593,0
1398294781695,42051024537000,171538053000001,-6.413,-2.326,-31.593,0
1398294781705,42051035310000,171538053000001,-6.413,-2.326,-31.593,0
1398294781717,42051046662000,171538053000001,-6.712,-2.326,-31.593,0
1398294781754,42051060426000,171538053000001,-6.712,-2.326,-31.593,0
1398294781756,42051064851000,171538053000001,-6.712,-2.017,-31.593,0
1398294781757,42051075929000,171538053000001,-6.712,-2.017,-31.593,0
1398294781759,42051084138000,171538053000001,-6.712,-2.017,-31.593,0
1398294781766,42051095552000,171538053000001,-6.712,-2.017,-31.593,0
1398294781777,42051106660000,171538053000001,-6.712,-2.017,-31.593,0
1398294781795,42051118806000,171538053000001,-6.712,-2.017,-31.593,0
1398294781797,42051127320000,171538053000001,-6.712,-2.017,-31.593,0
1398294781809,42051138673000,171538053000001,-6.712,-2.017,-31.593,0
1398294781815,42051145265000,171538053000001,-6.712,-2.017,-31.593,0
1398294781826,42051155580000,171538053000001,-6.712,-2.017,-31.593,0
1398294781837,42051167054000,171538053000001,-6.712,-2.017,-31.593,0
1398294781845,42051175447000,171538053000001,-6.712,-2.017,-31.593,0
1398294781856,42051185609000,171538053000001,-6.712,-2.017,-31.593,0
1398294781867,42051196626000,171538053000001,-6.712,-2.017,-31.593,0
1398294781877,42051207093000,171538053000001,-6.712,-2.017,-31.593,0
1398294781887,42051216706000,171538053000001,-6.712,-2.017,-31.593,0
1398294781895,42051225404000,171538053000001,-6.712,-2.017,-31.593,0
1398294781907,42051236665000,171538053000001,-6.712,-2.017,-31.593,0
1398294781916,42051245881000,171538053000001,-6.712,-2.017,-31.593,0
1398294781927,42051256623000,171538053000001,-6.712,-2.017,-31.593,0
1398294781937,42051266633000,171538053000001,-6.712,-2.017,-31.593,0
1398294781946,42051275514000,171538053000001,-6.712,-2.017,-31.593,0
1398294781954,42051284211000,171538053000001,-6.411,-2.017,-31.593,0
1398294781965,42051295503000,171538053000001,-6.411,-2.017,-31.593,0
1398294781980,42051309907000,171538053000001,-6.411,-2.017,-31.593,0
1398294781986,42051316041000,171538053000001,-6.411,-2.017,-31.593,0
1398294781996,42051323548000,171538053000001,-6.411,-2.017,-31.593,0
1398294782003,42051333253000,171538053000001,-6.411,-2.017,-31.593,0
1398294782013,42051343263000,171538053000001,-6.411,-2.017,-31.593,0
1398294782023,42051353242000,171538053000001,-6.411,-2.017,-31.593,0
1398294782033,42051363282000,171538053000001,-6.411,-2.017,-31.593,0
1398294782043,42051373292000,171538053000001,-6.411,-2.017,-31.593,0
1398294782053,42051383302000,171538053000001,-6.411,-2.017,-31.593,0
1398294782063,42051393281000,171538053000001,-6.411,-2.017,-31.593,0
1398294782073,42051403321000,171538053000001,-6.411,-2.017,-31.593,0
1398294782083,42051413301000,171538053000001,-6.411,-2.017,-31.593,0
1398294782103,42051426301000,171538053000001,-6.411,-2.017,-31.593,0
1398294782105,42051434449000,171538053000001,-6.411,-2.017,-31.593,0
1398294782118,42051447114000,171538053000001,-6.411,-2.017,-31.593,0
1398294782127,42051457093000,171538053000001,-6.411,-2.017,-31.593,0
1398294782136,42051466096000,171538053000001,-6.411,-2.017,-31.593,0
1398294782147,42051476899000,171538053000001,-6.411,-2.017,-31.593,0
1398294782158,42051487489000,171538053000001,-6.411,-2.017,-31.593,0
1398294782167,42051496675000,171538053000001,-6.089,-1.689,-31.593,0
1398294782177,42051507142000,171538053000001,-6.089,-1.689,-31.593,0
1398294782188,42051517488000,171538053000001,-6.089,-1.689,-31.593,0
1398294782197,42051526887000,171538053000001,-6.089,-1.689,-31.593,0
1398294782208,42051537477000,171538053000001,-6.089,-1.689,-31.593,0
1398294782217,42051547090000,171538053000001,-6.089,-1.689,-31.593,0
1398294782227,42051557099000,171538053000001,-6.089,-1.37,-31.593,0
1398294782237,42051567140000,171538053000001,-6.089,-1.37,-31.593,0
1398294782247,42051577272000,171538053000001,-6.089,-1.37,-31.948,0
1398294782257,42051586976000,171538053000001,-5.772,-1.37,-31.948,0
1398294782266,42051596162000,171538053000001,-5.772,-1.37,-31.948,0
1398294782280,42051610169000,171538053000001,-5.772,-1.37,-31.948,0
1398294782285,42051614991000,171538053000001,-5.772,-1.057,-31.948,0
1398294782300,42051629823000,171538053000001,-5.772,-1.057,-31.948,0
1398294782305,42051634919000,171538053000001,-5.772,-1.057,-31.948,0
1398294782317,42051647096000,171538053000001,-5.772,-1.057,-31.948,0
1398294782327,42051657136000,171538053000001,-5.772,-1.057,-31.948,0
1398294782339,42051669251000,171538053000001,-5.772,-1.057,-31.948,0
1398294782348,42051678071000,171538053000001,-5.772,-1.057,-31.948,0
1398294782358,42051687684000,171538053000001,-5.772,-1.057,-31.948,0
1398294782367,42051696809000,171538053000001,-5.772,-1.057,-31.948,0
1398294782377,42051707154000,171538053000001,-5.772,-1.057,-31.948,0
1398294782389,42051719239000,171538053000001,-5.772,-1.057,-31.948,0
1398294782396,42051726045000,171538053000001,-5.772,-1.057,-31.948,0
1398294782416,42051745149000,171538053000001,-5.772,-1.057,-31.948,0
1398294782419,42051748841000,171538053000001,-5.772,-1.057,-31.948,0
1398294782426,42051756410000,171538053000001,-5.772,-1.057,-31.948,0
1398294782437,42051767335000,171538053000001,-5.772,-1.057,-31.948,0
1398294782448,42051777711000,171538053000001,-5.772,-1.057,-31.948,0
1398294782458,42051788148000,171538053000001,-5.772,-1.057,-31.948,0
1398294782467,42051796601000,171538053000001,-5.772,-1.057,-31.948,0
1398294782475,42051805329000,171538053000001,-5.772,-1.057,-31.948,0
1398294782488,42051817506000,171538053000001,-6.135,-1.057,-31.948,0
1398294782494,42051823762000,171538053000001,-6.135,-1.057,-31.948,0
1398294782507,42051836762000,171538053000001,-6.135,-1.057,-31.948,0
1398294782514,42051843782000,171538053000001,-6.135,-1.057,-31.948,0
1398294782526,42051855317000,171538053000001,-6.135,-1.057,-31.948,0
1398294782534,42051863801000,171538053000001,-6.135,-1.057,-31.948,0
1398294782544,42051873780000,171538053000001,-6.135,-1.057,-31.948,0
1398294782554,42051883790000,171538053000001,-6.135,-1.057,-31.948,0
1398294782564,42051893830000,171538053000001,-6.512,-1.057,-31.948,0
1398294782574,42051903840000,171538053000001,-6.512,-1.057,-31.948,0
1398294782584,42051913819000,171538053000001,-6.512,-1.057,-31.608,0
1398294782594,42051923860000,171538053000001,-6.512,-1.057,-31.608,0
1398294782604,42051933839000,171538053000001,-6.512,-1.057,-31.608,0
1398294782616,42051946260000,171538053000001,-6.512,-1.057,-31.608,0
1398294782628,42051957795000,171538053000001,-6.823,-1.057,-31.608,0
1398294782638,42051968171000,171538053000001,-6.823,-1.057,-31.608,0
1398294782649,42051979280000,171538053000001,-6.823,-1.057,-31.608,0
1398294782657,42051987428000,171538053000001,-6.823,-1.057,-31.608,0
1398294782668,42051998353000,171538053000001,-6.823,-1.057,-31.608,0
1398294782676,42052006501000,171538053000001,-6.823,-1.057,-31.608,0
1398294782688,42052017976000,171538053000001,-6.823,-1.057,-31.608,0
1398294782699,42052029298000,171538053000001,-6.823,-1.057,-31.608,0
1398294782709,42052038697000,171538053000001,-6.469,-1.057,-31.608,0
1398294782721,42052050660000,171538053000001,-6.469,-1.057,-31.608,0
1398294782725,42052055451000,171538053000001,-6.469,-1.057,-31.608,0
1398294782739,42052068452000,171538053000001,-6.469,-1.057,-31.608,0
1398294782748,42052077973000,171538053000001,-6.469,-1.057,-31.608,0
1398294782759,42052088563000,171538053000001,-6.469,-1.057,-31.608,0
1398294782768,42052097962000,171538053000001,-6.129,-1.057,-31.608,0
1398294782777,42052107453000,171538053000001,-6.129,-1.057,-31.608,0
1398294782788,42052118012000,171538053000001,-6.129,-1.057,-31.608,0
1398294782798,42052128449000,171538053000001,-6.129,-1.377,-31.608,0
1398294782808,42052138398000,171538053000001,-6.129,-1.377,-31.608,0
1398294782819,42052148896000,171538053000001,-5.796,-1.377,-31.608,0
1398294782826,42052156434000,171538053000001,-5.796,-1.377,-31.608,0
1398294782838,42052168031000,171538053000001,-5.796,-1.377,-31.608,0
1398294782848,42052178315000,171538053000001,-5.796,-1.377,-31.608,0
1398294782858,42052188478000,171538053000001,-5.796,-1.377,-31.608,0
1398294782868,42052198396000,171538053000001,-5.796,-1.377,-31.608,0
1398294782877,42052206666000,171538053000001,-5.796,-1.377,-31.608,0
1398294782891,42052220765000,171538053000001,-5.796,-1.377,-31.608,0
1398294782896,42052225801000,171538053000001,-5.796,-1.377,-31.608,0
1398294782910,42052240418000,171538053000001,-5.796,-1.683,-31.608,0
1398294782916,42052246400000,171538053000001,-5.796,-1.683,-31.608,0
1398294782931,42052260530000,171538053000001,-5.796,-1.683,-31.608,0
1398294782935,42052264619000,171538053000001,-5.796,-1.683,-31.608,0
1398294782945,42052274568000,171538053000001,-5.796,-1.683,-31.608,0
1398294782955,42052284822000,171538053000001,-5.796,-1.683,-31.608,0
1398294782968,42052298280000,171538053000001,-5.796,-1.683,-31.608,0
1398294782977,42052306794000,171538053000001,-5.796,-1.683,-31.608,0
1398294782990,42052319734000,171538053000001,-5.796,-1.683,-31.608,0
1398294782996,42052326142000,171538053000001,-5.796,-1.683,-31.608,0
1398294783010,42052337983000,171538053000001,-5.796,-1.683,-31.608,0
1398294783014,42052344209000,171538053000001,-5.796,-1.683,-31.608,0
1398294783026,42052356111000,171538053000001,-5.796,-1.683,-31.608,0
1398294783034,42052364228000,171538053000001,-5.796,-1.683,-31.608,0
1398294783044,42052374208000,171538053000001,-5.796,-1.683,-31.608,0
1398294783054,42052384217000,171538053000001,-5.796,-1.683,-31.608,0
1398294783066,42052395783000,171538053000001,-5.796,-1.683,-31.608,0
1398294783074,42052404298000,171538053000001,-5.796,-1.683,-31.608,0
1398294783084,42052414247000,171538053000001,-5.796,-1.683,-31.608,0
1398294783094,42052424256000,171538053000001,-5.796,-1.683,-31.608,0
1398294783108,42052438386000,171538053000001,-5.491,-1.683,-31.608,0
1398294783117,42052445039000,171538053000001,-5.491,-1.683,-31.608,0
1398294783130,42052458589000,171538053000001,-5.491,-1.683,-31.608,0
1398294783137,42052465943000,171538053000001,-5.491,-1.683,-31.608,0
1398294783151,42052479066000,171538053000001,-5.491,-1.683,-31.608,0
1398294783156,42052484986000,171538053000001,-5.491,-1.683,-31.608,0
1398294783170,42052496858000,171538053000001,-5.491,-1.683,-31.608,0
1398294783177,42052504731000,171538053000001,-5.491,-1.683,-31.608,0
1398294783203,42052518220000,171538053000001,-5.491,-1.683,-31.608,0
1398294783210,42052524659000,171538053000001,-5.491,-1.683,-31.608,0
1398294783221,42052534730000,171538053000001,-5.491,-1.683,-31.608,0
1398294783231,42052544679000,171538053000001,-5.491,-1.683,-31.608,0
1398294783239,42052554689000,171538053000001,-5.491,-1.683,-31.608,0
1398294783252,42052564698000,171538053000001,-5.491,-1.683,-31.608,0
1398294783265,42052576264000,171538053000001,-5.491,-1.683,-31.608,0
1398294783268,42052584748000,171538053000001,-5.491,-1.683,-31.608,0
1398294783269,42052595155000,171538053000001,-5.491,-1.683,-31.608,0
1398294783275,42052604493000,171538053000001,-5.491,-1.683,-31.608,0
1398294783285,42052614503000,171538053000001,-5.491,-1.683,-31.608,0
1398294783298,42052627351000,171538053000001,-5.491,-1.683,-31.608,0
1398294783312,42052639222000,171538053000001,-5.491,-1.683,-31.608,0
1398294783316,42052645234000,171538053000001,-5.795,-1.683,-31.608,0
1398294783337,42052665956000,171538053000001,-5.795,-1.683,-31.608,0
1398294783340,42052669526000,171538053000001,-5.795,-1.683,-31.608,0
1398294783346,42052675294000,171538053000001,-5.795,-1.683,-31.608,0
1398294783360,42052689149000,171538053000001,-5.795,-1.683,-31.913,0
1398294783367,42052696168000,171538053000001,-5.795,-1.683,-31.913,0
1398294783378,42052706880000,171538053000001,-5.795,-1.683,-31.913,0
1398294783391,42052719697000,171538053000001,-5.795,-1.683,-31.913,0
1398294783396,42052725068000,171538053000001,-5.795,-1.683,-31.913,0
1398294783416,42052739228000,171538053000001,-5.795,-1.683,-31.913,0
1398294783421,42052745149000,171538053000001,-5.795,-1.683,-31.913,0
1398294783430,42052756745000,171538053000001,-5.795,-1.683,-31.913,0
1398294783442,42052767213000,171538053000001,-5.795,-1.683,-31.913,0
1398294783449,42052775331000,171538053000001,-5.795,-1.683,-31.913,0
1398294783460,42052787263000,171538053000001,-5.795,-1.683,-31.913,0
1398294783468,42052795381000,171538053000001,-5.795,-1.683,-31.913,0
1398294783480,42052807191000,171538053000001,-5.795,-1.683,-31.913,0
1398294783491,42052816560000,171538053000001,-5.795,-1.683,-31.913,0
1398294783527,42052824922000,171538053000001,-5.795,-1.683,-31.913,0
1398294783533,42052834992000,171538053000001,-5.795,-1.683,-31.913,0
1398294783539,42052844972000,171538053000001,-5.795,-1.683,-31.913,0
1398294783546,42052854951000,171538053000001,-5.795,-1.683,-31.913,0
1398294783551,42052864961000,171538053000001,-5.795,-1.992,-31.913,0
1398294783557,42052874970000,171538053000001,-5.795,-1.992,-31.913,0
1398294783563,42052884980000,171538053000001,-5.795,-1.992,-31.913,0
1398294783569,42052894990000,171538053000001,-5.795,-1.992,-31.913,0
1398294783587,42052905702000,171538053000001,-5.795,-1.992,-31.913,0
1398294783593,42052916688000,171538053000001,-5.795,-2.333,-31.913,0
1398294783595,42052924836000,171538053000001,-5.795,-2.333,-31.913,0
1398294783609,42052936341000,171538053000001,-6.097,-2.333,-31.585,0
1398294783617,42052944886000,171538053000001,-6.097,-2.333,-31.585,0
1398294783625,42052954835000,171538053000001,-6.097,-2.333,-31.585,0
1398294783641,42052970429000,171538053000001,-6.097,-2.656,-31.585,0
1398294783645,42052974977000,171538053000001,-6.097,-2.656,-31.585,0
1398294783656,42052984803000,171538053000001,-6.097,-2.656,-31.585,0
1398294783665,42052994813000,171538053000001,-6.097,-2.656,-31.585,0
1398294783677,42053004823000,171538053000001,-6.097,-2.656,-31.585,0
1398294783685,42053014833000,171538053000001,-6.408,-2.656,-31.585,0
1398294783695,42053024842000,171538053000001,-6.408,-3.021,-31.585,0
1398294783708,42053034883000,171538053000001,-6.408,-3.021,-31.585,0
1398294783716,42053045320000,171538053000001,-6.408,-3.021,-31.585,0
1398294783725,42053054933000,171538053000001,-6.408,-3.021,-31.585,0
1398294783736,42053065858000,171538053000001,-6.408,-3.021,-31.585,0
1398294783747,42053074922000,171538053000001,-6.408,-3.021,-31.585,0
1398294783759,42053086335000,171538053000001,-6.73,-3.021,-31.585,0
1398294783769,42053094941000,171538053000001,-6.73,-3.021,-31.585,0
1398294783775,42053104920000,171538053000001,-6.73,-3.021,-31.585,0
1398294783789,42053116517000,171538053000001,-6.73,-3.021,-31.585,0
1398294783795,42053124970000,171538053000001,-6.73,-2.711,-31.585,0
1398294783805,42053134950000,171538053000001,-7.041,-2.711,-31.585,0
1398294783815,42053144960000,171538053000001,-7.041,-2.711,-31.585,0
1398294783825,42053154969000,171538053000001,-7.041,-2.711,-31.277,0
1398294783835,42053165010000,171538053000001,-7.041,-2.711,-31.277,0
1398294783845,42053174989000,171538053000001,-7.041,-2.711,-31.277,0
1398294783855,42053184999000,171538053000001,-7.041,-2.711,-31.277,0
1398294783865,42053195039000,171538053000001,-7.041,-2.363,-31.277,0
1398294783877,42053205018000,171538053000001,-7.041,-2.363,-31.277,0
1398294783885,42053215058000,171538053000001,-7.041,-2.363,-31.277,0
1398294783895,42053225068000,171538053000001,-7.041,-2.363,-31.277,0
1398294783906,42053235047000,171538053000001,-7.041,-2.363,-31.277,0
1398294783915,42053245057000,171538053000001,-7.041,-2.363,-31.277,0
1398294783925,42053255067000,171538053000001,-7.041,-2.363,-31.277,0
1398294783941,42053269746000,171538053000001,-7.041,-2.363,-31.277,0
1398294783945,42053275178000,171538053000001,-7.041,-2.363,-31.277,0
1398294783958,42053285096000,171538053000001,-7.041,-2.363,-31.277,0
1398294783967,42053296632000,171538053000001,-7.041,-2.363,-31.277,0
1398294783975,42053305116000,171538053000001,-7.041,-2.363,-31.277,0
1398294783985,42053315095000,171538053000001,-7.041,-2.363,-31.277,0
1398294783995,42053325288000,171538053000001,-7.041,-2.363,-31.277,0
1398294784005,42053335115000,171538053000001,-7.041,-2.363,-31.277,0
1398294784016,42053345155000,171538053000001,-7.041,-2.363,-31.277,0
1398294784026,42053355165000,171538053000001,-7.041,-2.363,-31.277,0
1398294784036,42053365174000,171538053000001,-7.041,-2.363,-31.277,0
1398294784045,42053375154000,171538053000001,-7.041,-2.363,-31.277,0
1398294784055,42053385133000,171538053000001,-7.041,-2.363,-31.277,0
1398294784065,42053395173000,171538053000001,-7.041,-2.363,-31.277,0
1398294784075,42053405183000,171538053000001,-7.041,-2.363,-31.277,0
1398294784085,42053415193000,171538053000001,-7.041,-2.363,-31.277,0
1398294784095,42053425202000,171538053000001,-7.041,-2.363,-31.277,0
1398294784105,42053435212000,171538053000001,-6.655,-2.363,-31.277,0
1398294784115,42053445222000,171538053000001,-6.655,-2.763,-31.277,0
1398294784125,42053455232000,171538053000001,-6.655,-2.763,-31.277,0
1398294784135,42053465241000,171538053000001,-6.248,-2.763,-31.277,0
1398294784147,42053476808000,171538053000001,-6.248,-3.158,-31.277,0
1398294784155,42053485322000,171538053000001,-5.917,-3.158,-31.277,0
1398294784165,42053495271000,171538053000001,-5.4,-3.501,-31.277,0
1398294784175,42053505281000,171538053000001,-4.83,-3.501,-31.277,0
1398294784187,42053515290000,171538053000001,-4.83,-3.874,-31.277,0
1398294784196,42053525361000,171538053000001,-4.339,-3.874,-31.277,0
1398294784205,42053535340000,171538053000001,-4.339,-4.206,-31.277,0
1398294784216,42053545381000,171538053000001,-4.339,-4.206,-31.277,0
1398294784226,42053555390000,171538053000001,-3.976,-4.206,-31.277,0
1398294784236,42053565370000,171538053000001,-3.976,-4.621,-31.277,0
1398294784249,42053578858000,171538053000001,-3.976,-4.621,-31.277,0
1398294784255,42053585359000,171538053000001,-3.976,-4.621,-31.277,0
1398294784266,42053595368000,171538053000001,-3.976,-4.925,-31.277,0
1398294784275,42053605378000,171538053000001,-3.976,-4.925,-31.277,0
1398294784286,42053615357000,171538053000001,-3.57,-4.925,-31.277,0
1398294784296,42053625398000,171538053000001,-3.57,-4.925,-31.277,0
1398294784310,42053635408000,171538053000001,-3.57,-4.925,-31.277,0
1398294784315,42053645417000,171538053000001,-3.57,-4.925,-31.277,0
1398294784327,42053656983000,171538053000001,-3.57,-4.925,-31.277,0
1398294784336,42053665467000,171538053000001,-3.57,-4.925,-31.277,0
1398294784345,42053675447000,171538053000001,-3.57,-4.925,-31.277,0
1398294784355,42053685426000,171538053000001,-3.57,-4.925,-31.277,0
1398294784365,42053695436000,171538053000001,-3.57,-4.925,-31.277,0
1398294784376,42053705476000,171538053000001,-3.57,-4.925,-31.277,0
1398294784386,42053715486000,171538053000001,-3.57,-4.925,-31.277,0
1398294784395,42053725495000,171538053000001,-3.57,-4.925,-31.277,0
1398294784408,42053735505000,171538053000001,-3.57,-4.925,-31.277,0
1398294784415,42053745515000,171538053000001,-3.57,-4.925,-31.277,0
1398294784425,42053755525000,171538053000001,-3.947,-4.925,-31.277,0
1398294784437,42053765504000,171538053000001,-3.947,-4.618,-31.277,0
1398294784445,42053775514000,171538053000001,-3.947,-4.618,-31.277,0
1398294784455,42053785554000,171538053000001,-3.947,-4.618,-31.277,0
1398294784465,42053795533000,171538053000001,-4.27,-4.618,-31.277,0
1398294784475,42053805574000,171538053000001,-4.27,-4.618,-31.277,0
1398294784486,42053815583000,171538053000001,-4.27,-4.618,-31.277,0
1398294784496,42053825593000,171538053000001,-4.27,-4.618,-31.277,0
1398294784507,42053837159000,171538053000001,-4.631,-4.618,-31.277,0
1398294784516,42053845674000,171538053000001,-4.631,-4.618,-31.277,0
1398294784528,42053855653000,171538053000001,-4.631,-4.618,-31.277,0
1398294784541,42053865663000,171538053000001,-4.631,-4.934,-31.277,0
1398294784556,42053875672000,171538053000001,-5.035,-4.934,-31.277,0
1398294784558,42053886018000,171538053000001,-5.035,-4.934,-31.277,0
1398294784566,42053895661000,171538053000001,-5.035,-4.934,-31.277,0
1398294784576,42053905671000,171538053000001,-5.398,-4.934,-31.277,0
1398294784586,42053915681000,171538053000001,-5.398,-4.934,-30.975,0
1398294784596,42053925691000,171538053000001,-5.398,-4.934,-30.975,0
1398294784606,42053935700000,171538053000001,-5.398,-4.934,-30.975,0
1398294784616,42053945710000,171538053000001,-5.706,-4.934,-30.975,0
1398294784626,42053955720000,171538053000001,-5.706,-4.934,-30.975,0
1398294784636,42053965699000,171538053000001,-5.706,-4.934,-30.975,0
1398294784646,42053975740000,171538053000001,-5.706,-4.934,-30.975,0
1398294784656,42053985749000,171538053000001,-6.088,-4.934,-30.975,0
1398294784666,42053995759000,171538053000001,-6.088,-4.934,-30.975,0
1398294784676,42054005769000,171538053000001,-6.088,-4.934,-30.975,0
1398294784688,42054017335000,171538053000001,-6.088,-4.934,-30.975,0
1398294784696,42054025849000,171538053000001,-6.417,-4.934,-30.975,0
1398294784706,42054035798000,171538053000001,-6.417,-4.934,-30.975,0
1398294784716,42054045808000,171538053000001,-6.417,-4.934,-30.975,0
1398294784726,42054055818000,171538053000001,-6.417,-4.934,-30.975,0
1398294784741,42054065858000,171538053000001,-6.417,-4.934,-30.975,0
1398294784749,42054075868000,171538053000001,-6.417,-4.934,-30.975,0
1398294784756,42054085908000,171538053000001,-6.417,-4.934,-30.975,0
1398294784766,42054095887000,171538053000001,-6.417,-4.934,-30.975,0
1398294784776,42054105897000,171538053000001,-6.417,-4.934,-30.975,0
1398294784786,42054115907000,171538053000001,-6.417,-4.934,-30.975,0
1398294784796,42054125917000,171538053000001,-6.417,-4.934,-30.975,0
1398294784806,42054135896000,171538053000001,-6.417,-4.934,-30.975,0
1398294784816,42054145906000,171538053000001,-6.417,-4.934,-30.975,0
1398294784826,42054155976000,171538053000001,-6.417,-4.934,-30.975,0
1398294784836,42054165986000,171538053000001,-6.417,-4.934,-30.975,0
1398294784846,42054175965000,171538053000001,-6.417,-4.934,-30.975,0
1398294784856,42054185975000,171538053000001,-6.417,-4.934,-30.975,0
1398294784869,42054198762000,171538053000001,-6.417,-4.589,-30.975,0
1398294784876,42054205995000,171538053000001,-6.417,-4.589,-30.975,0
1398294784886,42054215974000,171538053000001,-6.417,-4.589,-30.975,0
1398294784896,42054225984000,171538053000001,-6.417,-4.589,-30.975,0
1398294784906,42054235963000,171538053000001,-6.417,-4.589,-30.975,0
1398294784917,42054246003000,171538053000001,-6.417,-4.589,-30.975,0
1398294784926,42054256013000,171538053000001,-6.417,-4.589,-30.975,0
1398294784936,42054265992000,171538053000001,-6.417,-4.289,-30.975,0
1398294784946,42054276002000,171538053000001,-6.417,-4.289,-30.975,0
1398294784956,42054286042000,171538053000001,-6.417,-4.289,-30.975,0
1398294784966,42054296022000,171538053000001,-6.417,-4.289,-30.975,0
1398294784976,42054306031000,171538053000001,-6.417,-4.289,-30.975,0
1398294784986,42054316072000,171538053000001,-6.417,-4.289,-30.975,0
1398294784996,42054326081000,171538053000001,-6.417,-4.289,-30.975,0
1398294785006,42054336091000,171538053000001,-6.417,-4.289,-30.975,0
1398294785016,42054346131000,171538053000001,-6.417,-4.289,-30.975,0
1398294785027,42054356172000,171538053000001,-6.417,-4.289,-30.975,0
1398294785036,42054366120000,171538053000001,-6.417,-4.289,-30.975,0
1398294785048,42054377656000,171538053000001,-6.417,-4.289,-30.975,0
1398294785056,42054386170000,171538053000001,-6.417,-4.289,-30.975,0
1398294785066,42054396150000,171538053000001,-6.417,-4.289,-30.975,0
1398294785076,42054406159000,171538053000001,-6.417,-4.289,-30.975,0
1398294785086,42054416169000,171538053000001,-6.417,-4.289,-30.975,0
1398294785096,42054426179000,171538053000001,-6.417,-4.289,-30.975,0
1398294785106,42054436189000,171538053000001,-6.417,-4.289,-30.975,0
1398294785116,42054446199000,171538053000001,-6.417,-4.289,-30.975,0
1398294785126,42054456208000,171538053000001,-6.417,-4.289,-30.975,0
1398294785136,42054466218000,171538053000001,-6.417,-4.289,-30.975,0
1398294785146,42054476228000,171538053000001,-6.417,-4.289,-30.975,0
1398294785156,42054486238000,171538053000001,-6.417,-4.289,-30.975,0
1398294785166,42054496247000,171538053000001,-6.417,-4.289,-30.975,0
1398294785179,42054506471000,171538053000001,-6.417,-4.289,-30.975,0
1398294785191,42054520600000,171538053000001,-6.417,-4.289,-30.975,0
1398294785201,42054530549000,171538053000001,-6.417,-4.289,-30.975,0
1398294785209,42054539155000,171538053000001,-6.417,-4.289,-30.975,0
1398294785223,42054552552000,171538053000001,-6.417,-4.289,-30.975,0
1398294785230,42054559846000,171538053000001,-6.417,-4.289,-30.975,0
1398294785238,42054568055000,171538053000001,-6.417,-4.289,-30.975,0
1398294785255,42054580628000,171538053000001,-6.417,-4.289,-30.975,0
1398294785257,42054586701000,171538053000001,-6.417,-4.289,-30.975,0
1398294785268,42054596528000,171538053000001,-6.417,-3.962,-30.975,0
1398294785277,42054606385000,171538053000001,-6.417,-3.962,-30.975,0
1398294785286,42054616395000,171538053000001,-6.417,-3.962,-30.975,0
1398294785296,42054626374000,171538053000001,-6.417,-3.962,-30.975,0
1398294785306,42054636415000,171538053000001,-6.417,-3.962,-30.975,0
1398294785316,42054646424000,171538053000001,-6.417,-3.962,-30.975,0
1398294785326,42054656434000,171538053000001,-6.417,-3.962,-30.975,0
1398294785336,42054666413000,171538053000001,-6.417,-3.962,-30.975,0
1398294785346,42054676454000,171538053000001,-6.417,-3.962,-30.975,0
1398294785363,42054692750000,171538053000001,-6.417,-3.962,-30.975,0
1398294785369,42054698762000,171538053000001,-6.417,-3.962,-30.975,0
1398294785382,42054711610000,171538053000001,-6.417,-3.962,-30.975,0
1398294785389,42054719178000,171538053000001,-6.417,-3.962,-30.975,0
1398294785403,42054733155000,171538053000001,-6.417,-3.962,-30.975,0
1398294785410,42054739350000,171538053000001,-6.417,-3.649,-30.975,0
1398294785423,42054752839000,171538053000001,-6.417,-3.649,-30.975,0
1398294785428,42054758485000,171538053000001,-6.417,-3.649,-31.283,0
1398294785442,42054772279000,171538053000001,-6.417,-3.649,-31.283,0
1398294785449,42054779054000,171538053000001,-6.417,-3.649,-31.283,0
1398294785460,42054789369000,171538053000001,-6.417,-3.649,-31.283,0
1398294785468,42054797303000,171538053000001,-6.417,-3.649,-31.283,0
1398294785485,42054815064000,171538053000001,-6.062,-3.649,-31.283,0
1398294785489,42054818696000,171538053000001,-6.062,-3.649,-31.283,0
1398294785503,42054832948000,171538053000001,-6.062,-3.649,-31.283,0
1398294785508,42054837922000,171538053000001,-6.062,-3.306,-31.588,0
1398294785523,42054853089000,171538053000001,-6.062,-3.306,-31.588,0
1398294785528,42054858003000,171538053000001,-6.062,-3.306,-31.588,0
1398294785542,42054871705000,171538053000001,-6.062,-3.306,-31.588,0
1398294785549,42054879304000,171538053000001,-6.062,-3.306,-31.588,0
1398294785563,42054892518000,171538053000001,-6.062,-2.983,-31.588,0
1398294785568,42054898164000,171538053000001,-6.062,-2.983,-31.588,0
1398294785580,42054909364000,171538053000001,-6.062,-2.983,-31.588,0
1398294785590,42054920198000,171538053000001,-6.062,-2.983,-31.588,0
1398294785601,42054930940000,171538053000001,-6.062,-2.983,-31.588,0
1398294785611,42054940553000,171538053000001,-6.062,-2.621,-31.588,0
1398294785620,42054950379000,171538053000001,-6.062,-2.621,-31.588,0
1398294785631,42054961244000,171538053000001,-6.062,-2.621,-31.588,0
1398294785639,42054969117000,171538053000001,-6.062,-2.621,-31.588,0
1398294785653,42054982728000,171538053000001,-6.062,-2.621,-31.588,0
1398294785660,42054989533000,171538053000001,-6.062,-2.621,-31.588,0
1398294785669,42054996797000,171538053000001,-6.062,-2.621,-31.588,0
1398294785689,42055006837000,171538053000001,-6.062,-2.621,-31.588,0
1398294785691,42055016847000,171538053000001,-6.062,-2.621,-31.588,0
1398294785723,42055028901000,171538053000001,-6.062,-2.621,-31.588,0
1398294785727,42055036836000,171538053000001,-6.062,-2.621,-31.588,0
1398294785730,42055046845000,171538053000001,-6.062,-2.621,-31.588,0
1398294785738,42055056855000,171538053000001,-6.062,-2.621,-31.588,0
1398294785740,42055066835000,171538053000001,-6.062,-2.621,-31.588,0
1398294785747,42055076814000,171538053000001,-6.062,-2.621,-31.588,0
1398294785757,42055086824000,171538053000001,-6.062,-2.621,-31.588,0
1398294785768,42055098390000,171538053000001,-6.062,-2.621,-31.588,0
1398294785777,42055106904000,171538053000001,-6.062,-2.621,-31.588,0
1398294785791,42055120881000,171538053000001,-6.062,-2.621,-31.588,0
1398294785797,42055126863000,171538053000001,-6.062,-2.621,-31.588,0
1398294785808,42055137635000,171538053000001,-6.062,-2.992,-31.588,0
1398294785817,42055146913000,171538053000001,-6.062,-2.992,-31.588,0
1398294785833,42055162324000,171538053000001,-6.062,-2.992,-31.282,0
1398294785839,42055168702000,171538053000001,-6.062,-2.992,-31.282,0
1398294785852,42055181672000,171538053000001,-6.062,-3.349,-31.282,0
1398294785860,42055189881000,171538053000001,-6.062,-3.349,-31.282,0
1398294785871,42055198243000,171538053000001,-6.062,-3.349,-31.282,0
1398294785880,42055209474000,171538053000001,-6.062,-3.349,-31.282,0
1398294785889,42055219239000,171538053000001,-6.062,-3.747,-31.282,0
1398294785900,42055228761000,171538053000001,-6.062,-3.747,-31.282,0
1398294785912,42055242311000,171538053000001,-6.062,-3.747,-31.282,0
1398294785920,42055249513000,171538053000001,-6.062,-3.747,-31.282,0
1398294785933,42055263124000,171538053000001,-6.062,-4.147,-31.282,0
1398294785938,42055268037000,171538053000001,-6.062,-4.147,-31.282,0
1398294785954,42055283723000,171538053000001,-5.743,-4.147,-31.282,0
1398294785958,42055288484000,171538053000001,-5.743,-4.147,-31.282,0
1398294785968,42055297700000,171538053000001,-5.743,-4.147,-31.282,0
1398294785983,42055313356000,171538053000001,-5.743,-4.487,-31.282,0
1398294785988,42055317720000,171538053000001,-5.332,-4.487,-31.282,0
1398294786005,42055328767000,171538053000001,-5.332,-4.487,-31.282,0
1398294786007,42055337068000,171538053000001,-5.332,-4.487,-31.282,0
1398294786022,42055347077000,171538053000001,-5.02,-4.487,-31.282,0
1398294786030,42055359437000,171538053000001,-5.02,-4.487,-31.282,0
1398294786041,42055367127000,171538053000001,-5.02,-4.487,-31.282,0
1398294786053,42055377137000,171538053000001,-4.713,-4.808,-31.282,0
1398294786057,42055387147000,171538053000001,-4.713,-4.808,-31.282,0
1398294786068,42055397126000,171538053000001,-4.713,-4.808,-31.282,0
1398294786079,42055408296000,171538053000001,-4.713,-4.808,-31.282,0
1398294786087,42055417176000,171538053000001,-4.713,-4.808,-31.282,0
1398294786097,42055427217000,171538053000001,-4.713,-4.808,-31.282,0
1398294786109,42055438752000,171538053000001,-4.713,-4.808,-31.282,0
1398294786120,42055447358000,171538053000001,-4.713,-4.808,-31.282,0
1398294786133,42055458772000,171538053000001,-4.713,-4.808,-31.282,0
1398294786139,42055467256000,171538053000001,-4.713,-4.808,-31.282,0
1398294786150,42055477204000,171538053000001,-4.713,-4.808,-31.282,0
1398294786157,42055487214000,171538053000001,-4.713,-4.808,-31.282,0
1398294786167,42055497224000,171538053000001,-4.713,-4.493,-31.282,0
1398294786177,42055507234000,171538053000001,-4.713,-4.493,-31.282,0
1398294786187,42055517274000,171538053000001,-4.713,-4.493,-31.282,0
1398294786200,42055527284000,171538053000001,-4.713,-4.493,-31.282,0
1398294786207,42055537293000,171538053000001,-4.713,-4.493,-31.282,0
1398294786217,42055547273000,171538053000001,-4.713,-4.493,-31.282,0
1398294786233,42055558168000,171538053000001,-4.713,-4.493,-31.282,0
1398294786240,42055569215000,171538053000001,-5.032,-4.493,-31.282,0
1398294786254,42055577638000,171538053000001,-5.032,-4.493,-31.282,0
1398294786257,42055587342000,171538053000001,-5.032,-4.493,-31.282,0
1398294786268,42055597383000,171538053000001,-5.032,-4.493,-31.282,0
1398294786278,42055607637000,171538053000001,-5.032,-4.849,-31.282,0
1398294786288,42055617372000,171538053000001,-5.032,-4.849,-31.282,0
1398294786300,42055628114000,171538053000001,-5.38,-4.849,-31.282,0
1398294786311,42055640107000,171538053000001,-5.38,-4.849,-31.282,0
1398294786319,42055648774000,171538053000001,-5.38,-4.849,-31.282,0
1398294786332,42055661378000,171538053000001,-5.38,-4.849,-30.949,0
1398294786341,42055670075000,171538053000001,-5.38,-5.209,-30.949,0
1398294786348,42055677400000,171538053000001,-5.38,-5.209,-30.949,0
1398294786359,42055688508000,171538053000001,-5.38,-5.209,-30.949,0
1398294786369,42055697419000,171538053000001,-5.38,-5.209,-30.949,0
1398294786382,42055707460000,171538053000001,-5.38,-5.209,-30.949,0
1398294786387,42055717469000,171538053000001,-5.38,-5.209,-30.949,0
1398294786405,42055733522000,171538053000001,-5.682,-5.209,-30.949,0
1398294786410,42055737916000,171538053000001,-5.682,-5.209,-30.949,0
1398294786419,42055747499000,171538053000001,-5.682,-5.209,-30.949,0
1398294786429,42055757539000,171538053000001,-5.682,-5.209,-30.949,0
1398294786438,42055767488000,171538053000001,-6.008,-5.209,-30.949,0
1398294786451,42055777528000,171538053000001,-6.008,-5.209,-30.949,0
1398294786458,42055787538000,171538053000001,-6.008,-5.209,-30.949,0
1398294786468,42055797517000,171538053000001,-6.323,-4.891,-30.949,0
1398294786482,42055809571000,171538053000001,-6.323,-4.891,-30.949,0
1398294786492,42055821321000,171538053000001,-6.323,-4.891,-30.949,0
1398294786498,42055828065000,171538053000001,-6.323,-4.891,-30.949,0
1398294786509,42055837586000,171538053000001,-6.323,-4.891,-30.949,0
1398294786518,42055847627000,171538053000001,-6.323,-4.891,-30.949,0
1398294786530,42055857606000,171538053000001,-6.323,-4.891,-30.949,0
1398294786538,42055867646000,171538053000001,-6.323,-4.548,-30.949,0
1398294786549,42055877809000,171538053000001,-6.629,-4.548,-30.949,0
1398294786558,42055887635000,171538053000001,-6.629,-4.548,-30.949,0
1398294786568,42055897645000,171538053000001,-6.629,-4.548,-30.949,0
1398294786578,42055907655000,171538053000001,-6.629,-4.548,-30.949,0
1398294786588,42055917665000,171538053000001,-6.629,-4.548,-30.949,0
1398294786600,42055927705000,171538053000001,-6.629,-4.548,-30.949,0
1398294786608,42055937715000,171538053000001,-6.629,-4.548,-30.949,0
1398294786618,42055947694000,171538053000001,-6.629,-4.548,-30.949,0
1398294786628,42055957704000,171538053000001,-6.629,-4.548,-30.949,0
1398294786638,42055967713000,171538053000001,-6.286,-4.548,-30.949,0
1398294786650,42055979951000,171538053000001,-6.286,-4.212,-30.949,0
1398294786664,42055994050000,171538053000001,-6.286,-4.212,-30.949,0
1398294786671,42056001252000,171538053000001,-6.286,-4.212,-30.949,0
1398294786682,42056012147000,171538053000001,-5.982,-4.212,-30.949,0
1398294786692,42056022126000,171538053000001,-5.982,-4.212,-30.949,0
1398294786708,42056037904000,171538053000001,-5.982,-3.868,-31.277,0
1398294786712,42056041688000,171538053000001,-5.982,-3.868,-31.277,0
1398294786720,42056049897000,171538053000001,-5.982,-3.868,-31.277,0
1398294786734,42056064302000,171538053000001,-5.982,-3.868,-31.277,0
1398294786739,42056069215000,171538053000001,-5.982,-3.511,-31.277,0
1398294786751,42056081178000,171538053000001,-5.982,-3.511,-31.277,0
1398294786760,42056090058000,171538053000001,-5.982,-3.511,-31.277,0
1398294786774,42056104249000,171538053000001,-5.982,-3.511,-31.277,0
1398294786779,42056109132000,171538053000001,-5.982,-3.103,-31.277,0
1398294786794,42056124299000,171538053000001,-5.982,-3.103,-31.277,0
1398294786798,42056128266000,171538053000001,-5.982,-3.103,-31.277,0
1398294786814,42056144349000,171538053000001,-5.982,-2.757,-31.277,0
1398294786819,42056149262000,171538053000001,-5.982,-2.757,-31.277,0
1398294786833,42056162751000,171538053000001,-5.982,-2.757,-31.277,0
1398294786840,42056170106000,171538053000001,-5.982,-2.757,-31.277,0
1398294786851,42056181153000,171538053000001,-5.982,-2.374,-31.277,0
1398294786864,42056189942000,171538053000001,-5.982,-2.374,-31.277,0
1398294786871,42056197908000,171538053000001,-5.982,-2.374,-31.277,0
1398294786887,42056207948000,171538053000001,-5.982,-2.374,-31.277,0
1398294786889,42056217958000,171538053000001,-5.982,-2.374,-31.277,0
1398294786903,42056227967000,171538053000001,-5.982,-2.374,-31.277,0
1398294786908,42056237947000,171538053000001,-5.982,-2.374,-31.277,0
1398294786936,42056247956000,171538053000001,-5.982,-2.374,-31.277,0
1398294786940,42056257966000,171538053000001,-6.332,-2.066,-31.277,0
1398294786941,42056267976000,171538053000001,-6.332,-2.066,-31.277,0
1398294786950,42056277986000,171538053000001,-6.332,-2.066,-31.277,0
1398294786958,42056288026000,171538053000001,-6.332,-2.066,-31.277,0
1398294786968,42056298005000,171538053000001,-6.332,-2.066,-31.277,0
1398294786979,42056308015000,171538053000001,-6.332,-2.066,-31.277,0
1398294786988,42056318025000,171538053000001,-6.332,-2.066,-31.277,0
1398294786998,42056328034000,171538053000001,-6.7,-2.066,-31.277,0
1398294787020,42056348634000,171538053000001,-6.7,-2.066,-31.277,0
1398294787024,42056354371000,171538053000001,-6.7,-2.066,-31.277,0
1398294787033,42056362489000,171538053000001,-6.7,-2.066,-31.277,0
1398294787041,42056370881000,171538053000001,-6.7,-2.066,-31.277,0
1398294787050,42056379884000,171538053000001,-6.7,-2.066,-31.277,0
1398294787064,42056390687000,171538053000001,-6.7,-2.066,-31.277,0
1398294787069,42056398591000,171538053000001,-6.7,-2.066,-31.277,0
1398294787083,42056411592000,171538053000001,-6.7,-2.066,-31.277,0
1398294787090,42056420350000,171538053000001,-6.7,-2.066,-31.277,0
1398294787098,42056428132000,171538053000001,-6.7,-2.066,-31.277,0
1398294787110,42056440064000,171538053000001,-6.7,-2.066,-31.277,0
1398294787125,42056454835000,171538053000001,-6.7,-2.372,-31.277,0
1398294787129,42056458589000,171538053000001,-6.7,-2.372,-31.277,0
1398294787145,42056474519000,171538053000001,-6.7,-2.372,-31.277,0
1398294787149,42056478639000,171538053000001,-6.7,-2.372,-31.277,0
1398294787165,42056493409000,171538053000001,-6.7,-2.372,-31.277,0
1398294787170,42056499543000,171538053000001,-6.7,-2.372,-31.277,0
1398294787185,42056514588000,171538053000001,-6.7,-2.372,-31.277,0
1398294787190,42056519776000,171538053000001,-6.7,-2.372,-31.277,0
1398294787203,42056533235000,171538053000001,-6.7,-2.372,-31.277,0
1398294787214,42056543977000,171538053000001,-6.7,-2.372,-31.277,0
1398294787221,42056550843000,171538053000001,-6.7,-2.372,-31.277,0
1398294787235,42056565003000,171538053000001,-6.7,-2.372,-31.277,0
1398294787240,42056569917000,171538053000001,-6.343,-2.372,-31.277,0
1398294787250,42056579621000,171538053000001,-6.343,-2.372,-31.277,0
1398294787265,42056595185000,171538053000001,-6.343,-2.372,-31.277,0
1398294787270,42056599641000,171538053000001,-6.343,-2.372,-31.277,0
1398294787285,42056614717000,171538053000001,-6.343,-2.372,-31.277,0
1398294787290,42056620271000,171538053000001,-6.343,-2.372,-31.277,0
1398294787302,42056631623000,171538053000001,-6.343,-2.372,-31.277,0
1398294787315,42056645326000,171538053000001,-6.343,-2.372,-31.277,0
1398294787326,42056655946000,171538053000001,-6.343,-2.372,-31.277,0
1398294787328,42056658357000,171538053000001,-6.343,-2.372,-31.277,0
1398294787341,42056671327000,171538053000001,-6.343,-2.372,-31.277,0
1398294787349,42056679292000,171538053000001,-6.343,-2.372,-31.277,0
1398294787364,42056694093000,171538053000001,-6.343,-2.372,-31.277,0
1398294787370,42056699464000,171538053000001,-6.343,-2.372,-31.277,0
1398294787380,42056709291000,171538053000001,-6.343,-2.372,-31.277,0
1398294787390,42056719972000,171538053000001,-6.343,-2.372,-31.277,0
1398294787399,42056728456000,171538053000001,-6.343,-2.372,-31.579,0
1398294787408,42056738435000,171538053000001,-6.343,-2.372,-31.579,0
1398294787418,42056748445000,171538053000001,-6.343,-2.372,-31.579,0
1398294787429,42056758454000,171538053000001,-6.343,-2.372,-31.579,0
1398294787439,42056768525000,171538053000001,-6.703,-2.372,-31.579,0
1398294787449,42056778504000,171538053000001,-6.703,-2.372,-31.579,0
1398294787459,42056788545000,171538053000001,-6.703,-2.372,-31.579,0
1398294787469,42056798524000,171538053000001,-6.703,-2.059,-31.579,0
1398294787479,42056808503000,171538053000001,-6.703,-2.059,-31.579,0
1398294787495,42056825257000,171538053000001,-6.703,-2.059,-31.579,0
1398294787500,42056830262000,171538053000001,-6.703,-2.059,-31.579,0
1398294787509,42056838563000,171538053000001,-6.703,-2.059,-31.579,0
1398294787525,42056854768000,171538053000001,-6.703,-2.059,-31.579,0
1398294787529,42056858979000,171538053000001,-6.703,-2.059,-31.579,0
1398294787545,42056875245000,171538053000001,-7.009,-2.059,-31.579,0
1398294787549,42056879029000,171538053000001,-7.009,-2.059,-31.579,0
1398294787565,42056895143000,171538053000001,-7.009,-2.059,-31.579,0
1398294787572,42056901307000,171538053000001,-7.009,-2.059,-31.579,0
1398294787581,42056910554000,171538053000001,-7.009,-2.059,-31.579,0
1398294787595,42056925233000,171538053000001,-7.009,-2.059,-31.579,0
1398294787600,42056930146000,171538053000001,-7.009,-2.059,-31.579,0
1398294787615,42056944947000,171538053000001,-7.009,-2.059,-31.265,0
1398294787621,42056950837000,171538053000001,-7.009,-2.059,-31.265,0
1398294787640,42056969392000,171538053000001,-7.009,-2.059,-31.265,0
1398294787643,42056973023000,171538053000001,-7.009,-2.059,-31.265,0
1398294787651,42056980500000,171538053000001,-7.009,-2.398,-31.265,0
1398294787665,42056995179000,171538053000001,-7.009,-2.398,-31.265,0
1398294787670,42056999147000,171538053000001,-6.707,-2.398,-31.265,0
1398294787685,42057015382000,171538053000001,-6.707,-2.398,-31.265,0
1398294787689,42057019166000,171538053000001,-6.707,-2.398,-31.265,0
1398294787707,42057036439000,171538053000001,-6.707,-2.398,-31.265,0
1398294787709,42057038697000,171538053000001,-6.707,-2.398,-31.265,0
1398294787726,42057055604000,171538053000001,-6.707,-2.398,-31.265,0
1398294787730,42057059327000,171538053000001,-6.707,-2.398,-31.265,0
1398294787745,42057075196000,171538053000001,-6.376,-2.398,-31.265,0
1398294787751,42057081239000,171538053000001,-6.376,-2.398,-31.265,0
1398294787761,42057090577000,171538053000001,-6.376,-2.398,-31.265,0
1398294787775,42057105378000,171538053000001,-6.376,-2.398,-31.265,0
1398294787780,42057110261000,171538053000001,-6.376,-2.398,-31.265,0
1398294787795,42057125123000,171538053000001,-6.376,-2.398,-31.265,0
1398294787800,42057130342000,171538053000001,-6.376,-2.398,-31.265,0
1398294787815,42057145143000,171538053000001,-6.376,-2.398,-31.265,0
1398294787821,42057151124000,171538053000001,-6.376,-2.398,-31.265,0
1398294787839,42057163606000,171538053000001,-6.69,-2.398,-31.265,0
1398294787840,42057168885000,171538053000001,-6.69,-2.398,-31.265,0
1398294787852,42057178834000,171538053000001,-6.69,-2.398,-31.265,0
1398294787866,42057189973000,171538053000001,-6.69,-2.398,-31.265,0
1398294787869,42057198884000,171538053000001,-6.69,-2.398,-31.265,0
1398294787889,42057210298000,171538053000001,-7.019,-2.398,-31.265,0
1398294787893,42057218965000,171538053000001,-7.019,-2.398,-31.265,0
1398294787902,42057228974000,171538053000001,-7.019,-2.398,-31.265,0
1398294787914,42057239472000,171538053000001,-7.019,-2.398,-31.265,0
1398294787921,42057249177000,171538053000001,-7.019,-2.398,-31.265,0
1398294787931,42057260530000,171538053000001,-7.328,-2.398,-31.265,0
1398294787946,42057271638000,171538053000001,-7.328,-2.398,-31.265,0
1398294787949,42057278993000,171538053000001,-7.328,-2.398,-31.265,0
1398294787965,42057289033000,171538053000001,-7.328,-2.398,-31.265,0
1398294787977,42057299043000,171538053000001,-7.629,-2.079,-31.265,0
1398294787979,42057309022000,171538053000001,-7.629,-2.079,-31.265,0
1398294787992,42057319062000,171538053000001,-7.629,-2.079,-31.265,0
1398294787999,42057329042000,171538053000001,-7.629,-2.079,-31.265,0
1398294788010,42057339021000,171538053000001,-7.629,-2.079,-31.265,0
1398294788019,42057349061000,171538053000001,-7.629,-2.079,-31.265,0
1398294788029,42057359040000,171538053000001,-7.629,-2.079,-31.265,0
1398294788039,42057369050000,171538053000001,-7.629,-2.079,-31.265,0
1398294788049,42057379121000,171538053000001,-7.629,-2.079,-31.265,0
1398294788063,42057389100000,171538053000001,-7.629,-2.079,-31.265,0
1398294788069,42057399110000,171538053000001,-7.629,-2.079,-31.265,0
1398294788080,42057409089000,171538053000001,-7.629,-2.079,-31.265,0
1398294788089,42057419129000,171538053000001,-7.629,-2.079,-31.265,0
1398294788099,42057429139000,171538053000001,-7.629,-2.079,-31.265,0
1398294788111,42057440675000,171538053000001,-7.629,-2.079,-31.265,0
1398294788119,42057449189000,171538053000001,-7.286,-2.079,-31.265,0
1398294788129,42057459168000,171538053000001,-7.286,-2.079,-31.265,0
1398294788139,42057469148000,171538053000001,-7.286,-2.079,-31.265,0
1398294788149,42057479188000,171538053000001,-7.286,-2.079,-31.265,0
1398294788159,42057489167000,171538053000001,-7.286,-2.079,-31.265,0
1398294788169,42057499177000,171538053000001,-6.886,-2.079,-31.265,0
1398294788179,42057509217000,171538053000001,-6.886,-2.079,-31.265,0
1398294788190,42057519258000,171538053000001,-6.886,-2.079,-31.265,0
1398294788199,42057529267000,171538053000001,-6.538,-2.079,-31.265,0
1398294788209,42057539216000,171538053000001,-6.538,-2.079,-31.265,0
1398294788219,42057549256000,171538053000001,-6.538,-2.079,-31.265,0
1398294788229,42057559266000,171538053000001,-6.538,-2.079,-31.265,0
1398294788242,42057572450000,171538053000001,-6.538,-2.388,-31.265,0
1398294788249,42057579377000,171538053000001,-6.538,-2.388,-31.265,0
1398294788260,42057589234000,171538053000001,-6.538,-2.388,-31.265,0
1398294788269,42057599275000,171538053000001,-6.538,-2.388,-31.265,0
1398294788279,42057609284000,171538053000001,-6.538,-2.388,-31.265,0
1398294788291,42057620820000,171538053000001,-6.538,-2.388,-31.265,0
1398294788299,42057629335000,171538053000001,-6.538,-2.388,-31.265,0
1398294788309,42057639314000,171538053000001,-6.538,-2.388,-31.265,0
1398294788320,42057649293000,171538053000001,-6.538,-2.388,-31.265,0
1398294788330,42057659364000,171538053000001,-6.538,-2.388,-31.265,0
1398294788340,42057669374000,171538053000001,-6.538,-2.388,-31.265,0
1398294788350,42057679414000,171538053000001,-6.538,-2.388,-31.265,0
1398294788360,42057689363000,171538053000001,-6.538,-2.388,-31.265,0
1398294788370,42057699403000,171538053000001,-6.538,-2.388,-31.265,0
1398294788379,42057709413000,171538053000001,-6.538,-2.388,-31.265,0
1398294788389,42057719392000,171538053000001,-6.538,-2.388,-31.265,0
1398294788399,42057729402000,171538053000001,-6.538,-2.388,-31.265,0
1398294788409,42057739411000,171538053000001,-6.538,-2.388,-31.265,0
1398294788419,42057749421000,171538053000001,-6.538,-2.388,-31.265,0
1398294788429,42057759431000,171538053000001,-6.538,-2.388,-31.265,0
1398294788440,42057769441000,171538053000001,-6.538,-2.388,-31.265,0
1398294788452,42057779481000,171538053000001,-6.538,-2.388,-31.265,0
1398294788465,42057789460000,171538053000001,-6.538,-2.388,-31.265,0
1398294788471,42057801026000,171538053000001,-6.538,-2.388,-31.265,0
1398294788480,42057809541000,171538053000001,-6.538,-2.388,-31.265,0
1398294788490,42057819490000,171538053000001,-6.538,-2.388,-31.265,0
1398294788516,42057829560000,171538053000001,-6.538,-2.691,-31.265,0
1398294788517,42057839509000,171538053000001,-6.538,-2.691,-31.265,0
1398294788520,42057849519000,171538053000001,-6.538,-2.691,-31.265,0
1398294788530,42057859559000,171538053000001,-6.538,-2.691,-31.265,0
1398294788539,42057869538000,171538053000001,-6.538,-2.691,-31.265,0
1398294788550,42057879609000,171538053000001,-6.538,-2.691,-31.265,0
1398294788562,42057889527000,171538053000001,-6.538,-2.691,-31.265,0
1398294788570,42057899537000,171538053000001,-6.538,-2.691,-31.265,0
1398294788587,42057909577000,171538053000001,-6.538,-2.691,-31.265,0
1398294788595,42057919618000,171538053000001,-6.538,-2.691,-31.265,0
1398294788602,42057929597000,171538053000001,-6.538,-2.691,-31.265,0
1398294788610,42057939607000,171538053000001,-6.538,-2.691,-31.265,0
1398294788620,42057949616000,171538053000001,-6.538,-2.691,-31.265,0
1398294788630,42057959596000,171538053000001,-6.538,-2.691,-31.265,0
1398294788640,42057969636000,171538053000001,-6.538,-2.691,-31.265,0
1398294788652,42057981172000,171538053000001,-6.538,-2.691,-31.265,0
1398294788667,42057989686000,171538053000001,-6.228,-2.691,-31.265,0
1398294788670,42057999818000,171538053000001,-6.228,-2.691,-31.265,0
1398294788680,42058009675000,171538053000001,-6.228,-2.691,-31.265,0
1398294788690,42058019685000,171538053000001,-6.228,-2.691,-31.265,0
1398294788700,42058029664000,171538053000001,-6.228,-2.691,-31.265,0
1398294788710,42058039674000,171538053000001,-6.228,-2.691,-31.265,0
1398294788720,42058049684000,171538053000001,-6.228,-2.691,-31.265,0
1398294788730,42058059663000,171538053000001,-6.228,-2.691,-31.265,0
1398294788741,42058069703000,171538053000001,-6.228,-2.691,-31.265,0
1398294788750,42058079713000,171538053000001,-6.228,-2.691,-31.265,0
1398294788760,42058089723000,171538053000001,-6.228,-2.691,-31.265,0
1398294788770,42058099793000,171538053000001,-6.228,-2.691,-31.265,0
1398294788780,42058109803000,171538053000001,-6.228,-2.691,-31.265,0
1398294788793,42058119783000,171538053000001,-6.228,-3.005,-31.265,0
1398294788800,42058129823000,171538053000001,-6.53,-3.005,-31.265,0
1398294788811,42058139833000,171538053000001,-6.53,-3.005,-31.265,0
1398294788820,42058149842000,171538053000001,-6.53,-3.005,-31.265,0
1398294788831,42058161378000,171538053000001,-6.53,-3.005,-31.265,0
1398294788840,42058169862000,171538053000001,-6.53,-3.005,-31.265,0
1398294788852,42058179872000,171538053000001,-6.53,-3.005,-31.265,0
1398294788860,42058189851000,171538053000001,-6.53,-3.005,-31.265,0
1398294788870,42058199861000,171538053000001,-6.53,-3.005,-31.265,0
1398294788880,42058209870000,171538053000001,-6.53,-3.005,-31.265,0
1398294788890,42058219880000,171538053000001,-6.53,-3.005,-31.265,0
1398294788900,42058229920000,171538053000001,-6.53,-3.005,-31.265,0
1398294788910,42058239900000,171538053000001,-6.53,-3.005,-31.265,0
1398294788920,42058249909000,171538053000001,-6.53,-3.005,-31.265,0
1398294788931,42058259919000,171538053000001,-6.53,-3.005,-31.265,0
1398294788940,42058269929000,171538053000001,-6.53,-3.005,-31.265,0
1398294788950,42058279939000,171538053000001,-6.53,-3.005,-31.265,0
1398294788960,42058289949000,171538053000001,-6.53,-3.005,-31.265,0
1398294788970,42058299958000,171538053000001,-6.53,-3.005,-31.265,0
1398294788980,42058309968000,171538053000001,-6.53,-3.005,-31.265,0
1398294788990,42058319978000,171538053000001,-6.53,-3.005,-31.265,0
1398294789000,42058329988000,171538053000001,-6.53,-2.662,-31.265,0
1398294789011,42058341554000,171538053000001,-6.53,-2.662,-31.265,0
1398294789020,42058350099000,171538053000001,-6.53,-2.662,-31.265,0
1398294789030,42058360047000,171538053000001,-6.53,-2.662,-31.265,0
1398294789040,42058370057000,171538053000001,-6.53,-2.662,-31.265,0
1398294789050,42058380067000,171538053000001,-6.53,-2.662,-31.265,0
1398294789060,42058390077000,171538053000001,-6.53,-2.662,-31.265,0
1398294789070,42058400086000,171538053000001,-6.53,-2.322,-31.265,0
1398294789080,42058410066000,171538053000001,-6.53,-2.322,-31.265,0
1398294789090,42058420106000,171538053000001,-6.53,-2.322,-31.265,0
1398294789100,42058430268000,171538053000001,-6.53,-2.322,-31.265,0
1398294789110,42058440095000,171538053000001,-6.53,-2.322,-31.265,0
1398294789120,42058450105000,171538053000001,-6.53,-2.322,-31.265,0
1398294789130,42058460115000,171538053000001,-6.53,-2.322,-31.265,0
1398294789146,42058470124000,171538053000001,-6.53,-2.322,-31.265,0
1398294789151,42058481080000,171538053000001,-6.53,-2.322,-31.265,0
1398294789168,42058491792000,171538053000001,-6.53,-2.322,-31.265,0
1398294789170,42058500154000,171538053000001,-6.53,-2.322,-31.265,0
1398294789186,42058515748000,171538053000001,-6.53,-2.322,-31.265,0
1398294789193,42058522767000,171538053000001,-6.53,-2.322,-31.265,0
1398294789202,42058531800000,171538053000001,-6.53,-2.322,-31.265,0
1398294789212,42058542329000,171538053000001,-6.53,-2.322,-31.265,0
1398294789222,42058551820000,171538053000001,-6.53,-2.322,-31.265,0
1398294789232,42058562318000,171538053000001,-6.53,-2.322,-31.265,0
1398294789242,42058572297000,171538053000001,-6.53,-2.322,-31.265,0
1398294789255,42058584504000,171538053000001,-6.53,-2.322,-31.265,0
1398294789262,42058591828000,171538053000001,-6.53,-2.322,-31.265,0
1398294789272,42058601838000,171538053000001,-6.53,-2.322,-31.265,0
1398294789282,42058611848000,171538053000001,-6.53,-2.322,-31.265,0
1398294789292,42058622071000,171538053000001,-6.53,-2.322,-31.265,0
1398294789303,42058633241000,171538053000001,-6.53,-2.322,-31.265,0
1398294789313,42058643312000,171538053000001,-6.53,-2.322,-31.265,0
1398294789327,42058654664000,171538053000001,-6.53,-2.322,-31.265,0
1398294789330,42058660310000,171538053000001,-6.53,-2.664,-31.265,0
1398294789341,42058670289000,171538053000001,-6.53,-2.664,-31.265,0
1398294789350,42058680329000,171538053000001,-6.211,-2.664,-31.265,0
1398294789360,42058690309000,171538053000001,-6.211,-2.664,-31.265,0
1398294789372,42058701905000,171538053000001,-6.211,-2.664,-31.265,0
1398294789380,42058710389000,171538053000001,-6.211,-3.009,-31.265,0
1398294789390,42058720368000,171538053000001,-6.211,-3.009,-31.265,0
1398294789400,42058730378000,171538053000001,-5.888,-3.009,-31.265,0
1398294789410,42058740388000,171538053000001,-5.888,-3.009,-31.265,0
1398294789421,42058750642000,171538053000001,-5.888,-3.408,-31.265,0
1398294789434,42058763978000,171538053000001,-5.543,-3.408,-31.265,0
1398294789444,42058773927000,171538053000001,-5.543,-3.408,-31.265,0
1398294789454,42058784059000,171538053000001,-5.22,-3.732,-31.265,0
1398294789466,42058796174000,171538053000001,-5.22,-3.732,-31.265,0
1398294789480,42058808930000,171538053000001,-4.914,-3.732,-31.265,0
1398294789482,42058811219000,171538053000001,-4.914,-3.732,-31.265,0
1398294789494,42058824433000,171538053000001,-4.914,-4.11,-31.265,0
1398294789503,42058833039000,171538053000001,-4.478,-4.11,-31.265,0
1398294789514,42058844056000,171538053000001,-4.478,-4.11,-31.265,0
1398294789526,42058852296000,171538053000001,-4.142,-4.11,-31.265,0
1398294789533,42058862763000,171538053000001,-4.142,-4.426,-31.265,0
1398294789541,42058870515000,171538053000001,-3.802,-4.426,-31.265,0
1398294789553,42058882661000,171538053000001,-3.802,-4.426,-31.265,0
1398294789562,42058890565000,171538053000001,-3.802,-4.426,-31.265,0
1398294789575,42058902070000,171538053000001,-3.405,-4.426,-31.265,0
1398294789581,42058910554000,171538053000001,-3.405,-4.426,-31.613,0
1398294789594,42058920655000,171538053000001,-3.405,-4.426,-31.613,0
1398294789603,42058932344000,171538053000001,-3.405,-4.426,-31.613,0
1398294789613,42058942445000,171538053000001,-3.094,-4.426,-31.613,0
1398294789626,42058950593000,171538053000001,-3.094,-4.426,-31.613,0
1398294789633,42058962739000,171538053000001,-3.094,-4.426,-31.613,0
1398294789645,42058971681000,171538053000001,-3.094,-4.426,-31.613,0
1398294789656,42058980622000,171538053000001,-3.094,-4.426,-31.613,0
1398294789661,42058990602000,171538053000001,-3.094,-4.426,-31.613,0
1398294789672,42059000611000,171538053000001,-3.094,-4.426,-31.613,0
1398294789681,42059010621000,171538053000001,-3.094,-4.035,-31.613,0
1398294789691,42059020631000,171538053000001,-3.094,-4.035,-31.613,0
1398294789701,42059030641000,171538053000001,-3.094,-4.035,-31.613,0
1398294789711,42059040650000,171538053000001,-3.094,-3.68,-31.613,0
1398294789723,42059050660000,171538053000001,-3.5,-3.68,-31.916,0
1398294789732,42059062226000,171538053000001,-3.5,-3.68,-31.916,0
1398294789741,42059070771000,171538053000001,-3.5,-3.334,-31.916,0
1398294789757,42059087129000,171538053000001,-3.5,-3.334,-31.916,0
1398294789763,42059092683000,171538053000001,-3.831,-3.334,-31.916,0
1398294789784,42059113282000,171538053000001,-3.831,-3.334,-31.916,0
1398294789786,42059115052000,171538053000001,-3.831,-2.999,-31.916,0
1398294789793,42059123445000,171538053000001,-3.831,-2.999,-31.916,0
1398294789806,42059135865000,171538053000001,-3.831,-2.999,-31.916,0
1398294789812,42059142091000,171538053000001,-3.831,-2.999,-31.916,0
1398294789824,42059154267000,171538053000001,-3.831,-2.999,-31.916,0
1398294789834,42059163423000,171538053000001,-3.831,-2.999,-31.916,0
1398294789843,42059173127000,171538053000001,-4.151,-2.999,-31.916,0
1398294789854,42059184358000,171538053000001,-4.151,-2.999,-31.916,0
1398294789863,42059192720000,171538053000001,-4.151,-2.999,-31.916,0
1398294789874,42059204286000,171538053000001,-4.151,-2.999,-31.916,0
1398294789884,42059213807000,171538053000001,-4.151,-2.999,-31.916,0
1398294789895,42059224488000,171538053000001,-4.151,-2.999,-31.916,0
1398294789904,42059234376000,171538053000001,-4.151,-2.999,-31.916,0
1398294789919,42059245301000,171538053000001,-4.151,-3.373,-31.916,0
1398294789928,42059250917000,171538053000001,-3.778,-3.373,-31.916,0
1398294789931,42059261109000,171538053000001,-3.778,-3.373,-31.916,0
1398294789947,42059270936000,171538053000001,-3.778,-3.373,-31.916,0
1398294789953,42059282807000,171538053000001,-3.778,-3.373,-31.916,0
1398294789964,42059290925000,171538053000001,-3.459,-3.674,-31.916,0
1398294789975,42059301454000,171538053000001,-3.459,-3.674,-31.916,0
1398294789981,42059311402000,171538053000001,-3.459,-3.674,-31.916,0
1398294789996,42059320985000,171538053000001,-3.459,-3.674,-31.916,0
1398294790003,42059332734000,171538053000001,-3.459,-3.674,-31.916,0
1398294790017,42059340943000,171538053000001,-3.459,-3.674,-31.916,0
1398294790022,42059350984000,171538053000001,-3.459,-3.674,-31.916,0
1398294790031,42059360963000,171538053000001,-3.459,-3.674,-31.916,0
1398294790041,42059370942000,171538053000001,-3.459,-3.674,-31.916,0
1398294790051,42059381013000,171538053000001,-3.459,-3.674,-31.916,0
1398294790061,42059390992000,171538053000001,-3.459,-3.34,-31.916,0
1398294790073,42059401002000,171538053000001,-3.459,-3.34,-31.916,0
1398294790090,42059411622000,171538053000001,-3.459,-3.34,-31.916,0
1398294790092,42059422578000,171538053000001,-3.459,-3.033,-31.916,0
1398294790101,42059431062000,171538053000001,-3.459,-3.033,-31.916,0
1398294790111,42059441102000,171538053000001,-3.459,-3.033,-32.254,0
1398294790121,42059451051000,171538053000001,-3.459,-3.033,-32.254,0
1398294790131,42059461030000,171538053000001,-3.768,-2.682,-32.254,0
1398294790141,42059471040000,171538053000001,-3.768,-2.682,-32.254,0
1398294790151,42059481080000,171538053000001,-3.768,-2.682,-32.254,0
1398294790161,42059491059000,171538053000001,-4.161,-2.682,-32.254,0
1398294790171,42059501069000,171538053000001,-4.161,-2.682,-32.254,0
1398294790181,42059511079000,171538053000001,-4.161,-2.339,-32.254,0
1398294790191,42059521089000,171538053000001,-4.571,-2.339,-32.254,0
1398294790201,42059531098000,171538053000001,-4.571,-2.339,-32.254,0
1398294790211,42059541108000,171538053000001,-4.571,-2.339,-32.254,0
1398294790222,42059551148000,171538053000001,-4.882,-2.339,-32.254,0
1398294790235,42059561158000,171538053000001,-4.882,-2.339,-32.254,0
1398294790263,42059571168000,171538053000001,-4.882,-2.339,-32.254,0
1398294790264,42059581178000,171538053000001,-5.215,-2.339,-32.254,0
1398294790265,42059591218000,171538053000001,-5.215,-2.339,-31.924,0
1398294790274,42059602754000,171538053000001,-5.215,-2.339,-31.924,0
1398294790281,42059611238000,171538053000001,-5.215,-2.339,-31.924,0
1398294790291,42059621217000,171538053000001,-5.554,-2.339,-31.924,0
1398294790301,42059631196000,171538053000001,-5.554,-2.339,-31.924,0
1398294790311,42059641206000,171538053000001,-5.554,-2.339,-31.924,0
1398294790321,42059651277000,171538053000001,-5.554,-2.339,-31.924,0
1398294790331,42059661256000,171538053000001,-5.854,-2.645,-31.924,0
1398294790341,42059671266000,171538053000001,-5.854,-2.645,-31.924,0
1398294790351,42059681245000,171538053000001,-5.854,-2.645,-31.924,0
1398294790361,42059691255000,171538053000001,-5.854,-2.645,-31.924,0
1398294790371,42059701264000,171538053000001,-5.854,-2.645,-31.924,0
1398294790381,42059711274000,171538053000001,-5.854,-2.645,-31.924,0
1398294790396,42059726106000,171538053000001,-5.854,-2.645,-31.614,0
1398294790401,42059731263000,171538053000001,-5.854,-2.645,-31.614,0
1398294790411,42059741303000,171538053000001,-5.854,-2.967,-31.614,0
1398294790421,42059751313000,171538053000001,-5.854,-2.967,-31.614,0
1398294790431,42059761323000,171538053000001,-5.854,-2.967,-31.614,0
1398294790441,42059771333000,171538053000001,-6.164,-2.967,-31.614,0
1398294790453,42059782868000,171538053000001,-6.164,-2.967,-31.614,0
1398294790462,42059791383000,171538053000001,-6.164,-2.967,-31.614,0
1398294790471,42059801362000,171538053000001,-6.164,-2.967,-31.614,0
1398294790481,42059811372000,171538053000001,-6.164,-2.967,-31.292,0
1398294790491,42059821382000,171538053000001,-6.491,-2.967,-31.292,0
1398294790501,42059831391000,171538053000001,-6.491,-2.967,-31.292,0
1398294790511,42059841401000,171538053000001,-6.491,-2.967,-31.292,0
1398294790521,42059851411000,171538053000001,-6.491,-2.967,-31.292,0
1398294790531,42059861421000,171538053000001,-6.491,-2.967,-31.292,0
1398294790541,42059871430000,171538053000001,-6.491,-2.967,-31.292,0
1398294790551,42059881440000,171538053000001,-6.491,-2.967,-31.292,0
1398294790561,42059891450000,171538053000001,-6.491,-2.967,-31.292,0
1398294790571,42059901460000,171538053000001,-6.491,-2.967,-31.292,0
1398294790581,42059911470000,171538053000001,-6.491,-2.967,-31.292,0
1398294790591,42059921449000,171538053000001,-6.491,-2.967,-31.292,0
1398294790601,42059931489000,171538053000001,-6.491,-2.967,-31.292,0
1398294790611,42059941499000,171538053000001,-6.491,-2.967,-31.292,0
1398294790621,42059951478000,171538053000001,-6.491,-2.967,-31.292,0
1398294790639,42059964173000,171538053000001,-6.491,-2.967,-31.292,0
1398294790642,42059971559000,171538053000001,-6.491,-2.967,-31.292,0
1398294790654,42059982301000,171538053000001,-6.491,-2.967,-31.292,0
1398294790663,42059993012000,171538053000001,-6.491,-2.967,-31.292,0
1398294790676,42060001588000,171538053000001,-6.491,-2.967,-31.292,0
1398294790682,42060011598000,171538053000001,-6.491,-2.967,-31.292,0
1398294790692,42060021638000,171538053000001,-6.491,-2.967,-31.292,0
1398294790711,42060036988000,171538053000001,-6.491,-2.967,-31.292,0
1398294790714,42060041413000,171538053000001,-6.491,-2.967,-31.292,0
1398294790724,42060052095000,171538053000001,-6.491,-2.967,-31.292,0
1398294790733,42060062470000,171538053000001,-6.875,-2.967,-31.292,0
1398294790742,42060071626000,171538053000001,-6.875,-2.967,-31.292,0
1398294790754,42060081666000,171538053000001,-6.875,-2.967,-31.292,0
1398294790770,42060091676000,171538053000001,-7.203,-2.967,-30.976,0
1398294790773,42060101686000,171538053000001,-7.203,-2.967,-30.976,0
1398294790782,42060111695000,171538053000001,-7.203,-2.967,-30.976,0
1398294790792,42060121705000,171538053000001,-7.203,-2.967,-30.976,0
1398294790802,42060131867000,171538053000001,-7.203,-2.967,-30.976,0
1398294790813,42060143251000,171538053000001,-7.203,-2.967,-30.976,0
1398294790822,42060151765000,171538053000001,-7.203,-2.967,-30.976,0
1398294790832,42060161744000,171538053000001,-7.528,-2.967,-30.976,0
1398294790842,42060171723000,171538053000001,-7.528,-2.967,-30.976,0
1398294790852,42060181733000,171538053000001,-7.528,-2.967,-30.976,0
1398294790862,42060191926000,171538053000001,-7.528,-2.967,-30.976,0
1398294790872,42060201783000,171538053000001,-7.528,-2.967,-30.976,0
1398294790882,42060211762000,171538053000001,-7.528,-2.967,-30.976,0
1398294790892,42060221772000,171538053000001,-7.528,-2.967,-30.976,0
1398294790902,42060231782000,171538053000001,-7.528,-2.967,-30.976,0
1398294790912,42060241792000,171538053000001,-7.528,-2.967,-30.976,0
1398294790922,42060251832000,171538053000001,-7.528,-2.967,-30.976,0
1398294790932,42060261842000,171538053000001,-7.528,-2.967,-30.976,0
1398294790942,42060271852000,171538053000001,-7.528,-2.967,-30.976,0
1398294790952,42060281861000,171538053000001,-7.528,-2.967,-30.976,0
1398294790962,42060291871000,171538053000001,-7.528,-2.967,-30.976,0
1398294790972,42060301911000,171538053000001,-7.528,-2.967,-30.976,0
1398294790982,42060311921000,171538053000001,-7.528,-2.967,-30.976,0
1398294790993,42060323426000,171538053000001,-7.528,-2.967,-30.976,0
1398294791002,42060331941000,171538053000001,-7.528,-2.967,-30.976,0
1398294791012,42060342286000,171538053000001,-7.528,-2.967,-30.976,0
1398294791022,42060351869000,171538053000001,-7.528,-2.967,-30.976,0
1398294791032,42060361878000,171538053000001,-7.528,-2.967,-30.976,0
1398294791042,42060371888000,171538053000001,-7.528,-2.967,-30.976,0
1398294791052,42060381898000,171538053000001,-7.528,-2.967,-30.976,0
1398294791062,42060391938000,171538053000001,-7.528,-2.967,-30.976,0
1398294791072,42060401918000,171538053000001,-7.528,-2.967,-30.976,0
1398294791086,42060412019000,171538053000001,-7.528,-2.967,-30.976,0
1398294791094,42060421998000,171538053000001,-7.528,-2.967,-30.976,0
1398294791105,42060432679000,171538053000001,-7.528,-2.967,-30.976,0
1398294791114,42060442018000,171538053000001,-7.528,-2.967,-30.976,0
1398294791123,42060452027000,171538053000001,-7.528,-2.967,-30.976,0
1398294791136,42060463288000,171538053000001,-7.528,-2.967,-30.976,0
1398294791143,42060473146000,171538053000001,-7.528,-2.967,-30.976,0
1398294791153,42060483155000,171538053000001,-7.528,-3.277,-30.976,0
1398294791169,42060497315000,171538053000001,-7.528,-3.277,-30.976,0
1398294791175,42060504670000,171538053000001,-7.528,-3.277,-30.976,0
1398294791187,42060513673000,171538053000001,-7.528,-3.277,-30.976,0
1398294791198,42060522096000,171538053000001,-7.528,-3.277,-30.976,0
1398294791210,42060532105000,171538053000001,-7.528,-3.277,-30.976,0
1398294791218,42060542115000,171538053000001,-7.528,-3.277,-30.976,0
1398294791222,42060552125000,171538053000001,-7.528,-3.277,-30.976,0
1398294791232,42060562104000,171538053000001,-7.528,-3.277,-30.976,0
1398294791242,42060572114000,171538053000001,-7.528,-3.277,-30.976,0
1398294791252,42060582185000,171538053000001,-7.528,-3.277,-30.976,0
1398294791263,42060592164000,171538053000001,-7.528,-3.277,-30.976,0
1398294791273,42060602204000,171538053000001,-7.528,-3.277,-30.976,0
1398294791284,42060612184000,171538053000001,-7.528,-3.277,-30.976,0
1398294791304,42060622163000,171538053000001,-7.528,-3.277,-30.976,0
1398294791306,42060632203000,171538053000001,-7.528,-3.277,-30.976,0
1398294791316,42060644654000,171538053000001,-7.528,-3.277,-30.976,0
1398294791327,42060655732000,171538053000001,-7.528,-3.277,-30.976,0
1398294791333,42060662355000,171538053000001,-7.226,-2.975,-30.976,0
1398294791342,42060672242000,171538053000001,-7.226,-2.975,-30.976,0
1398294791357,42060683808000,171538053000001,-7.226,-2.975,-30.976,0
1398294791365,42060692323000,171538053000001,-7.226,-2.975,-30.976,0
1398294791374,42060702272000,171538053000001,-7.226,-2.975,-30.976,0
1398294791382,42060712281000,171538053000001,-7.226,-2.975,-30.976,0
1398294791392,42060722291000,171538053000001,-7.226,-2.975,-30.976,0
1398294791402,42060732331000,171538053000001,-7.226,-2.975,-30.976,0
1398294791412,42060742311000,171538053000001,-7.226,-2.975,-30.976,0
1398294791422,42060752320000,171538053000001,-7.226,-2.975,-30.976,0
1398294791432,42060762330000,171538053000001,-7.226,-2.648,-30.976,0
1398294791442,42060772340000,171538053000001,-7.226,-2.648,-30.976,0
1398294791452,42060782350000,171538053000001,-7.226,-2.648,-30.976,0
1398294791462,42060792359000,171538053000001,-7.226,-2.648,-30.976,0
1398294791473,42060802766000,171538053000001,-7.226,-2.648,-30.976,0
1398294791482,42060812379000,171538053000001,-7.226,-2.648,-30.976,0
1398294791492,42060822358000,171538053000001,-7.226,-2.648,-30.976,0
1398294791502,42060832368000,171538053000001,-7.226,-2.648,-30.976,0
1398294791513,42060842408000,171538053000001,-7.226,-2.648,-30.976,0
1398294791522,42060852418000,171538053000001,-7.226,-2.648,-30.976,0
1398294791534,42060863984000,171538053000001,-7.226,-2.648,-30.976,0
1398294791543,42060872529000,171538053000001,-7.226,-2.648,-30.976,0
1398294791553,42060882478000,171538053000001,-7.226,-2.648,-30.976,0
1398294791563,42060892488000,171538053000001,-7.226,-2.648,-30.976,0
1398294791573,42060902467000,171538053000001,-7.226,-2.648,-30.976,0
1398294791584,42060912477000,171538053000001,-7.226,-2.648,-30.976,0
1398294791592,42060922486000,171538053000001,-7.226,-2.648,-30.976,0
1398294791606,42060932527000,171538053000001,-7.226,-2.648,-30.976,0
1398294791613,42060942506000,171538053000001,-7.226,-2.648,-30.976,0
1398294791628,42060956849000,171538053000001,-7.226,-2.648,-30.976,0
1398294791633,42060962464000,171538053000001,-7.226,-2.648,-30.976,0
1398294791643,42060972505000,171538053000001,-7.226,-2.648,-30.976,0
1398294791653,42060982698000,171538053000001,-7.226,-2.648,-30.976,0
1398294791662,42060992524000,171538053000001,-7.226,-2.648,-30.976,0
1398294791672,42061002534000,171538053000001,-7.226,-2.648,-30.976,0
1398294791684,42061012544000,171538053000001,-7.226,-2.648,-30.976,0
1398294791693,42061022737000,171538053000001,-7.226,-2.648,-30.976,0
1398294791703,42061032594000,171538053000001,-7.226,-2.648,-30.976,0
1398294791714,42061044099000,171538053000001,-7.226,-2.648,-30.976,0
1398294791723,42061052613000,171538053000001,-7.226,-2.648,-30.976,0
1398294791746,42061063417000,171538053000001,-7.226,-2.648,-30.976,0
1398294791747,42061072602000,171538053000001,-7.226,-2.648,-30.976,0
1398294791753,42061082612000,171538053000001,-7.226,-2.648,-30.976,0
1398294791767,42061092622000,171538053000001,-7.226,-2.648,-30.976,0
1398294791774,42061102723000,171538053000001,-7.226,-2.648,-30.976,0
1398294791784,42061112641000,171538053000001,-7.226,-2.648,-30.976,0
1398294791795,42061122682000,171538053000001,-7.226,-2.648,-30.976,0
1398294791803,42061132661000,171538053000001,-6.922,-2.648,-31.278,0
1398294791813,42061142640000,171538053000001,-6.922,-2.648,-31.278,0
1398294791823,42061152680000,171538053000001,-6.922,-2.648,-31.278,0
1398294791833,42061162660000,171538053000001,-6.922,-2.648,-31.278,0
1398294791843,42061172700000,171538053000001,-6.922,-2.648,-31.278,0
1398294791853,42061182740000,171538053000001,-6.922,-2.648,-31.278,0
1398294791863,42061192750000,171538053000001,-6.922,-2.648,-31.278,0
1398294791873,42061202821000,171538053000001,-6.922,-2.648,-31.278,0
1398294791883,42061212770000,171538053000001,-6.922,-2.648,-31.278,0
1398294791894,42061224336000,171538053000001,-6.922,-2.648,-31.278,0
1398294791903,42061232820000,171538053000001,-6.922,-2.648,-31.278,0
1398294791913,42061242799000,171538053000001,-6.922,-2.987,-31.278,0
1398294791923,42061252809000,171538053000001,-6.922,-2.987,-31.278,0
1398294791934,42061263948000,171538053000001,-6.922,-2.987,-31.278,0
1398294791943,42061272767000,171538053000001,-6.922,-2.987,-31.278,0
1398294791953,42061282807000,171538053000001,-6.922,-2.987,-31.278,0
1398294791963,42061292817000,171538053000001,-6.922,-2.987,-31.278,0
1398294791973,42061302827000,171538053000001,-6.922,-2.987,-31.278,0
1398294791983,42061312837000,171538053000001,-6.584,-3.289,-31.278,0
1398294791993,42061322846000,171538053000001,-6.584,-3.289,-31.278,0
1398294792003,42061332856000,171538053000001,-6.584,-3.289,-31.278,0
1398294792013,42061342866000,171538053000001,-6.584,-3.289,-31.278,0
1398294792023,42061352876000,171538053000001,-6.584,-3.289,-31.278,0
1398294792033,42061362886000,171538053000001,-6.584,-3.289,-31.278,0
1398294792043,42061372895000,171538053000001,-6.584,-3.622,-31.278,0
1398294792053,42061382905000,171538053000001,-6.584,-3.622,-31.278,0
1398294792063,42061392915000,171538053000001,-6.28,-3.622,-31.278,0
1398294792075,42061404634000,171538053000001,-6.28,-3.622,-31.278,0
1398294792083,42061412965000,171538053000001,-6.28,-4.01,-31.278,0
1398294792093,42061422944000,171538053000001,-6.28,-4.01,-31.278,0
1398294792103,42061432954000,171538053000001,-5.944,-4.01,-31.278,0
1398294792113,42061442964000,171538053000001,-5.944,-4.321,-31.278,0
1398294792123,42061452973000,171538053000001,-5.944,-4.321,-31.278,0
1398294792133,42061462983000,171538053000001,-5.548,-4.321,-31.278,0
1398294792143,42061472993000,171538053000001,-5.548,-4.321,-31.278,0
1398294792153,42061483003000,171538053000001,-5.548,-4.711,-31.278,0
1398294792163,42061493012000,171538053000001,-5.091,-4.711,-31.278,0
1398294792173,42061503022000,171538053000001,-5.091,-4.711,-31.278,0
1398294792183,42061513063000,171538053000001,-5.091,-4.711,-31.278,0
1398294792193,42061523011000,171538053000001,-4.725,-4.711,-31.278,0
1398294792203,42061533052000,171538053000001,-4.725,-5.033,-31.278,0
1398294792213,42061543031000,171538053000001,-4.725,-5.033,-31.278,0
1398294792223,42061553254000,171538053000001,-4.373,-5.033,-31.278,0
1398294792236,42061563111000,171538053000001,-4.373,-5.033,-31.278,0
1398294792246,42061575990000,171538053000001,-4.373,-5.033,-31.278,0
1398294792255,42061584626000,171538053000001,-4.373,-5.033,-31.278,0
1398294792263,42061593110000,171538053000001,-4.023,-5.033,-31.278,0
1398294792273,42061603120000,171538053000001,-4.023,-5.033,-31.278,0
1398294792284,42061613130000,171538053000001,-4.023,-5.033,-31.278,0
1398294792293,42061623139000,171538053000001,-4.023,-5.033,-31.278,0
1398294792303,42061633149000,171538053000001,-4.023,-5.033,-31.278,0
1398294792313,42061643159000,171538053000001,-4.023,-5.033,-31.278,0
1398294792323,42061653138000,171538053000001,-4.023,-5.033,-31.278,0
1398294792333,42061663148000,171538053000001,-4.023,-5.033,-31.278,0
1398294792343,42061673188000,171538053000001,-4.023,-5.033,-31.278,0
1398294792353,42061683198000,171538053000001,-4.023,-4.693,-31.278,0
1398294792363,42061693177000,171538053000001,-4.023,-4.693,-31.278,0
1398294792373,42061703248000,171538053000001,-4.023,-4.693,-31.278,0
1398294792383,42061713197000,171538053000001,-4.374,-4.693,-31.278,0
1398294792393,42061723237000,171538053000001,-4.374,-4.693,-31.278,0
1398294792403,42061733247000,171538053000001,-4.374,-4.693,-31.278,0
1398294792413,42061743257000,171538053000001,-4.374,-4.376,-31.278,0
1398294792423,42061753266000,171538053000001,-4.374,-4.376,-31.278,0
1398294792435,42061764833000,171538053000001,-4.374,-4.376,-31.278,0
1398294792443,42061773316000,171538053000001,-4.698,-4.376,-31.278,0
1398294792453,42061783296000,171538053000001,-4.698,-4.376,-31.278,0
1398294792463,42061793305000,171538053000001,-4.698,-4.064,-31.278,0
1398294792473,42061803315000,171538053000001,-4.698,-4.064,-31.278,0
1398294792483,42061813325000,171538053000001,-4.698,-4.064,-31.278,0
1398294792493,42061823335000,171538053000001,-5.03,-4.064,-31.278,0
1398294792503,42061833345000,171538053000001,-5.03,-4.064,-31.278,0
1398294792513,42061843354000,171538053000001,-5.03,-4.064,-31.278,0
1398294792524,42061853547000,171538053000001,-5.03,-4.064,-31.278,0
1398294792533,42061863374000,171538053000001,-5.03,-4.064,-31.278,0
1398294792548,42061878144000,171538053000001,-5.03,-4.064,-31.278,0
1398294792554,42061883332000,171538053000001,-5.03,-4.064,-31.278,0
1398294792564,42061893373000,171538053000001,-5.03,-4.064,-31.278,0
1398294792573,42061903413000,171538053000001,-5.377,-4.064,-31.278,0
1398294792587,42061913453000,171538053000001,-5.377,-4.064,-31.278,0
1398294792594,42061923493000,171538053000001,-5.377,-4.064,-31.278,0
1398294792606,42061933503000,171538053000001,-5.377,-4.064,-31.278,0
1398294792621,42061945039000,171538053000001,-5.377,-4.064,-31.278,0
1398294792623,42061953523000,171538053000001,-5.729,-4.064,-31.278,0
1398294792634,42061963502000,171538053000001,-5.729,-4.064,-31.278,0
1398294792643,42061973542000,171538053000001,-5.729,-4.064,-31.278,0
1398294792654,42061983552000,171538053000001,-5.729,-4.064,-31.278,0
1398294792669,42061993531000,171538053000001,-5.729,-4.064,-31.278,0
1398294792673,42062003541000,171538053000001,-5.729,-4.064,-31.278,0
1398294792684,42062013551000,171538053000001,-5.729,-4.064,-31.278,0
1398294792693,42062023561000,171538053000001,-5.729,-4.064,-31.278,0
1398294792703,42062033540000,171538053000001,-5.729,-4.064,-31.278,0
1398294792713,42062043550000,171538053000001,-5.729,-4.064,-31.278,0
1398294792723,42062053559000,171538053000001,-5.729,-3.746,-31.278,0
1398294792733,42062063569000,171538053000001,-5.729,-3.746,-31.278,0
1398294792743,42062073579000,171538053000001,-5.729,-3.746,-31.278,0
1398294792753,42062083589000,171538053000001,-5.729,-3.746,-31.278,0
1398294792763,42062093598000,171538053000001,-6.048,-3.746,-31.278,0
1398294792773,42062103639000,171538053000001,-6.048,-3.746,-31.278,0
1398294792783,42062113648000,171538053000001,-6.048,-3.436,-31.278,0
1398294792795,42062125215000,171538053000001,-6.048,-3.436,-31.278,0
1398294792805,42062133699000,171538053000001,-6.048,-3.436,-31.278,0
1398294792818,42062143678000,171538053000001,-6.048,-3.436,-31.278,0
1398294792824,42062153688000,171538053000001,-6.048,-3.436,-31.278,0
1398294792834,42062163697000,171538053000001,-6.048,-3.436,-31.278,0
1398294792845,42062174134000,171538053000001,-6.048,-3.436,-31.278,0
1398294792856,42062185365000,171538053000001,-6.048,-3.436,-31.278,0
1398294792864,42062193727000,171538053000001,-6.048,-3.436,-31.278,0
1398294792874,42062203675000,171538053000001,-6.379,-3.436,-31.278,0
1398294792887,42062213716000,171538053000001,-6.379,-3.091,-31.278,0
1398294792894,42062223695000,171538053000001,-6.379,-3.091,-31.278,0
1398294792904,42062233735000,171538053000001,-6.379,-3.091,-31.278,0
1398294792914,42062243714000,171538053000001,-6.379,-3.091,-31.278,0
1398294792924,42062253907000,171538053000001,-6.379,-3.091,-31.278,0
1398294792934,42062263734000,171538053000001,-6.709,-3.091,-31.278,0
1398294792944,42062273744000,171538053000001,-6.709,-3.091,-31.278,0
1398294792953,42062283753000,171538053000001,-6.709,-3.091,-31.278,0
1398294792964,42062293763000,171538053000001,-6.709,-3.091,-31.278,0
1398294792975,42062305329000,171538053000001,-6.709,-3.091,-31.278,0
1398294792984,42062313844000,171538053000001,-6.709,-3.091,-31.278,0
1398294792994,42062323793000,171538053000001,-6.709,-3.091,-31.278,0
1398294793006,42062333833000,171538053000001,-6.709,-3.091,-31.278,0
1398294793016,42062343843000,171538053000001,-6.709,-3.091,-31.278,0
1398294793024,42062353822000,171538053000001,-6.709,-3.091,-31.278,0
1398294793039,42062363832000,171538053000001,-6.709,-3.091,-31.278,0
1398294793044,42062373872000,171538053000001,-6.709,-3.091,-31.278,0
1398294793054,42062383882000,171538053000001,-6.709,-3.091,-31.278,0
1398294793064,42062393861000,171538053000001,-6.709,-3.091,-31.278,0
1398294793074,42062403871000,171538053000001,-6.709,-3.091,-31.278,0
1398294793084,42062413880000,171538053000001,-6.709,-3.091,-31.278,0
1398294793094,42062423890000,171538053000001,-6.709,-3.091,-31.278,0
1398294793104,42062433900000,171538053000001,-6.709,-3.091,-31.278,0
1398294793114,42062443910000,171538053000001,-6.709,-3.091,-31.278,0
1398294793124,42062453919000,171538053000001,-6.709,-3.091,-31.278,0
1398294793134,42062463929000,171538053000001,-6.709,-3.091,-31.278,0
1398294793144,42062473939000,171538053000001,-6.709,-3.091,-31.278,0
1398294793157,42062485505000,171538053000001,-6.709,-3.091,-31.278,0
1398294793168,42062497376000,171538053000001,-6.709,-3.091,-31.278,0
1398294793174,42062503968000,171538053000001,-6.709,-3.091,-31.278,0
1398294793184,42062513978000,171538053000001,-6.709,-3.091,-31.278,0
1398294793194,42062523988000,171538053000001,-6.709,-3.091,-31.278,0
1398294793204,42062533998000,171538053000001,-6.709,-3.091,-31.278,0
1398294793214,42062544007000,171538053000001,-6.709,-3.091,-31.278,0
1398294793224,42062554017000,171538053000001,-6.709,-2.78,-31.278,0
1398294793234,42062564027000,171538053000001,-6.709,-2.78,-31.278,0
1398294793244,42062574067000,171538053000001,-6.709,-2.78,-31.278,0
1398294793254,42062584046000,171538053000001,-6.709,-2.78,-31.278,0
1398294793264,42062594056000,171538053000001,-6.709,-2.78,-31.278,0
1398294793274,42062604096000,171538053000001,-6.709,-2.78,-31.278,0
1398294793284,42062614076000,171538053000001,-6.709,-2.78,-31.278,0
1398294793294,42062624116000,171538053000001,-6.709,-2.78,-31.278,0
1398294793304,42062634126000,171538053000001,-6.361,-2.78,-31.278,0
1398294793314,42062644105000,171538053000001,-6.361,-2.78,-31.278,0
1398294793324,42062654115000,171538053000001,-6.361,-2.78,-31.278,0
1398294793336,42062665681000,171538053000001,-6.361,-3.138,-31.278,0
1398294793345,42062674989000,171538053000001,-6.361,-3.138,-31.278,0
1398294793359,42062688630000,171538053000001,-5.987,-3.138,-31.278,0
1398294793369,42062698609000,171538053000001,-5.987,-3.138,-31.278,0
1398294793377,42062706819000,171538053000001,-5.987,-3.471,-31.278,0
1398294793389,42062718598000,171538053000001,-5.632,-3.471,-31.278,0
1398294793394,42062724214000,171538053000001,-5.632,-3.471,-31.278,0
1398294793405,42062735047000,171538053000001,-5.632,-3.892,-31.278,0
1398294793414,42062744294000,171538053000001,-5.262,-3.892,-31.278,0
1398294793427,42062756990000,171538053000001,-5.262,-3.892,-31.278,0
1398294793435,42062764527000,171538053000001,-5.262,-4.321,-31.278,0
1398294793449,42062774751000,171538053000001,-5.262,-4.321,-31.278,0
1398294793455,42062784272000,171538053000001,-4.884,-4.321,-31.278,0
1398294793479,42062795075000,171538053000001,-4.884,-4.656,-31.278,0
1398294793482,42062806184000,171538053000001,-4.884,-4.656,-31.278,0
1398294793484,42062814302000,171538053000001,-4.884,-4.656,-31.278,0
1398294793499,42062825196000,171538053000001,-4.884,-4.656,-31.278,0
1398294793528,42062834321000,171538053000001,-4.884,-4.656,-31.278,0
1398294793530,42062845857000,171538053000001,-4.884,-4.656,-31.278,0
1398294793531,42062854341000,171538053000001,-4.884,-4.656,-31.278,0
1398294793539,42062864320000,171538053000001,-4.884,-4.656,-31.278,0
1398294793549,42062874360000,171538053000001,-4.884,-4.656,-31.278,0
1398294793557,42062884370000,171538053000001,-4.884,-4.656,-31.278,0
1398294793572,42062894349000,171538053000001,-4.884,-4.656,-31.278,0
1398294793574,42062904359000,171538053000001,-4.884,-4.656,-31.278,0
1398294793584,42062914369000,171538053000001,-4.884,-4.656,-31.278,0
1398294793598,42062924409000,171538053000001,-4.884,-4.656,-31.278,0
1398294793604,42062934388000,171538053000001,-4.884,-4.656,-31.278,0
1398294793614,42062944398000,171538053000001,-4.884,-4.656,-31.278,0
1398294793624,42062954408000,171538053000001,-5.194,-4.656,-31.278,0
1398294793634,42062964418000,171538053000001,-5.194,-4.341,-31.278,0
1398294793644,42062974427000,171538053000001,-5.194,-4.341,-31.278,0
1398294793655,42062984437000,171538053000001,-5.194,-4.341,-31.278,0
1398294793664,42062994477000,171538053000001,-5.194,-4.341,-31.278,0
1398294793675,42063004457000,171538053000001,-5.194,-4.341,-31.278,0
1398294793685,42063014466000,171538053000001,-5.519,-4.341,-31.278,0
1398294793697,42063026033000,171538053000001,-5.519,-4.032,-31.278,0
1398294793705,42063034516000,171538053000001,-5.519,-4.032,-31.278,0
1398294793715,42063044526000,171538053000001,-5.519,-4.032,-31.278,0
1398294793725,42063054505000,171538053000001,-5.519,-4.032,-31.278,0
1398294793735,42063064576000,171538053000001,-5.519,-4.032,-31.278,0
1398294793746,42063074555000,171538053000001,-5.519,-4.032,-31.278,0
1398294793755,42063084565000,171538053000001,-5.519,-4.032,-31.278,0
1398294793773,42063094575000,171538053000001,-5.519,-4.032,-31.278,0
1398294793779,42063105256000,171538053000001,-5.519,-4.032,-31.278,0
1398294793786,42063114564000,171538053000001,-5.519,-4.032,-31.278,0
1398294793799,42063124543000,171538053000001,-5.519,-4.032,-31.278,0
1398294793805,42063134553000,171538053000001,-5.519,-4.032,-31.278,0
1398294793814,42063144563000,171538053000001,-5.519,-4.032,-31.278,0
1398294793824,42063154573000,171538053000001,-5.519,-4.032,-31.278,0
1398294793834,42063164552000,171538053000001,-5.519,-4.032,-31.278,0
1398294793845,42063174592000,171538053000001,-5.519,-4.032,-31.278,0
1398294793855,42063184602000,171538053000001,-5.519,-4.032,-31.278,0
1398294793865,42063194612000,171538053000001,-5.519,-4.032,-31.278,0
1398294793876,42063206178000,171538053000001,-5.519,-4.032,-31.278,0
1398294793885,42063214662000,171538053000001,-5.519,-4.032,-31.278,0
1398294793895,42063224641000,171538053000001,-5.519,-4.032,-31.278,0
1398294793905,42063234651000,171538053000001,-5.519,-4.032,-31.278,0
1398294793915,42063244660000,171538053000001,-5.519,-4.032,-31.278,0
1398294793925,42063254670000,171538053000001,-5.519,-4.032,-31.278,0
1398294793935,42063264680000,171538053000001,-5.519,-4.032,-31.278,0
1398294793945,42063274720000,171538053000001,-5.519,-4.032,-31.278,0
1398294793955,42063284699000,171538053000001,-5.85,-4.032,-31.278,0
1398294793965,42063294740000,171538053000001,-5.85,-4.032,-31.278,0
1398294793975,42063304719000,171538053000001,-5.85,-4.032,-31.278,0
1398294793986,42063314729000,171538053000001,-5.85,-4.032,-30.972,0
1398294793996,42063324769000,171538053000001,-5.85,-4.032,-30.972,0
1398294794005,42063334748000,171538053000001,-5.85,-4.032,-30.972,0
1398294794015,42063344758000,171538053000001,-5.85,-4.032,-30.972,0
1398294794025,42063354737000,171538053000001,-6.187,-4.032,-30.972,0
1398294794035,42063364747000,171538053000001,-6.187,-4.032,-30.972,0
1398294794045,42063375001000,171538053000001,-6.187,-4.032,-30.972,0
1398294794062,42063390534000,171538053000001,-6.187,-4.032,-30.972,0
1398294794080,42063394868000,171538053000001,-6.187,-4.032,-30.972,0
1398294794083,42063409120000,171538053000001,-6.187,-4.032,-30.972,0
1398294794085,42063414826000,171538053000001,-6.187,-4.032,-30.972,0
1398294794095,42063424836000,171538053000001,-6.529,-4.032,-30.972,0
1398294794105,42063434846000,171538053000001,-6.529,-4.032,-30.972,0
1398294794115,42063444825000,171538053000001,-6.529,-4.032,-30.972,0
1398294794125,42063454866000,171538053000001,-6.529,-4.032,-30.972,0
1398294794135,42063464875000,171538053000001,-6.529,-4.032,-30.972,0
1398294794145,42063474885000,171538053000001,-6.529,-4.032,-30.972,0
1398294794155,42063484895000,171538053000001,-6.529,-4.032,-30.972,0
1398294794165,42063494905000,171538053000001,-6.529,-4.032,-30.972,0
1398294794175,42063504914000,171538053000001,-6.529,-4.032,-30.972,0
1398294794185,42063514924000,171538053000001,-6.529,-4.032,-30.972,0
1398294794196,42063524934000,171538053000001,-6.529,-4.032,-30.972,0
1398294794205,42063535096000,171538053000001,-6.529,-4.032,-30.972,0
1398294794215,42063544953000,171538053000001,-6.529,-4.032,-30.972,0
1398294794227,42063554994000,171538053000001,-6.529,-4.032,-30.972,0
1398294794237,42063566529000,171538053000001,-6.529,-4.032,-30.972,0
1398294794245,42063575013000,171538053000001,-6.529,-4.032,-30.972,0
1398294794255,42063584992000,171538053000001,-6.529,-4.032,-30.972,0
1398294794265,42063595002000,171538053000001,-6.529,-4.37,-30.972,0
1398294794275,42063605012000,171538053000001,-6.529,-4.37,-30.972,0
1398294794285,42063615022000,171538053000001,-6.529,-4.37,-30.972,0
1398294794295,42063625032000,171538053000001,-6.529,-4.37,-30.972,0
1398294794305,42063635011000,171538053000001,-6.529,-4.37,-30.972,0
1398294794315,42063645051000,171538053000001,-6.529,-4.67,-30.972,0
1398294794325,42063655030000,171538053000001,-6.529,-4.67,-30.972,0
1398294794335,42063665040000,171538053000001,-6.529,-4.67,-30.972,0
1398294794345,42063675050000,171538053000001,-6.529,-4.67,-30.972,0
1398294794355,42063685090000,171538053000001,-6.529,-4.67,-30.972,0
1398294794365,42063695130000,171538053000001,-6.529,-4.67,-30.972,0
1398294794376,42063705171000,171538053000001,-6.529,-4.67,-30.972,0
1398294794391,42063715180000,171538053000001,-6.529,-4.67,-30.972,0
1398294794397,42063726411000,171538053000001,-6.529,-4.67,-30.972,0
1398294794405,42063735139000,171538053000001,-6.529,-4.67,-30.972,0
1398294794417,42063746736000,171538053000001,-6.529,-4.67,-30.972,0
1398294794425,42063755250000,171538053000001,-6.529,-4.67,-30.972,0
1398294794435,42063765229000,171538053000001,-6.529,-4.67,-30.972,0
1398294794446,42063775209000,171538053000001,-6.529,-4.67,-30.972,0
1398294794455,42063785218000,171538053000001,-6.529,-4.67,-30.972,0
1398294794465,42063795228000,171538053000001,-6.529,-4.67,-30.972,0
1398294794475,42063805238000,171538053000001,-6.529,-4.67,-30.972,0
1398294794485,42063815248000,171538053000001,-6.529,-4.331,-30.972,0
1398294794495,42063825257000,171538053000001,-6.529,-4.331,-30.972,0
1398294794505,42063835298000,171538053000001,-6.529,-4.331,-30.972,0
1398294794516,42063845307000,171538053000001,-6.529,-4.331,-30.972,0
1398294794525,42063855287000,171538053000001,-6.529,-3.985,-30.972,0
1398294794535,42063865296000,171538053000001,-6.529,-3.985,-30.972,0
1398294794545,42063875276000,171538053000001,-6.529,-3.985,-31.304,0
1398294794555,42063885285000,171538053000001,-6.529,-3.663,-31.304,0
1398294794565,42063895295000,171538053000001,-6.529,-3.663,-31.304,0
1398294794575,42063905305000,171538053000001,-6.529,-3.663,-31.304,0
1398294794587,42063915315000,171538053000001,-6.529,-3.352,-31.304,0
1398294794600,42063926942000,171538053000001,-6.529,-3.352,-31.304,0
1398294794605,42063935365000,171538053000001,-6.529,-3.352,-31.304,0
1398294794615,42063945344000,171538053000001,-6.228,-3.352,-31.304,0
1398294794627,42063955323000,171538053000001,-6.228,-3.352,-31.304,0
1398294794635,42063965364000,171538053000001,-6.228,-3.005,-31.304,0
1398294794646,42063975373000,171538053000001,-6.228,-3.005,-31.304,0
1398294794655,42063985353000,171538053000001,-6.228,-3.005,-31.304,0
1398294794665,42063995393000,171538053000001,-6.228,-3.005,-31.304,0
1398294794675,42064005403000,171538053000001,-6.228,-3.005,-31.304,0
1398294794685,42064015412000,171538053000001,-6.228,-2.697,-31.645,0
1398294794695,42064025422000,171538053000001,-6.228,-2.697,-31.645,0
1398294794705,42064035432000,171538053000001,-6.228,-2.697,-31.645,0
1398294794715,42064045472000,171538053000001,-6.228,-2.697,-31.645,0
1398294794726,42064055451000,171538053000001,-6.228,-2.697,-31.645,0
1398294794735,42064065461000,171538053000001,-6.228,-2.697,-31.645,0
1398294794745,42064075440000,171538053000001,-6.228,-2.697,-31.645,0
1398294794755,42064085450000,171538053000001,-6.228,-2.697,-31.645,0
1398294794765,42064095460000,171538053000001,-6.228,-2.697,-31.645,0
1398294794777,42064106996000,171538053000001,-6.228,-2.697,-31.645,0
1398294794785,42064115541000,171538053000001,-6.228,-2.697,-31.645,0
1398294794796,42064125520000,171538053000001,-6.228,-2.697,-31.645,0
1398294794805,42064135499000,171538053000001,-6.228,-2.697,-31.645,0
1398294794815,42064145539000,171538053000001,-6.228,-2.697,-31.645,0
1398294794826,42064155549000,171538053000001,-6.228,-2.697,-31.645,0
1398294794835,42064165528000,171538053000001,-6.228,-2.697,-31.645,0
1398294794845,42064175569000,171538053000001,-6.228,-2.697,-31.645,0
1398294794855,42064185578000,171538053000001,-6.228,-2.697,-31.645,0
1398294794865,42064195588000,171538053000001,-6.228,-2.697,-31.645,0
1398294794875,42064205598000,171538053000001,-6.228,-2.697,-31.645,0
1398294794886,42064215608000,171538053000001,-6.228,-2.697,-31.645,0
1398294794896,42064225617000,171538053000001,-6.228,-2.697,-31.645,0
1398294794905,42064235627000,171538053000001,-6.529,-2.697,-31.645,0
1398294794915,42064245637000,171538053000001,-6.529,-2.697,-31.645,0
1398294794926,42064255647000,171538053000001,-6.529,-2.697,-31.645,0
1398294794936,42064265657000,171538053000001,-6.529,-2.697,-31.341,0
1398294794949,42064278626000,171538053000001,-6.829,-2.697,-31.341,0
1398294794960,42064289521000,171538053000001,-6.829,-2.697,-31.341,0
1398294794970,42064299592000,171538053000001,-6.829,-2.697,-31.341,0
1398294794979,42064309419000,171538053000001,-6.829,-2.697,-31.341,0
1398294794988,42064318360000,171538053000001,-6.829,-2.697,-31.341,0
1398294795006,42064335328000,171538053000001,-6.829,-2.697,-31.341,0
1398294795008,42064337129000,171538053000001,-6.829,-2.697,-31.341,0
1398294795021,42064350556000,171538053000001,-6.829,-2.697,-31.341,0
1398294795029,42064358522000,171538053000001,-6.829,-2.697,-31.341,0
1398294795042,42064371278000,171538053000001,-6.829,-2.697,-31.341,0
1398294795048,42064378449000,171538053000001,-6.829,-2.697,-31.341,0
1398294795064,42064389985000,171538053000001,-6.829,-2.697,-31.341,0
1398294795067,42064395845000,171538053000001,-6.829,-2.697,-31.341,0
1398294795089,42064405854000,171538053000001,-6.829,-2.697,-31.341,0
1398294795094,42064415895000,171538053000001,-6.829,-2.697,-31.341,0
1398294795099,42064425874000,171538053000001,-6.829,-2.697,-31.341,0
1398294795114,42064435884000,171538053000001,-6.829,-2.697,-31.341,0
1398294795119,42064445893000,171538053000001,-6.829,-2.697,-31.341,0
1398294795146,42064455873000,171538053000001,-6.829,-2.697,-31.341,0
1398294795154,42064467439000,171538053000001,-6.829,-2.697,-31.341,0
1398294795159,42064475923000,171538053000001,-6.829,-2.697,-31.341,0
1398294795160,42064485902000,171538053000001,-6.829,-2.697,-31.341,0
1398294795167,42064495912000,171538053000001,-6.829,-2.697,-31.341,0
1398294795176,42064505921000,171538053000001,-6.829,-2.697,-31.341,0
1398294795186,42064515962000,171538053000001,-6.829,-2.697,-31.341,0
1398294795197,42064525941000,171538053000001,-6.829,-2.697,-31.341,0
1398294795206,42064535951000,171538053000001,-6.829,-2.697,-31.341,0
1398294795216,42064545960000,171538053000001,-6.829,-2.697,-31.341,0
1398294795226,42064555940000,171538053000001,-6.829,-2.697,-31.341,0
1398294795236,42064565949000,171538053000001,-6.829,-2.697,-31.341,0
1398294795246,42064575959000,171538053000001,-6.829,-2.697,-31.341,0
1398294795256,42064585969000,171538053000001,-6.829,-2.697,-31.341,0
1398294795266,42064596009000,171538053000001,-6.829,-2.697,-31.341,0
1398294795276,42064606019000,171538053000001,-6.829,-2.697,-31.341,0
1398294795286,42064615998000,171538053000001,-6.829,-2.697,-31.341,0
1398294795296,42064626008000,171538053000001,-6.829,-2.697,-31.341,0
1398294795312,42064636537000,171538053000001,-6.829,-2.697,-31.341,0
1398294795317,42064647553000,171538053000001,-6.829,-2.697,-31.341,0
1398294795326,42064656068000,171538053000001,-6.829,-2.697,-31.341,0
1398294795336,42064666047000,171538053000001,-6.829,-2.697,-31.341,0
1398294795346,42064676026000,171538053000001,-6.829,-2.697,-31.341,0
1398294795356,42064686036000,171538053000001,-6.829,-2.697,-31.341,0
1398294795366,42064696076000,171538053000001,-6.829,-2.697,-31.341,0
1398294795376,42064706086000,171538053000001,-6.829,-2.697,-31.341,0
1398294795386,42064716126000,171538053000001,-6.829,-2.697,-31.341,0
1398294795396,42064726106000,171538053000001,-6.829,-2.371,-31.341,0
1398294795407,42064736116000,171538053000001,-6.829,-2.371,-31.341,0
1398294795416,42064746125000,171538053000001,-6.829,-2.371,-31.341,0
1398294795426,42064756105000,171538053000001,-6.829,-2.371,-31.341,0
1398294795441,42064766175000,171538053000001,-6.829,-2.371,-31.341,0
1398294795452,42064776185000,171538053000001,-6.829,-2.371,-31.341,0
1398294795456,42064786195000,171538053000001,-6.829,-2.371,-31.341,0
1398294795466,42064796174000,171538053000001,-6.829,-2.058,-31.341,0
1398294795476,42064806336000,171538053000001,-6.829,-2.058,-31.341,0
1398294795486,42064816163000,171538053000001,-6.829,-2.058,-31.341,0
1398294795498,42064827729000,171538053000001,-6.829,-2.058,-31.341,0
1398294795506,42064836244000,171538053000001,-6.829,-2.058,-31.341,0
1398294795517,42064846253000,171538053000001,-6.829,-2.058,-31.341,0
1398294795526,42064856233000,171538053000001,-6.829,-2.058,-31.341,0
1398294795536,42064866212000,171538053000001,-6.829,-2.058,-31.341,0
1398294795547,42064876222000,171538053000001,-6.829,-2.058,-31.341,0
1398294795556,42064886231000,171538053000001,-6.829,-2.058,-31.341,0
1398294795566,42064896241000,171538053000001,-6.829,-2.058,-31.341,0
1398294795576,42064906251000,171538053000001,-6.829,-2.058,-31.341,0
1398294795586,42064916261000,171538053000001,-6.829,-2.058,-31.341,0
1398294795596,42064926301000,171538053000001,-6.829,-2.058,-31.341,0
1398294795612,42064936341000,171538053000001,-6.829,-2.058,-31.341,0
1398294795629,42064946992000,171538053000001,-6.829,-2.058,-31.341,0
1398294795631,42064956300000,171538053000001,-6.829,-2.058,-31.341,0
1398294795640,42064966340000,171538053000001,-6.829,-2.058,-31.341,0
1398294795646,42064976350000,171538053000001,-6.829,-2.058,-31.341,0
1398294795656,42064986329000,171538053000001,-6.829,-2.058,-31.341,0
1398294795666,42064996339000,171538053000001,-6.829,-2.058,-31.341,0
1398294795678,42065007905000,171538053000001,-6.829,-2.058,-31.341,0
1398294795686,42065016389000,171538053000001,-6.829,-2.058,-31.341,0
1398294795697,42065026399000,171538053000001,-6.829,-2.372,-31.666,0
1398294795706,42065036378000,171538053000001,-6.529,-2.372,-31.666,0
1398294795716,42065046388000,171538053000001,-6.529,-2.372,-31.666,0
1398294795726,42065056428000,171538053000001,-6.529,-2.372,-31.666,0
1398294795736,42065066438000,171538053000001,-6.529,-2.372,-31.666,0
1398294795747,42065076448000,171538053000001,-6.529,-2.372,-31.666,0
1398294795756,42065086427000,171538053000001,-6.529,-2.372,-31.666,0
1398294795767,42065096437000,171538053000001,-6.529,-2.372,-31.666,0
1398294795778,42065106446000,171538053000001,-6.529,-2.372,-31.666,0
1398294795786,42065116487000,171538053000001,-6.529,-2.372,-31.666,0
1398294795797,42065126496000,171538053000001,-6.529,-2.372,-31.666,0
1398294795808,42065136476000,171538053000001,-6.217,-2.687,-31.666,0
1398294795817,42065146516000,171538053000001,-6.217,-2.687,-31.666,0
1398294795827,42065156526000,171538053000001,-6.217,-2.687,-31.666,0
1398294795837,42065166535000,171538053000001,-6.217,-2.687,-31.666,0
1398294795847,42065176515000,171538053000001,-6.217,-2.687,-31.666,0
1398294795858,42065188081000,171538053000001,-6.217,-2.687,-31.666,0
1398294795867,42065196565000,171538053000001,-6.217,-2.687,-31.666,0
1398294795877,42065206544000,171538053000001,-6.217,-2.687,-31.666,0
1398294795887,42065216554000,171538053000001,-6.217,-2.687,-31.666,0
1398294795897,42065226594000,171538053000001,-6.217,-2.687,-31.666,0
1398294795908,42065236787000,171538053000001,-6.217,-2.687,-31.666,0
1398294795917,42065246614000,171538053000001,-6.217,-2.687,-31.666,0
1398294795931,42065260652000,171538053000001,-6.217,-2.687,-31.666,0
1398294795937,42065266603000,171538053000001,-6.217,-2.333,-31.666,0
1398294795947,42065276612000,171538053000001,-6.217,-2.333,-31.666,0
1398294795957,42065286622000,171538053000001,-6.217,-2.333,-31.666,0
1398294795967,42065296632000,171538053000001,-6.217,-2.333,-31.666,0
1398294795978,42065306642000,171538053000001,-6.217,-2.333,-31.666,0
1398294795986,42065316651000,171538053000001,-6.217,-2.333,-31.666,0
1398294795997,42065326692000,171538053000001,-6.536,-2.027,-31.666,0
1398294796007,42065336671000,171538053000001,-6.536,-2.027,-31.666,0
1398294796017,42065346711000,171538053000001,-6.536,-2.027,-31.666,0
1398294796027,42065356721000,171538053000001,-6.536,-2.027,-31.666,0
1398294796039,42065368257000,171538053000001,-6.895,-2.027,-31.666,0
1398294796047,42065376771000,171538053000001,-6.895,-2.027,-31.666,0
1398294796057,42065386720000,171538053000001,-6.895,-2.027,-31.666,0
1398294796067,42065396760000,171538053000001,-6.895,-2.027,-31.666,0
1398294796077,42065406770000,171538053000001,-6.895,-2.027,-31.666,0
1398294796087,42065416749000,171538053000001,-6.895,-2.027,-31.666,0
1398294796097,42065426759000,171538053000001,-6.895,-2.027,-31.666,0
1398294796107,42065436769000,171538053000001,-6.895,-2.027,-31.666,0
1398294796117,42065446778000,171538053000001,-7.22,-2.027,-31.666,0
1398294796127,42065456788000,171538053000001,-7.22,-2.027,-31.33,0
1398294796137,42065466798000,171538053000001,-7.22,-2.027,-31.33,0
1398294796147,42065476808000,171538053000001,-7.22,-2.027,-31.33,0
1398294796157,42065486817000,171538053000001,-7.22,-2.027,-31.33,0
1398294796167,42065496827000,171538053000001,-7.22,-2.027,-31.33,0
1398294796177,42065506867000,171538053000001,-7.22,-2.027,-31.33,0
1398294796187,42065516847000,171538053000001,-7.22,-2.027,-31.33,0
1398294796197,42065526856000,171538053000001,-6.903,-2.377,-31.33,0
1398294796207,42065536866000,171538053000001,-6.903,-2.377,-31.33,0
1398294796218,42065548432000,171538053000001,-6.903,-2.377,-31.33,0
1398294796229,42065556947000,171538053000001,-6.535,-2.377,-31.33,0
1398294796238,42065566896000,171538053000001,-6.535,-2.679,-31.33,0
1398294796247,42065576966000,171538053000001,-6.535,-2.679,-31.33,0
1398294796259,42065586946000,171538053000001,-6.176,-2.679,-31.33,0
1398294796267,42065596986000,171538053000001,-6.176,-2.679,-31.33,0
1398294796279,42065607026000,171538053000001,-6.176,-3.051,-31.33,0
1398294796290,42065617005000,171538053000001,-5.844,-3.051,-31.33,0
1398294796297,42065627015000,171538053000001,-5.844,-3.051,-31.33,0
1398294796307,42065637025000,171538053000001,-5.844,-3.051,-31.33,0
1398294796317,42065647004000,171538053000001,-5.513,-3.051,-31.33,0
1398294796330,42065657044000,171538053000001,-5.513,-3.051,-31.33,0
1398294796342,42065667054000,171538053000001,-5.513,-3.051,-31.33,0
1398294796347,42065677033000,171538053000001,-5.513,-3.051,-31.33,0
1398294796357,42065687074000,171538053000001,-5.513,-3.051,-31.33,0
1398294796367,42065697114000,171538053000001,-5.198,-3.051,-31.33,0
1398294796377,42065707093000,171538053000001,-5.198,-3.051,-31.646,0
1398294796387,42065717134000,171538053000001,-5.198,-3.051,-31.646,0
1398294796399,42065728639000,171538053000001,-5.198,-3.051,-31.646,0
1398294796407,42065737153000,171538053000001,-5.198,-3.051,-31.646,0
1398294796417,42065747102000,171538053000001,-5.198,-3.051,-31.646,0
1398294796427,42065757112000,171538053000001,-5.198,-2.726,-31.646,0
1398294796437,42065767121000,171538053000001,-5.198,-2.726,-31.646,0
1398294796447,42065777131000,171538053000001,-5.198,-2.726,-31.646,0
1398294796457,42065787141000,171538053000001,-5.198,-2.726,-31.646,0
1398294796467,42065797151000,171538053000001,-5.198,-2.726,-31.646,0
1398294796477,42065807160000,171538053000001,-5.198,-2.726,-31.646,0
1398294796487,42065817201000,171538053000001,-5.505,-2.389,-31.646,0
1398294796497,42065827210000,171538053000001,-5.505,-2.389,-31.646,0
1398294796507,42065837220000,171538053000001,-5.505,-2.389,-31.646,0
1398294796517,42065847199000,171538053000001,-5.505,-2.389,-31.646,0
1398294796528,42065857240000,171538053000001,-5.863,-2.389,-31.646,0
1398294796542,42065871766000,171538053000001,-5.863,-2.389,-31.646,0
1398294796547,42065877198000,171538053000001,-5.863,-2.389,-31.646,0
1398294796557,42065887208000,171538053000001,-5.863,-2.079,-31.646,0
1398294796567,42065897218000,171538053000001,-6.219,-2.079,-31.646,0
1398294796579,42065908784000,171538053000001,-6.219,-2.079,-31.646,0
1398294796587,42065917268000,171538053000001,-6.219,-2.079,-31.646,0
1398294796597,42065927247000,171538053000001,-6.582,-2.079,-31.646,0
1398294796607,42065937257000,171538053000001,-6.582,-2.079,-31.646,0
1398294796618,42065947267000,171538053000001,-6.582,-2.079,-31.324,0
1398294796627,42065957276000,171538053000001,-6.582,-2.079,-31.324,0
1398294796637,42065967286000,171538053000001,-6.921,-2.079,-31.324,0
1398294796647,42065977296000,171538053000001,-6.921,-2.079,-31.324,0
1398294796657,42065987306000,171538053000001,-6.921,-2.079,-31.324,0
1398294796667,42065997315000,171538053000001,-6.921,-2.079,-31.324,0
1398294796677,42066007325000,171538053000001,-7.226,-2.079,-31.324,0
1398294796688,42066017335000,171538053000001,-7.226,-2.079,-31.324,0
1398294796697,42066027345000,171538053000001,-7.226,-2.079,-31.324,0
1398294796707,42066037355000,171538053000001,-7.226,-2.079,-31.324,0
1398294796717,42066047334000,171538053000001,-7.226,-2.079,-31.324,0
1398294796730,42066057405000,171538053000001,-7.226,-2.079,-31.324,0
1398294796741,42066067414000,171538053000001,-7.226,-2.079,-31.324,0
1398294796747,42066077394000,171538053000001,-7.226,-2.079,-31.324,0
1398294796759,42066088929000,171538053000001,-7.226,-2.079,-31.324,0
1398294796767,42066097444000,171538053000001,-7.226,-2.079,-31.324,0
1398294796777,42066107423000,171538053000001,-7.226,-2.079,-31.324,0
1398294796787,42066117433000,171538053000001,-7.226,-2.079,-31.324,0
1398294796797,42066127442000,171538053000001,-7.226,-2.079,-31.324,0
1398294796807,42066137452000,171538053000001,-7.226,-2.079,-31.324,0
1398294796817,42066147462000,171538053000001,-7.226,-2.079,-31.324,0
1398294796827,42066157472000,171538053000001,-7.226,-2.079,-31.324,0
1398294796838,42066167512000,171538053000001,-7.226,-2.391,-31.324,0
1398294796851,42066179597000,171538053000001,-7.226,-2.391,-31.324,0
1398294796859,42066187684000,171538053000001,-7.226,-2.391,-31.324,0
1398294796867,42066197511000,171538053000001,-7.226,-2.391,-31.324,0
1398294796877,42066207521000,171538053000001,-7.226,-2.391,-31.324,0
1398294796888,42066217530000,171538053000001,-7.226,-2.391,-31.324,0
1398294796898,42066227540000,171538053000001,-7.226,-2.391,-31.324,0
1398294796908,42066237580000,171538053000001,-7.226,-2.391,-31.324,0
1398294796918,42066247529000,171538053000001,-7.226,-2.699,-31.324,0
1398294796928,42066257569000,171538053000001,-7.226,-2.699,-31.324,0
1398294796939,42066269105000,171538053000001,-7.226,-2.699,-31.324,0
1398294796948,42066277589000,171538053000001,-7.226,-2.699,-31.324,0
1398294796958,42066287568000,171538053000001,-7.226,-2.699,-31.324,0
1398294796968,42066297578000,171538053000001,-7.226,-3.002,-31.001,0
1398294796978,42066307618000,171538053000001,-7.226,-3.002,-31.001,0
1398294796988,42066317628000,171538053000001,-7.226,-3.002,-31.001,0
1398294796997,42066327638000,171538053000001,-7.226,-3.002,-31.001,0
1398294797007,42066337617000,171538053000001,-7.226,-3.002,-31.001,0
1398294797017,42066347627000,171538053000001,-7.226,-3.002,-31.001,0
1398294797028,42066357667000,171538053000001,-7.226,-3.002,-31.001,0
1398294797038,42066367646000,171538053000001,-7.226,-3.002,-31.001,0
1398294797048,42066377687000,171538053000001,-7.226,-3.002,-31.001,0
1398294797058,42066387696000,171538053000001,-7.226,-3.002,-31.001,0
1398294797069,42066397676000,171538053000001,-7.226,-3.002,-31.001,0
1398294797078,42066407716000,171538053000001,-6.898,-3.002,-31.001,0
1398294797088,42066417726000,171538053000001,-6.898,-3.002,-31.001,0
1398294797098,42066427735000,171538053000001,-6.898,-3.002,-31.001,0
1398294797108,42066437745000,171538053000001,-6.898,-3.002,-31.311,0
1398294797124,42066454255000,171538053000001,-6.898,-3.002,-31.311,0
1398294797128,42066457887000,171538053000001,-6.898,-3.002,-31.311,0
1398294797138,42066467774000,171538053000001,-6.898,-3.002,-31.311,0
1398294797148,42066477784000,171538053000001,-6.898,-3.002,-31.311,0
1398294797158,42066487794000,171538053000001,-6.567,-3.002,-31.311,0
1398294797168,42066497804000,171538053000001,-6.567,-3.002,-31.311,0
1398294797178,42066507844000,171538053000001,-6.567,-3.002,-31.311,0
1398294797188,42066517976000,171538053000001,-6.567,-3.002,-31.311,0
1398294797198,42066527833000,171538053000001,-6.567,-3.002,-31.311,0
1398294797208,42066537843000,171538053000001,-6.567,-3.002,-31.311,0
1398294797218,42066547853000,171538053000001,-6.567,-3.002,-31.311,0
1398294797231,42066560151000,171538053000001,-6.567,-3.002,-31.311,0
1398294797244,42066574281000,171538053000001,-6.567,-3.002,-31.311,0
1398294797248,42066578370000,171538053000001,-6.567,-3.002,-31.311,0
1398294797264,42066594270000,171538053000001,-6.567,-2.699,-31.311,0
1398294797269,42066599061000,171538053000001,-6.567,-2.699,-31.311,0
1398294797284,42066614350000,171538053000001,-6.567,-2.699,-31.311,0
1398294797288,42066618379000,171538053000001,-6.567,-2.699,-31.311,0
1398294797309,42066635072000,171538053000001,-6.567,-2.699,-31.311,0
1398294797311,42066638154000,171538053000001,-6.567,-2.699,-31.311,0
1398294797325,42066648713000,171538053000001,-6.237,-2.699,-31.311,0
1398294797328,42066658479000,171538053000001,-6.237,-2.699,-31.311,0
1398294797341,42066668031000,171538053000001,-6.237,-2.699,-31.311,0
1398294797349,42066679048000,171538053000001,-6.237,-2.699,-31.311,0
1398294797362,42066688050000,171538053000001,-5.906,-3.034,-31.311,0
1398294797373,42066698060000,171538053000001,-5.906,-3.034,-31.311,0
1398294797389,42066708039000,171538053000001,-5.906,-3.034,-31.311,0
1398294797392,42066718080000,171538053000001,-5.906,-3.034,-31.311,0
1398294797399,42066728059000,171538053000001,-5.906,-3.034,-31.311,0
1398294797410,42066738069000,171538053000001,-5.581,-3.034,-31.311,0
1398294797421,42066748109000,171538053000001,-5.581,-3.034,-31.625,0
1398294797431,42066758119000,171538053000001,-5.581,-3.034,-31.625,0
1398294797440,42066768128000,171538053000001,-5.581,-3.034,-31.625,0
1398294797448,42066778108000,171538053000001,-5.581,-3.034,-31.625,0
1398294797460,42066789979000,171538053000001,-5.581,-3.034,-31.625,0
1398294797469,42066799073000,171538053000001,-5.268,-3.034,-31.625,0
1398294797480,42066809693000,171538053000001,-5.268,-3.034,-31.625,0
1398294797488,42066818177000,171538053000001,-5.268,-3.347,-31.625,0
1398294797498,42066828157000,171538053000001,-5.268,-3.347,-31.625,0
1398294797508,42066838197000,171538053000001,-5.268,-3.347,-31.625,0
1398294797520,42066848176000,171538053000001,-5.268,-3.347,-31.625,0
1398294797529,42066858216000,171538053000001,-5.268,-3.347,-31.625,0
1398294797539,42066868226000,171538053000001,-5.268,-3.347,-31.625,0
1398294797555,42066884675000,171538053000001,-5.268,-3.347,-31.625,0
1398294797559,42066888673000,171538053000001,-5.268,-3.347,-31.625,0
1398294797573,42066902741000,171538053000001,-5.268,-3.347,-31.625,0
1398294797580,42066910401000,171538053000001,-5.268,-3.347,-31.625,0
1398294797593,42066922669000,171538053000001,-5.268,-3.347,-31.625,0
1398294797603,42066932710000,171538053000001,-5.268,-3.347,-31.625,0
1398294797610,42066939759000,171538053000001,-5.268,-3.347,-31.625,0
1398294797625,42066954774000,171538053000001,-5.268,-3.347,-31.625,0
1398294797630,42066959779000,171538053000001,-5.268,-3.347,-31.625,0
1398294797645,42066974702000,171538053000001,-5.268,-3.672,-31.625,0
1398294797651,42066978456000,171538053000001,-4.91,-3.672,-31.625,0
1398294797661,42066990602000,171538053000001,-4.91,-3.672,-31.625,0
1398294797675,42066998536000,171538053000001,-4.91,-3.672,-31.625,0
1398294797678,42067008332000,171538053000001,-4.91,-3.672,-31.625,0
1398294797691,42067018342000,171538053000001,-4.91,-3.672,-31.625,0
1398294797707,42067030122000,171538053000001,-4.595,-4.01,-31.625,0
1398294797709,42067038392000,171538053000001,-4.595,-4.01,-31.625,0
1398294797723,42067048829000,171538053000001,-4.595,-4.01,-31.625,0
1398294797730,42067059571000,171538053000001,-4.595,-4.01,-31.625,0
1398294797740,42067069581000,171538053000001,-4.595,-4.01,-31.625,0
1398294797753,42067080293000,171538053000001,-4.595,-4.01,-31.625,0
1398294797762,42067091554000,171538053000001,-4.595,-4.01,-31.625,0
1398294797775,42067098695000,171538053000001,-4.595,-4.01,-31.625,0
1398294797783,42067108460000,171538053000001,-4.595,-4.01,-31.625,0
1398294797792,42067118501000,171538053000001,-4.595,-4.01,-31.625,0
1398294797799,42067128480000,171538053000001,-4.595,-4.01,-31.625,0
1398294797809,42067138520000,171538053000001,-4.595,-4.01,-31.625,0
1398294797819,42067148500000,171538053000001,-4.595,-4.01,-31.625,0
1398294797829,42067158509000,171538053000001,-4.595,-4.01,-31.625,0
1398294797840,42067170106000,171538053000001,-4.595,-4.01,-31.625,0
1398294797849,42067178559000,171538053000001,-4.595,-4.01,-31.625,0
1398294797858,42067188539000,171538053000001,-4.595,-4.01,-31.625,0
1398294797870,42067198548000,171538053000001,-4.945,-4.01,-31.625,0
1398294797879,42067208589000,171538053000001,-4.945,-4.01,-31.625,0
1398294797889,42067218598000,171538053000001,-4.945,-4.01,-31.625,0
1398294797899,42067228578000,171538053000001,-4.945,-4.01,-31.625,0
1398294797909,42067238587000,171538053000001,-4.945,-4.01,-31.625,0
1398294797919,42067248597000,171538053000001,-4.945,-4.01,-31.625,0
1398294797929,42067258637000,171538053000001,-4.945,-4.01,-31.625,0
1398294797939,42067268617000,171538053000001,-4.945,-4.01,-31.625,0
1398294797949,42067278626000,171538053000001,-4.945,-4.01,-31.295,0
1398294797958,42067288636000,171538053000001,-5.262,-4.01,-31.295,0
1398294797970,42067298677000,171538053000001,-5.262,-4.01,-31.295,0
1398294797979,42067308625000,171538053000001,-5.262,-4.01,-31.295,0
1398294797993,42067318696000,171538053000001,-5.262,-4.01,-31.295,0
1398294798000,42067328675000,171538053000001,-5.262,-4.01,-31.295,0
1398294798009,42067338716000,171538053000001,-5.262,-4.01,-31.295,0
1398294798021,42067350251000,171538053000001,-5.262,-4.01,-31.295,0
1398294798029,42067358766000,171538053000001,-5.262,-4.01,-31.295,0
1398294798039,42067368745000,171538053000001,-5.262,-3.683,-31.295,0
1398294798049,42067378877000,171538053000001,-5.595,-3.683,-31.295,0
1398294798059,42067388734000,171538053000001,-5.595,-3.683,-31.295,0
1398294798069,42067398713000,171538053000001,-5.595,-3.683,-31.295,0
1398294798087,42067413087000,171538053000001,-5.595,-3.683,-31.295,0
1398294798089,42067418763000,171538053000001,-5.595,-3.683,-31.295,0
1398294798099,42067428712000,171538053000001,-5.595,-3.683,-31.295,0
1398294798109,42067438722000,171538053000001,-5.595,-3.683,-31.295,0
1398294798119,42067448731000,171538053000001,-5.967,-3.683,-31.295,0
1398294798129,42067458741000,171538053000001,-5.967,-3.334,-31.295,0
1398294798139,42067468751000,171538053000001,-5.967,-3.334,-31.295,0
1398294798149,42067478761000,171538053000001,-5.967,-3.334,-31.295,0
1398294798159,42067488771000,171538053000001,-5.967,-3.334,-31.295,0
1398294798169,42067498811000,171538053000001,-5.967,-3.334,-31.295,0
1398294798179,42067508821000,171538053000001,-5.967,-3.334,-31.295,0
1398294798189,42067518830000,171538053000001,-5.967,-3.334,-31.295,0
1398294798201,42067530549000,171538053000001,-5.967,-3.334,-31.295,0
1398294798209,42067538880000,171538053000001,-5.967,-3.334,-31.295,0
1398294798219,42067548860000,171538053000001,-5.967,-3.334,-31.295,0
1398294798229,42067558839000,171538053000001,-5.967,-3.334,-31.295,0
1398294798239,42067568879000,171538053000001,-5.967,-3.334,-31.295,0
1398294798251,42067578858000,171538053000001,-5.967,-3.334,-31.295,0
1398294798259,42067588899000,171538053000001,-5.967,-3.334,-31.295,0
1398294798269,42067598908000,171538053000001,-5.967,-3.334,-31.295,0
1398294798279,42067608888000,171538053000001,-5.967,-3.028,-31.295,0
1398294798289,42067618897000,171538053000001,-5.967,-3.028,-31.295,0
1398294798299,42067628907000,171538053000001,-5.61,-3.028,-31.295,0
1398294798309,42067638948000,171538053000001,-5.61,-3.028,-31.295,0
1398294798320,42067649079000,171538053000001,-5.61,-3.028,-31.295,0
1398294798329,42067658937000,171538053000001,-5.61,-3.028,-31.295,0
1398294798339,42067668946000,171538053000001,-5.61,-3.028,-31.295,0
1398294798354,42067678987000,171538053000001,-5.61,-3.028,-31.295,0
1398294798361,42067689027000,171538053000001,-5.61,-3.028,-31.295,0
1398294798369,42067699006000,171538053000001,-5.61,-3.028,-31.295,0
1398294798386,42067715455000,171538053000001,-5.61,-3.028,-31.295,0
1398294798390,42067719148000,171538053000001,-5.61,-3.028,-31.295,0
1398294798399,42067729005000,171538053000001,-5.61,-3.028,-31.295,0
1398294798409,42067739015000,171538053000001,-5.61,-3.028,-31.295,0
1398294798419,42067749024000,171538053000001,-5.61,-3.028,-31.628,0
1398294798429,42067759034000,171538053000001,-5.61,-3.028,-31.628,0
1398294798439,42067769044000,171538053000001,-5.61,-3.028,-31.628,0
1398294798449,42067779084000,171538053000001,-5.61,-3.028,-31.628,0
1398294798462,42067789094000,171538053000001,-5.61,-3.028,-31.628,0
1398294798469,42067799073000,171538053000001,-5.61,-3.028,-31.628,0
1398294798479,42067809083000,171538053000001,-5.61,-3.028,-31.628,0
1398294798489,42067819093000,171538053000001,-5.61,-3.028,-31.628,0
1398294798499,42067829103000,171538053000001,-5.61,-3.028,-31.628,0
1398294798509,42067839112000,171538053000001,-5.61,-3.028,-31.628,0
1398294798535,42067849153000,171538053000001,-5.61,-3.028,-31.628,0
1398294798537,42067859132000,171538053000001,-5.61,-3.028,-31.628,0
1398294798539,42067869142000,171538053000001,-5.61,-3.028,-31.628,0
1398294798549,42067879151000,171538053000001,-5.61,-3.028,-31.628,0
1398294798560,42067890718000,171538053000001,-5.61,-3.028,-31.628,0
1398294798569,42067899201000,171538053000001,-5.61,-3.028,-31.628,0
1398294798579,42067909181000,171538053000001,-5.61,-3.028,-31.628,0
1398294798589,42067919190000,171538053000001,-5.61,-3.028,-31.628,0
1398294798599,42067929200000,171538053000001,-5.61,-3.028,-31.628,0
1398294798609,42067939210000,171538053000001,-5.61,-3.028,-31.628,0
1398294798619,42067949220000,171538053000001,-5.61,-3.028,-31.628,0
1398294798633,42067959260000,171538053000001,-5.61,-3.028,-31.628,0
1398294798645,42067969270000,171538053000001,-5.61,-3.028,-31.628,0
1398294798650,42067979310000,171538053000001,-5.61,-3.028,-31.628,0
1398294798662,42067989289000,171538053000001,-5.61,-3.028,-31.628,0
1398294798675,42067999299000,171538053000001,-5.61,-3.028,-31.628,0
1398294798680,42068009339000,171538053000001,-5.61,-3.028,-31.628,0
1398294798694,42068023622000,171538053000001,-5.61,-3.028,-31.628,0
1398294798700,42068029573000,171538053000001,-5.61,-3.028,-31.628,0
1398294798709,42068039308000,171538053000001,-5.61,-3.028,-31.628,0
1398294798719,42068049287000,171538053000001,-5.929,-3.028,-31.628,0
1398294798729,42068059297000,171538053000001,-5.929,-3.028,-31.628,0
1398294798741,42068071015000,171538053000001,-5.929,-3.028,-31.628,0
1398294798750,42068079408000,171538053000001,-5.929,-3.028,-31.628,0
1398294798759,42068089387000,171538053000001,-5.929,-3.028,-31.628,0
1398294798769,42068099366000,171538053000001,-5.929,-3.028,-31.628,0
1398294798779,42068109376000,171538053000001,-5.929,-3.028,-31.628,0
1398294798789,42068119386000,171538053000001,-5.929,-3.028,-31.628,0
1398294798799,42068129396000,171538053000001,-5.929,-3.028,-31.628,0
1398294798809,42068139405000,171538053000001,-5.929,-3.028,-31.628,0
1398294798820,42068149446000,171538053000001,-5.929,-3.028,-31.628,0
1398294798830,42068159425000,171538053000001,-5.929,-3.028,-31.628,0
1398294798840,42068169465000,171538053000001,-5.929,-3.028,-31.628,0
1398294798850,42068179444000,171538053000001,-5.929,-2.729,-31.628,0
1398294798862,42068189454000,171538053000001,-5.929,-2.729,-31.628,0
1398294798870,42068199464000,171538053000001,-5.929,-2.729,-31.628,0
1398294798880,42068209474000,171538053000001,-5.929,-2.729,-31.628,0
1398294798890,42068219514000,171538053000001,-5.929,-2.729,-31.628,0
1398294798900,42068229676000,171538053000001,-5.929,-2.729,-31.628,0
1398294798910,42068239503000,171538053000001,-5.929,-2.729,-31.628,0
1398294798921,42068251069000,171538053000001,-5.929,-2.729,-31.628,0
1398294798930,42068259584000,171538053000001,-5.929,-2.729,-31.628,0
1398294798940,42068269624000,171538053000001,-5.929,-2.729,-31.628,0
1398294798956,42068279603000,171538053000001,-5.929,-2.729,-31.628,0
1398294798960,42068289643000,171538053000001,-5.929,-2.729,-31.628,0
1398294798969,42068299592000,171538053000001,-5.929,-2.729,-31.628,0
1398294798980,42068309602000,171538053000001,-5.929,-2.729,-31.628,0
1398294798989,42068319612000,171538053000001,-5.929,-2.729,-31.628,0
1398294799004,42068334443000,171538053000001,-5.929,-2.729,-31.628,0
1398294799009,42068339570000,171538053000001,-5.929,-2.729,-31.628,0
1398294799019,42068349610000,171538053000001,-5.929,-2.729,-31.628,0
1398294799030,42068359620000,171538053000001,-5.929,-2.729,-31.628,0
1398294799039,42068369630000,171538053000001,-5.929,-2.729,-31.628,0
1398294799049,42068379640000,171538053000001,-5.929,-2.729,-31.628,0
1398294799060,42068389649000,171538053000001,-5.929,-2.729,-31.628,0
1398294799069,42068399659000,171538053000001,-5.929,-2.729,-31.628,0
1398294799080,42068409669000,171538053000001,-5.929,-2.729,-31.628,0
1398294799089,42068419679000,171538053000001,-5.929,-2.729,-31.628,0
1398294799101,42068431245000,171538053000001,-5.929,-2.729,-31.628,0
1398294799110,42068439759000,171538053000001,-5.929,-2.729,-31.628,0
1398294799120,42068449708000,171538053000001,-5.929,-2.729,-31.628,0
1398294799130,42068459718000,171538053000001,-5.929,-2.729,-31.628,0
1398294799140,42068469728000,171538053000001,-5.929,-2.729,-31.628,0
1398294799150,42068479798000,171538053000001,-5.929,-2.729,-31.628,0
1398294799160,42068489747000,171538053000001,-5.929,-2.729,-31.628,0
1398294799174,42068499757000,171538053000001,-5.929,-2.729,-31.628,0
1398294799182,42068509767000,171538053000001,-5.929,-2.729,-31.628,0
1398294799190,42068519807000,171538053000001,-5.929,-2.729,-31.628,0
1398294799200,42068529786000,171538053000001,-5.929,-2.729,-31.628,0
1398294799210,42068539765000,171538053000001,-5.929,-2.729,-31.628,0
1398294799220,42068549775000,171538053000001,-5.929,-2.729,-31.628,0
1398294799233,42068559815000,171538053000001,-5.929,-2.729,-31.628,0
1398294799240,42068569856000,171538053000001,-5.929,-2.729,-31.628,0
1398294799250,42068579835000,171538053000001,-5.929,-2.729,-31.628,0
1398294799260,42068589845000,171538053000001,-6.234,-2.729,-31.628,0
1398294799270,42068599885000,171538053000001,-6.234,-2.729,-31.628,0
1398294799281,42068611421000,171538053000001,-6.234,-2.729,-31.628,0
1398294799290,42068619905000,171538053000001,-6.234,-2.729,-31.628,0
1398294799300,42068629914000,171538053000001,-6.234,-2.729,-31.628,0
1398294799310,42068639894000,171538053000001,-6.234,-2.729,-31.628,0
1398294799320,42068649903000,171538053000001,-6.234,-2.729,-31.628,0
1398294799330,42068660096000,171538053000001,-6.234,-2.729,-31.628,0
1398294799340,42068669923000,171538053000001,-6.234,-2.729,-31.628,0
1398294799350,42068679933000,171538053000001,-6.234,-2.729,-31.628,0
1398294799360,42068689942000,171538053000001,-6.234,-2.729,-31.628,0
1398294799370,42068699952000,171538053000001,-6.234,-2.729,-31.628,0
1398294799380,42068709962000,171538053000001,-6.234,-2.729,-31.628,0
1398294799390,42068719972000,171538053000001,-6.234,-2.729,-31.628,0
1398294799400,42068729981000,171538053000001,-6.234,-2.729,-31.628,0
1398294799410,42068739991000,171538053000001,-6.234,-2.729,-31.628,0
1398294799420,42068750001000,171538053000001,-6.234,-2.729,-31.628,0
1398294799430,42068760011000,171538053000001,-6.234,-2.729,-31.628,0
1398294799440,42068770021000,171538053000001,-6.234,-2.729,-31.628,0
1398294799454,42068780061000,171538053000001,-6.234,-2.729,-31.628,0
1398294799462,42068791596000,171538053000001,-6.234,-2.729,-31.628,0
1398294799471,42068800111000,171538053000001,-6.234,-2.729,-31.628,0
1398294799481,42068810090000,171538053000001,-6.234,-2.729,-31.628,0
1398294799490,42068820100000,171538053000001,-6.234,-2.729,-31.628,0
1398294799500,42068830110000,171538053000001,-6.234,-2.729,-31.628,0
1398294799510,42068840089000,171538053000001,-6.234,-2.729,-31.628,0
1398294799520,42068850099000,171538053000001,-6.234,-2.729,-31.628,0
1398294799530,42068860139000,171538053000001,-6.604,-2.729,-31.628,0
1398294799540,42068870149000,171538053000001,-6.604,-2.729,-31.628,0
1398294799550,42068880128000,171538053000001,-6.604,-2.416,-31.628,0
1398294799561,42068890138000,171538053000001,-6.604,-2.416,-31.628,0
1398294799570,42068900147000,171538053000001,-6.604,-2.416,-31.628,0
1398294799580,42068910157000,171538053000001,-6.604,-2.416,-31.628,0
1398294799590,42068920167000,171538053000001,-6.919,-2.416,-31.628,0
1398294799600,42068930177000,171538053000001,-6.919,-2.416,-31.628,0
1398294799610,42068940644000,171538053000001,-6.919,-2.416,-31.628,0
1398294799620,42068950166000,171538053000001,-6.919,-2.416,-31.628,0
1398294799630,42068960206000,171538053000001,-6.919,-2.416,-31.628,0
1398294799642,42068971772000,171538053000001,-6.919,-2.416,-31.628,0
1398294799650,42068980287000,171538053000001,-6.919,-2.416,-31.628,0
1398294799660,42068990235000,171538053000001,-6.919,-2.416,-31.628,0
1398294799670,42069000245000,171538053000001,-6.919,-2.416,-31.628,0
1398294799680,42069010408000,171538053000001,-6.919,-2.416,-31.628,0
1398294799690,42069020265000,171538053000001,-6.919,-2.416,-31.628,0
1398294799700,42069030274000,171538053000001,-6.919,-2.416,-31.628,0
1398294799710,42069040284000,171538053000001,-6.605,-2.416,-31.628,0
1398294799720,42069050294000,171538053000001,-6.605,-2.416,-31.628,0
1398294799733,42069060304000,171538053000001,-6.605,-2.416,-31.628,0
1398294799741,42069070344000,171538053000001,-6.605,-2.416,-31.628,0
1398294799750,42069080323000,171538053000001,-6.222,-2.416,-31.628,0
1398294799761,42069090486000,171538053000001,-6.222,-2.416,-31.628,0
1398294799771,42069100343000,171538053000001,-6.222,-2.416,-31.628,0
1398294799780,42069110353000,171538053000001,-6.222,-2.416,-31.628,0
1398294799791,42069120362000,171538053000001,-5.871,-2.416,-31.628,0
1398294799800,42069130372000,171538053000001,-5.871,-2.416,-31.628,0
1398294799811,42069140351000,171538053000001,-5.871,-2.416,-31.628,0
1398294799822,42069151948000,171538053000001,-5.871,-2.416,-31.628,0
1398294799831,42069160432000,171538053000001,-5.871,-2.416,-31.628,0
1398294799840,42069170411000,171538053000001,-5.871,-2.416,-31.628,0
1398294799850,42069180421000,171538053000001,-5.555,-2.416,-31.628,0
1398294799861,42069190431000,171538053000001,-5.555,-2.416,-31.628,0
1398294799870,42069200440000,171538053000001,-5.555,-2.416,-31.628,0
1398294799883,42069210450000,171538053000001,-5.555,-2.416,-31.628,0
1398294799891,42069220460000,171538053000001,-5.555,-2.416,-31.628,0
1398294799900,42069230470000,171538053000001,-5.555,-2.416,-31.628,0
1398294799910,42069240480000,171538053000001,-5.555,-2.416,-31.628,0
1398294799926,42069255494000,171538053000001,-5.555,-2.416,-31.628,0
1398294799931,42069260469000,171538053000001,-5.555,-2.719,-31.628,0
1398294799941,42069270509000,171538053000001,-5.555,-2.719,-31.628,0
1398294799952,42069280519000,171538053000001,-5.555,-2.719,-31.628,0
1398294799963,42069290528000,171538053000001,-5.555,-2.719,-31.628,0
1398294799970,42069300538000,171538053000001,-5.555,-2.719,-31.628,0
1398294799981,42069310670000,171538053000001,-5.555,-2.719,-31.628,0
1398294799990,42069320527000,171538053000001,-5.555,-2.719,-31.628,0
1398294800002,42069332124000,171538053000001,-5.555,-2.719,-31.628,0
1398294800011,42069340608000,171538053000001,-5.555,-2.719,-31.628,0
1398294800020,42069350587000,171538053000001,-5.555,-2.719,-31.628,0
1398294800031,42069360597000,171538053000001,-5.555,-2.719,-31.628,0
1398294800041,42069370606000,171538053000001,-5.555,-2.719,-31.628,0
1398294800051,42069380616000,171538053000001,-5.555,-2.719,-31.628,0
1398294800062,42069390595000,171538053000001,-5.555,-2.719,-31.628,0
1398294800071,42069400636000,171538053000001,-5.555,-2.719,-31.628,0
1398294800081,42069410615000,171538053000001,-5.874,-2.719,-31.628,0
1398294800090,42069420625000,171538053000001,-5.874,-2.719,-31.628,0
1398294800100,42069430635000,171538053000001,-5.874,-2.719,-31.628,0
1398294800111,42069440644000,171538053000001,-5.874,-2.719,-31.628,0
1398294800121,42069450685000,171538053000001,-5.874,-2.719,-31.628,0
1398294800135,42069465333000,171538053000001,-5.874,-2.719,-31.628,0
1398294800152,42069480439000,171538053000001,-5.874,-2.719,-31.628,0
1398294800154,42069482392000,171538053000001,-5.874,-2.719,-31.628,0
1398294800161,42069490754000,171538053000001,-5.874,-2.719,-31.628,0
1398294800171,42069500733000,171538053000001,-5.874,-2.719,-31.628,0
1398294800182,42069512269000,171538053000001,-6.207,-2.719,-31.628,0
1398294800191,42069520783000,171538053000001,-6.207,-2.719,-31.628,0
1398294800201,42069530763000,171538053000001,-6.207,-2.719,-31.628,0
1398294800211,42069540772000,171538053000001,-6.207,-2.719,-31.628,0
1398294800221,42069550782000,171538053000001,-6.207,-2.719,-31.628,0
1398294800231,42069560792000,171538053000001,-6.558,-2.719,-31.628,0
1398294800241,42069570802000,171538053000001,-6.558,-2.719,-31.28,0
1398294800251,42069580812000,171538053000001,-6.558,-2.719,-31.28,0
1398294800261,42069590821000,171538053000001,-6.558,-3.039,-31.28,0
1398294800271,42069600831000,171538053000001,-6.558,-3.039,-31.28,0
1398294800281,42069610841000,171538053000001,-6.558,-3.039,-31.28,0
1398294800291,42069620851000,171538053000001,-6.558,-3.039,-31.28,0
1398294800301,42069630860000,171538053000001,-6.558,-3.039,-31.28,0
1398294800311,42069640870000,171538053000001,-6.558,-3.039,-31.28,0
1398294800321,42069650880000,171538053000001,-6.558,-3.039,-31.28,0
1398294800334,42069661775000,171538053000001,-6.558,-3.039,-31.28,0
1398294800345,42069674653000,171538053000001,-6.558,-3.039,-31.28,0
1398294800354,42069684419000,171538053000001,-6.558,-3.039,-31.28,0
1398294800365,42069694764000,171538053000001,-6.558,-3.039,-31.28,0
1398294800373,42069703004000,171538053000001,-6.558,-3.039,-31.28,0
1398294800385,42069714723000,171538053000001,-6.558,-3.039,-31.28,0
1398294800394,42069724397000,171538053000001,-6.558,-3.352,-31.28,0
1398294800403,42069733430000,171538053000001,-6.558,-3.352,-31.28,0
1398294800417,42069747315000,171538053000001,-6.558,-3.352,-31.28,0
1398294800423,42069752931000,171538053000001,-6.558,-3.352,-31.28,0
1398294800434,42069764436000,171538053000001,-6.558,-3.352,-31.28,0
1398294800444,42069774476000,171538053000001,-6.558,-3.352,-31.28,0
1398294800455,42069784547000,171538053000001,-6.558,-3.665,-31.28,0
1398294800464,42069794465000,171538053000001,-6.558,-3.665,-31.28,0
1398294800475,42069804566000,171538053000001,-6.245,-3.665,-31.28,0
1398294800485,42069814698000,171538053000001,-6.245,-3.665,-31.28,0
1398294800495,42069824525000,171538053000001,-6.245,-3.665,-31.28,0
1398294800502,42069831666000,171538053000001,-6.245,-3.665,-31.28,0
1398294800517,42069847383000,171538053000001,-6.245,-3.665,-31.28,0
1398294800523,42069853364000,171538053000001,-6.245,-3.665,-31.28,0
1398294800542,42069871827000,171538053000001,-6.245,-3.665,-31.28,0
1398294800548,42069876405000,171538053000001,-6.245,-3.665,-31.28,0
1398294800551,42069882142000,171538053000001,-6.245,-3.665,-31.28,0
1398294800561,42069891114000,171538053000001,-6.245,-3.665,-31.28,0
1398294800572,42069901124000,171538053000001,-6.245,-3.665,-31.28,0
1398294800581,42069911134000,171538053000001,-6.245,-3.982,-31.28,0
1398294800591,42069921144000,171538053000001,-6.245,-3.982,-31.28,0
1398294800601,42069931153000,171538053000001,-6.245,-3.982,-31.28,0
1398294800612,42069941590000,171538053000001,-6.245,-3.982,-31.28,0
1398294800621,42069951173000,171538053000001,-6.245,-3.982,-31.28,0
1398294800631,42069961183000,171538053000001,-6.245,-3.982,-31.28,0
1398294800645,42069971192000,171538053000001,-6.245,-3.982,-31.28,0
1398294800655,42069981202000,171538053000001,-6.549,-3.982,-31.28,0
1398294800664,42069991212000,171538053000001,-6.549,-3.982,-31.28,0
1398294800672,42070001222000,171538053000001,-6.549,-3.982,-31.28,0
1398294800681,42070011231000,171538053000001,-6.549,-3.982,-31.28,0
1398294800691,42070021211000,171538053000001,-6.549,-3.982,-31.28,0
1398294800701,42070031251000,171538053000001,-6.851,-3.982,-31.28,0
1398294800711,42070041261000,171538053000001,-6.851,-3.982,-31.28,0
1398294800723,42070052796000,171538053000001,-6.851,-3.982,-31.28,0
1398294800731,42070061311000,171538053000001,-6.851,-3.982,-31.28,0
1398294800742,42070071260000,171538053000001,-6.851,-3.671,-31.28,0
1398294800751,42070081269000,171538053000001,-6.851,-3.671,-31.28,0
1398294800761,42070091279000,171538053000001,-6.851,-3.671,-31.28,0
1398294800772,42070102265000,171538053000001,-6.851,-3.671,-31.28,0
1398294800787,42070117616000,171538053000001,-6.851,-3.671,-31.28,0
1398294800794,42070124024000,171538053000001,-6.851,-3.671,-31.28,0
1398294800804,42070134522000,171538053000001,-6.851,-3.671,-31.28,0
1398294800817,42070147523000,171538053000001,-6.851,-3.671,-31.28,0
1398294800824,42070154084000,171538053000001,-6.851,-3.671,-31.28,0
1398294800835,42070164918000,171538053000001,-6.851,-3.671,-31.28,0
1398294800845,42070175233000,171538053000001,-6.851,-3.671,-31.28,0
1398294800854,42070183961000,171538053000001,-6.851,-3.671,-31.28,0
1398294800864,42070193971000,171538053000001,-6.851,-3.671,-31.28,0
1398294800875,42070205140000,171538053000001,-6.851,-3.671,-31.28,0
1398294800884,42070213868000,171538053000001,-6.851,-3.671,-31.28,0
1398294800896,42070225099000,171538053000001,-6.851,-3.671,-31.28,0
1398294800904,42070233979000,171538053000001,-6.851,-3.671,-31.28,0
1398294800915,42070245027000,171538053000001,-6.851,-3.671,-31.28,0
1398294800924,42070254273000,171538053000001,-6.851,-3.671,-31.28,0
1398294800933,42070263246000,171538053000001,-6.851,-3.671,-31.28,0
1398294800945,42070275025000,171538053000001,-6.851,-3.671,-31.28,0
1398294800954,42070284211000,171538053000001,-6.55,-3.671,-31.28,0
1398294800967,42070296540000,171538053000001,-6.55,-3.671,-31.28,0
1398294800975,42070305055000,171538053000001,-6.55,-3.671,-31.28,0
1398294800987,42070317201000,171538053000001,-6.55,-3.671,-31.28,0
1398294800994,42070323884000,171538053000001,-6.55,-3.671,-31.28,0
1398294801004,42070334352000,171538053000001,-6.55,-3.671,-31.28,0
1398294801018,42070347657000,171538053000001,-6.55,-3.671,-31.28,0
1398294801024,42070354402000,171538053000001,-6.55,-3.671,-31.28,0
1398294801038,42070367707000,171538053000001,-6.55,-3.671,-31.28,0
1398294801044,42070374421000,171538053000001,-6.55,-3.671,-31.28,0
1398294801058,42070387727000,171538053000001,-6.55,-3.671,-31.28,0
1398294801064,42070394441000,171538053000001,-6.55,-3.671,-31.28,0
1398294801078,42070408387000,171538053000001,-6.55,-3.671,-31.28,0
1398294801085,42070414796000,171538053000001,-6.55,-3.671,-31.28,0
1398294801094,42070424256000,171538053000001,-6.55,-3.671,-31.28,0
1398294801105,42070434449000,171538053000001,-6.55,-3.671,-31.28,0
1398294801113,42070443238000,171538053000001,-6.55,-3.671,-31.28,0
1398294801122,42070452424000,171538053000001,-6.55,-3.671,-31.28,0
1398294801132,42070461671000,171538053000001,-6.55,-3.671,-31.28,0
1398294801160,42070472169000,171538053000001,-6.55,-3.671,-31.28,0
1398294801163,42070481721000,171538053000001,-6.55,-3.671,-31.28,0
1398294801169,42070491700000,171538053000001,-6.55,-3.671,-31.28,0
1398294801172,42070501710000,171538053000001,-6.55,-3.671,-31.28,0
1398294801182,42070511720000,171538053000001,-6.55,-3.671,-31.28,0
1398294801196,42070522248000,171538053000001,-6.55,-3.671,-31.28,0
1398294801204,42070531800000,171538053000001,-6.55,-3.671,-31.28,0
1398294801212,42070541780000,171538053000001,-6.55,-3.671,-31.28,0
1398294801222,42070551759000,171538053000001,-6.55,-3.671,-31.28,0
1398294801236,42070561769000,171538053000001,-6.55,-3.671,-31.28,0
1398294801245,42070571839000,171538053000001,-6.857,-3.671,-31.28,0
1398294801255,42070581849000,171538053000001,-6.857,-3.671,-31.28,0
1398294801264,42070593324000,171538053000001,-6.857,-3.671,-31.28,0
1398294801272,42070601869000,171538053000001,-6.857,-3.671,-31.28,0
1398294801283,42070611817000,171538053000001,-6.857,-3.671,-31.28,0
1398294801292,42070621827000,171538053000001,-6.857,-3.671,-31.28,0
1398294801302,42070631867000,171538053000001,-6.857,-3.671,-31.28,0
1398294801312,42070641877000,171538053000001,-6.857,-3.671,-31.28,0
1398294801322,42070651856000,171538053000001,-6.857,-3.671,-31.28,0
1398294801332,42070661897000,171538053000001,-6.857,-3.671,-31.28,0
1398294801342,42070671907000,171538053000001,-6.857,-3.671,-31.28,0
1398294801352,42070682038000,171538053000001,-6.857,-3.363,-31.28,0
1398294801362,42070691865000,171538053000001,-6.857,-3.363,-31.28,0
1398294801372,42070701875000,171538053000001,-6.857,-3.363,-31.28,0
1398294801382,42070711885000,171538053000001,-6.857,-3.363,-31.28,0
1398294801392,42070721894000,171538053000001,-6.857,-3.363,-31.28,0
1398294801402,42070731874000,171538053000001,-6.857,-3.363,-31.28,0
1398294801412,42070741914000,171538053000001,-6.857,-3.363,-31.28,0
1398294801422,42070751924000,171538053000001,-6.857,-3.363,-31.28,0
1398294801432,42070761933000,171538053000001,-6.857,-3.363,-31.28,0
1398294801443,42070773469000,171538053000001,-6.857,-3.363,-31.28,0
1398294801457,42070786897000,171538053000001,-7.185,-3.363,-31.28,0
1398294801462,42070791932000,171538053000001,-7.185,-3.062,-31.28,0
1398294801472,42070802125000,171538053000001,-7.185,-3.062,-31.28,0
1398294801482,42070811952000,171538053000001,-7.185,-3.062,-30.964,0
1398294801492,42070821961000,171538053000001,-7.185,-3.062,-30.964,0
1398294801502,42070831971000,171538053000001,-7.185,-3.062,-30.964,0
1398294801512,42070841981000,171538053000001,-7.185,-3.062,-30.964,0
1398294801522,42070851991000,171538053000001,-7.185,-3.062,-30.964,0
1398294801532,42070862001000,171538053000001,-7.185,-3.062,-30.964,0
1398294801551,42070872010000,171538053000001,-7.185,-3.062,-30.964,0
1398294801553,42070882508000,171538053000001,-7.185,-3.062,-30.964,0
1398294801562,42070892030000,171538053000001,-7.185,-3.062,-30.964,0
1398294801576,42070902070000,171538053000001,-7.185,-3.062,-30.964,0
1398294801583,42070912049000,171538053000001,-7.185,-3.062,-30.964,0
1398294801592,42070922059000,171538053000001,-7.545,-2.742,-30.964,0
1398294801603,42070932069000,171538053000001,-7.545,-2.742,-30.964,0
1398294801612,42070942140000,171538053000001,-7.545,-2.742,-30.964,0
1398294801624,42070953675000,171538053000001,-7.545,-2.742,-30.964,0
1398294801632,42070962159000,171538053000001,-7.545,-2.742,-30.964,0
1398294801642,42070972138000,171538053000001,-7.545,-2.742,-31.298,0
1398294801652,42070982453000,171538053000001,-7.545,-2.742,-31.298,0
1398294801662,42070992158000,171538053000001,-7.545,-2.742,-31.298,0
1398294801672,42071002168000,171538053000001,-7.545,-2.742,-31.298,0
1398294801682,42071012178000,171538053000001,-7.545,-2.742,-31.298,0
1398294801695,42071022218000,171538053000001,-7.545,-2.742,-31.298,0
1398294801707,42071032411000,171538053000001,-7.545,-2.742,-31.298,0
1398294801715,42071042298000,171538053000001,-7.545,-2.742,-31.298,0
1398294801723,42071052247000,171538053000001,-7.545,-2.742,-31.298,0
1398294801732,42071062257000,171538053000001,-7.545,-2.436,-31.298,0
1398294801756,42071073091000,171538053000001,-7.545,-2.436,-31.298,0
1398294801760,42071082307000,171538053000001,-7.87,-2.436,-31.298,0
1398294801765,42071094422000,171538053000001,-7.87,-2.436,-31.298,0
1398294801774,42071102296000,171538053000001,-7.87,-2.436,-31.298,0
1398294801782,42071112275000,171538053000001,-7.87,-2.436,-31.298,0
1398294801792,42071122285000,171538053000001,-7.87,-2.436,-31.298,0
1398294801804,42071133851000,171538053000001,-7.87,-2.436,-31.298,0
1398294801813,42071142823000,171538053000001,-7.87,-2.436,-31.298,0
1398294801822,42071152253000,171538053000001,-7.87,-2.436,-31.298,0
1398294801832,42071162263000,171538053000001,-7.87,-2.436,-31.298,0
1398294801842,42071172273000,171538053000001,-7.87,-2.436,-31.298,0
1398294801852,42071182313000,171538053000001,-7.87,-2.436,-31.298,0
1398294801862,42071192292000,171538053000001,-7.87,-2.436,-31.298,0
1398294801872,42071202302000,171538053000001,-7.87,-2.436,-31.298,0
1398294801882,42071212342000,171538053000001,-7.87,-2.436,-31.298,0
1398294801894,42071222352000,171538053000001,-7.87,-2.436,-31.298,0
1398294801903,42071232423000,171538053000001,-7.87,-2.436,-31.298,0
1398294801913,42071242402000,171538053000001,-7.87,-2.436,-31.298,0
1398294801923,42071252412000,171538053000001,-7.87,-2.436,-31.298,0
1398294801933,42071262422000,171538053000001,-7.87,-2.436,-31.298,0
1398294801943,42071272462000,171538053000001,-7.87,-2.436,-31.298,0
1398294801952,42071282441000,171538053000001,-7.87,-2.436,-31.298,0
1398294801963,42071292481000,171538053000001,-7.87,-2.436,-31.298,0
1398294801973,42071302461000,171538053000001,-7.87,-2.436,-30.993,0
1398294801984,42071314027000,171538053000001,-7.87,-2.436,-30.993,0
1398294801993,42071322511000,171538053000001,-7.87,-2.436,-30.993,0
1398294802003,42071332490000,171538053000001,-7.87,-2.436,-30.993,0
1398294802012,42071342500000,171538053000001,-7.87,-2.436,-30.993,0
1398294802024,42071352510000,171538053000001,-7.87,-2.436,-30.993,0
1398294802032,42071362550000,171538053000001,-7.87,-2.436,-30.993,0
1398294802043,42071372560000,171538053000001,-7.87,-2.436,-30.993,0
1398294802052,42071382539000,171538053000001,-7.87,-2.436,-30.993,0
1398294802062,42071392549000,171538053000001,-7.87,-2.436,-30.993,0
1398294802073,42071402528000,171538053000001,-7.87,-2.436,-30.993,0
1398294802083,42071412538000,171538053000001,-7.87,-2.436,-30.993,0
1398294802092,42071422547000,171538053000001,-7.87,-2.436,-30.993,0
1398294802102,42071432557000,171538053000001,-7.87,-2.436,-30.993,0
1398294802113,42071442567000,171538053000001,-7.87,-2.758,-30.993,0
1398294802123,42071452577000,171538053000001,-7.87,-2.758,-30.993,0
1398294802132,42071462586000,171538053000001,-7.87,-2.758,-30.993,0
1398294802143,42071472779000,171538053000001,-7.87,-2.758,-30.993,0
1398294802152,42071482575000,171538053000001,-7.514,-2.758,-30.993,0
1398294802164,42071494142000,171538053000001,-7.514,-2.758,-30.993,0
1398294802173,42071502656000,171538053000001,-7.514,-2.758,-30.993,0
1398294802182,42071512605000,171538053000001,-7.514,-2.758,-30.993,0
1398294802193,42071522645000,171538053000001,-7.514,-2.758,-30.993,0
1398294802203,42071532655000,171538053000001,-7.514,-2.758,-30.993,0
1398294802212,42071542665000,171538053000001,-7.514,-2.758,-30.993,0
1398294802222,42071552674000,171538053000001,-7.514,-2.758,-30.993,0
1398294802232,42071562684000,171538053000001,-7.514,-2.758,-30.993,0
1398294802243,42071572694000,171538053000001,-7.514,-2.758,-30.993,0
1398294802252,42071582704000,171538053000001,-7.208,-2.758,-30.993,0
1398294802262,42071592713000,171538053000001,-7.208,-3.132,-30.993,0
1398294802273,42071602723000,171538053000001,-7.208,-3.132,-30.993,0
1398294802283,42071612733000,171538053000001,-7.208,-3.132,-30.993,0
1398294802293,42071622773000,171538053000001,-7.208,-3.132,-30.993,0
1398294802302,42071632722000,171538053000001,-7.208,-3.132,-30.993,0
1398294802313,42071642762000,171538053000001,-7.208,-3.48,-30.993,0
1398294802323,42071652925000,171538053000001,-7.208,-3.48,-30.993,0
1398294802333,42071662751000,171538053000001,-7.208,-3.48,-30.993,0
1398294802344,42071674317000,171538053000001,-7.208,-3.48,-30.993,0
1398294802353,42071682862000,171538053000001,-7.208,-3.863,-30.993,0
1398294802365,42071692872000,171538053000001,-7.208,-3.863,-30.993,0
1398294802382,42071703797000,171538053000001,-7.208,-3.863,-30.993,0
1398294802385,42071712831000,171538053000001,-7.208,-3.863,-30.993,0
1398294802393,42071722840000,171538053000001,-7.208,-4.225,-30.993,0
1398294802403,42071732850000,171538053000001,-7.208,-4.225,-30.993,0
1398294802413,42071742860000,171538053000001,-7.208,-4.225,-30.673,0
1398294802423,42071752870000,171538053000001,-7.208,-4.225,-30.673,0
1398294802433,42071762879000,171538053000001,-7.208,-4.55,-30.673,0
1398294802443,42071772889000,171538053000001,-7.208,-4.55,-30.673,0
1398294802455,42071782899000,171538053000001,-6.907,-4.55,-30.673,0
1398294802463,42071792909000,171538053000001,-6.907,-4.55,-30.673,0
1398294802474,42071802918000,171538053000001,-6.907,-4.55,-30.673,0
1398294802483,42071813294000,171538053000001,-6.907,-4.89,-30.673,0
1398294802493,42071822908000,171538053000001,-6.907,-4.89,-30.673,0
1398294802506,42071832948000,171538053000001,-6.907,-4.89,-30.673,0
1398294802513,42071842958000,171538053000001,-6.539,-4.89,-30.673,0
1398294802525,42071854493000,171538053000001,-6.539,-4.89,-30.673,0
1398294802533,42071863008000,171538053000001,-6.539,-4.89,-30.673,0
1398294802548,42071873017000,171538053000001,-6.539,-4.89,-30.673,0
1398294802557,42071883027000,171538053000001,-6.539,-4.89,-30.673,0
1398294802563,42071893037000,171538053000001,-6.539,-4.89,-30.673,0
1398294802573,42071903016000,171538053000001,-6.539,-4.89,-30.673,0
1398294802583,42071913026000,171538053000001,-6.539,-4.89,-30.673,0
1398294802593,42071923005000,171538053000001,-6.539,-4.576,-30.673,0
1398294802604,42071933015000,171538053000001,-6.539,-4.576,-30.673,0
1398294802613,42071943055000,171538053000001,-6.539,-4.576,-30.673,0
1398294802623,42071953065000,171538053000001,-6.539,-4.249,-30.673,0
1398294802633,42071963075000,171538053000001,-6.539,-4.249,-30.984,0
1398294802643,42071973054000,171538053000001,-6.539,-4.249,-30.984,0
1398294802653,42071983064000,171538053000001,-6.539,-3.901,-30.984,0
1398294802663,42071993074000,171538053000001,-6.539,-3.901,-30.984,0
1398294802673,42072003114000,171538053000001,-6.539,-3.901,-30.984,0
1398294802686,42072016053000,171538053000001,-6.539,-3.555,-30.984,0
1398294802693,42072023133000,171538053000001,-6.539,-3.555,-30.984,0
1398294802705,42072034669000,171538053000001,-6.539,-3.555,-30.984,0
1398294802713,42072043183000,171538053000001,-6.539,-3.555,-30.984,0
1398294802723,42072053132000,171538053000001,-6.539,-3.164,-30.984,0
1398294802733,42072063142000,171538053000001,-6.539,-3.164,-30.984,0
1398294802744,42072073182000,171538053000001,-6.539,-3.164,-30.984,0
1398294802760,42072083375000,171538053000001,-6.539,-3.164,-30.984,0
1398294802765,42072093171000,171538053000001,-6.539,-3.164,-31.3,0
1398294802773,42072103211000,171538053000001,-6.539,-3.164,-31.3,0
1398294802783,42072113191000,171538053000001,-6.539,-3.164,-31.3,0
1398294802793,42072123200000,171538053000001,-6.539,-3.164,-31.3,0
1398294802805,42072133241000,171538053000001,-6.539,-2.851,-31.3,0
1398294802813,42072143251000,171538053000001,-6.539,-2.851,-31.3,0
1398294802823,42072153230000,171538053000001,-6.539,-2.851,-31.3,0
1398294802833,42072163270000,171538053000001,-6.539,-2.851,-31.3,0
1398294802843,42072173280000,171538053000001,-6.539,-2.851,-31.3,0
1398294802853,42072183290000,171538053000001,-6.886,-2.851,-31.3,0
1398294802863,42072193299000,171538053000001,-6.886,-2.851,-31.3,0
1398294802873,42072203279000,171538053000001,-6.886,-2.851,-31.3,0
1398294802885,42072214845000,171538053000001,-6.886,-2.851,-31.3,0
1398294802893,42072223359000,171538053000001,-6.886,-2.851,-31.3,0
1398294802903,42072233308000,171538053000001,-6.886,-2.851,-31.3,0
1398294802913,42072243318000,171538053000001,-6.886,-2.851,-31.3,0
1398294802923,42072253327000,171538053000001,-6.886,-2.851,-31.3,0
1398294802933,42072263337000,171538053000001,-6.886,-2.851,-31.3,0
1398294802943,42072273347000,171538053000001,-6.886,-2.851,-31.3,0
1398294802953,42072283387000,171538053000001,-6.886,-2.851,-31.3,0
1398294802963,42072293366000,171538053000001,-6.886,-2.851,-31.3,0
1398294802973,42072303376000,171538053000001,-6.886,-2.851,-31.3,0
1398294802983,42072313386000,171538053000001,-6.886,-2.851,-31.3,0
1398294802993,42072323396000,171538053000001,-6.886,-2.851,-31.3,0
1398294803003,42072333406000,171538053000001,-6.886,-2.851,-31.3,0
1398294803013,42072343415000,171538053000001,-6.886,-2.851,-31.3,0
1398294803023,42072353425000,171538053000001,-6.886,-2.851,-31.3,0
1398294803033,42072363435000,171538053000001,-6.886,-3.193,-31.3,0
1398294803043,42072373445000,171538053000001,-6.886,-3.193,-31.3,0
1398294803053,42072383454000,171538053000001,-6.886,-3.193,-31.3,0
1398294803065,42072395021000,171538053000001,-6.886,-3.193,-31.3,0
1398294803073,42072403535000,171538053000001,-6.886,-3.523,-31.3,0
1398294803084,42072413514000,171538053000001,-6.886,-3.523,-31.3,0
1398294803094,42072423524000,171538053000001,-6.886,-3.523,-31.3,0
1398294803103,42072433503000,171538053000001,-6.886,-3.523,-31.3,0
1398294803113,42072443513000,171538053000001,-6.886,-3.523,-31.3,0
1398294803123,42072453523000,171538053000001,-6.886,-3.523,-31.3,0
1398294803134,42072463899000,171538053000001,-6.886,-3.861,-30.999,0
1398294803146,42072476167000,171538053000001,-6.886,-3.861,-30.999,0
1398294803158,42072485719000,171538053000001,-6.886,-3.861,-30.999,0
1398294803168,42072497804000,171538053000001,-6.886,-3.861,-30.999,0
1398294803178,42072507997000,171538053000001,-6.886,-3.861,-30.999,0
1398294803188,42072518189000,171538053000001,-6.886,-3.861,-30.999,0
1398294803198,42072527803000,171538053000001,-6.886,-3.861,-30.999,0
1398294803206,42072535737000,171538053000001,-6.886,-3.861,-30.999,0
1398294803217,42072547242000,171538053000001,-6.886,-4.202,-30.999,0
1398294803228,42072558168000,171538053000001,-6.886,-4.202,-30.999,0
1398294803237,42072567292000,171538053000001,-6.582,-4.202,-30.999,0
1398294803249,42072579042000,171538053000001,-6.582,-4.202,-30.999,0
1398294803257,42072587373000,171538053000001,-6.582,-4.202,-30.999,0
1398294803268,42072597779000,171538053000001,-6.582,-4.202,-30.999,0
1398294803282,42072608155000,171538053000001,-6.582,-4.202,-30.999,0
1398294803291,42072613740000,171538053000001,-6.582,-4.202,-30.999,0
1398294803300,42072629731000,171538053000001,-6.582,-4.505,-30.999,0
1398294803313,42072634126000,171538053000001,-6.582,-4.505,-30.999,0
1398294803315,42072643769000,171538053000001,-6.582,-4.505,-30.999,0
1398294803327,42072653779000,171538053000001,-6.582,-4.505,-30.999,0
1398294803340,42072664002000,171538053000001,-6.582,-4.505,-30.999,0
1398294803344,42072673799000,171538053000001,-6.582,-4.505,-30.999,0
1398294803358,42072683808000,171538053000001,-6.582,-4.505,-30.999,0
1398294803372,42072693818000,171538053000001,-6.582,-4.505,-30.999,0
1398294803374,42072703828000,171538053000001,-6.582,-4.505,-30.999,0
1398294803390,42072713838000,171538053000001,-6.889,-4.505,-30.999,0
1398294803396,42072723847000,171538053000001,-6.889,-4.505,-30.999,0
1398294803404,42072733857000,171538053000001,-6.889,-4.505,-30.999,0
1398294803414,42072743836000,171538053000001,-6.889,-4.505,-30.999,0
1398294803426,42072755403000,171538053000001,-6.889,-4.505,-30.999,0
1398294803434,42072763917000,171538053000001,-6.889,-4.505,-30.999,0
1398294803444,42072773896000,171538053000001,-6.889,-4.505,-30.999,0
1398294803456,42072783906000,171538053000001,-6.889,-4.173,-30.999,0
1398294803464,42072793916000,171538053000001,-6.889,-4.173,-30.999,0
1398294803474,42072803895000,171538053000001,-6.889,-4.173,-30.999,0
1398294803485,42072813905000,171538053000001,-6.889,-4.173,-30.999,0
1398294803494,42072823915000,171538053000001,-6.889,-4.173,-30.999,0
1398294803504,42072833924000,171538053000001,-6.889,-4.173,-30.999,0
1398294803533,42072843934000,171538053000001,-6.889,-4.173,-30.999,0
1398294803539,42072853944000,171538053000001,-6.889,-3.823,-30.999,0
1398294803540,42072863954000,171538053000001,-6.889,-3.823,-30.999,0
1398294803544,42072873963000,171538053000001,-6.889,-3.823,-30.999,0
1398294803554,42072883973000,171538053000001,-6.889,-3.823,-30.999,0
1398294803564,42072893983000,171538053000001,-6.889,-3.823,-30.999,0
1398294803574,42072903993000,171538053000001,-6.889,-3.501,-30.999,0
1398294803587,42072914033000,171538053000001,-6.889,-3.501,-30.999,0
1398294803594,42072924043000,171538053000001,-6.575,-3.501,-30.999,0
1398294803613,42072938172000,171538053000001,-6.575,-3.501,-30.999,0
1398294803615,42072944062000,171538053000001,-6.575,-3.501,-30.999,0
1398294803624,42072954042000,171538053000001,-6.575,-3.501,-30.999,0
1398294803636,42072964021000,171538053000001,-6.575,-3.501,-30.999,0
1398294803644,42072974061000,171538053000001,-6.575,-3.501,-31.315,0
1398294803660,42072984071000,171538053000001,-6.575,-3.501,-31.315,0
1398294803664,42072994081000,171538053000001,-6.575,-3.199,-31.315,0
1398294803675,42073004121000,171538053000001,-6.575,-3.199,-31.315,0
1398294803684,42073014100000,171538053000001,-6.575,-3.199,-31.315,0
1398294803694,42073024110000,171538053000001,-6.575,-3.199,-31.315,0
1398294803704,42073034120000,171538053000001,-6.575,-3.199,-31.315,0
1398294803717,42073044190000,171538053000001,-6.575,-3.199,-31.315,0
1398294803729,42073054170000,171538053000001,-6.271,-3.199,-31.315,0
1398294803734,42073064149000,171538053000001,-6.271,-3.199,-31.315,0
1398294803744,42073074189000,171538053000001,-6.271,-3.199,-31.315,0
1398294803754,42073084199000,171538053000001,-6.271,-3.199,-31.315,0
1398294803770,42073094239000,171538053000001,-6.271,-3.199,-31.315,0
1398294803774,42073104249000,171538053000001,-6.271,-3.199,-31.315,0
1398294803788,42073115785000,171538053000001,-6.271,-3.199,-31.315,0
1398294803795,42073124299000,171538053000001,-6.271,-3.199,-31.315,0
1398294803805,42073134248000,171538053000001,-6.271,-3.199,-31.315,0
1398294803815,42073144288000,171538053000001,-6.271,-3.199,-31.315,0
1398294803825,42073154267000,171538053000001,-6.271,-3.199,-31.315,0
1398294803835,42073164308000,171538053000001,-5.966,-3.199,-31.315,0
1398294803845,42073174317000,171538053000001,-5.966,-3.199,-31.315,0
1398294803855,42073184297000,171538053000001,-5.966,-3.199,-31.315,0
1398294803865,42073194337000,171538053000001,-5.966,-3.199,-31.315,0
1398294803874,42073204316000,171538053000001,-5.966,-3.199,-31.315,0
1398294803884,42073214326000,171538053000001,-5.966,-3.199,-31.315,0
1398294803894,42073224305000,171538053000001,-5.966,-3.199,-31.315,0
1398294803904,42073234345000,171538053000001,-5.966,-3.199,-31.315,0
1398294803914,42073244294000,171538053000001,-5.966,-3.199,-31.315,0
1398294803924,42073254304000,171538053000001,-5.966,-3.199,-31.315,0
1398294803934,42073264314000,171538053000001,-5.966,-3.199,-31.315,0
1398294803944,42073274324000,171538053000001,-5.966,-3.199,-31.315,0
1398294803954,42073284333000,171538053000001,-5.966,-3.199,-31.315,0
1398294803966,42073295899000,171538053000001,-5.966,-3.199,-31.315,0
1398294803974,42073304383000,171538053000001,-5.966,-3.199,-31.315,0
1398294803984,42073314363000,171538053000001,-5.966,-3.199,-31.315,0
1398294803994,42073324372000,171538053000001,-5.966,-3.199,-31.315,0
1398294804004,42073334382000,171538053000001,-5.966,-3.199,-31.315,0
1398294804014,42073344392000,171538053000001,-5.966,-3.199,-31.315,0
1398294804024,42073354402000,171538053000001,-5.966,-3.199,-31.315,0
1398294804034,42073364595000,171538053000001,-5.966,-3.199,-31.315,0
1398294804044,42073374421000,171538053000001,-5.966,-3.199,-31.315,0
1398294804054,42073384431000,171538053000001,-5.966,-3.199,-31.315,0
1398294804064,42073394441000,171538053000001,-5.966,-3.199,-31.315,0
1398294804074,42073404450000,171538053000001,-5.641,-3.199,-31.315,0
1398294804084,42073414460000,171538053000001,-5.641,-3.199,-31.315,0
1398294804094,42073424470000,171538053000001,-5.641,-3.199,-31.315,0
1398294804104,42073434480000,171538053000001,-5.641,-3.199,-31.315,0
1398294804114,42073444490000,171538053000001,-5.641,-3.199,-31.315,0
1398294804124,42073454499000,171538053000001,-5.641,-2.867,-31.315,0
1398294804137,42073466188000,171538053000001,-5.641,-2.867,-31.315,0
1398294804151,42073480928000,171538053000001,-5.641,-2.867,-31.315,0
1398294804156,42073485993000,171538053000001,-5.95,-2.867,-31.315,0
1398294804169,42073498628000,171538053000001,-5.95,-2.511,-31.315,0
1398294804179,42073508729000,171538053000001,-5.95,-2.511,-31.315,0
1398294804189,42073518983000,171538053000001,-5.95,-2.511,-31.315,0
1398294804200,42073524812000,171538053000001,-5.95,-2.511,-31.315,0
1398294804207,42073534669000,171538053000001,-6.291,-2.511,-31.315,0
1398294804216,42073544648000,171538053000001,-6.291,-2.11,-31.315,0
1398294804233,42073554689000,171538053000001,-6.291,-2.11,-31.315,0
1398294804237,42073564729000,171538053000001,-6.654,-2.11,-31.315,0
1398294804245,42073574678000,171538053000001,-6.654,-2.11,-31.315,0
1398294804256,42073584748000,171538053000001,-6.654,-1.734,-31.315,0
1398294804270,42073594728000,171538053000001,-7.043,-1.734,-31.315,0
1398294804275,42073604737000,171538053000001,-7.043,-1.734,-31.315,0
1398294804286,42073615388000,171538053000001,-7.043,-1.734,-31.315,0
1398294804295,42073624757000,171538053000001,-7.374,-1.423,-31.315,0
1398294804305,42073634736000,171538053000001,-7.374,-1.423,-31.315,0
1398294804315,42073644746000,171538053000001,-7.374,-1.423,-31.315,0
1398294804326,42073656312000,171538053000001,-7.374,-1.423,-31.315,0
1398294804335,42073664796000,171538053000001,-7.693,-1.423,-31.315,0
1398294804345,42073674775000,171538053000001,-7.693,-1.423,-31.315,0
1398294804355,42073684785000,171538053000001,-7.693,-1.423,-31.315,0
1398294804365,42073694795000,171538053000001,-7.693,-1.423,-31.315,0
1398294804379,42073704835000,171538053000001,-7.693,-1.423,-31.315,0
1398294804390,42073714845000,171538053000001,-7.693,-1.423,-31.315,0
1398294804395,42073724855000,171538053000001,-7.693,-1.423,-31.315,0
1398294804405,42073734864000,171538053000001,-8.02,-1.423,-31.315,0
1398294804415,42073744874000,171538053000001,-8.02,-1.423,-31.315,0
1398294804425,42073754884000,171538053000001,-8.02,-1.423,-31.315,0
1398294804435,42073764863000,171538053000001,-8.02,-1.423,-31.315,0
1398294804445,42073774873000,171538053000001,-8.02,-1.423,-31.315,0
1398294804455,42073784883000,171538053000001,-8.02,-1.423,-31.315,0
1398294804465,42073795045000,171538053000001,-8.02,-1.423,-31.315,0
1398294804475,42073804933000,171538053000001,-8.02,-1.423,-31.315,0
1398294804485,42073814912000,171538053000001,-8.02,-1.423,-31.315,0
1398294804495,42073824922000,171538053000001,-8.02,-1.423,-31.315,0
1398294804507,42073836488000,171538053000001,-8.02,-1.423,-31.315,0
1398294804515,42073844972000,171538053000001,-8.02,-1.423,-31.315,0
1398294804529,42073859254000,171538053000001,-7.653,-1.742,-31.315,0
1398294804535,42073864930000,171538053000001,-7.653,-1.742,-31.315,0
1398294804545,42073874909000,171538053000001,-7.653,-1.742,-31.315,0
1398294804555,42073884950000,171538053000001,-7.653,-1.742,-31.315,0
1398294804565,42073894960000,171538053000001,-7.653,-1.742,-31.315,0
1398294804575,42073904969000,171538053000001,-7.653,-1.742,-31.315,0
1398294804585,42073914979000,171538053000001,-7.653,-1.742,-31.315,0
1398294804595,42073924989000,171538053000001,-7.35,-1.742,-31.315,0
1398294804605,42073935090000,171538053000001,-7.35,-1.742,-31.315,0
1398294804615,42073945039000,171538053000001,-7.35,-1.742,-31.315,0
1398294804625,42073955049000,171538053000001,-7.35,-1.742,-31.315,0
1398294804635,42073965028000,171538053000001,-7.35,-1.742,-31.315,0
1398294804645,42073975038000,171538053000001,-7.028,-1.742,-31.315,0
1398294804655,42073985047000,171538053000001,-7.028,-1.742,-31.315,0
1398294804665,42073995057000,171538053000001,-7.028,-2.046,-31.315,0
1398294804675,42074005067000,171538053000001,-7.028,-2.046,-31.315,0
1398294804691,42074017762000,171538053000001,-7.028,-2.046,-31.315,0
1398294804699,42074025117000,171538053000001,-7.028,-2.046,-31.315,0
1398294804708,42074035127000,171538053000001,-7.028,-2.046,-31.315,0
1398294804720,42074045167000,171538053000001,-7.028,-2.046,-31.315,0
1398294804735,42074055146000,171538053000001,-7.028,-2.046,-31.315,0
1398294804737,42074065156000,171538053000001,-7.028,-2.046,-31.315,0
1398294804746,42074075135000,171538053000001,-7.028,-2.046,-31.315,0
1398294804755,42074085176000,171538053000001,-7.028,-2.046,-31.315,0
1398294804765,42074095155000,171538053000001,-7.028,-2.38,-31.315,0
1398294804775,42074105165000,171538053000001,-7.028,-2.38,-31.315,0
1398294804785,42074115144000,171538053000001,-7.028,-2.38,-31.315,0
1398294804795,42074125184000,171538053000001,-7.028,-2.38,-31.315,0
1398294804806,42074135194000,171538053000001,-7.028,-2.38,-31.315,0
1398294804819,42074145234000,171538053000001,-7.028,-2.38,-31.315,0
1398294804825,42074155213000,171538053000001,-7.028,-2.38,-31.315,0
1398294804837,42074166658000,171538053000001,-7.028,-2.738,-31.315,0
1398294804845,42074175202000,171538053000001,-7.028,-2.738,-31.315,0
1398294804855,42074185182000,171538053000001,-7.028,-2.738,-31.315,0
1398294804867,42074196717000,171538053000001,-7.028,-2.738,-30.998,0
1398294804875,42074205232000,171538053000001,-7.028,-2.738,-30.998,0
1398294804885,42074215425000,171538053000001,-7.028,-3.06,-30.998,0
1398294804895,42074225221000,171538053000001,-7.028,-3.06,-30.998,0
1398294804905,42074235231000,171538053000001,-7.028,-3.06,-30.998,0
1398294804915,42074245271000,171538053000001,-7.028,-3.387,-30.998,0
1398294804925,42074255281000,171538053000001,-7.028,-3.387,-30.677,0
1398294804935,42074265290000,171538053000001,-7.028,-3.387,-30.677,0
1398294804945,42074275270000,171538053000001,-7.028,-3.694,-30.677,0
1398294804955,42074285310000,171538053000001,-7.028,-3.694,-30.677,0
1398294804965,42074295320000,171538053000001,-7.028,-3.694,-30.677,0
1398294804975,42074305299000,171538053000001,-7.33,-3.694,-30.677,0
1398294804985,42074315309000,171538053000001,-7.33,-4.035,-30.677,0
1398294804995,42074325349000,171538053000001,-7.33,-4.035,-30.677,0
1398294805005,42074335359000,171538053000001,-7.33,-4.035,-30.374,0
1398294805015,42074345368000,171538053000001,-7.33,-4.035,-30.374,0
1398294805025,42074355378000,171538053000001,-7.33,-4.356,-30.374,0
1398294805039,42074368379000,171538053000001,-7.33,-4.356,-30.374,0
1398294805052,42074381715000,171538053000001,-7.638,-4.356,-30.374,0
1398294805057,42074386842000,171538053000001,-7.638,-4.356,-30.374,0
1398294805071,42074400453000,171538053000001,-7.638,-4.725,-30.374,0
1398294805078,42074407991000,171538053000001,-7.638,-4.725,-30.374,0
1398294805093,42074420198000,171538053000001,-7.638,-4.725,-30.374,0
1398294805096,42074425508000,171538053000001,-7.638,-4.725,-30.374,0
1398294805107,42074436860000,171538053000001,-7.638,-4.725,-30.374,0
1398294805117,42074445741000,171538053000001,-7.638,-4.725,-30.374,0
1398294805135,42074459291000,171538053000001,-7.638,-4.725,-30.374,0
1398294805148,42074465547000,171538053000001,-7.638,-4.725,-30.374,0
1398294805150,42074475556000,171538053000001,-7.638,-4.725,-30.374,0
1398294805156,42074485566000,171538053000001,-7.638,-4.725,-30.374,0
1398294805168,42074495576000,171538053000001,-7.638,-4.725,-30.374,0
1398294805176,42074505586000,171538053000001,-7.638,-5.032,-30.374,0
1398294805186,42074515626000,171538053000001,-7.638,-5.032,-30.374,0
1398294805198,42074525636000,171538053000001,-7.638,-5.032,-30.374,0
1398294805216,42074535707000,171538053000001,-7.638,-5.032,-30.374,0
1398294805217,42074545625000,171538053000001,-7.638,-5.032,-30.374,0
1398294805227,42074557191000,171538053000001,-7.638,-5.032,-30.374,0
1398294805236,42074565858000,171538053000001,-7.638,-5.032,-30.374,0
1398294805247,42074575654000,171538053000001,-7.638,-5.032,-30.374,0
1398294805256,42074585939000,171538053000001,-7.638,-5.032,-30.374,0
1398294805267,42074595674000,171538053000001,-7.638,-5.032,-30.374,0
1398294805276,42074605653000,171538053000001,-7.638,-5.032,-30.374,0
1398294805286,42074615693000,171538053000001,-7.638,-5.032,-30.374,0
1398294805296,42074625672000,171538053000001,-7.638,-4.721,-30.374,0
1398294805310,42074640138000,171538053000001,-7.638,-4.721,-30.374,0
1398294805320,42074649751000,171538053000001,-7.638,-4.721,-30.374,0
1398294805329,42074659272000,171538053000001,-7.286,-4.721,-30.374,0
1398294805340,42074670045000,171538053000001,-7.286,-4.721,-30.374,0
1398294805349,42074679597000,171538053000001,-7.286,-4.721,-30.374,0
1398294805361,42074691468000,171538053000001,-6.866,-4.721,-30.374,0
1398294805369,42074699281000,171538053000001,-6.866,-4.721,-30.697,0
1398294805382,42074712159000,171538053000001,-6.866,-4.721,-30.697,0
1398294805391,42074716462000,171538053000001,-6.452,-4.721,-30.697,0
1398294805402,42074727449000,171538053000001,-6.452,-4.721,-30.697,0
1398294805409,42074738740000,171538053000001,-6.452,-4.721,-30.697,0
1398294805416,42074745820000,171538053000001,-6.452,-4.721,-30.697,0
1398294805428,42074757020000,171538053000001,-6.121,-4.721,-31.004,0
1398294805436,42074765809000,171538053000001,-6.121,-4.721,-31.004,0
1398294805447,42074776918000,171538053000001,-6.121,-4.721,-31.004,0
1398294805456,42074785829000,171538053000001,-6.121,-4.721,-31.004,0
1398294805467,42074796266000,171538053000001,-6.121,-4.721,-31.004,0
1398294805482,42074809541000,171538053000001,-6.121,-4.405,-31.004,0
1398294805486,42074815858000,171538053000001,-6.121,-4.405,-31.004,0
1398294805496,42074826142000,171538053000001,-6.121,-4.405,-31.004,0
1398294805507,42074837037000,171538053000001,-6.121,-4.405,-31.004,0
1398294805521,42074845887000,171538053000001,-6.121,-4.405,-31.004,0
1398294805529,42074858369000,171538053000001,-6.121,-4.104,-31.004,0
1398294805536,42074866120000,171538053000001,-6.121,-4.104,-31.004,0
1398294805548,42074875947000,171538053000001,-6.121,-4.104,-31.004,0
1398294805556,42074885987000,171538053000001,-6.121,-4.104,-31.004,0
1398294805566,42074895967000,171538053000001,-6.121,-4.104,-31.004,0
1398294805576,42074905976000,171538053000001,-6.121,-4.104,-31.004,0
1398294805589,42074917543000,171538053000001,-6.121,-4.104,-31.004,0
1398294805597,42074926026000,171538053000001,-6.121,-4.104,-31.004,0
1398294805607,42074935975000,171538053000001,-6.121,-4.104,-31.004,0
1398294805616,42074946015000,171538053000001,-6.121,-3.782,-31.004,0
1398294805626,42074956025000,171538053000001,-6.121,-3.782,-31.329,0
1398294805639,42074968354000,171538053000001,-6.121,-3.782,-31.329,0
1398294805647,42074976411000,171538053000001,-6.121,-3.782,-31.329,0
1398294805658,42074987458000,171538053000001,-6.121,-3.782,-31.329,0
1398294805667,42074997315000,171538053000001,-6.121,-3.782,-31.329,0
1398294805679,42075008210000,171538053000001,-6.121,-3.782,-31.329,0
1398294805688,42075017610000,171538053000001,-5.798,-3.782,-31.329,0
1398294805697,42075026734000,171538053000001,-5.798,-3.782,-31.329,0
1398294805710,42075036103000,171538053000001,-5.798,-3.782,-31.329,0
1398294805717,42075046327000,171538053000001,-5.798,-3.782,-31.329,0
1398294805726,42075056092000,171538053000001,-5.798,-3.782,-31.329,0
1398294805736,42075066102000,171538053000001,-5.798,-3.782,-31.329,0
1398294805746,42075076264000,171538053000001,-5.798,-3.782,-31.329,0
1398294805759,42075089143000,171538053000001,-5.798,-3.471,-31.329,0
1398294805768,42075097657000,171538053000001,-5.798,-3.471,-31.329,0
1398294805776,42075106172000,171538053000001,-5.798,-3.471,-31.329,0
1398294805786,42075116151000,171538053000001,-5.798,-3.471,-31.329,0
1398294805797,42075126496000,171538053000001,-5.798,-3.471,-31.329,0
1398294805806,42075136140000,171538053000001,-5.798,-3.471,-31.329,0
1398294805820,42075150453000,171538053000001,-5.798,-3.157,-31.329,0
1398294805828,42075158265000,171538053000001,-5.798,-3.157,-31.329,0
1398294805841,42075171052000,171538053000001,-5.798,-3.157,-31.329,0
1398294805849,42075179109000,171538053000001,-5.798,-3.157,-31.329,0
1398294805859,42075188752000,171538053000001,-5.798,-3.157,-31.329,0
1398294805873,42075203279000,171538053000001,-5.798,-3.157,-31.329,0
1398294805877,42075207398000,171538053000001,-5.798,-3.157,-31.329,0
1398294805891,42075220552000,171538053000001,-5.798,-3.157,-31.329,0
1398294805900,42075230531000,171538053000001,-5.798,-3.157,-31.329,0
1398294805910,42075240449000,171538053000001,-5.798,-3.157,-31.329,0
1398294805920,42075250337000,171538053000001,-6.178,-3.157,-31.329,0
1398294805928,42075258363000,171538053000001,-6.178,-3.157,-31.329,0
1398294805943,42075273011000,171538053000001,-6.178,-3.157,-31.329,0
1398294805949,42075278810000,171538053000001,-6.178,-3.157,-31.329,0
1398294805963,42075292756000,171538053000001,-6.178,-3.157,-31.329,0
1398294805968,42075298371000,171538053000001,-6.178,-3.157,-31.329,0
1398294805982,42075312623000,171538053000001,-6.178,-3.494,-31.329,0
1398294805989,42075318971000,171538053000001,-6.478,-3.494,-30.995,0
1398294806003,42075332765000,171538053000001,-6.478,-3.494,-30.995,0
1398294806008,42075337647000,171538053000001,-6.478,-3.839,-30.995,0
1398294806023,42075352662000,171538053000001,-6.478,-3.839,-30.995,0
1398294806027,42075357484000,171538053000001,-6.478,-3.839,-30.995,0
1398294806043,42075372712000,171538053000001,-6.478,-4.241,-30.995,0
1398294806048,42075377931000,171538053000001,-6.478,-4.241,-30.995,0
1398294806068,42075397950000,171538053000001,-6.478,-4.241,-30.679,0
1398294806071,42075401490000,171538053000001,-6.478,-4.606,-30.679,0
1398294806079,42075409272000,171538053000001,-6.478,-4.606,-30.679,0
1398294806093,42075422761000,171538053000001,-6.478,-4.606,-30.679,0
1398294806098,42075427980000,171538053000001,-6.478,-4.942,-30.679,0
1398294806109,42075438874000,171538053000001,-6.478,-4.942,-30.679,0
1398294806123,42075453004000,171538053000001,-6.478,-4.942,-30.364,0
1398294806129,42075458924000,171538053000001,-6.478,-4.942,-30.364,0
1398294806143,42075473176000,171538053000001,-6.813,-5.245,-30.364,0
1398294806148,42075478028000,171538053000001,-6.813,-5.245,-30.364,0
1398294806164,42075491975000,171538053000001,-6.813,-5.245,-30.364,0
1398294806167,42075496766000,171538053000001,-6.813,-5.245,-30.364,0
1398294806183,42075512788000,171538053000001,-6.813,-5.245,-30.364,0
1398294806189,42075518830000,171538053000001,-6.813,-5.245,-30.364,0
1398294806203,42075532929000,171538053000001,-6.813,-5.245,-30.364,0
1398294806207,42075536683000,171538053000001,-6.813,-5.245,-30.364,0
1398294806217,42075546571000,171538053000001,-6.813,-5.245,-30.364,0
1398294806228,42075556581000,171538053000001,-6.813,-5.245,-30.043,0
1398294806237,42075566590000,171538053000001,-6.813,-5.245,-30.043,0
1398294806247,42075576600000,171538053000001,-6.813,-5.245,-30.043,0
1398294806257,42075586610000,171538053000001,-6.813,-5.245,-30.043,0
1398294806267,42075596620000,171538053000001,-6.813,-5.245,-30.043,0
1398294806277,42075606629000,171538053000001,-6.813,-5.245,-30.043,0
1398294806287,42075616639000,171538053000001,-6.813,-5.245,-30.043,0
1398294806297,42075626649000,171538053000001,-6.813,-5.245,-30.043,0
1398294806308,42075638215000,171538053000001,-6.813,-5.245,-30.043,0
1398294806323,42075652925000,171538053000001,-6.813,-5.245,-30.043,0
1398294806328,42075657960000,171538053000001,-6.813,-5.245,-30.043,0
1398294806343,42075672975000,171538053000001,-6.813,-5.245,-30.043,0
1398294806349,42075678865000,171538053000001,-6.813,-5.554,-30.043,0
1398294806363,42075693147000,171538053000001,-6.813,-5.554,-30.043,0
1398294806373,42075702302000,171538053000001,-6.813,-5.554,-30.043,0
1398294806379,42075708955000,171538053000001,-6.813,-5.554,-30.043,0
1398294806393,42075722779000,171538053000001,-6.813,-5.554,-30.043,0
1398294806398,42075728456000,171538053000001,-6.446,-5.554,-30.043,0
1398294806413,42075743012000,171538053000001,-6.446,-5.554,-30.043,0
1398294806419,42075748994000,171538053000001,-6.446,-5.554,-30.043,0
1398294806432,42075761659000,171538053000001,-6.446,-5.905,-30.043,0
1398294806439,42075769166000,171538053000001,-6.446,-5.905,-30.043,0
1398294806453,42075783265000,171538053000001,-6.446,-5.905,-30.043,0
1398294806458,42075788209000,171538053000001,-6.446,-5.905,-30.043,0
1398294806475,42075804872000,171538053000001,-6.446,-5.905,-30.043,0
1398294806477,42075806977000,171538053000001,-6.446,-5.905,-30.043,0
1398294806494,42075823640000,171538053000001,-6.446,-5.905,-30.043,0
1398294806499,42075828675000,171538053000001,-6.146,-5.905,-30.043,0
1398294806513,42075842805000,171538053000001,-6.146,-6.221,-30.043,0
1398294806518,42075848420000,171538053000001,-6.146,-6.221,-30.043,0
1398294806531,42075861390000,171538053000001,-6.146,-6.221,-30.043,0
1398294806539,42075869355000,171538053000001,-6.146,-6.221,-30.043,0
1398294806553,42075883424000,171538053000001,-6.146,-6.221,-30.043,0
1398294806558,42075888429000,171538053000001,-6.146,-6.221,-30.043,0
1398294806584,42075903230000,171538053000001,-6.146,-6.221,-30.043,0
1398294806587,42075907380000,171538053000001,-6.146,-6.221,-30.043,0
1398294806588,42075917024000,171538053000001,-6.146,-6.221,-30.043,0
1398294806599,42075927003000,171538053000001,-6.146,-6.221,-30.043,0
1398294806607,42075937013000,171538053000001,-6.146,-6.221,-30.043,0
1398294806623,42075953248000,171538053000001,-6.146,-6.221,-30.043,0
1398294806628,42075958253000,171538053000001,-6.146,-6.221,-30.043,0
1398294806643,42075972901000,171538053000001,-6.146,-6.221,-30.043,0
1398294806649,42075978669000,171538053000001,-6.146,-6.221,-30.043,0
1398294806663,42075993257000,171538053000001,-6.146,-6.221,-30.043,0
1398294806671,42076000917000,171538053000001,-6.146,-6.221,-30.043,0
1398294806683,42076012086000,171538053000001,-6.146,-6.221,-30.043,0
1398294806688,42076018251000,171538053000001,-6.146,-6.221,-30.043,0
1398294806703,42076033021000,171538053000001,-6.146,-6.221,-30.043,0
1398294806708,42076038514000,171538053000001,-6.146,-6.221,-30.043,0
1398294806724,42076053926000,171538053000001,-6.146,-6.221,-30.043,0
1398294806730,42076057191000,171538053000001,-6.146,-6.221,-30.043,0
1398294806738,42076067109000,171538053000001,-6.146,-6.221,-30.043,0
1398294806747,42076077119000,171538053000001,-6.146,-6.221,-30.043,0
1398294806757,42076087098000,171538053000001,-6.146,-6.221,-30.043,0
1398294806771,42076097138000,171538053000001,-6.146,-6.221,-30.043,0
1398294806786,42076107179000,171538053000001,-6.455,-6.221,-30.043,0
1398294806787,42076117127000,171538053000001,-6.455,-6.221,-30.043,0
1398294806798,42076127198000,171538053000001,-6.455,-6.221,-30.043,0
1398294806807,42076137147000,171538053000001,-6.455,-6.221,-30.043,0
1398294806817,42076147187000,171538053000001,-6.455,-6.221,-30.043,0
1398294806840,42076157228000,171538053000001,-6.455,-6.536,-30.043,0
1398294806851,42076167237000,171538053000001,-6.455,-6.536,-30.043,0
1398294806854,42076178742000,171538053000001,-6.455,-6.536,-30.043,0
1398294806862,42076187257000,171538053000001,-6.455,-6.536,-30.043,0
1398294806867,42076197236000,171538053000001,-6.455,-6.536,-30.043,0
1398294806877,42076207246000,171538053000001,-6.455,-6.536,-30.043,0
1398294806887,42076217256000,171538053000001,-6.455,-6.536,-30.043,0
1398294806897,42076227235000,171538053000001,-6.455,-6.536,-30.043,0
1398294806913,42076243135000,171538053000001,-6.455,-6.536,-30.043,0
1398294806920,42076249726000,171538053000001,-6.455,-6.536,-30.043,0
1398294806932,42076262208000,171538053000001,-6.134,-6.536,-30.043,0
1398294806940,42076269807000,171538053000001,-6.134,-6.536,-30.043,0
1398294806953,42076282716000,171538053000001,-6.134,-6.536,-30.043,0
1398294806963,42076288972000,171538053000001,-6.134,-6.536,-30.043,0
1398294806969,42076298890000,171538053000001,-6.134,-6.536,-30.043,0
1398294806979,42076308259000,171538053000001,-6.134,-6.536,-30.043,0
1398294806988,42076318360000,171538053000001,-6.134,-6.536,-30.043,0
1398294806999,42076329255000,171538053000001,-5.815,-6.536,-30.043,0
1398294807014,42076343934000,171538053000001,-5.815,-6.536,-30.043,0
1398294807019,42076348878000,171538053000001,-5.815,-6.536,-30.043,0
1398294807030,42076359864000,171538053000001,-5.815,-6.536,-30.043,0
1398294807040,42076369966000,171538053000001,-5.815,-6.536,-30.043,0
1398294807052,42076381715000,171538053000001,-5.509,-6.858,-30.043,0
1398294807060,42076389497000,171538053000001,-5.509,-6.858,-30.043,0
1398294807072,42076402223000,171538053000001,-5.509,-6.858,-30.043,0
1398294807080,42076409486000,171538053000001,-5.113,-6.858,-30.043,0
1398294807090,42076419435000,171538053000001,-5.113,-6.858,-30.043,0
1398294807099,42076428498000,171538053000001,-5.113,-6.858,-30.043,0
1398294807112,42076441865000,171538053000001,-4.721,-6.858,-30.355,0
1398294807120,42076449494000,171538053000001,-4.721,-6.858,-30.355,0
1398294807135,42076461610000,171538053000001,-4.721,-6.858,-30.355,0
1398294807138,42076467500000,171538053000001,-4.298,-6.858,-30.355,0
1398294807149,42076477479000,171538053000001,-4.298,-6.858,-30.355,0
1398294807164,42076489198000,171538053000001,-4.298,-6.858,-30.355,0
1398294807170,42076499116000,171538053000001,-4.298,-6.858,-30.355,0
1398294807186,42076507478000,171538053000001,-3.887,-6.858,-30.355,0
1398294807188,42076517518000,171538053000001,-3.887,-6.858,-30.355,0
1398294807198,42076527497000,171538053000001,-3.887,-6.858,-30.355,0
1398294807211,42076539796000,171538053000001,-3.55,-6.858,-30.355,0
1398294807219,42076548982000,171538053000001,-3.55,-6.858,-30.355,0
1398294807229,42076558991000,171538053000001,-3.55,-6.858,-30.355,0
1398294807238,42076567903000,171538053000001,-3.55,-6.858,-30.355,0
1398294807250,42076577607000,171538053000001,-3.219,-6.858,-30.355,0
1398294807263,42076588990000,171538053000001,-3.219,-6.858,-30.355,0
1398294807276,42076597596000,171538053000001,-3.219,-6.858,-30.355,0
1398294807279,42076607575000,171538053000001,-3.219,-6.858,-30.355,0
1398294807294,42076623414000,171538053000001,-3.219,-6.858,-30.355,0
1398294807298,42076627839000,171538053000001,-3.523,-6.858,-30.355,0
1398294807309,42076637605000,171538053000001,-3.523,-6.858,-30.355,0
1398294807318,42076647615000,171538053000001,-3.823,-6.52,-30.355,0
1398294807328,42076657655000,171538053000001,-3.823,-6.52,-30.355,0
1398294807338,42076667634000,171538053000001,-4.176,-6.52,-30.355,0
1398294807349,42076678529000,171538053000001,-4.176,-6.52,-30.355,0
1398294807358,42076687654000,171538053000001,-4.489,-6.192,-30.355,0
1398294807375,42076704530000,171538053000001,-4.489,-6.192,-30.355,0
1398294807378,42076708192000,171538053000001,-4.489,-6.192,-30.355,0
1398294807395,42076724580000,171538053000001,-4.826,-6.192,-30.355,0
1398294807398,42076728303000,171538053000001,-4.826,-5.868,-30.355,0
1398294807415,42076744721000,171538053000001,-4.826,-5.868,-30.355,0
1398294807418,42076748048000,171538053000001,-5.175,-5.868,-30.355,0
1398294807430,42076759400000,171538053000001,-5.175,-5.868,-30.355,0
1398294807440,42076769166000,171538053000001,-5.175,-5.868,-30.355,0
1398294807454,42076784150000,171538053000001,-5.513,-5.868,-30.355,0
1398294807459,42076788636000,171538053000001,-5.513,-5.523,-30.355,0
1398294807474,42076804231000,171538053000001,-5.513,-5.523,-30.355,0
1398294807479,42076809205000,171538053000001,-5.513,-5.523,-30.355,0
1398294807495,42076824555000,171538053000001,-5.513,-5.523,-30.355,0
1398294807500,42076829469000,171538053000001,-5.513,-5.523,-30.355,0
1398294807514,42076844300000,171538053000001,-5.513,-5.523,-30.355,0
1398294807519,42076849153000,171538053000001,-5.513,-5.523,-30.355,0
1398294807531,42076861390000,171538053000001,-5.513,-5.523,-30.355,0
1398294807540,42076870088000,171538053000001,-5.513,-5.523,-30.355,0
1398294807553,42076882295000,171538053000001,-5.513,-5.523,-30.355,0
1398294807558,42076887849000,171538053000001,-5.513,-5.523,-30.355,0
1398294807575,42076904878000,171538053000001,-5.513,-5.523,-30.355,0
1398294807578,42076908479000,171538053000001,-5.513,-5.523,-30.355,0
1398294807601,42076924348000,171538053000001,-5.513,-5.523,-30.355,0
1398294807614,42076932405000,171538053000001,-5.513,-5.523,-30.355,0
1398294807618,42076937928000,171538053000001,-5.513,-5.523,-30.355,0
1398294807619,42076948243000,171538053000001,-5.513,-5.523,-30.355,0
1398294807634,42076957917000,171538053000001,-5.513,-5.523,-30.355,0
1398294807639,42076969087000,171538053000001,-5.513,-5.523,-30.355,0
1398294807649,42076977937000,171538053000001,-5.513,-5.523,-30.355,0
1398294807662,42076988832000,171538053000001,-5.513,-5.523,-30.355,0
1398294807668,42076998414000,171538053000001,-5.513,-5.523,-30.355,0
1398294807678,42077008027000,171538053000001,-5.513,-5.523,-30.355,0
1398294807693,42077021272000,171538053000001,-5.513,-5.523,-30.355,0
1398294807698,42077027986000,171538053000001,-5.513,-5.523,-30.355,0
1398294807708,42077038026000,171538053000001,-5.513,-5.523,-30.355,0
1398294807720,42077048036000,171538053000001,-5.513,-5.523,-30.355,0
1398294807728,42077058045000,171538053000001,-5.513,-5.523,-30.682,0
1398294807738,42077067994000,171538053000001,-5.513,-5.523,-30.682,0
1398294807750,42077079591000,171538053000001,-5.513,-5.523,-30.682,0
1398294807758,42077088105000,171538053000001,-5.857,-5.523,-30.682,0
1398294807768,42077098054000,171538053000001,-5.857,-5.523,-30.682,0
1398294807778,42077108064000,171538053000001,-5.857,-5.523,-30.682,0
1398294807788,42077118043000,171538053000001,-5.857,-5.523,-30.682,0
1398294807798,42077128083000,171538053000001,-5.857,-5.523,-30.682,0
1398294807808,42077138063000,171538053000001,-5.857,-5.523,-30.682,0
1398294807818,42077148072000,171538053000001,-5.857,-5.523,-30.682,0
1398294807828,42077158113000,171538053000001,-5.857,-5.523,-30.682,0
1398294807838,42077168122000,171538053000001,-5.857,-5.523,-30.682,0
1398294807848,42077178132000,171538053000001,-5.857,-5.523,-30.682,0
1398294807858,42077188142000,171538053000001,-5.857,-5.523,-30.682,0
1398294807868,42077198152000,171538053000001,-5.857,-5.523,-30.682,0
1398294807878,42077208161000,171538053000001,-5.857,-5.523,-30.682,0
1398294807888,42077218171000,171538053000001,-5.857,-5.523,-30.682,0
1398294807898,42077228364000,171538053000001,-5.857,-5.523,-30.682,0
1398294807908,42077238496000,171538053000001,-5.857,-5.192,-30.682,0
1398294807918,42077248139000,171538053000001,-5.857,-5.192,-30.682,0
1398294807930,42077259706000,171538053000001,-5.857,-5.192,-30.682,0
1398294807938,42077268220000,171538053000001,-5.857,-5.192,-30.682,0
1398294807948,42077278199000,171538053000001,-5.857,-5.192,-30.682,0
1398294807958,42077288209000,171538053000001,-5.857,-5.192,-30.682,0
1398294807968,42077298219000,171538053000001,-5.857,-5.192,-30.682,0
1398294807978,42077308229000,171538053000001,-5.857,-5.192,-30.682,0
1398294807988,42077318238000,171538053000001,-5.857,-5.192,-30.682,0
1398294807998,42077328248000,171538053000001,-5.857,-5.192,-30.682,0
1398294808008,42077338258000,171538053000001,-5.857,-5.192,-30.682,0
1398294808018,42077348268000,171538053000001,-5.857,-5.192,-30.682,0
1398294808028,42077358277000,171538053000001,-5.857,-4.856,-30.682,0
1398294808038,42077368257000,171538053000001,-5.857,-4.856,-30.682,0
1398294808048,42077378297000,171538053000001,-5.857,-4.856,-30.682,0
1398294808060,42077388307000,171538053000001,-5.857,-4.856,-30.682,0
1398294808069,42077398316000,171538053000001,-5.857,-4.856,-30.682,0
1398294808079,42077408387000,171538053000001,-6.211,-4.856,-30.682,0
1398294808089,42077418305000,171538053000001,-6.211,-4.856,-30.682,0
1398294808098,42077428315000,171538053000001,-6.211,-4.856,-30.682,0
1398294808111,42077439881000,171538053000001,-6.211,-4.856,-30.682,0
1398294808119,42077448396000,171538053000001,-6.211,-4.856,-30.682,0
1398294808129,42077458375000,171538053000001,-6.211,-4.856,-30.682,0
1398294808139,42077468354000,171538053000001,-6.211,-4.856,-30.682,0
1398294808148,42077478364000,171538053000001,-6.211,-4.856,-30.682,0
1398294808158,42077488374000,171538053000001,-6.552,-4.856,-30.682,0
1398294808168,42077498384000,171538053000001,-6.552,-4.53,-30.682,0
1398294808178,42077508393000,171538053000001,-6.552,-4.53,-30.682,0
1398294808188,42077518403000,171538053000001,-6.552,-4.53,-30.682,0
1398294808198,42077528443000,171538053000001,-6.552,-4.53,-30.682,0
1398294808208,42077538423000,171538053000001,-6.552,-4.53,-30.682,0
1398294808218,42077548432000,171538053000001,-6.552,-4.53,-30.682,0
1398294808228,42077558442000,171538053000001,-6.552,-4.53,-30.682,0
1398294808238,42077568452000,171538053000001,-6.552,-4.53,-30.682,0
1398294808248,42077578462000,171538053000001,-6.552,-4.53,-30.682,0
1398294808258,42077588471000,171538053000001,-6.552,-4.53,-30.682,0
1398294808268,42077598481000,171538053000001,-6.169,-4.53,-30.682,0
1398294808279,42077608552000,171538053000001,-6.169,-4.53,-31.025,0
1398294808291,42077620088000,171538053000001,-6.169,-4.222,-31.025,0
1398294808298,42077628572000,171538053000001,-6.169,-4.222,-31.025,0
1398294808308,42077638520000,171538053000001,-6.169,-4.222,-31.025,0
1398294808318,42077648561000,171538053000001,-5.813,-4.222,-31.025,0
1398294808329,42077658723000,171538053000001,-5.813,-4.222,-31.025,0
1398294808338,42077668580000,171538053000001,-5.813,-4.222,-31.025,0
1398294808348,42077678590000,171538053000001,-5.813,-4.222,-31.025,0
1398294808358,42077688600000,171538053000001,-5.505,-3.903,-31.025,0
1398294808368,42077698609000,171538053000001,-5.505,-3.903,-31.364,0
1398294808378,42077708619000,171538053000001,-5.505,-3.903,-31.364,0
1398294808388,42077718629000,171538053000001,-5.505,-3.903,-31.364,0
1398294808398,42077728639000,171538053000001,-5.505,-3.903,-31.364,0
1398294808408,42077738648000,171538053000001,-5.505,-3.903,-31.364,0
1398294808418,42077748658000,171538053000001,-5.505,-3.903,-31.364,0
1398294808429,42077758668000,171538053000001,-5.505,-3.903,-31.364,0
1398294808438,42077768678000,171538053000001,-5.505,-3.903,-31.364,0
1398294808449,42077778688000,171538053000001,-5.505,-3.903,-31.364,0
1398294808458,42077788697000,171538053000001,-5.505,-3.59,-31.364,0
1398294808470,42077800233000,171538053000001,-5.505,-3.59,-31.364,0
1398294808479,42077808747000,171538053000001,-5.505,-3.59,-31.364,0
1398294808489,42077818727000,171538053000001,-5.505,-3.59,-31.364,0
1398294808499,42077828736000,171538053000001,-5.505,-3.59,-31.364,0
1398294808509,42077838746000,171538053000001,-5.505,-3.59,-31.364,0
1398294808537,42077849793000,171538053000001,-5.505,-3.59,-31.364,0
1398294808546,42077860139000,171538053000001,-5.505,-3.59,-31.364,0
1398294808548,42077869233000,171538053000001,-5.505,-3.59,-31.364,0
1398294808550,42077878816000,171538053000001,-5.505,-3.59,-31.364,0
1398294808566,42077895783000,171538053000001,-5.505,-3.59,-31.364,0
1398294808569,42077899110000,171538053000001,-5.505,-3.59,-31.364,0
1398294808579,42077908876000,171538053000001,-5.505,-3.59,-31.364,0
1398294808589,42077918885000,171538053000001,-5.505,-3.59,-31.364,0
1398294808599,42077928895000,171538053000001,-5.505,-3.59,-31.364,0
1398294808609,42077938874000,171538053000001,-5.505,-3.59,-31.364,0
1398294808619,42077948915000,171538053000001,-5.505,-3.59,-31.364,0
1398294808629,42077958894000,171538053000001,-5.137,-3.59,-31.364,0
1398294808639,42077968934000,171538053000001,-5.137,-3.953,-31.364,0
1398294808651,42077980470000,171538053000001,-5.137,-3.953,-31.364,0
1398294808666,42077989289000,171538053000001,-4.725,-3.953,-31.364,0
1398294808670,42077998963000,171538053000001,-4.725,-3.953,-31.364,0
1398294808685,42078015351000,171538053000001,-4.725,-4.302,-31.364,0
1398294808689,42078019410000,171538053000001,-4.339,-4.302,-31.364,0
1398294808705,42078035340000,171538053000001,-4.339,-4.302,-31.364,0
1398294808710,42078039430000,171538053000001,-4.339,-4.302,-31.364,0
1398294808725,42078055390000,171538053000001,-3.985,-4.606,-31.364,0
1398294808729,42078059419000,171538053000001,-3.985,-4.606,-31.364,0
1398294808743,42078072572000,171538053000001,-3.985,-4.606,-31.364,0
1398294808755,42078084596000,171538053000001,-3.985,-4.606,-31.364,0
1398294808761,42078091310000,171538053000001,-3.652,-4.606,-31.364,0
1398294808775,42078105256000,171538053000001,-3.652,-4.925,-31.364,0
1398294808780,42078109712000,171538053000001,-3.652,-4.925,-31.364,0
1398294808795,42078125428000,171538053000001,-3.652,-4.925,-31.364,0
1398294808799,42078129487000,171538053000001,-3.652,-4.925,-31.364,0
1398294808815,42078145356000,171538053000001,-3.652,-4.925,-31.364,0
1398294808821,42078151277000,171538053000001,-3.349,-4.925,-31.364,0
1398294808833,42078162751000,171538053000001,-3.349,-4.925,-31.364,0
1398294808841,42078171174000,171538053000001,-3.349,-5.244,-31.364,0
1398294808852,42078182313000,171538053000001,-3.349,-5.244,-31.364,0
1398294808873,42078189912000,171538053000001,-3.007,-5.244,-31.364,0
1398294808876,42078199159000,171538053000001,-3.007,-5.244,-31.364,0
1398294808880,42078209138000,171538053000001,-3.007,-5.244,-31.364,0
1398294808890,42078219148000,171538053000001,-3.007,-5.244,-31.364,0
1398294808900,42078229188000,171538053000001,-2.687,-5.244,-31.364,0
1398294808911,42078239167000,171538053000001,-2.687,-5.57,-31.364,0
1398294808921,42078249848000,171538053000001,-2.687,-5.57,-31.364,0
1398294808930,42078259156000,171538053000001,-2.687,-5.57,-31.364,0
1398294808940,42078269197000,171538053000001,-2.687,-5.57,-31.364,0
1398294808954,42078281617000,171538053000001,-2.336,-5.57,-31.364,0
1398294808960,42078289216000,171538053000001,-2.336,-5.57,-31.364,0
1398294808972,42078299226000,171538053000001,-2.336,-5.57,-31.364,0
1398294808980,42078309236000,171538053000001,-2.336,-5.57,-31.364,0
1398294808992,42078319245000,171538053000001,-2.336,-5.57,-31.364,0
1398294809011,42078329286000,171538053000001,-2.336,-5.57,-31.364,0
1398294809013,42078340821000,171538053000001,-2.336,-5.57,-31.364,0
1398294809026,42078350984000,171538053000001,-2.336,-5.57,-31.364,0
1398294809033,42078359284000,171538053000001,-2.336,-5.57,-31.364,0
1398294809039,42078369294000,171538053000001,-2.336,-5.57,-31.364,0
1398294809049,42078379304000,171538053000001,-2.336,-5.57,-31.364,0
1398294809059,42078389283000,171538053000001,-2.336,-5.57,-31.364,0
1398294809069,42078399293000,171538053000001,-2.745,-5.178,-31.364,0
1398294809079,42078409303000,171538053000001,-2.745,-5.178,-31.364,0
1398294809089,42078419313000,171538053000001,-2.745,-5.178,-31.364,0
1398294809099,42078429322000,171538053000001,-3.179,-5.178,-31.364,0
1398294809109,42078439332000,171538053000001,-3.179,-4.791,-31.364,0
1398294809119,42078449311000,171538053000001,-3.179,-4.791,-31.364,0
1398294809129,42078459352000,171538053000001,-3.631,-4.791,-31.364,0
1398294809139,42078469361000,171538053000001,-3.631,-4.791,-31.364,0
1398294809149,42078479402000,171538053000001,-3.631,-4.47,-31.364,0
1398294809159,42078489411000,171538053000001,-4.035,-4.47,-31.364,0
1398294809171,42078499391000,171538053000001,-4.035,-4.47,-31.364,0
1398294809180,42078509584000,171538053000001,-4.035,-4.47,-31.364,0
1398294809191,42078520967000,171538053000001,-4.359,-4.47,-31.364,0
1398294809199,42078529450000,171538053000001,-4.359,-4.47,-31.364,0
1398294809209,42078539399000,171538053000001,-4.359,-4.47,-31.364,0
1398294809220,42078549439000,171538053000001,-4.359,-4.47,-31.364,0
1398294809230,42078559449000,171538053000001,-4.359,-4.47,-31.045,0
1398294809240,42078569490000,171538053000001,-4.359,-4.47,-31.045,0
1398294809250,42078579438000,171538053000001,-4.359,-4.47,-31.045,0
1398294809259,42078589448000,171538053000001,-4.359,-4.47,-31.045,0
1398294809270,42078599458000,171538053000001,-4.359,-4.47,-31.045,0
1398294809280,42078609468000,171538053000001,-4.359,-4.47,-31.045,0
1398294809290,42078619477000,171538053000001,-4.359,-4.47,-31.045,0
1398294809300,42078629487000,171538053000001,-4.359,-4.47,-31.045,0
1398294809312,42078639497000,171538053000001,-4.359,-4.47,-31.045,0
1398294809321,42078649507000,171538053000001,-4.359,-4.815,-31.045,0
1398294809330,42078659516000,171538053000001,-4.359,-4.815,-31.045,0
1398294809339,42078669526000,171538053000001,-4.359,-4.815,-31.045,0
1398294809349,42078679536000,171538053000001,-4.359,-4.815,-31.045,0
1398294809359,42078689546000,171538053000001,-4.359,-4.815,-31.045,0
1398294809378,42078701112000,171538053000001,-4.359,-5.122,-31.045,0
1398294809380,42078709626000,171538053000001,-4.359,-5.122,-31.045,0
1398294809389,42078719575000,171538053000001,-4.359,-5.122,-31.045,0
1398294809399,42078729585000,171538053000001,-4.359,-5.122,-31.045,0
1398294809409,42078739595000,171538053000001,-4.698,-5.122,-31.045,0
1398294809420,42078749604000,171538053000001,-4.698,-5.122,-31.045,0
1398294809430,42078759614000,171538053000001,-4.698,-5.122,-31.045,0
1398294809444,42078774507000,171538053000001,-4.698,-5.122,-31.045,0
1398294809449,42078779603000,171538053000001,-4.698,-5.122,-30.737,0
1398294809460,42078789643000,171538053000001,-5.014,-5.429,-30.737,0
1398294809470,42078799653000,171538053000001,-5.014,-5.429,-30.737,0
1398294809481,42078809663000,171538053000001,-5.014,-5.429,-30.737,0
1398294809490,42078819673000,171538053000001,-5.014,-5.429,-30.737,0
1398294809500,42078829682000,171538053000001,-5.014,-5.429,-30.737,0
1398294809510,42078839692000,171538053000001,-5.014,-5.429,-30.436,0
1398294809520,42078849702000,171538053000001,-5.346,-5.783,-30.436,0
1398294809530,42078859712000,171538053000001,-5.346,-5.783,-30.436,0
1398294809540,42078869721000,171538053000001,-5.346,-5.783,-30.436,0
1398294809552,42078881257000,171538053000001,-5.346,-5.783,-30.436,0
1398294809560,42078889802000,171538053000001,-5.346,-5.783,-30.436,0
1398294809570,42078899751000,171538053000001,-5.691,-6.111,-30.436,0
1398294809582,42078909791000,171538053000001,-5.691,-6.111,-30.436,0
1398294809590,42078919770000,171538053000001,-5.691,-6.111,-30.436,0
1398294809600,42078929750000,171538053000001,-5.691,-6.111,-30.081,0
1398294809610,42078939790000,171538053000001,-5.691,-6.442,-30.081,0
1398294809620,42078949800000,171538053000001,-5.691,-6.442,-30.081,0
1398294809630,42078959809000,171538053000001,-5.691,-6.442,-30.081,0
1398294809640,42078969819000,171538053000001,-5.691,-6.442,-30.081,0
1398294809650,42078979798000,171538053000001,-5.691,-6.442,-30.081,0
1398294809660,42078989839000,171538053000001,-5.691,-6.442,-30.081,0
1398294809682,42078999879000,171538053000001,-5.691,-6.442,-30.081,0
1398294809683,42079009889000,171538053000001,-5.691,-6.442,-30.081,0
1398294809690,42079019868000,171538053000001,-5.691,-6.442,-30.081,0
1398294809700,42079029878000,171538053000001,-5.691,-6.442,-30.081,0
1398294809710,42079039887000,171538053000001,-5.691,-6.442,-30.081,0
1398294809720,42079049897000,171538053000001,-5.691,-6.442,-30.081,0
1398294809731,42079061463000,171538053000001,-6.01,-6.442,-30.081,0
1398294809740,42079069978000,171538053000001,-6.01,-6.442,-30.081,0
1398294809752,42079081697000,171538053000001,-6.01,-6.442,-30.081,0
1398294809760,42079089936000,171538053000001,-6.01,-6.442,-30.081,0
1398294809770,42079099946000,171538053000001,-6.01,-6.442,-30.081,0
1398294809781,42079109956000,171538053000001,-6.01,-6.442,-30.081,0
1398294809790,42079119966000,171538053000001,-5.708,-6.442,-30.081,0
1398294809800,42079129975000,171538053000001,-5.708,-6.442,-30.081,0
1398294809810,42079139985000,171538053000001,-5.708,-6.442,-30.081,0
1398294809820,42079149995000,171538053000001,-5.708,-6.124,-30.081,0
1398294809830,42079160005000,171538053000001,-5.708,-6.124,-30.081,0
1398294809840,42079170014000,171538053000001,-5.375,-6.124,-30.081,0
1398294809850,42079180024000,171538053000001,-5.375,-6.124,-30.426,0
1398294809861,42079190034000,171538053000001,-5.375,-5.819,-30.426,0
1398294809870,42079200074000,171538053000001,-5.375,-5.819,-30.426,0
1398294809880,42079210053000,171538053000001,-5.375,-5.819,-30.426,0
1398294809890,42079220063000,171538053000001,-5.375,-5.819,-30.426,0
1398294809900,42079230073000,171538053000001,-5.375,-5.819,-30.426,0
1398294809912,42079241609000,171538053000001,-5.375,-5.513,-30.426,0
1398294809920,42079250123000,171538053000001,-5.075,-5.513,-30.426,0
1398294809934,42079260102000,171538053000001,-5.075,-5.513,-30.426,0
1398294809943,42079270112000,171538053000001,-5.075,-5.513,-30.426,0
1398294809956,42079280122000,171538053000001,-5.075,-5.513,-30.426,0
1398294809960,42079290132000,171538053000001,-5.075,-5.513,-30.426,0
1398294809971,42079300111000,171538053000001,-5.075,-5.513,-30.426,0
1398294809981,42079310151000,171538053000001,-5.075,-5.513,-30.426,0
1398294809990,42079320222000,171538053000001,-5.075,-5.513,-30.426,0
1398294810002,42079330201000,171538053000001,-5.075,-5.207,-30.426,0
1398294810010,42079340211000,171538053000001,-5.075,-5.207,-30.426,0
1398294810020,42079350221000,171538053000001,-5.075,-5.207,-30.426,0
1398294810030,42079360414000,171538053000001,-5.075,-5.207,-30.426,0
1398294810040,42079370240000,171538053000001,-5.075,-5.207,-30.426,0
1398294810051,42079380494000,171538053000001,-5.075,-5.207,-30.426,0
1398294810060,42079390260000,171538053000001,-5.075,-5.207,-30.426,0
1398294810070,42079400239000,171538053000001,-5.075,-5.207,-30.426,0
1398294810080,42079410249000,171538053000001,-5.075,-5.207,-30.426,0
1398294810092,42079421815000,171538053000001,-5.075,-5.207,-30.426,0
1398294810100,42079430329000,171538053000001,-5.075,-5.207,-30.426,0
1398294810111,42079440339000,171538053000001,-5.075,-5.207,-30.426,0
1398294810120,42079450318000,171538053000001,-5.075,-5.207,-30.426,0
1398294810130,42079460328000,171538053000001,-5.075,-5.207,-30.426,0
1398294810140,42079470307000,171538053000001,-5.075,-5.517,-30.426,0
1398294810150,42079480317000,171538053000001,-5.075,-5.517,-30.426,0
1398294810160,42079490327000,171538053000001,-5.075,-5.517,-30.426,0
1398294810170,42079500367000,171538053000001,-5.075,-5.517,-30.426,0
1398294810180,42079510377000,171538053000001,-5.075,-5.517,-30.426,0
1398294810190,42079520387000,171538053000001,-5.075,-5.517,-30.426,0
1398294810200,42079530397000,171538053000001,-5.075,-5.517,-30.426,0
1398294810210,42079540406000,171538053000001,-5.075,-5.517,-30.426,0
1398294810220,42079550416000,171538053000001,-5.075,-5.517,-30.426,0
1398294810231,42079560456000,171538053000001,-5.075,-5.517,-30.426,0
1398294810240,42079570436000,171538053000001,-5.075,-5.517,-30.426,0
1398294810251,42079580445000,171538053000001,-5.075,-5.517,-30.426,0
1398294810260,42079590455000,171538053000001,-5.075,-5.517,-30.426,0
1398294810272,42079602021000,171538053000001,-5.075,-5.517,-30.426,0
1398294810281,42079610505000,171538053000001,-5.075,-5.517,-30.426,0
1398294810291,42079620484000,171538053000001,-5.075,-5.517,-30.426,0
1398294810302,42079630494000,171538053000001,-5.381,-5.517,-30.426,0
1398294810310,42079640504000,171538053000001,-5.381,-5.517,-30.426,0
1398294810320,42079650514000,171538053000001,-5.381,-5.517,-30.426,0
1398294810330,42079660523000,171538053000001,-5.381,-5.517,-30.426,0
1398294810343,42079670533000,171538053000001,-5.381,-5.517,-30.426,0
1398294810354,42079680574000,171538053000001,-5.381,-5.517,-30.426,0
1398294810361,42079691072000,171538053000001,-5.381,-5.517,-30.426,0
1398294810370,42079700501000,171538053000001,-5.381,-5.517,-30.426,0
1398294810380,42079710542000,171538053000001,-5.381,-5.517,-30.426,0
1398294810390,42079720521000,171538053000001,-5.381,-5.517,-30.426,0
1398294810401,42079730592000,171538053000001,-5.381,-5.517,-30.426,0
1398294810418,42079740632000,171538053000001,-5.381,-5.517,-30.755,0
1398294810421,42079750581000,171538053000001,-5.381,-5.517,-30.755,0
1398294810431,42079760591000,171538053000001,-5.381,-5.517,-30.755,0
1398294810441,42079770600000,171538053000001,-5.381,-5.517,-30.755,0
1398294810452,42079782136000,171538053000001,-5.381,-5.517,-30.755,0
1398294810461,42079790742000,171538053000001,-5.381,-5.517,-30.755,0
1398294810471,42079800630000,171538053000001,-5.381,-5.517,-30.755,0
1398294810481,42079810639000,171538053000001,-5.381,-5.517,-30.755,0
1398294810490,42079820649000,171538053000001,-5.381,-5.517,-30.755,0
1398294810501,42079830659000,171538053000001,-5.381,-5.517,-30.755,0
1398294810511,42079840638000,171538053000001,-5.381,-5.517,-30.755,0
1398294810521,42079850678000,171538053000001,-5.381,-5.517,-30.755,0
1398294810531,42079860658000,171538053000001,-5.381,-5.517,-30.755,0
1398294810541,42079870698000,171538053000001,-5.381,-5.517,-30.755,0
1398294810551,42079880677000,171538053000001,-5.381,-5.517,-30.755,0
1398294810560,42079890687000,171538053000001,-5.381,-5.517,-30.755,0
1398294810571,42079900697000,171538053000001,-5.381,-5.517,-30.755,0
1398294810581,42079910707000,171538053000001,-5.381,-5.517,-30.755,0
1398294810591,42079920716000,171538053000001,-5.381,-5.517,-30.755,0
1398294810601,42079930787000,171538053000001,-5.381,-5.517,-30.755,0
1398294810615,42079940797000,171538053000001,-5.381,-5.517,-30.755,0
1398294810624,42079950807000,171538053000001,-5.381,-5.517,-30.755,0
1398294810639,42079962434000,171538053000001,-5.381,-5.517,-30.755,0
1398294810641,42079970857000,171538053000001,-5.737,-5.517,-30.755,0
1398294810651,42079980836000,171538053000001,-5.737,-5.517,-30.755,0
1398294810661,42079990846000,171538053000001,-5.737,-5.517,-30.755,0
1398294810673,42080003327000,171538053000001,-5.737,-5.517,-30.755,0
1398294810681,42080010804000,171538053000001,-5.737,-5.517,-30.755,0
1398294810691,42080020814000,171538053000001,-5.737,-5.517,-30.755,0
1398294810702,42080030854000,171538053000001,-5.737,-5.517,-30.755,0
1398294810711,42080040864000,171538053000001,-5.737,-5.517,-30.755,0
1398294810721,42080050874000,171538053000001,-5.737,-5.517,-30.755,0
1398294810731,42080060884000,171538053000001,-5.737,-5.517,-30.755,0
1398294810741,42080071076000,171538053000001,-5.737,-5.517,-30.755,0
1398294810751,42080080903000,171538053000001,-5.737,-5.863,-30.755,0
1398294810761,42080090913000,171538053000001,-5.737,-5.863,-30.755,0
1398294810771,42080100923000,171538053000001,-5.737,-5.863,-30.451,0
1398294810781,42080110932000,171538053000001,-5.737,-5.863,-30.451,0
1398294810791,42080120942000,171538053000001,-6.082,-5.863,-30.451,0
1398294810801,42080130921000,171538053000001,-6.082,-5.863,-30.451,0
1398294810812,42080142488000,171538053000001,-6.082,-6.166,-30.451,0
1398294810822,42080151002000,171538053000001,-6.082,-6.166,-30.451,0
1398294810833,42080160951000,171538053000001,-6.082,-6.166,-30.451,0
1398294810841,42080170991000,171538053000001,-6.082,-6.166,-30.451,0
1398294810851,42080181001000,171538053000001,-6.082,-6.166,-30.451,0
1398294810861,42080190980000,171538053000001,-6.082,-6.166,-30.451,0
1398294810871,42080201020000,171538053000001,-6.082,-6.166,-30.451,0
1398294810881,42080211183000,171538053000001,-6.082,-6.5,-30.13,0
1398294810891,42080221009000,171538053000001,-6.082,-6.5,-30.13,0
1398294810901,42080231019000,171538053000001,-6.082,-6.5,-30.13,0
1398294810912,42080241059000,171538053000001,-6.082,-6.5,-30.13,0
1398294810921,42080251069000,171538053000001,-6.082,-6.5,-30.13,0
1398294810931,42080261079000,171538053000001,-6.082,-6.5,-30.13,0
1398294810941,42080271089000,171538053000001,-6.082,-6.5,-30.13,0
1398294810951,42080281068000,171538053000001,-6.082,-6.5,-30.13,0
1398294810961,42080291078000,171538053000001,-6.082,-6.5,-30.13,0
1398294810971,42080301087000,171538053000001,-6.082,-6.5,-30.13,0
1398294810981,42080311097000,171538053000001,-6.082,-6.5,-30.13,0
1398294810993,42080322663000,171538053000001,-6.082,-6.5,-30.13,0
1398294811001,42080331178000,171538053000001,-6.082,-6.5,-30.13,0
1398294811011,42080341126000,171538053000001,-6.082,-6.5,-30.13,0
1398294811021,42080351136000,171538053000001,-6.082,-6.5,-30.13,0
1398294811031,42080361146000,171538053000001,-6.082,-6.5,-30.13,0
1398294811042,42080371156000,171538053000001,-6.082,-6.5,-30.13,0
1398294811051,42080381166000,171538053000001,-6.082,-6.5,-30.13,0
1398294811061,42080391206000,171538053000001,-6.082,-6.5,-30.13,0
1398294811072,42080401246000,171538053000001,-6.082,-6.5,-30.13,0
1398294811082,42080411195000,171538053000001,-6.082,-6.5,-30.13,0
1398294811091,42080421235000,171538053000001,-6.082,-6.5,-30.13,0
1398294811101,42080431245000,171538053000001,-6.082,-6.5,-30.13,0
1398294811111,42080441224000,171538053000001,-6.082,-6.5,-30.13,0
1398294811121,42080451234000,171538053000001,-6.082,-6.5,-30.13,0
1398294811131,42080461244000,171538053000001,-6.082,-6.5,-30.13,0
1398294811148,42080471284000,171538053000001,-6.082,-6.5,-30.13,0
1398294811157,42080481294000,171538053000001,-6.082,-6.5,-30.13,0
1398294811164,42080491303000,171538053000001,-6.082,-6.5,-30.13,0
1398294811173,42080502839000,171538053000001,-6.082,-6.5,-30.13,0
1398294811181,42080511323000,171538053000001,-6.082,-6.5,-30.13,0
1398294811191,42080521302000,171538053000001,-6.082,-6.5,-30.13,0
1398294811201,42080531312000,171538053000001,-6.082,-6.5,-30.13,0
1398294811211,42080541322000,171538053000001,-6.082,-6.5,-30.13,0
1398294811221,42080551362000,171538053000001,-6.082,-6.5,-30.13,0
1398294811231,42080561341000,171538053000001,-6.082,-6.5,-30.13,0
1398294811241,42080571351000,171538053000001,-6.082,-6.5,-30.13,0
1398294811251,42080581361000,171538053000001,-6.082,-6.175,-30.13,0
1398294811261,42080591371000,171538053000001,-6.082,-6.175,-30.13,0
1398294811271,42080601380000,171538053000001,-6.082,-6.175,-30.13,0
1398294811282,42080612672000,171538053000001,-6.082,-6.175,-30.13,0
1398294811291,42080621400000,171538053000001,-6.082,-6.175,-30.13,0
1398294811301,42080631410000,171538053000001,-6.082,-6.175,-30.13,0
1398294811311,42080641419000,171538053000001,-6.082,-6.175,-30.13,0
1398294811321,42080651429000,171538053000001,-6.082,-6.175,-30.13,0
1398294811332,42080661439000,171538053000001,-5.731,-6.175,-30.13,0
1398294811346,42080671540000,171538053000001,-5.731,-6.175,-30.13,0
1398294811360,42080683015000,171538053000001,-5.731,-6.175,-30.13,0
1398294811363,42080691651000,171538053000001,-5.731,-6.175,-30.13,0
1398294811372,42080701539000,171538053000001,-5.731,-6.175,-30.13,0
1398294811382,42080711488000,171538053000001,-5.731,-6.175,-30.13,0
1398294811392,42080721528000,171538053000001,-5.419,-6.175,-30.13,0
1398294811402,42080731568000,171538053000001,-5.419,-6.175,-30.433,0
1398294811411,42080741548000,171538053000001,-5.419,-6.175,-30.433,0
1398294811421,42080751527000,171538053000001,-5.419,-6.175,-30.433,0
1398294811431,42080761567000,171538053000001,-5.419,-6.175,-30.433,0
1398294811441,42080771546000,171538053000001,-5.419,-6.175,-30.433,0
1398294811452,42080781587000,171538053000001,-5.419,-6.175,-30.433,0
1398294811461,42080791596000,171538053000001,-5.419,-5.863,-30.433,0
1398294811471,42080801606000,171538053000001,-5.419,-5.863,-30.433,0
1398294811481,42080811585000,171538053000001,-5.419,-5.863,-30.433,0
1398294811491,42080821595000,171538053000001,-5.419,-5.863,-30.433,0
1398294811501,42080831605000,171538053000001,-5.419,-5.863,-30.433,0
1398294811511,42080841615000,171538053000001,-5.419,-5.863,-30.433,0
1398294811521,42080851625000,171538053000001,-5.419,-5.863,-30.433,0
1398294811533,42080863191000,171538053000001,-5.419,-5.863,-30.433,0
1398294811542,42080871675000,171538053000001,-5.419,-5.863,-30.433,0
1398294811552,42080881654000,171538053000001,-5.419,-5.863,-30.433,0
1398294811561,42080891664000,171538053000001,-5.419,-5.863,-30.433,0
1398294811572,42080901673000,171538053000001,-5.419,-5.863,-30.433,0
1398294811582,42080911683000,171538053000001,-5.419,-5.863,-30.433,0
1398294811592,42080921693000,171538053000001,-5.419,-5.863,-30.433,0
1398294811602,42080931703000,171538053000001,-5.419,-5.863,-30.433,0
1398294811612,42080941712000,171538053000001,-5.419,-5.863,-30.131,0
1398294811622,42080951722000,171538053000001,-5.419,-5.863,-30.131,0
1398294811632,42080961732000,171538053000001,-5.419,-5.863,-30.131,0
1398294811642,42080971742000,171538053000001,-5.419,-5.863,-30.131,0
1398294811652,42080981751000,171538053000001,-5.419,-5.863,-30.131,0
1398294811662,42080991761000,171538053000001,-5.419,-5.863,-30.131,0
1398294811672,42081001771000,171538053000001,-5.419,-6.192,-30.131,0
1398294811682,42081011811000,171538053000001,-5.419,-6.192,-30.131,0
1398294811692,42081021821000,171538053000001,-5.419,-6.192,-30.131,0
1398294811702,42081031800000,171538053000001,-5.419,-6.192,-30.131,0
1398294811714,42081043489000,171538053000001,-5.419,-6.192,-30.131,0
1398294811722,42081051850000,171538053000001,-5.419,-6.192,-30.131,0
1398294811733,42081062013000,171538053000001,-5.419,-6.192,-30.131,0
1398294811742,42081071839000,171538053000001,-5.419,-6.192,-30.131,0
1398294811764,42081082704000,171538053000001,-5.419,-6.192,-30.131,0
1398294811765,42081091859000,171538053000001,-5.419,-6.192,-30.131,0
1398294811772,42081101869000,171538053000001,-5.419,-6.192,-30.131,0
1398294811782,42081111878000,171538053000001,-5.419,-6.192,-30.131,0
1398294811792,42081121858000,171538053000001,-5.419,-6.192,-30.131,0
1398294811802,42081131867000,171538053000001,-5.419,-6.192,-30.131,0
1398294811813,42081141908000,171538053000001,-5.419,-6.192,-30.131,0
1398294811823,42081152101000,171538053000001,-5.419,-6.192,-30.131,0
1398294811832,42081161927000,171538053000001,-5.419,-6.192,-30.131,0
1398294811842,42081171937000,171538053000001,-5.419,-6.192,-30.131,0
1398294811852,42081181947000,171538053000001,-5.419,-6.192,-30.131,0
1398294811862,42081191957000,171538053000001,-5.419,-6.192,-30.131,0
1398294811872,42081201966000,171538053000001,-5.76,-6.192,-30.131,0
1398294811883,42081211976000,171538053000001,-5.76,-6.192,-30.131,0
1398294811894,42081223542000,171538053000001,-5.76,-6.192,-30.131,0
1398294811903,42081232118000,171538053000001,-5.76,-6.192,-30.131,0
1398294811912,42081242005000,171538053000001,-5.76,-6.192,-30.131,0
1398294811922,42081252534000,171538053000001,-6.164,-6.192,-30.131,0
1398294811932,42081262025000,171538053000001,-6.164,-6.192,-30.131,0
1398294811942,42081272035000,171538053000001,-6.164,-6.192,-30.131,0
1398294811952,42081282044000,171538053000001,-6.164,-6.192,-30.131,0
1398294811962,42081292054000,171538053000001,-6.468,-6.192,-30.131,0
1398294811972,42081302033000,171538053000001,-6.468,-6.192,-30.131,0
1398294811982,42081312074000,171538053000001,-6.468,-5.876,-30.131,0
1398294811996,42081322084000,171538053000001,-6.468,-5.876,-30.131,0
1398294812006,42081332124000,171538053000001,-6.834,-5.876,-30.131,0
1398294812013,42081342103000,171538053000001,-6.834,-5.876,-30.131,0
1398294812022,42081352113000,171538053000001,-6.834,-5.876,-30.131,0
1398294812032,42081362123000,171538053000001,-6.834,-5.876,-30.131,0
1398294812042,42081372132000,171538053000001,-6.834,-5.876,-30.131,0
1398294812052,42081382112000,171538053000001,-6.834,-5.876,-30.131,0
1398294812063,42081392152000,171538053000001,-6.834,-5.876,-30.131,0
1398294812074,42081403749000,171538053000001,-6.834,-5.876,-30.131,0
1398294812082,42081412202000,171538053000001,-6.834,-5.876,-30.131,0
1398294812092,42081422181000,171538053000001,-6.834,-5.876,-30.131,0
1398294812102,42081432527000,171538053000001,-6.44,-5.876,-30.131,0
1398294812112,42081442201000,171538053000001,-6.44,-5.876,-30.131,0
1398294812122,42081452210000,171538053000001,-6.44,-5.876,-30.131,0
1398294812132,42081462220000,171538053000001,-6.082,-6.176,-30.131,0
1398294812142,42081472230000,171538053000001,-6.082,-6.176,-30.131,0
1398294812159,42081482270000,171538053000001,-6.082,-6.176,-30.131,0
1398294812168,42081492250000,171538053000001,-6.082,-6.176,-30.131,0
1398294812172,42081502259000,171538053000001,-6.082,-6.176,-30.131,0
1398294812182,42081512269000,171538053000001,-6.082,-6.176,-30.131,0
1398294812192,42081522248000,171538053000001,-6.082,-6.176,-30.131,0
1398294812207,42081534364000,171538053000001,-5.773,-6.176,-30.131,0
1398294812215,42081542329000,171538053000001,-5.773,-6.176,-30.131,0
1398294812222,42081552369000,171538053000001,-5.773,-6.176,-30.131,0
1398294812232,42081562348000,171538053000001,-5.773,-6.176,-30.131,0
1398294812242,42081572358000,171538053000001,-5.773,-6.176,-30.131,0
1398294812254,42081583924000,171538053000001,-5.773,-6.176,-30.131,0
1398294812263,42081592835000,171538053000001,-5.773,-6.498,-30.131,0
1398294812273,42081602387000,171538053000001,-5.773,-6.498,-30.131,0
1398294812282,42081612397000,171538053000001,-5.773,-6.498,-30.131,0
1398294812292,42081622407000,171538053000001,-5.773,-6.498,-30.131,0
1398294812302,42081632417000,171538053000001,-5.773,-6.498,-30.131,0
1398294812312,42081642427000,171538053000001,-5.435,-6.498,-30.131,0
1398294812322,42081652436000,171538053000001,-5.435,-6.498,-30.131,0
1398294812332,42081662446000,171538053000001,-5.435,-6.498,-30.131,0
1398294812342,42081672456000,171538053000001,-5.435,-6.498,-30.131,0
1398294812352,42081682466000,171538053000001,-5.435,-6.498,-30.131,0
1398294812362,42081692445000,171538053000001,-5.435,-6.799,-30.131,0
1398294812372,42081702485000,171538053000001,-5.435,-6.799,-30.131,0
1398294812383,42081712525000,171538053000001,-5.435,-6.799,-30.131,0
1398294812392,42081722505000,171538053000001,-5.07,-6.799,-30.131,0
1398294812403,42081732514000,171538053000001,-5.07,-6.799,-30.131,0
1398294812414,42081742921000,171538053000001,-5.07,-6.799,-30.131,0
1398294812423,42081752564000,171538053000001,-4.753,-6.799,-30.131,0
1398294812434,42081764100000,171538053000001,-4.753,-6.799,-30.131,0
1398294812442,42081772584000,171538053000001,-4.753,-6.799,-30.131,0
1398294812453,42081782563000,171538053000001,-4.393,-6.799,-30.131,0
1398294812463,42081792573000,171538053000001,-4.393,-6.799,-30.131,0
1398294812473,42081802583000,171538053000001,-4.393,-6.799,-30.131,0
1398294812483,42081812623000,171538053000001,-4.393,-6.799,-30.131,0
1398294812492,42081822602000,171538053000001,-4.078,-6.799,-30.131,0
1398294812503,42081832612000,171538053000001,-4.078,-6.799,-30.131,0
1398294812516,42081846528000,171538053000001,-4.078,-6.799,-30.131,0
1398294812523,42081852632000,171538053000001,-4.078,-6.799,-30.131,0
1398294812533,42081862611000,171538053000001,-3.71,-6.799,-30.131,0
1398294812543,42081872621000,171538053000001,-3.71,-6.799,-30.131,0
1398294812553,42081882630000,171538053000001,-3.71,-6.799,-30.131,0
1398294812563,42081892640000,171538053000001,-3.71,-6.799,-30.131,0
1398294812573,42081902650000,171538053000001,-3.71,-6.799,-30.131,0
1398294812583,42081912812000,171538053000001,-3.71,-6.799,-30.131,0
1398294812592,42081922639000,171538053000001,-3.71,-6.799,-30.131,0
1398294812602,42081932649000,171538053000001,-3.71,-6.799,-30.131,0
1398294812614,42081944215000,171538053000001,-3.71,-6.799,-30.131,0
1398294812623,42081952729000,171538053000001,-3.71,-6.799,-30.131,0
1398294812633,42081962709000,171538053000001,-3.71,-6.799,-30.131,0
1398294812643,42081972718000,171538053000001,-3.71,-6.799,-30.131,0
1398294812653,42081982820000,171538053000001,-3.71,-6.799,-30.131,0
1398294812663,42081992738000,171538053000001,-3.71,-6.799,-30.131,0
1398294812673,42082002748000,171538053000001,-3.71,-6.799,-30.131,0
1398294812683,42082012757000,171538053000001,-3.71,-6.799,-30.131,0
1398294812693,42082022767000,171538053000001,-3.71,-6.799,-30.131,0
1398294812703,42082032777000,171538053000001,-3.71,-6.465,-30.131,0
1398294812713,42082042787000,171538053000001,-3.71,-6.465,-30.131,0
1398294812723,42082052796000,171538053000001,-3.71,-6.465,-30.131,0
1398294812733,42082062806000,171538053000001,-3.71,-6.465,-30.131,0
1398294812743,42082072785000,171538053000001,-4.045,-6.465,-30.131,0
1398294812753,42082082826000,171538053000001,-4.045,-6.465,-30.131,0
1398294812764,42082092835000,171538053000001,-4.045,-6.465,-30.131,0
1398294812773,42082102815000,171538053000001,-4.045,-6.465,-30.131,0
1398294812783,42082112855000,171538053000001,-4.045,-6.465,-30.131,0
1398294812795,42082124391000,171538053000001,-4.045,-6.465,-30.131,0
1398294812803,42082132905000,171538053000001,-4.045,-6.465,-30.131,0
1398294812813,42082142854000,171538053000001,-4.045,-6.465,-30.131,0
1398294812824,42082153749000,171538053000001,-4.045,-6.465,-30.131,0
1398294812836,42082162904000,171538053000001,-4.045,-6.465,-30.131,0
1398294812848,42082172914000,171538053000001,-4.045,-6.465,-30.131,0
1398294812853,42082182923000,171538053000001,-4.045,-6.465,-30.131,0
1398294812863,42082192903000,171538053000001,-4.045,-6.465,-30.131,0
1398294812873,42082202912000,171538053000001,-4.045,-6.465,-30.131,0
1398294812883,42082212922000,171538053000001,-4.38,-6.465,-30.131,0
1398294812893,42082222932000,171538053000001,-4.38,-6.465,-30.131,0
1398294812903,42082232942000,171538053000001,-4.38,-6.465,-30.131,0
1398294812913,42082242982000,171538053000001,-4.38,-6.465,-30.131,0
1398294812923,42082252992000,171538053000001,-4.38,-6.465,-30.131,0
1398294812933,42082263001000,171538053000001,-4.38,-6.465,-30.131,0
1398294812943,42082273011000,171538053000001,-4.38,-6.465,-30.131,0
1398294812953,42082282991000,171538053000001,-4.38,-6.465,-30.131,0
1398294812963,42082293031000,171538053000001,-4.38,-6.465,-30.131,0
1398294812975,42082304597000,171538053000001,-4.38,-6.465,-30.131,0
1398294812983,42082313081000,171538053000001,-4.38,-6.465,-30.131,0
1398294812993,42082323060000,171538053000001,-4.38,-6.465,-30.131,0
1398294813003,42082333070000,171538053000001,-4.38,-6.465,-30.131,0
1398294813013,42082343232000,171538053000001,-4.38,-6.465,-30.131,0
1398294813023,42082353089000,171538053000001,-4.38,-6.465,-30.131,0
1398294813033,42082363099000,171538053000001,-4.38,-6.465,-30.131,0
1398294813043,42082373109000,171538053000001,-4.38,-6.465,-30.131,0
1398294813053,42082383088000,171538053000001,-4.38,-6.465,-30.131,0
1398294813063,42082393128000,171538053000001,-4.38,-6.465,-30.131,0
1398294813073,42082403138000,171538053000001,-4.69,-6.465,-30.131,0
1398294813084,42082413148000,171538053000001,-4.69,-6.465,-30.131,0
1398294813095,42082423127000,171538053000001,-4.69,-6.465,-30.131,0
1398294813103,42082433137000,171538053000001,-4.69,-6.465,-30.131,0
1398294813113,42082443147000,171538053000001,-4.69,-6.465,-30.131,0
1398294813125,42082453218000,171538053000001,-4.69,-6.465,-30.131,0
1398294813136,42082465547000,171538053000001,-5.0,-6.465,-30.131,0
1398294813143,42082473176000,171538053000001,-5.0,-6.465,-30.131,0
1398294813156,42082484742000,171538053000001,-5.0,-6.465,-30.131,0
1398294813164,42082493287000,171538053000001,-5.0,-6.465,-30.131,0
1398294813173,42082503236000,171538053000001,-5.0,-6.465,-30.131,0
1398294813186,42082513246000,171538053000001,-5.0,-6.465,-30.131,0
1398294813193,42082523225000,171538053000001,-5.36,-6.465,-30.131,0
1398294813203,42082533235000,171538053000001,-5.36,-6.465,-30.131,0
1398294813213,42082543244000,171538053000001,-5.36,-6.465,-30.131,0
1398294813223,42082553254000,171538053000001,-5.36,-6.465,-30.131,0
1398294813233,42082563294000,171538053000001,-5.36,-6.465,-30.131,0
1398294813243,42082573304000,171538053000001,-5.36,-6.465,-30.131,0
1398294813253,42082583283000,171538053000001,-5.36,-6.465,-30.131,0
1398294813263,42082593293000,171538053000001,-5.36,-6.465,-30.131,0
1398294813273,42082603303000,171538053000001,-5.36,-6.465,-30.131,0
1398294813283,42082613343000,171538053000001,-5.36,-6.465,-30.131,0
1398294813293,42082623323000,171538053000001,-5.36,-6.465,-30.131,0
1398294813303,42082633332000,171538053000001,-5.36,-6.465,-30.131,0
1398294813313,42082643342000,171538053000001,-5.36,-6.465,-30.131,0
1398294813323,42082653352000,171538053000001,-5.36,-6.465,-30.131,0
1398294813335,42082664918000,171538053000001,-5.36,-6.465,-30.131,0
1398294813343,42082673432000,171538053000001,-5.36,-6.465,-30.131,0
1398294813353,42082683381000,171538053000001,-5.36,-6.465,-30.131,0
1398294813363,42082693391000,171538053000001,-5.36,-6.465,-30.131,0
1398294813373,42082703401000,171538053000001,-5.36,-6.465,-30.131,0
1398294813383,42082713410000,171538053000001,-5.36,-6.465,-30.131,0
1398294813393,42082723420000,171538053000001,-5.012,-6.465,-30.131,0
1398294813403,42082733430000,171538053000001,-5.012,-6.465,-30.131,0
1398294813413,42082743440000,171538053000001,-5.012,-6.465,-30.131,0
1398294813423,42082753480000,171538053000001,-5.012,-6.465,-30.131,0
1398294813443,42082765473000,171538053000001,-5.012,-6.465,-30.131,0
1398294813445,42082774812000,171538053000001,-5.012,-6.465,-30.131,0
1398294813458,42082788240000,171538053000001,-5.012,-6.465,-30.131,0
1398294813467,42082796601000,171538053000001,-5.012,-6.465,-30.131,0
1398294813477,42082807191000,171538053000001,-5.012,-6.465,-30.131,0
1398294813487,42082817353000,171538053000001,-5.012,-6.465,-30.131,0
1398294813497,42082827272000,171538053000001,-5.012,-6.465,-30.445,0
1398294813507,42082837251000,171538053000001,-5.012,-6.465,-30.445,0
1398294813538,42082849122000,171538053000001,-5.012,-6.465,-30.445,0
1398294813549,42082853608000,171538053000001,-5.012,-6.465,-30.445,0
1398294813550,42082863648000,171538053000001,-5.012,-6.465,-30.445,0
1398294813552,42082873658000,171538053000001,-5.012,-6.465,-30.445,0
1398294813554,42082883668000,171538053000001,-5.012,-6.465,-30.445,0
1398294813566,42082896150000,171538053000001,-5.012,-6.465,-30.445,0
1398294813577,42082907258000,171538053000001,-5.012,-6.465,-30.445,0
1398294813587,42082917298000,171538053000001,-5.012,-6.465,-30.445,0
1398294813598,42082927766000,171538053000001,-5.012,-6.465,-30.445,0
1398294813609,42082939302000,171538053000001,-5.012,-6.465,-30.445,0
1398294813616,42082946107000,171538053000001,-5.012,-6.465,-30.445,0
1398294813630,42082959931000,171538053000001,-5.012,-6.465,-30.445,0
1398294813635,42082965241000,171538053000001,-5.012,-6.465,-30.445,0
1398294813648,42082977784000,171538053000001,-5.012,-6.465,-30.445,0
1398294813655,42082984925000,171538053000001,-5.012,-6.149,-30.445,0
1398294813667,42082993806000,171538053000001,-5.012,-6.149,-30.445,0
1398294813675,42083003785000,171538053000001,-5.012,-6.149,-30.445,0
1398294813684,42083013795000,171538053000001,-5.012,-6.149,-30.445,0
1398294813696,42083025331000,171538053000001,-5.012,-6.149,-30.445,0
1398294813704,42083033876000,171538053000001,-5.012,-6.149,-30.445,0
1398294813714,42083043824000,171538053000001,-5.012,-6.149,-30.445,0
1398294813724,42083053865000,171538053000001,-5.012,-6.149,-30.445,0
1398294813734,42083063874000,171538053000001,-5.012,-6.149,-30.445,0
1398294813751,42083078858000,171538053000001,-5.012,-6.149,-30.445,0
1398294813754,42083084138000,171538053000001,-5.012,-6.149,-30.445,0
1398294813764,42083093843000,171538053000001,-5.012,-6.149,-30.445,0
1398294813776,42083105226000,171538053000001,-5.012,-6.149,-30.445,0
1398294813785,42083113862000,171538053000001,-5.012,-6.149,-30.445,0
1398294813794,42083123841000,171538053000001,-5.012,-6.149,-30.445,0
1398294813805,42083133882000,171538053000001,-5.012,-6.149,-30.445,0
1398294813814,42083143891000,171538053000001,-5.012,-6.149,-30.445,0
1398294813828,42083153901000,171538053000001,-5.012,-6.149,-30.445,0
1398294813835,42083164002000,171538053000001,-5.012,-6.149,-30.445,0
1398294813847,42083173921000,171538053000001,-5.012,-6.149,-30.445,0
1398294813854,42083183900000,171538053000001,-5.348,-6.149,-30.445,0
1398294813864,42083193910000,171538053000001,-5.348,-5.842,-30.445,0
1398294813876,42083205506000,171538053000001,-5.348,-5.842,-30.445,0
1398294813884,42083213960000,171538053000001,-5.348,-5.842,-30.445,0
1398294813894,42083223970000,171538053000001,-5.348,-5.842,-30.445,0
1398294813904,42083233979000,171538053000001,-5.661,-5.842,-30.445,0
1398294813914,42083243959000,171538053000001,-5.661,-5.842,-30.445,0
1398294813924,42083253968000,171538053000001,-5.661,-5.842,-30.445,0
1398294813934,42083263978000,171538053000001,-5.661,-5.842,-30.445,0
1398294813944,42083273988000,171538053000001,-5.661,-5.842,-30.445,0
1398294813954,42083283998000,171538053000001,-5.661,-5.842,-30.445,0
1398294813964,42083294007000,171538053000001,-5.661,-5.842,-30.445,0
1398294813974,42083304048000,171538053000001,-5.661,-5.842,-30.445,0
1398294813984,42083314027000,171538053000001,-5.661,-5.842,-30.445,0
1398294813994,42083324037000,171538053000001,-5.661,-5.842,-30.445,0
1398294814004,42083334046000,171538053000001,-5.661,-5.842,-30.445,0
1398294814014,42083344087000,171538053000001,-5.661,-5.842,-30.445,0
1398294814024,42083354096000,171538053000001,-5.661,-6.146,-30.445,0
1398294814034,42083364106000,171538053000001,-5.661,-6.146,-30.445,0
1398294814044,42083374116000,171538053000001,-5.661,-6.146,-30.445,0
1398294814059,42083388032000,171538053000001,-5.661,-6.146,-30.445,0
1398294814064,42083394166000,171538053000001,-5.661,-6.146,-30.445,0
1398294814074,42083404115000,171538053000001,-5.661,-6.146,-30.445,0
1398294814084,42083414125000,171538053000001,-5.661,-6.146,-30.445,0
1398294814101,42083424165000,171538053000001,-5.661,-6.146,-30.445,0
1398294814104,42083434205000,171538053000001,-5.661,-6.146,-30.445,0
1398294814114,42083444184000,171538053000001,-5.661,-6.146,-30.445,0
1398294814124,42083454164000,171538053000001,-5.661,-6.146,-30.445,0
1398294814134,42083464204000,171538053000001,-5.661,-6.146,-30.445,0
1398294814144,42083474214000,171538053000001,-5.661,-6.146,-30.445,0
1398294814154,42083484193000,171538053000001,-5.661,-6.146,-30.445,0
1398294814164,42083494233000,171538053000001,-5.661,-6.146,-30.445,0
1398294814174,42083504212000,171538053000001,-5.661,-6.146,-30.445,0
1398294814184,42083514253000,171538053000001,-5.661,-6.146,-30.445,0
1398294814201,42083524232000,171538053000001,-5.661,-6.146,-30.445,0
1398294814204,42083534303000,171538053000001,-5.661,-6.146,-30.445,0
1398294814216,42083544313000,171538053000001,-5.661,-6.146,-30.445,0
1398294814224,42083554292000,171538053000001,-5.661,-6.146,-30.445,0
1398294814236,42083565827000,171538053000001,-5.661,-6.146,-30.445,0
1398294814244,42083574342000,171538053000001,-5.661,-6.146,-30.445,0
1398294814254,42083584291000,171538053000001,-5.661,-6.146,-30.445,0
1398294814264,42083594300000,171538053000001,-5.354,-6.146,-30.445,0
1398294814274,42083604310000,171538053000001,-5.354,-6.146,-30.445,0
1398294814284,42083614320000,171538053000001,-5.354,-6.146,-30.445,0
1398294814294,42083624513000,171538053000001,-5.354,-6.146,-30.445,0
1398294814305,42083634339000,171538053000001,-5.354,-6.146,-30.445,0
1398294814315,42083644410000,171538053000001,-5.354,-6.146,-30.445,0
1398294814326,42083654389000,171538053000001,-5.354,-6.146,-30.445,0
1398294814335,42083664674000,171538053000001,-5.354,-6.146,-30.445,0
1398294814345,42083674439000,171538053000001,-5.354,-6.146,-30.445,0
1398294814363,42083684571000,171538053000001,-5.354,-6.146,-30.445,0
1398294814365,42083694612000,171538053000001,-5.354,-6.146,-30.445,0
1398294814375,42083704377000,171538053000001,-5.354,-6.146,-30.445,0
1398294814384,42083714356000,171538053000001,-5.354,-6.146,-30.445,0
1398294814394,42083724366000,171538053000001,-5.354,-6.146,-30.445,0
1398294814404,42083734376000,171538053000001,-5.354,-6.146,-30.445,0
1398294814416,42083745973000,171538053000001,-5.354,-6.146,-30.445,0
1398294814424,42083754457000,171538053000001,-5.354,-6.146,-30.445,0
1398294814434,42083764436000,171538053000001,-5.354,-6.146,-30.445,0
1398294814444,42083774446000,171538053000001,-5.354,-6.146,-30.445,0
1398294814454,42083784455000,171538053000001,-5.354,-6.146,-30.445,0
1398294814464,42083794435000,171538053000001,-5.354,-6.146,-30.445,0
1398294814474,42083804444000,171538053000001,-5.354,-6.146,-30.445,0
1398294814484,42083814454000,171538053000001,-5.354,-6.146,-30.445,0
1398294814494,42083824494000,171538053000001,-5.354,-6.146,-30.445,0
1398294814506,42083834504000,171538053000001,-5.354,-6.146,-30.445,0
1398294814514,42083844514000,171538053000001,-5.354,-6.146,-30.445,0
1398294814525,42083854524000,171538053000001,-5.354,-6.146,-30.445,0
1398294814534,42083864533000,171538053000001,-5.354,-6.146,-30.445,0
1398294814544,42083874543000,171538053000001,-5.354,-6.146,-30.445,0
1398294814554,42083884522000,171538053000001,-5.354,-6.146,-30.445,0
1398294814564,42083894563000,171538053000001,-5.354,-6.146,-30.445,0
1398294814575,42083904573000,171538053000001,-5.354,-6.146,-30.445,0
1398294814585,42083914643000,171538053000001,-5.354,-6.146,-30.445,0
1398294814596,42083926179000,171538053000001,-5.354,-6.146,-30.445,0
1398294814606,42083934663000,171538053000001,-5.354,-6.146,-30.445,0
1398294814615,42083944612000,171538053000001,-5.354,-6.146,-30.445,0
1398294814624,42083954621000,171538053000001,-5.354,-6.146,-30.445,0
1398294814634,42083964631000,171538053000001,-5.354,-6.146,-30.445,0
1398294814645,42083975007000,171538053000001,-5.354,-6.146,-30.445,0
1398294814654,42083984651000,171538053000001,-5.354,-6.146,-30.445,0
1398294814670,42083995057000,171538053000001,-5.354,-6.146,-30.445,0
1398294814675,42084004670000,171538053000001,-5.354,-6.146,-30.445,0
1398294814685,42084014680000,171538053000001,-5.354,-6.146,-30.445,0
1398294814695,42084024690000,171538053000001,-5.354,-6.146,-30.445,0
1398294814705,42084034699000,171538053000001,-5.354,-6.146,-30.445,0
1398294814715,42084044709000,171538053000001,-5.354,-6.146,-30.445,0
1398294814725,42084054719000,171538053000001,-5.354,-6.146,-30.445,0
1398294814735,42084064729000,171538053000001,-5.354,-6.146,-30.445,0
1398294814745,42084074739000,171538053000001,-5.354,-6.146,-30.445,0
1398294814755,42084084748000,171538053000001,-5.354,-6.146,-30.445,0
1398294814765,42084094758000,171538053000001,-5.354,-6.146,-30.445,0
1398294814776,42084106324000,171538053000001,-5.354,-6.146,-30.445,0
1398294814785,42084114808000,171538053000001,-5.354,-6.146,-30.445,0
1398294814795,42084124787000,171538053000001,-5.354,-6.146,-30.445,0
1398294814808,42084134797000,171538053000001,-5.354,-6.146,-30.445,0
1398294814815,42084144807000,171538053000001,-5.354,-6.146,-30.445,0
1398294814825,42084154817000,171538053000001,-5.354,-6.146,-30.445,0
1398294814835,42084164826000,171538053000001,-5.354,-6.146,-30.445,0
1398294814845,42084174836000,171538053000001,-5.354,-6.146,-30.445,0
1398294814855,42084184938000,171538053000001,-5.354,-6.146,-30.445,0
1398294814865,42084194886000,171538053000001,-5.05,-6.146,-30.445,0
1398294814875,42084204896000,171538053000001,-5.05,-6.146,-30.445,0
1398294814885,42084214906000,171538053000001,-5.05,-6.146,-30.445,0
1398294814895,42084224916000,171538053000001,-5.05,-6.146,-30.445,0
1398294814909,42084238984000,171538053000001,-5.05,-6.146,-30.445,0
1398294814919,42084249299000,171538053000001,-5.05,-6.146,-30.445,0
1398294814929,42084259339000,171538053000001,-5.05,-6.146,-30.445,0
1398294814940,42084269563000,171538053000001,-5.05,-6.146,-30.445,0
1398294814946,42084275941000,171538053000001,-5.05,-6.146,-30.445,0
1398294814959,42084288667000,171538053000001,-5.05,-6.146,-30.445,0
1398294814968,42084298036000,171538053000001,-5.05,-6.146,-30.445,0
1398294814980,42084308808000,171538053000001,-5.05,-6.146,-30.445,0
1398294814988,42084318055000,171538053000001,-5.05,-6.146,-30.445,0
1398294815000,42084329286000,171538053000001,-5.426,-6.146,-30.445,0
1398294815008,42084338014000,171538053000001,-5.426,-6.146,-30.445,0
1398294815020,42084350373000,171538053000001,-5.426,-6.146,-30.445,0
1398294815029,42084358613000,171538053000001,-5.426,-6.146,-30.445,0
1398294815040,42084369569000,171538053000001,-5.426,-6.146,-30.445,0
1398294815048,42084378144000,171538053000001,-5.737,-6.146,-30.445,0
1398294815057,42084387178000,171538053000001,-5.737,-6.146,-30.445,0
1398294815073,42084399415000,171538053000001,-5.737,-6.146,-30.445,0
1398294815075,42084405091000,171538053000001,-5.737,-6.146,-30.445,0
1398294815095,42084416749000,171538053000001,-5.737,-6.146,-30.445,0
1398294815097,42084425111000,171538053000001,-5.737,-6.146,-30.445,0
1398294815110,42084435304000,171538053000001,-5.737,-6.146,-30.445,0
1398294815117,42084446748000,171538053000001,-5.737,-6.146,-30.445,0
1398294815130,42084455201000,171538053000001,-5.737,-6.146,-30.445,0
1398294815143,42084466767000,171538053000001,-5.737,-6.146,-30.445,0
1398294815147,42084475251000,171538053000001,-5.737,-6.146,-30.445,0
1398294815157,42084485414000,171538053000001,-5.737,-6.146,-30.445,0
1398294815170,42084499391000,171538053000001,-5.737,-6.146,-30.445,0
1398294815175,42084505189000,171538053000001,-5.737,-6.146,-30.445,0
1398294815186,42084515229000,171538053000001,-5.737,-6.146,-30.445,0
1398294815195,42084525209000,171538053000001,-5.737,-6.146,-30.445,0
1398294815206,42084535218000,171538053000001,-5.737,-6.146,-30.445,0
1398294815215,42084545228000,171538053000001,-5.737,-6.146,-30.445,0
1398294815225,42084555238000,171538053000001,-5.737,-6.146,-30.445,0
1398294815235,42084565248000,171538053000001,-5.737,-6.146,-30.445,0
1398294815245,42084575257000,171538053000001,-5.737,-6.466,-30.445,0
1398294815260,42084585298000,171538053000001,-5.737,-6.466,-30.445,0
1398294815277,42084604249000,171538053000001,-5.737,-6.466,-30.445,0
1398294815279,42084605958000,171538053000001,-5.737,-6.466,-30.445,0
1398294815288,42084615296000,171538053000001,-5.737,-6.466,-30.445,0
1398294815295,42084625306000,171538053000001,-5.737,-6.466,-30.445,0
1398294815310,42084638917000,171538053000001,-5.737,-6.466,-30.445,0
1398294815318,42084647279000,171538053000001,-5.737,-6.466,-30.445,0
1398294815327,42084655732000,171538053000001,-5.737,-6.466,-30.445,0
1398294815338,42084666993000,171538053000001,-5.737,-6.466,-30.445,0
1398294815346,42084675355000,171538053000001,-5.737,-6.466,-30.445,0
1398294815356,42084685365000,171538053000001,-5.737,-6.466,-30.445,0
1398294815366,42084695405000,171538053000001,-5.737,-6.466,-30.445,0
1398294815375,42084705384000,171538053000001,-5.737,-6.466,-30.445,0
1398294815388,42084715943000,171538053000001,-5.737,-6.466,-30.445,0
1398294815397,42084726838000,171538053000001,-5.737,-6.466,-30.445,0
1398294815405,42084735414000,171538053000001,-5.737,-6.466,-30.445,0
1398294815418,42084747041000,171538053000001,-5.737,-6.466,-30.445,0
1398294815432,42084755494000,171538053000001,-5.737,-6.466,-30.445,0
1398294815436,42084766114000,171538053000001,-5.737,-6.466,-30.445,0
1398294815454,42084775514000,171538053000001,-5.737,-6.466,-30.445,0
1398294815456,42084785523000,171538053000001,-5.737,-6.466,-30.445,0
1398294815466,42084795503000,171538053000001,-5.737,-6.466,-30.445,0
1398294815476,42084805512000,171538053000001,-5.737,-6.466,-30.445,0
1398294815487,42084815553000,171538053000001,-5.737,-6.466,-30.445,0
1398294815497,42084827058000,171538053000001,-5.737,-6.466,-30.445,0
1398294815506,42084835572000,171538053000001,-5.737,-6.466,-30.445,0
1398294815516,42084845552000,171538053000001,-5.737,-6.466,-30.445,0
1398294815526,42084855561000,171538053000001,-5.737,-6.466,-30.445,0
1398294815536,42084865571000,171538053000001,-5.737,-6.466,-30.445,0
1398294815547,42084876588000,171538053000001,-5.737,-6.466,-30.445,0
1398294815556,42084885560000,171538053000001,-5.737,-6.466,-30.445,0
1398294815568,42084897065000,171538053000001,-5.737,-6.466,-30.445,0
1398294815577,42084905763000,171538053000001,-5.737,-6.466,-30.445,0
1398294815589,42084917115000,171538053000001,-5.737,-6.466,-30.445,0
1398294815596,42084925599000,171538053000001,-5.737,-6.466,-30.445,0
1398294815606,42084935609000,171538053000001,-6.057,-6.166,-30.445,0
1398294815622,42084950532000,171538053000001,-6.057,-6.166,-30.445,0
1398294815626,42084955598000,171538053000001,-6.057,-6.166,-30.445,0
1398294815642,42084965669000,171538053000001,-6.057,-6.166,-30.445,0
1398294815648,42084978242000,171538053000001,-6.057,-6.166,-30.445,0
1398294815658,42084985658000,171538053000001,-6.057,-6.166,-30.445,0
1398294815675,42084995668000,171538053000001,-6.057,-6.166,-30.445,0
1398294815677,42085007234000,171538053000001,-6.057,-6.166,-30.445,0
1398294815686,42085015718000,171538053000001,-6.057,-6.166,-30.445,0
1398294815696,42085025697000,171538053000001,-6.057,-6.166,-30.445,0
1398294815706,42085035676000,171538053000001,-6.057,-6.166,-30.445,0
1398294815716,42085045716000,171538053000001,-6.057,-6.166,-30.445,0
1398294815726,42085055757000,171538053000001,-6.057,-6.166,-30.445,0
1398294815737,42085065736000,171538053000001,-6.057,-6.166,-30.445,0
1398294815746,42085075746000,171538053000001,-6.057,-6.166,-30.445,0
1398294815756,42085085725000,171538053000001,-6.057,-6.166,-30.445,0
1398294815770,42085099275000,171538053000001,-6.057,-5.86,-30.445,0
1398294815776,42085105775000,171538053000001,-6.057,-5.86,-30.445,0
1398294815787,42085117127000,171538053000001,-6.057,-5.86,-30.445,0
1398294815799,42085128541000,171538053000001,-6.057,-5.86,-30.445,0
1398294815806,42085135804000,171538053000001,-6.057,-5.86,-30.445,0
1398294815819,42085147218000,171538053000001,-6.057,-5.86,-30.445,0
1398294815826,42085155854000,171538053000001,-6.057,-5.86,-30.445,0
1398294815837,42085166047000,171538053000001,-6.057,-5.86,-30.445,0
1398294815848,42085176911000,171538053000001,-6.057,-5.86,-30.445,0
1398294815858,42085187501000,171538053000001,-6.057,-5.86,-30.445,0
1398294815867,42085197022000,171538053000001,-6.057,-5.86,-30.445,0
1398294815879,42085208070000,171538053000001,-6.057,-5.511,-30.445,0
1398294815896,42085215913000,171538053000001,-6.057,-5.511,-30.445,0
1398294815899,42085225892000,171538053000001,-6.057,-5.511,-30.445,0
1398294815907,42085235993000,171538053000001,-6.057,-5.511,-30.445,0
1398294815920,42085245912000,171538053000001,-6.057,-5.511,-30.445,0
1398294815926,42085255921000,171538053000001,-6.057,-5.511,-30.445,0
1398294815936,42085265901000,171538053000001,-6.057,-5.511,-30.445,0
1398294815946,42085275941000,171538053000001,-6.057,-5.511,-30.445,0
1398294815956,42085285951000,171538053000001,-6.057,-5.511,-30.758,0
1398294815966,42085295960000,171538053000001,-6.057,-5.511,-30.758,0
1398294815976,42085305970000,171538053000001,-5.74,-5.511,-30.758,0
1398294815987,42085315980000,171538053000001,-5.74,-5.511,-30.758,0
1398294815996,42085326020000,171538053000001,-5.74,-5.511,-30.758,0
1398294816007,42085336183000,171538053000001,-5.74,-5.511,-30.758,0
1398294816017,42085346162000,171538053000001,-5.386,-5.511,-30.758,0
1398294816026,42085355989000,171538053000001,-5.386,-5.511,-30.758,0
1398294816039,42085367555000,171538053000001,-5.386,-5.511,-30.758,0
1398294816046,42085376039000,171538053000001,-5.386,-5.511,-30.758,0
1398294816057,42085386262000,171538053000001,-5.386,-5.511,-30.758,0
1398294816066,42085396028000,171538053000001,-5.386,-5.511,-30.758,0
1398294816076,42085406037000,171538053000001,-5.386,-5.511,-30.758,0
1398294816086,42085416017000,171538053000001,-5.386,-5.511,-30.758,0
1398294816096,42085426026000,171538053000001,-5.386,-5.511,-30.758,0
1398294816106,42085436036000,171538053000001,-5.386,-5.511,-30.758,0
1398294816116,42085446046000,171538053000001,-5.386,-5.511,-30.758,0
1398294816126,42085456086000,171538053000001,-5.386,-5.18,-30.758,0
1398294816136,42085466065000,171538053000001,-5.386,-5.18,-30.758,0
1398294816146,42085476075000,171538053000001,-5.386,-5.18,-30.758,0
1398294816156,42085486085000,171538053000001,-5.386,-5.18,-30.758,0
1398294816166,42085496095000,171538053000001,-5.386,-5.18,-30.758,0
1398294816176,42085506166000,171538053000001,-5.386,-5.18,-30.758,0
1398294816186,42085516145000,171538053000001,-5.386,-5.18,-30.758,0
1398294816196,42085526155000,171538053000001,-5.386,-5.18,-30.758,0
1398294816206,42085536164000,171538053000001,-5.386,-5.18,-30.758,0
1398294816218,42085547700000,171538053000001,-5.386,-5.18,-30.758,0
1398294816226,42085556214000,171538053000001,-5.386,-5.18,-30.758,0
1398294816236,42085566194000,171538053000001,-5.386,-5.18,-30.758,0
1398294816246,42085576173000,171538053000001,-5.386,-5.18,-30.758,0
1398294816256,42085586183000,171538053000001,-5.073,-5.18,-30.758,0
1398294816266,42085596223000,171538053000001,-5.073,-5.18,-30.758,0
1398294816276,42085606202000,171538053000001,-5.073,-5.18,-30.758,0
1398294816286,42085616212000,171538053000001,-5.073,-5.18,-30.758,0
1398294816296,42085626222000,171538053000001,-5.073,-5.18,-30.758,0
1398294816308,42085636262000,171538053000001,-5.073,-5.503,-30.758,0
1398294816317,42085646241000,171538053000001,-5.073,-5.503,-30.758,0
1398294816326,42085656282000,171538053000001,-5.073,-5.503,-30.758,0
1398294816336,42085666261000,171538053000001,-5.073,-5.503,-30.758,0
1398294816346,42085676271000,171538053000001,-5.073,-5.503,-30.758,0
1398294816356,42085686311000,171538053000001,-5.073,-5.503,-30.758,0
1398294816372,42085696321000,171538053000001,-5.073,-5.503,-30.448,0
1398294816377,42085706330000,171538053000001,-5.073,-5.503,-30.448,0
1398294816394,42085716310000,171538053000001,-5.462,-5.503,-30.448,0
1398294816399,42085727906000,171538053000001,-5.462,-5.503,-30.448,0
1398294816406,42085736360000,171538053000001,-5.462,-5.503,-30.448,0
1398294816416,42085746339000,171538053000001,-5.462,-5.503,-30.448,0
1398294816426,42085756379000,171538053000001,-5.462,-5.503,-30.448,0
1398294816436,42085766358000,171538053000001,-5.462,-5.503,-30.448,0
1398294816446,42085776368000,171538053000001,-5.799,-5.503,-30.448,0
1398294816456,42085786378000,171538053000001,-5.799,-5.503,-30.448,0
1398294816467,42085796418000,171538053000001,-5.799,-5.503,-30.448,0
1398294816478,42085806428000,171538053000001,-5.799,-5.503,-30.448,0
1398294816490,42085816468000,171538053000001,-5.799,-5.503,-30.448,0
1398294816500,42085826478000,171538053000001,-5.799,-5.503,-30.448,0
1398294816508,42085836732000,171538053000001,-5.799,-5.503,-30.448,0
1398294816518,42085846467000,171538053000001,-5.799,-5.503,-30.448,0
1398294816527,42085856477000,171538053000001,-5.799,-5.503,-30.448,0
1398294816537,42085866487000,171538053000001,-5.799,-5.503,-30.448,0
1398294816549,42085876496000,171538053000001,-5.799,-5.503,-30.448,0
1398294816557,42085886506000,171538053000001,-5.799,-5.503,-30.448,0
1398294816567,42085896516000,171538053000001,-5.799,-5.503,-30.448,0
1398294816579,42085908052000,171538053000001,-5.799,-5.503,-30.448,0
1398294816587,42085916535000,171538053000001,-5.799,-5.503,-30.448,0
1398294816597,42085926545000,171538053000001,-5.799,-5.503,-30.448,0
1398294816607,42085936585000,171538053000001,-5.799,-5.503,-30.448,0
1398294816617,42085946595000,171538053000001,-5.799,-5.503,-30.448,0
1398294816627,42085956605000,171538053000001,-5.799,-5.503,-30.448,0
1398294816643,42085966615000,171538053000001,-5.799,-5.503,-30.448,0
1398294816652,42085976594000,171538053000001,-5.473,-5.503,-30.448,0
1398294816662,42085986604000,171538053000001,-5.473,-5.503,-30.448,0
1398294816669,42085996614000,171538053000001,-5.473,-5.503,-30.448,0
1398294816682,42086006593000,171538053000001,-5.473,-5.503,-30.786,0
1398294816686,42086016603000,171538053000001,-5.473,-5.503,-30.786,0
1398294816697,42086026643000,171538053000001,-5.473,-5.503,-30.786,0
1398294816707,42086036622000,171538053000001,-5.473,-5.503,-30.786,0
1398294816716,42086046632000,171538053000001,-5.473,-5.503,-30.786,0
1398294816726,42086056642000,171538053000001,-5.473,-5.152,-30.786,0
1398294816737,42086066682000,171538053000001,-5.473,-5.152,-30.786,0
1398294816746,42086076631000,171538053000001,-5.473,-5.152,-30.786,0
1398294816758,42086088197000,171538053000001,-5.78,-5.152,-30.786,0
1398294816766,42086096711000,171538053000001,-5.78,-4.751,-30.786,0
1398294816776,42086106660000,171538053000001,-5.78,-4.751,-30.786,0
1398294816786,42086116670000,171538053000001,-5.78,-4.751,-30.786,0
1398294816796,42086126710000,171538053000001,-5.78,-4.751,-30.786,0
1398294816806,42086136720000,171538053000001,-5.78,-4.333,-30.786,0
1398294816816,42086146730000,171538053000001,-6.091,-4.333,-30.786,0
1398294816826,42086156739000,171538053000001,-6.091,-4.333,-30.786,0
1398294816836,42086166749000,171538053000001,-6.091,-3.964,-30.786,0
1398294816846,42086176728000,171538053000001,-6.091,-3.964,-30.786,0
1398294816857,42086186921000,171538053000001,-6.091,-3.964,-30.786,0
1398294816866,42086196778000,171538053000001,-6.091,-3.628,-30.786,0
1398294816876,42086206788000,171538053000001,-6.091,-3.628,-30.786,0
1398294816887,42086216798000,171538053000001,-6.091,-3.628,-30.786,0
1398294816897,42086226808000,171538053000001,-6.091,-3.263,-30.786,0
1398294816907,42086236817000,171538053000001,-5.752,-3.263,-30.786,0
1398294816917,42086246827000,171538053000001,-5.752,-3.263,-30.786,0
1398294816927,42086256837000,171538053000001,-5.752,-2.958,-31.098,0
1398294816938,42086268373000,171538053000001,-5.752,-2.958,-31.098,0
1398294816947,42086276887000,171538053000001,-5.416,-2.958,-31.098,0
1398294816957,42086286866000,171538053000001,-5.416,-2.958,-31.098,0
1398294816967,42086296876000,171538053000001,-5.416,-2.633,-31.098,0
1398294816977,42086306886000,171538053000001,-5.416,-2.633,-31.098,0
1398294816987,42086316896000,171538053000001,-5.084,-2.633,-31.411,0
1398294816997,42086326905000,171538053000001,-5.084,-2.633,-31.411,0
1398294817007,42086336915000,171538053000001,-5.084,-2.633,-31.411,0
1398294817020,42086349336000,171538053000001,-5.084,-2.633,-31.411,0
1398294817033,42086363008000,171538053000001,-4.748,-2.319,-31.411,0
1398294817039,42086368714000,171538053000001,-4.748,-2.319,-31.411,0
1398294817052,42086382295000,171538053000001,-4.748,-2.319,-31.411,0
1398294817060,42086389527000,171538053000001,-4.748,-2.319,-31.411,0
1398294817072,42086401856000,171538053000001,-4.748,-2.319,-31.411,0
1398294817079,42086409120000,171538053000001,-4.748,-2.319,-31.411,0
1398294817093,42086423402000,171538053000001,-4.748,-2.319,-31.411,0
1398294817099,42086428590000,171538053000001,-4.748,-2.319,-31.411,0
1398294817110,42086439332000,171538053000001,-4.748,-2.319,-31.411,0
1398294817119,42086448670000,171538053000001,-4.748,-2.319,-31.411,0
1398294817128,42086457368000,171538053000001,-4.748,-2.319,-31.411,0
1398294817137,42086467103000,171538053000001,-4.748,-2.319,-31.411,0
1398294817150,42086479554000,171538053000001,-4.748,-2.319,-31.411,0
1398294817162,42086491975000,171538053000001,-4.748,-2.319,-31.411,0
1398294817168,42086497132000,171538053000001,-4.748,-2.319,-31.411,0
1398294817177,42086507112000,171538053000001,-4.748,-2.319,-31.411,0
1398294817187,42086517152000,171538053000001,-4.748,-2.319,-31.411,0
1398294817198,42086527192000,171538053000001,-4.748,-2.319,-31.411,0
1398294817208,42086537202000,171538053000001,-4.748,-2.319,-31.411,0
1398294817217,42086547181000,171538053000001,-4.748,-2.319,-31.411,0
1398294817228,42086557221000,171538053000001,-4.748,-2.319,-31.411,0
1398294817238,42086567201000,171538053000001,-4.748,-2.319,-31.411,0
1398294817248,42086577241000,171538053000001,-4.748,-2.319,-31.411,0
1398294817258,42086587220000,171538053000001,-4.748,-2.319,-31.411,0
1398294817269,42086597261000,171538053000001,-4.748,-2.319,-31.411,0
1398294817278,42086607270000,171538053000001,-4.748,-2.319,-31.411,0
1398294817287,42086617402000,171538053000001,-4.748,-2.319,-31.411,0
1398294817300,42086628785000,171538053000001,-5.05,-2.319,-31.411,0
1398294817307,42086637300000,171538053000001,-5.05,-2.319,-31.411,0
1398294817318,42086647279000,171538053000001,-5.05,-2.319,-31.411,0
1398294817333,42086657258000,171538053000001,-5.05,-2.319,-31.411,0
1398294817338,42086667268000,171538053000001,-5.05,-2.319,-31.411,0
1398294817349,42086677278000,171538053000001,-5.05,-2.319,-31.411,0
1398294817358,42086687379000,171538053000001,-5.371,-2.319,-31.411,0
1398294817372,42086697785000,171538053000001,-5.371,-2.319,-31.411,0
1398294817383,42086707337000,171538053000001,-5.371,-2.319,-31.411,0
1398294817390,42086717347000,171538053000001,-5.371,-2.319,-31.411,0
1398294817401,42086727357000,171538053000001,-5.371,-2.659,-31.411,0
1398294817407,42086737367000,171538053000001,-5.696,-2.659,-31.411,0
1398294817417,42086747346000,171538053000001,-5.696,-2.659,-31.411,0
1398294817432,42086761750000,171538053000001,-5.696,-2.659,-31.411,0
1398294817437,42086767304000,171538053000001,-5.696,-2.659,-31.411,0
1398294817447,42086777345000,171538053000001,-5.696,-2.975,-31.411,0
1398294817457,42086787355000,171538053000001,-5.696,-2.975,-31.411,0
1398294817467,42086797364000,171538053000001,-5.696,-2.975,-31.411,0
1398294817479,42086808930000,171538053000001,-5.696,-2.975,-31.411,0
1398294817487,42086817414000,171538053000001,-5.696,-3.295,-31.411,0
1398294817497,42086827394000,171538053000001,-5.696,-3.295,-31.411,0
1398294817507,42086837403000,171538053000001,-5.696,-3.295,-31.411,0
1398294817517,42086847413000,171538053000001,-5.696,-3.295,-31.411,0
1398294817527,42086857453000,171538053000001,-5.696,-3.648,-31.411,0
1398294817537,42086867433000,171538053000001,-5.696,-3.648,-31.108,0
1398294817547,42086877442000,171538053000001,-5.696,-3.648,-31.108,0
1398294817563,42086887452000,171538053000001,-5.696,-3.648,-31.108,0
1398294817574,42086897462000,171538053000001,-5.696,-3.999,-31.108,0
1398294817579,42086907472000,171538053000001,-5.696,-3.999,-31.108,0
1398294817587,42086917573000,171538053000001,-5.696,-3.999,-31.108,0
1398294817597,42086927491000,171538053000001,-5.696,-3.999,-31.108,0
1398294817607,42086937501000,171538053000001,-5.696,-3.999,-30.781,0
1398294817618,42086947511000,171538053000001,-5.696,-4.393,-30.781,0
1398294817627,42086957521000,171538053000001,-5.696,-4.393,-30.781,0
1398294817638,42086967530000,171538053000001,-5.696,-4.393,-30.781,0
1398294817648,42086977540000,171538053000001,-5.696,-4.393,-30.781,0
1398294817661,42086989106000,171538053000001,-5.696,-4.695,-30.781,0
1398294817668,42086997621000,171538053000001,-5.696,-4.695,-30.781,0
1398294817678,42087007600000,171538053000001,-6.004,-4.695,-30.781,0
1398294817688,42087017610000,171538053000001,-6.004,-4.695,-30.781,0
1398294817698,42087027589000,171538053000001,-6.004,-4.695,-30.781,0
1398294817717,42087037599000,171538053000001,-6.004,-4.695,-30.781,0
1398294817719,42087047608000,171538053000001,-6.004,-5.053,-30.781,0
1398294817727,42087057618000,171538053000001,-6.004,-5.053,-30.448,0
1398294817742,42087072084000,171538053000001,-6.004,-5.053,-30.448,0
1398294817748,42087077638000,171538053000001,-6.004,-5.053,-30.448,0
1398294817758,42087087678000,171538053000001,-6.004,-5.053,-30.448,0
1398294817768,42087097688000,171538053000001,-6.004,-5.364,-30.448,0
1398294817778,42087107667000,171538053000001,-6.004,-5.364,-30.448,0
1398294817788,42087117677000,171538053000001,-6.004,-5.364,-30.448,0
1398294817797,42087127656000,171538053000001,-6.004,-5.364,-30.448,0
1398294817807,42087137666000,171538053000001,-6.004,-5.364,-30.448,0
1398294817817,42087147676000,171538053000001,-6.004,-5.364,-30.448,0
1398294817828,42087157716000,171538053000001,-6.004,-5.364,-30.448,0
1398294817840,42087169282000,171538053000001,-6.004,-5.364,-30.448,0
1398294817848,42087177766000,171538053000001,-5.697,-5.364,-30.448,0
1398294817858,42087187776000,171538053000001,-5.697,-5.364,-30.448,0
1398294817869,42087197755000,171538053000001,-5.697,-5.688,-30.448,0
1398294817878,42087207795000,171538053000001,-5.697,-5.688,-30.448,0
1398294817888,42087217805000,171538053000001,-5.697,-5.688,-30.448,0
1398294817898,42087227784000,171538053000001,-5.697,-5.688,-30.448,0
1398294817908,42087237794000,171538053000001,-5.697,-5.688,-30.448,0
1398294817918,42087247804000,171538053000001,-5.697,-5.688,-30.448,0
1398294817928,42087257814000,171538053000001,-5.374,-5.688,-30.448,0
1398294817938,42087267823000,171538053000001,-5.374,-5.688,-30.448,0
1398294817948,42087277833000,171538053000001,-5.374,-5.688,-30.448,0
1398294817958,42087287843000,171538053000001,-5.374,-5.688,-30.448,0
1398294817968,42087297853000,171538053000001,-5.374,-5.688,-30.448,0
1398294817978,42087307862000,171538053000001,-5.374,-6.01,-30.448,0
1398294817988,42087317872000,171538053000001,-5.374,-6.01,-30.448,0
1398294817998,42087327882000,171538053000001,-5.374,-6.01,-30.448,0
1398294818008,42087337892000,171538053000001,-5.374,-6.01,-30.448,0
1398294818020,42087349427000,171538053000001,-5.374,-6.01,-30.448,0
1398294818028,42087357942000,171538053000001,-5.374,-6.01,-30.448,0
1398294818038,42087367921000,171538053000001,-5.374,-6.01,-30.448,0
1398294818049,42087377931000,171538053000001,-5.374,-6.01,-30.448,0
1398294818058,42087387971000,171538053000001,-5.374,-6.01,-30.448,0
1398294818068,42087397981000,171538053000001,-5.374,-6.338,-30.448,0
1398294818078,42087407929000,171538053000001,-5.374,-6.338,-30.448,0
1398294818088,42087417970000,171538053000001,-5.374,-6.338,-30.448,0
1398294818103,42087427980000,171538053000001,-5.374,-6.338,-30.448,0
1398294818108,42087438020000,171538053000001,-5.374,-6.338,-30.448,0
1398294818118,42087447999000,171538053000001,-5.374,-6.338,-30.448,0
1398294818128,42087457978000,171538053000001,-5.374,-6.338,-30.448,0
1398294818138,42087468019000,171538053000001,-5.374,-6.338,-30.448,0
1398294818148,42087477998000,171538053000001,-5.374,-6.338,-30.448,0
1398294818158,42087488008000,171538053000001,-5.374,-6.338,-30.448,0
1398294818168,42087498017000,171538053000001,-5.685,-6.338,-30.448,0
1398294818178,42087508027000,171538053000001,-5.685,-6.338,-30.448,0
1398294818188,42087518067000,171538053000001,-5.685,-6.338,-30.448,0
1398294818200,42087529603000,171538053000001,-5.685,-6.338,-30.448,0
1398294818208,42087538087000,171538053000001,-5.685,-6.338,-30.448,0
1398294818218,42087548066000,171538053000001,-5.685,-6.338,-30.448,0
1398294818228,42087558106000,171538053000001,-5.685,-6.338,-30.448,0
1398294818238,42087568116000,171538053000001,-5.685,-6.338,-30.448,0
1398294818248,42087578126000,171538053000001,-5.685,-6.338,-30.448,0
1398294818258,42087588136000,171538053000001,-5.685,-6.338,-30.448,0
1398294818268,42087598146000,171538053000001,-5.685,-6.338,-30.448,0
1398294818278,42087608125000,171538053000001,-5.685,-6.338,-30.448,0
1398294818288,42087618135000,171538053000001,-5.685,-6.637,-30.448,0
1398294818298,42087628175000,171538053000001,-5.996,-6.637,-30.448,0
1398294818308,42087638185000,171538053000001,-5.996,-6.637,-30.448,0
1398294818318,42087648286000,171538053000001,-5.996,-6.637,-30.146,0
1398294818330,42087658265000,171538053000001,-5.996,-6.637,-30.146,0
1398294818346,42087674562000,171538053000001,-5.996,-6.637,-30.146,0
1398294818349,42087678193000,171538053000001,-5.996,-6.637,-30.146,0
1398294818361,42087688203000,171538053000001,-5.996,-6.637,-30.146,0
1398294818370,42087698243000,171538053000001,-6.327,-6.637,-30.146,0
1398294818380,42087709809000,171538053000001,-6.327,-6.637,-30.146,0
1398294818388,42087718293000,171538053000001,-6.327,-6.637,-30.146,0
1398294818398,42087728242000,171538053000001,-6.327,-6.637,-30.146,0
1398294818408,42087738252000,171538053000001,-6.327,-6.637,-30.146,0
1398294818418,42087748262000,171538053000001,-6.327,-6.637,-30.146,0
1398294818429,42087758302000,171538053000001,-6.327,-6.637,-30.146,0
1398294818439,42087768342000,171538053000001,-6.327,-6.637,-30.146,0
1398294818449,42087778321000,171538053000001,-6.327,-6.637,-30.146,0
1398294818458,42087788301000,171538053000001,-6.327,-6.637,-30.146,0
1398294818468,42087798310000,171538053000001,-6.327,-6.637,-30.146,0
1398294818478,42087808320000,171538053000001,-6.327,-6.637,-30.146,0
1398294818488,42087818360000,171538053000001,-6.327,-6.637,-30.146,0
1398294818498,42087828370000,171538053000001,-6.327,-6.637,-30.146,0
1398294818508,42087838380000,171538053000001,-5.986,-6.637,-30.146,0
1398294818519,42087848420000,171538053000001,-5.986,-6.637,-30.146,0
1398294818528,42087858399000,171538053000001,-5.986,-6.637,-30.146,0
1398294818552,42087868379000,171538053000001,-5.986,-6.637,-30.146,0
1398294818554,42087878419000,171538053000001,-5.986,-6.637,-30.146,0
1398294818561,42087889955000,171538053000001,-5.986,-6.637,-30.146,0
1398294818569,42087898652000,171538053000001,-5.986,-6.637,-30.146,0
1398294818579,42087908418000,171538053000001,-5.656,-6.637,-30.146,0
1398294818588,42087918428000,171538053000001,-5.656,-6.637,-30.146,0
1398294818599,42087928437000,171538053000001,-5.656,-6.637,-30.146,0
1398294818608,42087938447000,171538053000001,-5.656,-6.637,-30.146,0
1398294818618,42087948457000,171538053000001,-5.656,-6.637,-30.146,0
1398294818629,42087958467000,171538053000001,-5.656,-6.637,-30.146,0
1398294818638,42087968507000,171538053000001,-5.656,-6.637,-30.146,0
1398294818649,42087978517000,171538053000001,-5.656,-6.637,-30.146,0
1398294818666,42087993531000,171538053000001,-5.656,-6.315,-30.146,0
1398294818669,42087998536000,171538053000001,-5.656,-6.315,-30.146,0
1398294818679,42088008515000,171538053000001,-5.656,-6.315,-30.146,0
1398294818689,42088018556000,171538053000001,-5.656,-6.315,-30.146,0
1398294818699,42088028535000,171538053000001,-5.656,-6.315,-30.146,0
1398294818708,42088038545000,171538053000001,-5.656,-6.315,-30.146,0
1398294818718,42088048554000,171538053000001,-5.656,-6.315,-30.146,0
1398294818729,42088058595000,171538053000001,-5.656,-6.315,-30.146,0
1398294818741,42088070161000,171538053000001,-5.656,-6.315,-30.462,0
1398294818749,42088078645000,171538053000001,-5.656,-6.315,-30.462,0
1398294818759,42088088594000,171538053000001,-5.656,-6.315,-30.462,0
1398294818769,42088098603000,171538053000001,-5.656,-6.315,-30.462,0
1398294818779,42088108613000,171538053000001,-5.656,-6.315,-30.462,0
1398294818789,42088118623000,171538053000001,-5.656,-6.315,-30.462,0
1398294818799,42088128633000,171538053000001,-5.346,-6.315,-30.462,0
1398294818809,42088138642000,171538053000001,-5.346,-6.315,-30.462,0
1398294818819,42088148652000,171538053000001,-5.346,-6.315,-30.462,0
1398294818829,42088158662000,171538053000001,-5.346,-6.315,-30.462,0
1398294818839,42088168672000,171538053000001,-5.346,-6.315,-30.462,0
1398294818853,42088178712000,171538053000001,-5.346,-6.315,-30.462,0
1398294818859,42088188691000,171538053000001,-5.346,-6.315,-30.462,0
1398294818871,42088198701000,171538053000001,-5.346,-6.315,-30.462,0
1398294818879,42088208741000,171538053000001,-5.041,-6.315,-30.462,0
1398294818889,42088218751000,171538053000001,-5.041,-6.315,-30.462,0
1398294818899,42088228730000,171538053000001,-5.041,-6.315,-30.462,0
1398294818910,42088238740000,171538053000001,-5.041,-5.992,-30.462,0
1398294818920,42088250306000,171538053000001,-5.041,-5.992,-30.462,0
1398294818929,42088258821000,171538053000001,-5.041,-5.992,-30.462,0
1398294818939,42088268800000,171538053000001,-5.041,-5.992,-30.462,0
1398294818949,42088278810000,171538053000001,-5.041,-5.992,-30.462,0
1398294818962,42088288819000,171538053000001,-5.041,-5.992,-30.462,0
1398294818973,42088303285000,171538053000001,-5.041,-5.992,-30.462,0
1398294818979,42088308808000,171538053000001,-5.374,-5.992,-30.462,0
1398294818989,42088318849000,171538053000001,-5.374,-5.992,-30.462,0
1398294818999,42088329011000,171538053000001,-5.374,-5.992,-30.462,0
1398294819009,42088338838000,171538053000001,-5.374,-5.992,-30.462,0
1398294819019,42088348847000,171538053000001,-5.374,-5.992,-30.462,0
1398294819030,42088358857000,171538053000001,-5.374,-5.992,-30.462,0
1398294819039,42088368867000,171538053000001,-5.374,-5.992,-30.462,0
1398294819049,42088378877000,171538053000001,-5.374,-5.992,-30.462,0
1398294819062,42088388887000,171538053000001,-5.374,-5.992,-30.462,0
1398294819069,42088398896000,171538053000001,-5.374,-5.992,-30.462,0
1398294819079,42088408906000,171538053000001,-5.374,-5.992,-30.462,0
1398294819089,42088418916000,171538053000001,-5.374,-5.992,-30.462,0
1398294819101,42088430482000,171538053000001,-5.374,-5.992,-30.462,0
1398294819115,42088438996000,171538053000001,-5.374,-5.992,-30.462,0
1398294819119,42088448976000,171538053000001,-5.374,-5.992,-30.462,0
1398294819137,42088458985000,171538053000001,-5.374,-5.992,-30.462,0
1398294819139,42088468995000,171538053000001,-5.374,-5.992,-30.462,0
1398294819149,42088479005000,171538053000001,-5.374,-5.992,-30.462,0
1398294819160,42088488984000,171538053000001,-5.374,-5.992,-30.462,0
1398294819169,42088498994000,171538053000001,-5.374,-5.992,-30.462,0
1398294819179,42088509004000,171538053000001,-5.374,-5.992,-30.462,0
1398294819189,42088519013000,171538053000001,-5.374,-5.992,-30.462,0
1398294819199,42088529023000,171538053000001,-5.374,-5.992,-30.462,0
1398294819209,42088539033000,171538053000001,-5.374,-5.992,-30.462,0
1398294819219,42088549043000,171538053000001,-5.374,-5.992,-30.462,0
1398294819229,42088559053000,171538053000001,-5.374,-5.992,-30.462,0
1398294819242,42088569123000,171538053000001,-5.374,-5.992,-30.462,0
1398294819250,42088579255000,171538053000001,-5.374,-5.992,-30.462,0
1398294819259,42088589143000,171538053000001,-5.374,-5.992,-30.462,0
1398294819270,42088599458000,171538053000001,-5.715,-5.992,-30.462,0
1398294819281,42088610719000,171538053000001,-5.715,-5.992,-30.462,0
1398294819289,42088619142000,171538053000001,-5.715,-5.992,-30.462,0
1398294819299,42088629182000,171538053000001,-5.715,-5.992,-30.462,0
1398294819310,42088639131000,171538053000001,-5.715,-5.992,-30.462,0
1398294819319,42088649171000,171538053000001,-5.715,-5.992,-30.16,0
1398294819329,42088659150000,171538053000001,-5.715,-5.992,-30.16,0
1398294819339,42088669160000,171538053000001,-5.715,-5.992,-30.16,0
1398294819350,42088679170000,171538053000001,-5.715,-5.992,-30.16,0
1398294819359,42088689179000,171538053000001,-5.715,-5.992,-30.16,0
1398294819369,42088699189000,171538053000001,-5.715,-5.992,-30.16,0
1398294819379,42088709199000,171538053000001,-5.715,-5.992,-30.16,0
1398294819389,42088719209000,171538053000001,-5.715,-5.992,-30.16,0
1398294819400,42088729249000,171538053000001,-5.715,-5.992,-30.16,0
1398294819411,42088739228000,171538053000001,-5.715,-6.3,-30.16,0
1398294819419,42088749238000,171538053000001,-5.715,-6.3,-30.16,0
1398294819435,42088759278000,171538053000001,-5.715,-6.3,-30.16,0
1398294819439,42088769288000,171538053000001,-5.715,-6.3,-30.16,0
1398294819450,42088779756000,171538053000001,-5.715,-6.3,-30.16,0
1398294819461,42088790834000,171538053000001,-5.715,-6.3,-30.16,0
1398294819469,42088799317000,171538053000001,-5.715,-6.3,-30.16,0
1398294819479,42088809297000,171538053000001,-5.715,-6.3,-30.16,0
1398294819489,42088819306000,171538053000001,-5.715,-6.3,-30.16,0
1398294819499,42088829316000,171538053000001,-5.715,-6.3,-30.16,0
1398294819510,42088839326000,171538053000001,-5.715,-6.3,-30.16,0
1398294819519,42088849336000,171538053000001,-5.715,-6.3,-30.16,0
1398294819529,42088859345000,171538053000001,-5.715,-6.3,-30.16,0
1398294819539,42088869355000,171538053000001,-5.715,-6.3,-30.16,0
1398294819550,42088879335000,171538053000001,-5.715,-6.3,-30.16,0
1398294819559,42088889375000,171538053000001,-5.715,-6.3,-30.16,0
1398294819569,42088899354000,171538053000001,-5.715,-6.3,-30.16,0
1398294819585,42088909425000,171538053000001,-5.715,-6.3,-30.16,0
1398294819590,42088919404000,171538053000001,-5.715,-6.3,-30.16,0
1398294819599,42088929414000,171538053000001,-5.715,-6.3,-30.16,0
1398294819609,42088939424000,171538053000001,-5.715,-6.3,-30.16,0
1398294819619,42088949433000,171538053000001,-5.715,-6.3,-30.16,0
1398294819629,42088959443000,171538053000001,-5.715,-6.3,-30.16,0
1398294819641,42088971009000,171538053000001,-5.715,-6.3,-30.16,0
1398294819649,42088979493000,171538053000001,-5.715,-6.3,-30.16,0
1398294819660,42088989472000,171538053000001,-5.715,-6.3,-30.16,0
1398294819669,42088999482000,171538053000001,-5.715,-6.3,-30.16,0
1398294819679,42089009492000,171538053000001,-5.715,-6.3,-30.16,0
1398294819689,42089019502000,171538053000001,-5.715,-6.3,-30.16,0
1398294819699,42089029512000,171538053000001,-5.715,-6.3,-30.16,0
1398294819710,42089039521000,171538053000001,-5.715,-6.3,-30.16,0
1398294819719,42089049531000,171538053000001,-5.715,-6.3,-30.16,0
1398294819729,42089059541000,171538053000001,-5.715,-6.3,-30.16,0
1398294819739,42089069551000,171538053000001,-5.715,-6.3,-30.16,0
1398294819749,42089079560000,171538053000001,-5.715,-6.3,-30.16,0
1398294819763,42089089570000,171538053000001,-5.715,-6.3,-30.16,0
1398294819773,42089102815000,171538053000001,-5.715,-5.998,-30.16,0
1398294819782,42089110383000,171538053000001,-5.715,-5.998,-30.16,0
1398294819794,42089119630000,171538053000001,-5.715,-5.998,-30.16,0
1398294819802,42089130921000,171538053000001,-5.715,-5.998,-30.16,0
1398294819815,42089140626000,171538053000001,-5.715,-5.998,-30.16,0
1398294819822,42089151246000,171538053000001,-5.715,-5.998,-30.16,0
1398294819833,42089159699000,171538053000001,-5.715,-5.998,-30.16,0
1398294819843,42089169709000,171538053000001,-5.715,-5.998,-30.16,0
1398294819850,42089179719000,171538053000001,-5.715,-5.998,-30.16,0
1398294819867,42089189698000,171538053000001,-5.715,-5.998,-30.16,0
1398294819871,42089199769000,171538053000001,-5.715,-5.998,-30.16,0
1398294819883,42089209748000,171538053000001,-5.715,-5.998,-30.16,0
1398294819900,42089225373000,171538053000001,-5.715,-5.998,-30.16,0
1398294819902,42089230165000,171538053000001,-5.715,-5.998,-30.16,0
1398294819914,42089239778000,171538053000001,-5.715,-5.998,-30.16,0
1398294819920,42089249940000,171538053000001,-5.715,-5.998,-30.16,0
1398294819930,42089259767000,171538053000001,-5.715,-5.998,-30.16,0
1398294819939,42089269776000,171538053000001,-5.715,-5.998,-30.16,0
1398294819949,42089279786000,171538053000001,-5.715,-5.998,-30.16,0
1398294819960,42089289765000,171538053000001,-5.715,-5.998,-30.16,0
1398294819969,42089299775000,171538053000001,-5.715,-5.998,-30.16,0
1398294819979,42089309815000,171538053000001,-5.715,-5.998,-30.16,0
1398294819990,42089319825000,171538053000001,-5.715,-5.998,-30.16,0
1398294820001,42089331391000,171538053000001,-5.715,-5.998,-30.16,0
1398294820010,42089339875000,171538053000001,-5.715,-5.998,-30.16,0
1398294820020,42089349855000,171538053000001,-5.715,-5.998,-30.16,0
1398294820029,42089359834000,171538053000001,-5.715,-5.998,-30.16,0
1398294820039,42089369844000,171538053000001,-5.715,-5.998,-30.16,0
1398294820050,42089379853000,171538053000001,-5.715,-5.998,-30.16,0
1398294820060,42089389863000,171538053000001,-5.715,-5.998,-30.16,0
1398294820070,42089399873000,171538053000001,-5.715,-5.998,-30.16,0
1398294820080,42089409913000,171538053000001,-5.715,-5.998,-30.16,0
1398294820090,42089419923000,171538053000001,-5.715,-5.998,-30.16,0
1398294820100,42089429933000,171538053000001,-5.715,-5.998,-30.16,0
1398294820110,42089439942000,171538053000001,-5.715,-5.998,-30.16,0
1398294820120,42089449952000,171538053000001,-5.715,-5.998,-30.16,0
1398294820130,42089459962000,171538053000001,-5.715,-5.998,-30.16,0
1398294820140,42089469972000,171538053000001,-5.715,-5.998,-30.16,0
1398294820150,42089479981000,171538053000001,-5.715,-5.998,-30.16,0
1398294820160,42089489991000,171538053000001,-5.715,-5.998,-30.16,0
1398294820170,42089500032000,171538053000001,-5.715,-5.998,-30.16,0
1398294820181,42089511567000,171538053000001,-5.715,-5.998,-30.16,0
1398294820190,42089520295000,171538053000001,-5.715,-5.998,-30.16,0
1398294820202,42089531739000,171538053000001,-5.715,-5.998,-30.16,0
1398294820210,42089540010000,171538053000001,-5.715,-5.998,-30.16,0
1398294820220,42089550019000,171538053000001,-5.715,-5.998,-30.16,0
1398294820230,42089560029000,171538053000001,-5.715,-5.998,-30.16,0
1398294820240,42089570039000,171538053000001,-5.715,-5.998,-30.16,0
1398294820250,42089580049000,171538053000001,-5.715,-5.998,-30.16,0
1398294820261,42089590058000,171538053000001,-5.715,-5.998,-30.16,0
1398294820272,42089600160000,171538053000001,-5.715,-5.998,-30.16,0
1398294820282,42089611299000,171538053000001,-5.715,-5.998,-30.16,0
1398294820298,42089621461000,171538053000001,-6.031,-5.998,-30.16,0
1398294820312,42089630128000,171538053000001,-6.031,-5.998,-30.16,0
1398294820314,42089640138000,171538053000001,-6.031,-5.691,-30.16,0
1398294820320,42089650147000,171538053000001,-6.031,-5.691,-30.16,0
1398294820338,42089660157000,171538053000001,-6.031,-5.691,-30.16,0
1398294820350,42089670228000,171538053000001,-6.031,-5.691,-30.16,0
1398294820353,42089680238000,171538053000001,-6.031,-5.691,-30.16,0
1398294820363,42089691957000,171538053000001,-6.031,-5.691,-30.16,0
1398294820370,42089700227000,171538053000001,-6.031,-5.691,-30.16,0
1398294820380,42089710206000,171538053000001,-6.031,-5.691,-30.16,0
1398294820390,42089720216000,171538053000001,-6.031,-5.691,-30.16,0
1398294820401,42089730500000,171538053000001,-6.031,-5.691,-30.16,0
1398294820410,42089740235000,171538053000001,-6.031,-5.691,-30.16,0
1398294820420,42089750245000,171538053000001,-6.031,-5.691,-30.16,0
1398294820430,42089760255000,171538053000001,-6.031,-5.691,-30.16,0
1398294820440,42089770265000,171538053000001,-6.031,-5.691,-30.16,0
1398294820450,42089780244000,171538053000001,-6.031,-5.691,-30.16,0
1398294820462,42089790284000,171538053000001,-6.031,-5.691,-30.16,0
1398294820470,42089800294000,171538053000001,-6.031,-5.691,-30.16,0
1398294820480,42089810304000,171538053000001,-6.031,-5.691,-30.16,0
1398294820491,42089820375000,171538053000001,-6.031,-5.691,-30.16,0
1398294820500,42089830323000,171538053000001,-6.031,-5.691,-30.16,0
1398294820510,42089840364000,171538053000001,-6.031,-5.691,-30.16,0
1398294820520,42089850343000,171538053000001,-6.031,-5.691,-30.16,0
1398294820531,42089860322000,171538053000001,-6.031,-5.691,-30.16,0
1398294820542,42089871919000,171538053000001,-6.031,-5.691,-30.16,0
1398294820550,42089880403000,171538053000001,-6.031,-5.691,-30.16,0
1398294820560,42089890382000,171538053000001,-6.031,-5.691,-30.16,0
1398294820571,42089900544000,171538053000001,-6.031,-5.691,-30.16,0
1398294820580,42089910401000,171538053000001,-6.031,-5.691,-30.16,0
1398294820590,42089920411000,171538053000001,-6.031,-5.691,-30.16,0
1398294820600,42089930421000,171538053000001,-6.031,-5.691,-30.16,0
1398294820610,42089940431000,171538053000001,-6.382,-5.691,-30.16,0
1398294820620,42089950410000,171538053000001,-6.382,-5.691,-30.16,0
1398294820630,42089960420000,171538053000001,-6.382,-5.691,-30.16,0
1398294820641,42089970460000,171538053000001,-6.382,-5.691,-30.16,0
1398294820650,42089980470000,171538053000001,-6.382,-5.691,-30.16,0
1398294820660,42089990480000,171538053000001,-6.382,-5.691,-30.16,0
1398294820670,42090000489000,171538053000001,-6.382,-5.691,-30.16,0
1398294820680,42090010499000,171538053000001,-6.382,-5.691,-30.16,0
1398294820690,42090020509000,171538053000001,-6.382,-5.691,-30.16,0
1398294820700,42090030519000,171538053000001,-6.382,-5.691,-30.16,0
1398294820710,42090040681000,171538053000001,-6.382,-5.691,-30.16,0
1398294820722,42090052156000,171538053000001,-6.382,-5.691,-30.16,0
1398294820730,42090060578000,171538053000001,-6.382,-5.691,-30.16,0
1398294820740,42090070527000,171538053000001,-6.745,-5.691,-30.16,0
1398294820750,42090080567000,171538053000001,-6.745,-5.691,-30.16,0
1398294820760,42090090608000,171538053000001,-6.745,-5.691,-30.16,0
1398294820770,42090100556000,171538053000001,-6.745,-5.691,-30.16,0
1398294820780,42090110597000,171538053000001,-6.745,-5.691,-29.838,0
1398294820791,42090120637000,171538053000001,-6.745,-5.691,-29.838,0
1398294820800,42090130647000,171538053000001,-6.745,-5.691,-29.838,0
1398294820815,42090144410000,171538053000001,-6.745,-5.691,-29.838,0
1398294820822,42090150605000,171538053000001,-6.745,-5.691,-29.838,0
1398294820831,42090160615000,171538053000001,-6.745,-5.691,-29.838,0
1398294820840,42090170594000,171538053000001,-6.745,-5.691,-29.838,0
1398294820850,42090180604000,171538053000001,-6.745,-5.691,-29.838,0
1398294820860,42090190614000,171538053000001,-6.745,-5.691,-29.838,0
1398294820871,42090200624000,171538053000001,-6.745,-5.691,-29.838,0
1398294820881,42090210664000,171538053000001,-6.745,-5.691,-29.838,0
1398294820891,42090220643000,171538053000001,-6.745,-5.691,-29.838,0
1398294820902,42090232209000,171538053000001,-6.745,-5.691,-29.838,0
1398294820911,42090240754000,171538053000001,-6.745,-5.691,-29.838,0
1398294820921,42090250703000,171538053000001,-6.745,-5.691,-29.838,0
1398294820931,42090260804000,171538053000001,-6.745,-5.691,-29.838,0
1398294820941,42090270722000,171538053000001,-6.745,-5.691,-29.838,0
1398294820951,42090280732000,171538053000001,-6.745,-5.691,-29.838,0
1398294820961,42090290742000,171538053000001,-6.745,-5.691,-29.838,0
1398294820971,42090300752000,171538053000001,-6.745,-5.691,-29.838,0
1398294820981,42090310762000,171538053000001,-6.745,-5.691,-29.838,0
1398294820991,42090320771000,171538053000001,-6.745,-5.691,-29.838,0
1398294821001,42090330751000,171538053000001,-6.745,-5.691,-29.838,0
1398294821011,42090340791000,171538053000001,-6.745,-5.691,-29.838,0
1398294821021,42090350801000,171538053000001,-6.745,-5.691,-29.838,0
1398294821031,42090360810000,171538053000001,-6.745,-5.691,-29.838,0
1398294821041,42090370820000,171538053000001,-6.745,-5.691,-29.838,0
1398294821051,42090380830000,171538053000001,-6.745,-5.691,-29.838,0
1398294821064,42090391847000,171538053000001,-6.745,-5.691,-29.838,0
1398294821075,42090404450000,171538053000001,-6.745,-5.691,-29.838,0
1398294821085,42090414826000,171538053000001,-6.745,-5.691,-29.838,0
1398294821093,42090423402000,171538053000001,-6.745,-5.691,-29.838,0
1398294821104,42090434419000,171538053000001,-6.745,-5.691,-29.838,0
1398294821119,42090449128000,171538053000001,-6.745,-5.691,-29.838,0
1398294821121,42090450929000,171538053000001,-6.745,-5.691,-29.838,0
1398294821135,42090464845000,171538053000001,-6.745,-5.691,-29.838,0
1398294821143,42090472962000,171538053000001,-6.745,-5.691,-29.838,0
1398294821155,42090484956000,171538053000001,-6.745,-5.691,-29.838,0
1398294821163,42090493104000,171538053000001,-6.745,-5.691,-29.838,0
1398294821175,42090504487000,171538053000001,-6.745,-5.691,-29.838,0
1398294821185,42090514497000,171538053000001,-6.745,-5.691,-29.838,0
1398294821194,42090523744000,171538053000001,-6.745,-5.691,-29.838,0
1398294821204,42090534486000,171538053000001,-6.745,-5.691,-29.838,0
1398294821215,42090544770000,171538053000001,-6.745,-5.691,-29.838,0
1398294821225,42090554597000,171538053000001,-6.745,-5.691,-29.838,0
1398294821235,42090564515000,171538053000001,-6.394,-5.691,-29.838,0
1398294821245,42090574555000,171538053000001,-6.394,-5.691,-29.838,0
1398294821255,42090584687000,171538053000001,-6.394,-5.691,-29.838,0
1398294821268,42090598054000,171538053000001,-6.394,-5.691,-30.172,0
1398294821272,42090601533000,171538053000001,-6.394,-5.691,-30.172,0
1398294821285,42090614595000,171538053000001,-6.394,-5.691,-30.172,0
1398294821295,42090624635000,171538053000001,-6.394,-5.691,-30.172,0
1398294821307,42090636689000,171538053000001,-6.394,-5.691,-30.172,0
1398294821313,42090643220000,171538053000001,-6.394,-6.002,-30.172,0
1398294821324,42090653962000,171538053000001,-6.394,-6.002,-30.172,0
1398294821336,42090665956000,171538053000001,-6.394,-6.002,-30.172,0
1398294821342,42090671174000,171538053000001,-6.394,-6.002,-30.172,0
1398294821351,42090681153000,171538053000001,-6.394,-6.002,-30.172,0
1398294821361,42090691163000,171538053000001,-6.394,-6.002,-30.172,0
1398294821371,42090701203000,171538053000001,-6.394,-6.002,-30.172,0
1398294821381,42090711183000,171538053000001,-6.394,-6.002,-30.172,0
1398294821391,42090721192000,171538053000001,-6.394,-6.002,-30.172,0
1398294821402,42090731446000,171538053000001,-6.394,-6.002,-30.172,0
1398294821414,42090741212000,171538053000001,-6.394,-6.002,-30.172,0
1398294821432,42090751222000,171538053000001,-6.394,-6.002,-30.172,0
1398294821435,42090761262000,171538053000001,-6.394,-6.002,-30.172,0
1398294821446,42090773744000,171538053000001,-6.394,-6.002,-30.172,0
1398294821456,42090781282000,171538053000001,-6.394,-6.002,-30.172,0
1398294821461,42090791261000,171538053000001,-6.394,-6.002,-30.172,0
1398294821475,42090801271000,171538053000001,-6.394,-6.002,-30.172,0
1398294821481,42090811250000,171538053000001,-6.394,-6.002,-30.172,0
1398294821491,42090821260000,171538053000001,-6.394,-6.002,-30.172,0
1398294821501,42090831269000,171538053000001,-6.394,-6.002,-30.172,0
1398294821511,42090841310000,171538053000001,-6.394,-6.002,-30.172,0
1398294821525,42090851289000,171538053000001,-6.048,-6.002,-30.172,0
1398294821537,42090861329000,171538053000001,-6.048,-6.002,-30.172,0
1398294821545,42090871369000,171538053000001,-6.048,-6.002,-30.172,0
1398294821551,42090881349000,171538053000001,-6.048,-6.002,-30.172,0
1398294821561,42090891328000,171538053000001,-6.048,-6.002,-30.172,0
1398294821571,42090901338000,171538053000001,-5.735,-6.002,-30.172,0
1398294821581,42090911347000,171538053000001,-5.735,-6.002,-30.172,0
1398294821592,42090921388000,171538053000001,-5.735,-6.002,-30.172,0
1398294821604,42090931367000,171538053000001,-5.735,-6.002,-30.172,0
1398294821612,42090941407000,171538053000001,-5.735,-6.002,-30.172,0
1398294821623,42090952973000,171538053000001,-5.735,-6.002,-30.172,0
1398294821632,42090961457000,171538053000001,-5.735,-6.002,-30.172,0
1398294821652,42090971467000,171538053000001,-5.735,-6.002,-30.172,0
1398294821653,42090981507000,171538053000001,-5.735,-6.002,-30.172,0
1398294821662,42090991456000,171538053000001,-5.735,-6.002,-30.172,0
1398294821672,42091001466000,171538053000001,-5.735,-6.002,-30.172,0
1398294821682,42091011476000,171538053000001,-5.735,-6.002,-30.172,0
1398294821694,42091021485000,171538053000001,-5.735,-6.002,-30.172,0
1398294821711,42091033265000,171538053000001,-5.735,-6.002,-30.172,0
1398294821714,42091041474000,171538053000001,-5.735,-6.002,-30.172,0
1398294821747,42091051667000,171538053000001,-5.735,-6.002,-30.172,0
1398294821748,42091064027000,171538053000001,-5.735,-6.002,-30.172,0
1398294821754,42091071534000,171538053000001,-5.735,-6.002,-30.172,0
1398294821762,42091081544000,171538053000001,-5.735,-6.002,-30.172,0
1398294821790,42091092408000,171538053000001,-5.735,-6.002,-30.172,0
1398294821792,42091101564000,171538053000001,-5.735,-6.002,-30.172,0
1398294821794,42091111573000,171538053000001,-5.735,-6.002,-30.172,0
1398294821795,42091121583000,171538053000001,-5.735,-6.002,-30.172,0
1398294821804,42091133119000,171538053000001,-5.735,-6.002,-30.172,0
1398294821814,42091141664000,171538053000001,-5.735,-6.002,-30.172,0
1398294821822,42091151643000,171538053000001,-5.735,-6.002,-30.172,0
1398294821837,42091161653000,171538053000001,-5.735,-6.002,-30.172,0
1398294821841,42091171601000,171538053000001,-6.051,-6.002,-30.172,0
1398294821851,42091181611000,171538053000001,-6.051,-6.002,-30.172,0
1398294821861,42091191621000,171538053000001,-6.051,-6.002,-30.172,0
1398294821872,42091201631000,171538053000001,-6.051,-6.002,-30.172,0
1398294821881,42091211640000,171538053000001,-6.051,-6.002,-30.172,0
1398294821891,42091221650000,171538053000001,-6.051,-6.002,-30.172,0
1398294821903,42091231660000,171538053000001,-6.051,-6.002,-30.172,0
1398294821912,42091241700000,171538053000001,-6.051,-6.002,-30.172,0
1398294821922,42091251679000,171538053000001,-6.051,-6.002,-30.172,0
1398294821931,42091261689000,171538053000001,-6.051,-6.002,-30.172,0
1398294821941,42091271699000,171538053000001,-6.051,-6.002,-30.172,0
1398294821952,42091281709000,171538053000001,-6.051,-5.682,-30.172,0
1398294821962,42091291719000,171538053000001,-6.051,-5.682,-30.172,0
1398294821972,42091301728000,171538053000001,-6.051,-5.682,-30.172,0
1398294821983,42091313264000,171538053000001,-6.051,-5.682,-30.172,0
1398294821992,42091321961000,171538053000001,-6.051,-5.682,-30.172,0
1398294822002,42091331727000,171538053000001,-6.051,-5.682,-30.172,0
1398294822012,42091341767000,171538053000001,-6.051,-5.682,-30.172,0
1398294822022,42091351808000,171538053000001,-6.051,-5.682,-30.172,0
1398294822032,42091361787000,171538053000001,-6.051,-5.682,-30.172,0
1398294822042,42091371797000,171538053000001,-6.051,-5.682,-30.172,0
1398294822052,42091381806000,171538053000001,-6.051,-5.682,-30.172,0
1398294822063,42091391908000,171538053000001,-6.051,-5.682,-30.172,0
1398294822072,42091401887000,171538053000001,-6.051,-5.682,-30.172,0
1398294822082,42091411897000,171538053000001,-6.051,-5.682,-30.172,0
1398294822092,42091421876000,171538053000001,-6.051,-5.682,-30.172,0
1398294822102,42091431886000,171538053000001,-6.051,-5.682,-30.172,0
1398294822112,42091441896000,171538053000001,-6.051,-5.682,-29.867,0
1398294822122,42091451905000,171538053000001,-6.051,-5.682,-29.867,0
1398294822132,42091461915000,171538053000001,-6.051,-5.682,-29.867,0
1398294822142,42091471894000,171538053000001,-6.051,-5.682,-29.867,0
1398294822152,42091481904000,171538053000001,-6.051,-5.682,-29.867,0
1398294822171,42091498719000,171538053000001,-5.723,-5.682,-29.867,0
1398294822173,42091501985000,171538053000001,-5.723,-5.682,-29.867,0
1398294822186,42091515473000,171538053000001,-5.723,-5.682,-29.867,0
1398294822210,42091522645000,171538053000001,-5.723,-5.682,-29.867,0
1398294822212,42091532014000,171538053000001,-5.389,-5.682,-29.867,0
1398294822213,42091542085000,171538053000001,-5.389,-5.682,-29.867,0
1398294822223,42091552064000,171538053000001,-5.389,-6.01,-29.867,0
1398294822232,42091562043000,171538053000001,-5.088,-6.01,-29.867,0
1398294822242,42091572022000,171538053000001,-5.088,-6.01,-29.867,0
1398294822252,42091582032000,171538053000001,-5.088,-6.01,-29.867,0
1398294822266,42091592042000,171538053000001,-4.672,-6.01,-29.867,0
1398294822276,42091602082000,171538053000001,-4.672,-6.387,-30.175,0
1398294822282,42091612062000,171538053000001,-4.672,-6.387,-30.175,0
1398294822292,42091622102000,171538053000001,-4.266,-6.387,-30.175,0
1398294822310,42091632081000,171538053000001,-4.266,-6.387,-30.175,0
1398294822315,42091642121000,171538053000001,-4.266,-6.75,-30.175,0
1398294822324,42091652558000,171538053000001,-3.857,-6.75,-30.175,0
1398294822332,42091662110000,171538053000001,-3.857,-6.75,-30.175,0
1398294822347,42091673738000,171538053000001,-3.857,-6.75,-30.175,0
1398294822353,42091682191000,171538053000001,-3.857,-6.75,-30.175,0
1398294822363,42091692689000,171538053000001,-3.857,-7.084,-30.175,0
1398294822373,42091703340000,171538053000001,-3.536,-7.084,-30.175,0
1398294822382,42091712190000,171538053000001,-3.536,-7.084,-30.175,0
1398294822401,42091722169000,171538053000001,-3.536,-7.084,-30.175,0
1398294822403,42091732179000,171538053000001,-3.536,-7.084,-30.175,0
1398294822418,42091742158000,171538053000001,-3.536,-7.084,-30.175,0
1398294822422,42091752168000,171538053000001,-3.536,-7.084,-30.175,0
1398294822433,42091762208000,171538053000001,-3.536,-7.084,-30.175,0
1398294822442,42091772187000,171538053000001,-3.536,-7.084,-30.175,0
1398294822452,42091782197000,171538053000001,-3.536,-7.084,-30.175,0
1398294822464,42091792207000,171538053000001,-3.536,-7.084,-30.175,0
1398294822472,42091802217000,171538053000001,-3.536,-7.084,-30.175,0
1398294822482,42091812226000,171538053000001,-3.536,-7.084,-30.175,0
1398294822492,42091822236000,171538053000001,-3.86,-7.084,-30.175,0
1398294822502,42091832246000,171538053000001,-3.86,-6.736,-30.175,0
1398294822512,42091842622000,171538053000001,-3.86,-6.736,-30.175,0
1398294822524,42091853791000,171538053000001,-3.86,-6.736,-30.175,0
1398294822532,42091862306000,171538053000001,-3.86,-6.736,-30.175,0
1398294822542,42091872315000,171538053000001,-3.86,-6.736,-30.175,0
1398294822552,42091882264000,171538053000001,-4.2,-6.736,-30.175,0
1398294822562,42091892304000,171538053000001,-4.2,-6.736,-30.175,0
1398294822572,42091902284000,171538053000001,-4.2,-6.736,-30.175,0
1398294822585,42091912293000,171538053000001,-4.2,-6.736,-30.175,0
1398294822593,42091922303000,171538053000001,-4.2,-6.736,-30.175,0
1398294822602,42091932313000,171538053000001,-4.553,-6.736,-30.175,0
1398294822612,42091942323000,171538053000001,-4.553,-6.736,-30.175,0
1398294822622,42091952333000,171538053000001,-4.553,-6.736,-30.175,0
1398294822640,42091962342000,171538053000001,-4.553,-6.736,-30.175,0
1398294822644,42091972352000,171538053000001,-4.553,-6.736,-30.175,0
1398294822659,42091984284000,171538053000001,-4.553,-7.135,-30.175,0
1398294822662,42091992372000,171538053000001,-4.553,-7.135,-30.175,0
1398294822672,42092002381000,171538053000001,-4.553,-7.135,-30.175,0
1398294822683,42092012361000,171538053000001,-4.553,-7.438,-30.175,0
1398294822692,42092022401000,171538053000001,-4.553,-7.438,-30.175,0
1398294822704,42092033937000,171538053000001,-4.553,-7.438,-29.875,0
1398294822712,42092042451000,171538053000001,-4.553,-7.74,-29.875,0
1398294822722,42092052430000,171538053000001,-4.553,-7.74,-29.875,0
1398294822733,42092062409000,171538053000001,-4.553,-7.74,-29.875,0
1398294822742,42092072450000,171538053000001,-4.553,-7.74,-29.875,0
1398294822752,42092082429000,171538053000001,-4.553,-7.74,-29.875,0
1398294822763,42092092927000,171538053000001,-4.553,-8.05,-29.875,0
1398294822772,42092102479000,171538053000001,-4.553,-8.05,-29.875,0
1398294822782,42092112458000,171538053000001,-4.553,-8.05,-29.875,0
1398294822792,42092122499000,171538053000001,-4.553,-8.05,-29.875,0
1398294822802,42092132508000,171538053000001,-4.553,-8.05,-29.875,0
1398294822812,42092142518000,171538053000001,-4.553,-8.05,-29.875,0
1398294822822,42092152528000,171538053000001,-4.553,-8.05,-29.875,0
1398294822833,42092162538000,171538053000001,-4.553,-8.05,-29.875,0
1398294822866,42092172731000,171538053000001,-4.553,-8.05,-29.875,0
1398294822868,42092182557000,171538053000001,-4.553,-8.05,-29.875,0
1398294822869,42092192567000,171538053000001,-4.553,-8.05,-29.875,0
1398294822873,42092202577000,171538053000001,-4.553,-8.05,-29.875,0
1398294822884,42092214143000,171538053000001,-4.92,-8.05,-29.875,0
1398294822893,42092222627000,171538053000001,-4.92,-8.05,-29.875,0
1398294822902,42092232606000,171538053000001,-4.92,-8.05,-29.875,0
1398294822913,42092242616000,171538053000001,-4.92,-8.05,-29.875,0
1398294822922,42092252626000,171538053000001,-4.92,-8.05,-29.875,0
1398294822932,42092262635000,171538053000001,-5.271,-8.05,-29.875,0
1398294822943,42092272645000,171538053000001,-5.271,-8.05,-29.875,0
1398294822952,42092282655000,171538053000001,-5.271,-8.05,-29.875,0
1398294822963,42092292665000,171538053000001,-5.271,-8.05,-29.57,0
1398294822973,42092302644000,171538053000001,-5.271,-8.05,-29.57,0
1398294822983,42092312684000,171538053000001,-5.271,-8.05,-29.57,0
1398294822993,42092322694000,171538053000001,-5.271,-8.05,-29.57,0
1398294823003,42092332704000,171538053000001,-5.659,-8.05,-29.57,0
1398294823014,42092343690000,171538053000001,-5.659,-8.05,-29.57,0
1398294823024,42092353944000,171538053000001,-5.659,-8.05,-29.57,0
1398294823036,42092365480000,171538053000001,-5.659,-8.05,-29.57,0
1398294823046,42092375489000,171538053000001,-5.659,-7.714,-29.57,0
1398294823056,42092386079000,171538053000001,-6.011,-7.714,-29.57,0
1398294823065,42092394380000,171538053000001,-6.011,-7.714,-29.57,0
1398294823076,42092405488000,171538053000001,-6.011,-7.714,-29.57,0
1398294823085,42092415193000,171538053000001,-6.011,-7.714,-29.57,0
1398294823095,42092425233000,171538053000001,-6.011,-7.714,-29.57,0
1398294823105,42092435273000,171538053000001,-6.011,-7.714,-29.57,0
1398294823116,42092445680000,171538053000001,-6.011,-7.714,-29.57,0
1398294823124,42092454164000,171538053000001,-6.011,-7.714,-29.57,0
1398294823135,42092465333000,171538053000001,-6.011,-7.714,-29.57,0
1398294823145,42092475221000,171538053000001,-6.011,-7.714,-29.57,0
1398294823154,42092483216000,171538053000001,-6.011,-7.714,-29.57,0
1398294823163,42092492921000,171538053000001,-6.011,-7.714,-29.57,0
1398294823173,42092502931000,171538053000001,-6.011,-7.714,-29.57,0
1398294823189,42092512940000,171538053000001,-6.011,-7.714,-29.57,0
1398294823193,42092522950000,171538053000001,-6.011,-7.714,-29.57,0
1398294823208,42092532960000,171538053000001,-6.011,-7.714,-29.57,0
1398294823213,42092542970000,171538053000001,-6.011,-7.714,-29.57,0
1398294823223,42092552980000,171538053000001,-6.011,-7.714,-29.57,0
1398294823236,42092562989000,171538053000001,-6.011,-7.714,-29.57,0
1398294823245,42092574525000,171538053000001,-6.011,-7.714,-29.57,0
1398294823254,42092583406000,171538053000001,-6.011,-7.714,-29.57,0
1398294823265,42092594972000,171538053000001,-5.697,-7.714,-29.57,0
1398294823279,42092603028000,171538053000001,-5.697,-7.714,-29.57,0
1398294823289,42092613038000,171538053000001,-5.697,-7.714,-29.57,0
1398294823297,42092623048000,171538053000001,-5.697,-7.714,-29.57,0
1398294823303,42092633241000,171538053000001,-5.697,-7.714,-29.57,0
1398294823313,42092643067000,171538053000001,-5.697,-7.714,-29.57,0
1398294823323,42092653077000,171538053000001,-5.697,-7.714,-29.57,0
1398294823334,42092663087000,171538053000001,-5.697,-7.714,-29.57,0
1398294823343,42092673066000,171538053000001,-5.697,-7.714,-29.57,0
1398294823353,42092683106000,171538053000001,-5.697,-7.714,-29.57,0
1398294823363,42092693086000,171538053000001,-5.697,-7.714,-29.57,0
1398294823373,42092703126000,171538053000001,-5.697,-7.714,-29.57,0
1398294823383,42092713136000,171538053000001,-5.697,-7.714,-29.57,0
1398294823396,42092725495000,171538053000001,-5.697,-7.714,-29.57,0
1398294823410,42092739686000,171538053000001,-5.697,-7.714,-29.57,0
1398294823417,42092743409000,171538053000001,-5.697,-7.714,-29.57,0
1398294823429,42092757569000,171538053000001,-5.697,-7.714,-29.57,0
1398294823433,42092763154000,171538053000001,-5.697,-7.714,-29.57,0
1398294823446,42092775636000,171538053000001,-5.697,-7.714,-29.57,0
1398294823455,42092783235000,171538053000001,-5.697,-7.714,-29.57,0
1398294823467,42092794068000,171538053000001,-5.697,-7.714,-29.57,0
1398294823476,42092803193000,171538053000001,-5.697,-7.714,-29.57,0
1398294823485,42092813203000,171538053000001,-5.697,-7.714,-29.57,0
1398294823499,42092826264000,171538053000001,-5.697,-7.714,-29.57,0
1398294823503,42092833222000,171538053000001,-5.697,-7.714,-29.57,0
1398294823515,42092844422000,171538053000001,-5.697,-7.714,-29.57,0
1398294823527,42092856843000,171538053000001,-5.697,-7.714,-29.57,0
1398294823555,42092863252000,171538053000001,-5.697,-7.714,-29.57,0
1398294823556,42092873262000,171538053000001,-5.697,-7.714,-29.57,0
1398294823558,42092883271000,171538053000001,-5.697,-7.714,-29.57,0
1398294823579,42092893281000,171538053000001,-5.697,-7.714,-29.57,0
1398294823581,42092906983000,171538053000001,-5.697,-7.714,-29.57,0
1398294823597,42092913301000,171538053000001,-6.005,-7.714,-29.57,0
1398294823600,42092923310000,171538053000001,-6.005,-7.714,-29.57,0
1398294823619,42092934907000,171538053000001,-6.005,-7.714,-29.57,0
1398294823623,42092943360000,171538053000001,-6.005,-7.714,-29.57,0
1398294823624,42092953340000,171538053000001,-6.005,-7.714,-29.57,0
1398294823634,42092963349000,171538053000001,-6.361,-7.714,-29.57,0
1398294823643,42092973359000,171538053000001,-6.361,-7.714,-29.57,0
1398294823653,42092983338000,171538053000001,-6.361,-7.714,-29.57,0
1398294823665,42092994081000,171538053000001,-6.361,-7.714,-29.57,0
1398294823673,42093003358000,171538053000001,-6.361,-7.714,-29.57,0
1398294823683,42093013398000,171538053000001,-6.361,-7.714,-29.57,0
1398294823693,42093023377000,171538053000001,-6.361,-7.714,-29.57,0
1398294823703,42093033387000,171538053000001,-6.361,-7.402,-29.57,0
1398294823714,42093043428000,171538053000001,-6.361,-7.402,-29.57,0
1398294823723,42093053437000,171538053000001,-6.361,-7.402,-29.57,0
1398294823733,42093063417000,171538053000001,-6.684,-7.402,-29.57,0
1398294823743,42093073426000,171538053000001,-6.684,-7.402,-29.57,0
1398294823753,42093083467000,171538053000001,-6.684,-7.402,-29.57,0
1398294823763,42093093446000,171538053000001,-6.684,-7.402,-29.57,0
1398294823773,42093103456000,171538053000001,-6.684,-7.402,-29.57,0
1398294823785,42093115022000,171538053000001,-6.684,-7.402,-29.57,0
1398294823793,42093123506000,171538053000001,-6.684,-7.402,-29.57,0
1398294823803,42093133485000,171538053000001,-6.684,-7.402,-29.57,0
1398294823813,42093143495000,171538053000001,-6.684,-7.402,-29.57,0
1398294823823,42093153535000,171538053000001,-6.361,-7.402,-29.57,0
1398294823833,42093163514000,171538053000001,-6.361,-7.099,-29.57,0
1398294823843,42093173524000,171538053000001,-6.361,-7.099,-29.57,0
1398294823853,42093183534000,171538053000001,-6.361,-7.099,-29.57,0
1398294823863,42093193543000,171538053000001,-6.361,-7.099,-29.57,0
1398294823878,42093208039000,171538053000001,-6.361,-7.099,-29.57,0
1398294823884,42093213533000,171538053000001,-6.042,-7.099,-29.57,0
1398294823893,42093223542000,171538053000001,-6.042,-7.099,-29.57,0
1398294823903,42093233552000,171538053000001,-6.042,-7.099,-29.57,0
1398294823914,42093243653000,171538053000001,-6.042,-7.099,-29.57,0
1398294823924,42093253633000,171538053000001,-6.042,-7.099,-29.57,0
1398294823934,42093263612000,171538053000001,-6.042,-7.099,-29.57,0
1398294823945,42093273652000,171538053000001,-6.042,-7.099,-29.57,0
1398294823955,42093283662000,171538053000001,-6.042,-7.099,-29.57,0
1398294823966,42093295259000,171538053000001,-6.042,-7.099,-29.57,0
1398294823974,42093303681000,171538053000001,-6.042,-7.099,-29.57,0
1398294823986,42093313722000,171538053000001,-6.042,-7.099,-29.57,0
1398294823994,42093323731000,171538053000001,-6.042,-7.099,-29.57,0
1398294824004,42093333711000,171538053000001,-6.042,-7.099,-29.881,0
1398294824014,42093343690000,171538053000001,-6.042,-7.099,-29.881,0
1398294824024,42093353730000,171538053000001,-6.042,-7.099,-29.881,0
1398294824034,42093363740000,171538053000001,-6.042,-7.099,-29.881,0
1398294824044,42093373719000,171538053000001,-6.042,-7.099,-29.881,0
1398294824054,42093383729000,171538053000001,-6.042,-7.099,-29.881,0
1398294824064,42093393739000,171538053000001,-6.042,-7.099,-29.881,0
1398294824074,42093403749000,171538053000001,-6.042,-7.099,-29.881,0
1398294824084,42093413758000,171538053000001,-6.042,-7.099,-29.881,0
1398294824094,42093423768000,171538053000001,-6.042,-7.099,-29.881,0
1398294824104,42093433778000,171538053000001,-6.042,-7.099,-29.881,0
1398294824114,42093443971000,171538053000001,-6.042,-6.784,-29.881,0
1398294824124,42093453797000,171538053000001,-6.042,-6.784,-29.881,0
1398294824134,42093463807000,171538053000001,-6.042,-6.784,-29.881,0
1398294824147,42093475373000,171538053000001,-6.042,-6.784,-29.881,0
1398294824154,42093483888000,171538053000001,-6.042,-6.784,-29.881,0
1398294824164,42093493867000,171538053000001,-6.042,-6.784,-29.881,0
1398294824174,42093503877000,171538053000001,-6.042,-6.784,-29.881,0
1398294824189,42093518525000,171538053000001,-6.042,-6.434,-29.881,0
1398294824194,42093523896000,171538053000001,-6.042,-6.434,-29.881,0
1398294824204,42093533876000,171538053000001,-6.042,-6.434,-29.881,0
1398294824214,42093543855000,171538053000001,-6.042,-6.434,-29.881,0
1398294824224,42093553865000,171538053000001,-5.725,-6.434,-29.881,0
1398294824234,42093563874000,171538053000001,-5.725,-6.434,-29.881,0
1398294824244,42093573884000,171538053000001,-5.725,-6.115,-29.881,0
1398294824254,42093583894000,171538053000001,-5.725,-6.115,-29.881,0
1398294824264,42093593873000,171538053000001,-5.725,-6.115,-29.881,0
1398294824274,42093603913000,171538053000001,-5.725,-6.115,-29.881,0
1398294824284,42093613923000,171538053000001,-5.397,-6.115,-29.881,0
1398294824296,42093623933000,171538053000001,-5.397,-6.115,-29.881,0
1398294824304,42093633943000,171538053000001,-5.397,-6.115,-29.881,0
1398294824314,42093643952000,171538053000001,-5.397,-6.115,-29.881,0
1398294824326,42093655519000,171538053000001,-5.397,-6.115,-29.881,0
1398294824334,42093664002000,171538053000001,-5.397,-6.115,-29.881,0
1398294824344,42093673982000,171538053000001,-5.397,-6.115,-29.881,0
1398294824354,42093684022000,171538053000001,-5.397,-6.115,-29.881,0
1398294824364,42093694001000,171538053000001,-5.397,-6.115,-29.881,0
1398294824374,42093704011000,171538053000001,-5.397,-6.115,-29.881,0
1398294824384,42093714051000,171538053000001,-5.397,-6.115,-29.881,0
1398294824394,42093724000000,171538053000001,-5.397,-6.115,-29.881,0
1398294824404,42093734071000,171538053000001,-5.397,-6.115,-29.881,0
1398294824415,42093744691000,171538053000001,-5.397,-6.115,-29.881,0
1398294824431,42093759889000,171538053000001,-5.397,-6.115,-29.881,0
1398294824436,42093764070000,171538053000001,-5.397,-6.115,-29.881,0
1398294824444,42093774079000,171538053000001,-5.397,-6.115,-29.881,0
1398294824454,42093784089000,171538053000001,-5.397,-6.115,-29.881,0
1398294824465,42093794099000,171538053000001,-5.397,-6.115,-29.881,0
1398294824476,42093804109000,171538053000001,-5.709,-6.115,-29.881,0
1398294824484,42093814118000,171538053000001,-5.709,-6.115,-29.881,0
1398294824495,42093824128000,171538053000001,-5.709,-6.115,-29.881,0
1398294824506,42093835694000,171538053000001,-5.709,-6.115,-30.192,0
1398294824514,42093844178000,171538053000001,-5.709,-6.115,-30.192,0
1398294824524,42093854158000,171538053000001,-5.709,-6.115,-30.192,0
1398294824534,42093864320000,171538053000001,-5.709,-6.115,-30.192,0
1398294824544,42093874177000,171538053000001,-5.709,-6.115,-30.192,0
1398294824554,42093884187000,171538053000001,-5.709,-6.115,-30.192,0
1398294824564,42093894197000,171538053000001,-5.709,-5.815,-30.192,0
1398294824574,42093904206000,171538053000001,-5.709,-5.815,-30.192,0
1398294824585,42093914216000,171538053000001,-5.709,-5.815,-30.506,0
1398294824594,42093924226000,171538053000001,-5.709,-5.815,-30.506,0
1398294824604,42093934236000,171538053000001,-5.709,-5.815,-30.506,0
1398294824614,42093944245000,171538053000001,-5.709,-5.815,-30.506,0
1398294824624,42093954255000,171538053000001,-5.709,-5.815,-30.506,0
1398294824634,42093964265000,171538053000001,-5.709,-5.815,-30.506,0
1398294824645,42093974275000,171538053000001,-5.709,-5.815,-30.506,0
1398294824658,42093984284000,171538053000001,-5.709,-5.815,-30.506,0
1398294824667,42093994325000,171538053000001,-5.709,-5.815,-30.506,0
1398294824674,42094004304000,171538053000001,-5.709,-5.815,-30.506,0
1398294824686,42094015870000,171538053000001,-5.4,-5.815,-30.506,0
1398294824695,42094024354000,171538053000001,-5.4,-5.815,-30.506,0
1398294824705,42094034333000,171538053000001,-5.4,-5.815,-30.506,0
1398294824714,42094044343000,171538053000001,-5.4,-5.815,-30.506,0
1398294824724,42094054353000,171538053000001,-5.4,-5.815,-30.506,0
1398294824734,42094064363000,171538053000001,-5.4,-5.815,-30.506,0
1398294824744,42094074372000,171538053000001,-5.4,-5.815,-30.506,0
1398294824754,42094084382000,171538053000001,-5.4,-5.815,-30.506,0
1398294824765,42094094392000,171538053000001,-5.4,-5.815,-30.506,0
1398294824776,42094104402000,171538053000001,-5.4,-5.815,-30.506,0
1398294824785,42094114411000,171538053000001,-5.4,-5.815,-30.506,0
1398294824795,42094124421000,171538053000001,-5.4,-5.815,-30.506,0
1398294824805,42094134675000,171538053000001,-5.4,-5.815,-30.506,0
1398294824814,42094144441000,171538053000001,-5.4,-5.815,-30.506,0
1398294824824,42094154420000,171538053000001,-5.709,-5.815,-30.506,0
1398294824834,42094164460000,171538053000001,-5.709,-5.815,-30.506,0
1398294824844,42094174470000,171538053000001,-5.709,-5.815,-30.506,0
1398294824854,42094184480000,171538053000001,-5.709,-5.815,-30.506,0
1398294824866,42094196046000,171538053000001,-5.709,-5.815,-30.506,0
1398294824875,42094204530000,171538053000001,-5.709,-5.815,-30.506,0
1398294824885,42094214509000,171538053000001,-5.709,-5.815,-30.506,0
1398294824895,42094224519000,171538053000001,-5.709,-5.815,-30.506,0
1398294824905,42094234529000,171538053000001,-5.709,-5.815,-30.506,0
1398294824915,42094244538000,171538053000001,-5.709,-5.815,-30.506,0
1398294824925,42094254548000,171538053000001,-5.709,-5.815,-30.506,0
1398294824935,42094264558000,171538053000001,-5.709,-5.815,-30.506,0
1398294824945,42094274568000,171538053000001,-5.709,-5.815,-30.506,0
1398294824955,42094284577000,171538053000001,-5.709,-5.815,-30.506,0
1398294824965,42094294587000,171538053000001,-5.709,-5.815,-30.177,0
1398294824975,42094304627000,171538053000001,-5.709,-5.815,-30.177,0
1398294824985,42094314607000,171538053000001,-5.709,-5.815,-30.177,0
1398294824995,42094324616000,171538053000001,-5.709,-5.815,-30.177,0
1398294825005,42094334626000,171538053000001,-5.709,-5.815,-30.177,0
1398294825016,42094344636000,171538053000001,-5.709,-5.815,-30.177,0
1398294825025,42094354646000,171538053000001,-5.709,-5.815,-30.177,0
1398294825035,42094364656000,171538053000001,-5.709,-5.815,-30.177,0
1398294825046,42094376222000,171538053000001,-5.709,-5.815,-30.177,0
1398294825055,42094384706000,171538053000001,-5.709,-5.815,-30.177,0
1398294825065,42094394654000,171538053000001,-5.709,-5.815,-30.177,0
1398294825075,42094404695000,171538053000001,-5.709,-5.815,-30.177,0
1398294825085,42094414704000,171538053000001,-5.709,-5.815,-30.177,0
1398294825097,42094424714000,171538053000001,-5.709,-5.815,-30.177,0
1398294825105,42094434724000,171538053000001,-5.709,-5.815,-30.177,0
1398294825117,42094444856000,171538053000001,-5.709,-5.815,-30.177,0
1398294825125,42094454743000,171538053000001,-5.709,-5.815,-30.177,0
1398294825135,42094464753000,171538053000001,-5.709,-5.815,-30.177,0
1398294825145,42094474763000,171538053000001,-5.709,-5.815,-30.177,0
1398294825154,42094484742000,171538053000001,-5.709,-5.815,-30.177,0
1398294825165,42094494752000,171538053000001,-5.709,-5.815,-30.177,0
1398294825175,42094504792000,171538053000001,-5.709,-5.815,-30.177,0
1398294825185,42094514802000,171538053000001,-5.709,-5.496,-30.177,0
1398294825197,42094524781000,171538053000001,-5.709,-5.496,-30.177,0
1398294825205,42094534822000,171538053000001,-5.709,-5.496,-30.177,0
1398294825216,42094544831000,171538053000001,-5.709,-5.496,-30.177,0
1398294825228,42094556367000,171538053000001,-5.709,-5.496,-30.177,0
1398294825236,42094564881000,171538053000001,-5.709,-5.496,-30.505,0
1398294825245,42094574861000,171538053000001,-5.709,-5.496,-30.505,0
1398294825255,42094584840000,171538053000001,-5.709,-5.496,-30.505,0
1398294825265,42094594850000,171538053000001,-5.709,-5.496,-30.505,0
1398294825275,42094604859000,171538053000001,-5.709,-5.496,-30.505,0
1398294825285,42094614900000,171538053000001,-5.709,-5.496,-30.505,0
1398294825301,42094624909000,171538053000001,-5.709,-5.496,-30.505,0
1398294825308,42094634919000,171538053000001,-5.709,-5.496,-30.505,0
1398294825316,42094645021000,171538053000001,-5.364,-5.496,-30.505,0
1398294825326,42094654908000,171538053000001,-5.364,-5.496,-30.505,0
1398294825335,42094664949000,171538053000001,-5.364,-5.496,-30.505,0
1398294825345,42094674928000,171538053000001,-5.364,-5.496,-30.505,0
1398294825355,42094684938000,171538053000001,-5.364,-5.496,-30.505,0
1398294825365,42094694947000,171538053000001,-5.364,-5.496,-30.505,0
1398294825376,42094704988000,171538053000001,-5.364,-5.496,-30.505,0
1398294825385,42094714997000,171538053000001,-5.364,-5.496,-30.505,0
1398294825395,42094725007000,171538053000001,-5.364,-5.496,-30.505,0
1398294825407,42094736543000,171538053000001,-5.364,-5.496,-30.505,0
1398294825419,42094749085000,171538053000001,-5.364,-5.496,-30.505,0
1398294825425,42094755036000,171538053000001,-5.364,-5.496,-30.505,0
1398294825435,42094765046000,171538053000001,-5.364,-5.496,-30.505,0
1398294825445,42094775025000,171538053000001,-5.364,-5.496,-30.505,0
1398294825455,42094785035000,171538053000001,-5.364,-5.496,-30.505,0
1398294825465,42094795075000,171538053000001,-5.364,-5.496,-30.505,0
1398294825477,42094805055000,171538053000001,-5.056,-5.496,-30.505,0
1398294825485,42094815095000,171538053000001,-5.056,-5.496,-30.505,0
1398294825495,42094825074000,171538053000001,-5.056,-5.496,-30.505,0
1398294825505,42094835145000,171538053000001,-5.056,-5.496,-30.505,0
1398294825515,42094845155000,171538053000001,-5.056,-5.496,-30.505,0
1398294825526,42094855165000,171538053000001,-5.056,-5.496,-30.505,0
1398294825535,42094865174000,171538053000001,-5.056,-5.496,-30.505,0
1398294825549,42094875184000,171538053000001,-5.056,-5.496,-30.505,0
1398294825555,42094885194000,171538053000001,-5.056,-5.496,-30.505,0
1398294825565,42094895478000,171538053000001,-5.056,-5.496,-30.505,0
1398294825576,42094905213000,171538053000001,-5.056,-5.496,-30.505,0
1398294825587,42094916780000,171538053000001,-5.056,-5.496,-30.505,0
1398294825595,42094925263000,171538053000001,-5.056,-5.496,-30.505,0
1398294825605,42094935243000,171538053000001,-5.056,-5.496,-30.505,0
1398294825620,42094945222000,171538053000001,-5.056,-5.496,-30.505,0
1398294825628,42094955323000,171538053000001,-5.056,-5.496,-30.505,0
1398294825645,42094965333000,171538053000001,-5.056,-5.496,-30.505,0
1398294825647,42094975343000,171538053000001,-5.056,-5.496,-30.505,0
1398294825655,42094985322000,171538053000001,-5.056,-5.496,-30.505,0
1398294825665,42094995301000,171538053000001,-5.056,-5.496,-30.505,0
1398294825675,42095005311000,171538053000001,-5.056,-5.496,-30.505,0
1398294825685,42095015321000,171538053000001,-5.056,-5.496,-30.505,0
1398294825695,42095025331000,171538053000001,-5.056,-5.825,-30.505,0
1398294825705,42095035340000,171538053000001,-5.056,-5.825,-30.505,0
1398294825715,42095045350000,171538053000001,-5.056,-5.825,-30.505,0
1398294825726,42095056367000,171538053000001,-5.056,-5.825,-30.505,0
1398294825735,42095065339000,171538053000001,-5.056,-5.825,-30.505,0
1398294825745,42095075349000,171538053000001,-5.056,-5.825,-30.505,0
1398294825755,42095085328000,171538053000001,-4.711,-6.204,-30.505,0
1398294825767,42095096894000,171538053000001,-4.711,-6.204,-30.505,0
1398294825775,42095105409000,171538053000001,-4.711,-6.204,-30.505,0
1398294825785,42095115388000,171538053000001,-4.386,-6.204,-30.505,0
1398294825795,42095125398000,171538053000001,-4.386,-6.538,-30.505,0
1398294825805,42095135560000,171538053000001,-4.386,-6.538,-30.505,0
1398294825815,42095145417000,171538053000001,-4.386,-6.538,-30.505,0
1398294825825,42095155427000,171538053000001,-4.386,-6.538,-30.505,0
1398294825835,42095165437000,171538053000001,-4.04,-6.538,-30.505,0
1398294825845,42095175447000,171538053000001,-4.04,-6.538,-30.505,0
1398294825855,42095185456000,171538053000001,-4.04,-6.538,-30.505,0
1398294825868,42095195497000,171538053000001,-4.04,-6.538,-30.505,0
1398294825882,42095205964000,171538053000001,-4.04,-6.849,-30.505,0
1398294825886,42095215974000,171538053000001,-3.681,-6.849,-30.505,0
1398294825899,42095225526000,171538053000001,-3.681,-6.849,-30.2,0
1398294825912,42095236726000,171538053000001,-3.681,-6.849,-30.2,0
1398294825918,42095245545000,171538053000001,-3.681,-6.849,-30.2,0
1398294825929,42095256013000,171538053000001,-3.681,-6.849,-30.2,0
1398294825939,42095268678000,171538053000001,-3.681,-6.849,-30.2,0
1398294825949,42095278657000,171538053000001,-3.681,-6.849,-30.2,0
1398294825959,42095287324000,171538053000001,-3.681,-6.849,-30.2,0
1398294825967,42095296815000,171538053000001,-3.681,-6.849,-30.2,0
1398294825981,42095306977000,171538053000001,-3.681,-6.849,-30.2,0
1398294825992,42095315644000,171538053000001,-3.681,-6.849,-30.2,0
1398294826004,42095325624000,171538053000001,-3.681,-6.849,-30.2,0
1398294826006,42095335664000,171538053000001,-3.681,-6.849,-30.2,0
1398294826016,42095345643000,171538053000001,-3.681,-6.849,-30.2,0
1398294826030,42095359468000,171538053000001,-3.681,-6.849,-30.2,0
1398294826036,42095365632000,171538053000001,-3.681,-6.849,-30.2,0
1398294826046,42095375703000,171538053000001,-3.994,-6.532,-30.2,0
1398294826056,42095385682000,171538053000001,-3.994,-6.532,-30.2,0
1398294826066,42095395692000,171538053000001,-3.994,-6.532,-30.2,0
1398294826076,42095405702000,171538053000001,-3.994,-6.532,-30.2,0
1398294826086,42095415711000,171538053000001,-4.306,-6.532,-30.2,0
1398294826096,42095425721000,171538053000001,-4.306,-6.532,-30.2,0
1398294826106,42095435731000,171538053000001,-4.306,-6.532,-30.2,0
1398294826116,42095445741000,171538053000001,-4.306,-6.532,-30.2,0
1398294826127,42095457276000,171538053000001,-4.306,-6.227,-30.2,0
1398294826136,42095465760000,171538053000001,-4.64,-6.227,-30.2,0
1398294826154,42095475770000,171538053000001,-4.64,-6.227,-30.2,0
1398294826156,42095485780000,171538053000001,-4.64,-6.227,-30.2,0
1398294826166,42095496095000,171538053000001,-4.64,-6.227,-30.2,0
1398294826176,42095505799000,171538053000001,-4.64,-6.227,-30.2,0
1398294826186,42095515779000,171538053000001,-4.64,-6.227,-30.2,0
1398294826196,42095525788000,171538053000001,-4.945,-6.227,-30.2,0
1398294826208,42095535829000,171538053000001,-4.945,-6.227,-30.2,0
1398294826216,42095545838000,171538053000001,-4.945,-6.227,-30.2,0
1398294826226,42095555848000,171538053000001,-4.945,-6.227,-30.2,0
1398294826236,42095565827000,171538053000001,-4.945,-6.227,-30.2,0
1398294826246,42095575837000,171538053000001,-4.945,-6.227,-30.2,0
1398294826256,42095585847000,171538053000001,-4.945,-6.227,-30.2,0
1398294826266,42095595887000,171538053000001,-5.287,-6.227,-30.2,0
1398294826276,42095605897000,171538053000001,-5.287,-6.227,-30.2,0
1398294826286,42095615876000,171538053000001,-5.287,-5.883,-30.2,0
1398294826296,42095625886000,171538053000001,-5.287,-5.883,-30.2,0
1398294826307,42095637452000,171538053000001,-5.603,-5.883,-30.2,0
1398294826316,42095645936000,171538053000001,-5.603,-5.883,-30.2,0
1398294826326,42095655915000,171538053000001,-5.603,-5.883,-30.2,0
1398294826336,42095665895000,171538053000001,-5.603,-5.883,-30.2,0
1398294826346,42095675935000,171538053000001,-5.603,-5.883,-30.2,0
1398294826357,42095685914000,171538053000001,-5.603,-5.883,-30.2,0
1398294826366,42095695954000,171538053000001,-5.603,-5.883,-30.2,0
1398294826376,42095705934000,171538053000001,-5.603,-5.883,-30.2,0
1398294826386,42095716188000,171538053000001,-5.603,-5.883,-30.2,0
1398294826396,42095725984000,171538053000001,-5.603,-5.883,-30.2,0
1398294826406,42095735993000,171538053000001,-5.603,-5.572,-30.2,0
1398294826416,42095746003000,171538053000001,-5.603,-5.572,-30.2,0
1398294826426,42095756013000,171538053000001,-5.603,-5.572,-30.2,0
1398294826436,42095765992000,171538053000001,-5.603,-5.572,-30.2,0
1398294826446,42095776033000,171538053000001,-5.603,-5.572,-30.2,0
1398294826456,42095786042000,171538053000001,-5.603,-5.572,-30.2,0
1398294826470,42095799592000,171538053000001,-5.603,-5.572,-30.2,0
1398294826485,42095814454000,171538053000001,-5.603,-5.572,-30.2,0
1398294826488,42095817567000,171538053000001,-5.603,-5.572,-30.2,0
1398294826496,42095826142000,171538053000001,-5.603,-5.572,-30.2,0
1398294826507,42095836061000,171538053000001,-5.603,-5.572,-30.2,0
1398294826516,42095846070000,171538053000001,-5.603,-5.572,-30.2,0
1398294826526,42095856080000,171538053000001,-5.603,-5.572,-30.2,0
1398294826536,42095866120000,171538053000001,-5.603,-5.244,-30.2,0
1398294826548,42095876130000,171538053000001,-5.603,-5.244,-30.2,0
1398294826558,42095886109000,171538053000001,-5.603,-5.244,-30.2,0
1398294826566,42095896150000,171538053000001,-5.912,-5.244,-30.5,0
1398294826576,42095906129000,171538053000001,-5.912,-5.244,-30.5,0
1398294826586,42095916139000,171538053000001,-5.912,-5.244,-30.5,0
1398294826602,42095926179000,171538053000001,-5.912,-5.244,-30.5,0
1398294826611,42095936189000,171538053000001,-5.912,-5.244,-30.5,0
1398294826616,42095946168000,171538053000001,-5.912,-5.244,-30.5,0
1398294826626,42095956178000,171538053000001,-5.912,-5.244,-30.5,0
1398294826636,42095966188000,171538053000001,-5.912,-5.244,-30.5,0
1398294826646,42095976197000,171538053000001,-5.912,-5.244,-30.5,0
1398294826656,42095986390000,171538053000001,-5.912,-4.943,-30.5,0
1398294826668,42095997743000,171538053000001,-6.242,-4.943,-30.5,0
1398294826676,42096006288000,171538053000001,-6.242,-4.943,-30.5,0
1398294826686,42096016236000,171538053000001,-6.242,-4.943,-30.5,0
1398294826698,42096026246000,171538053000001,-6.242,-4.943,-30.5,0
1398294826711,42096036286000,171538053000001,-6.242,-4.943,-30.5,0
1398294826716,42096046296000,171538053000001,-6.242,-4.943,-30.5,0
1398294826727,42096056275000,171538053000001,-6.242,-4.943,-30.5,0
1398294826736,42096066285000,171538053000001,-6.242,-4.943,-30.5,0
1398294826746,42096076295000,171538053000001,-6.242,-4.943,-30.5,0
1398294826757,42096086366000,171538053000001,-6.242,-4.943,-30.5,0
1398294826766,42096096345000,171538053000001,-6.242,-4.943,-30.5,0
1398294826776,42096106355000,171538053000001,-6.242,-4.943,-30.5,0
1398294826786,42096116334000,171538053000001,-6.242,-4.943,-30.5,0
1398294826796,42096126374000,171538053000001,-6.242,-4.943,-30.5,0
1398294826806,42096136354000,171538053000001,-6.242,-4.943,-30.5,0
1398294826816,42096146363000,171538053000001,-6.242,-4.943,-30.5,0
1398294826826,42096156373000,171538053000001,-6.242,-4.943,-30.5,0
1398294826836,42096166383000,171538053000001,-6.242,-4.943,-30.5,0
1398294826848,42096177918000,171538053000001,-6.242,-4.943,-30.5,0
1398294826856,42096186433000,171538053000001,-6.242,-4.943,-30.5,0
1398294826866,42096196412000,171538053000001,-6.242,-4.943,-30.5,0
1398294826876,42096206422000,171538053000001,-6.242,-4.943,-30.5,0
1398294826887,42096216462000,171538053000001,-6.242,-4.943,-30.5,0
1398294826897,42096226472000,171538053000001,-6.242,-4.943,-30.5,0
1398294826910,42096236451000,171538053000001,-6.242,-4.943,-30.5,0
1398294826916,42096246461000,171538053000001,-6.242,-4.943,-30.5,0
1398294826927,42096256471000,171538053000001,-6.242,-4.943,-30.5,0
1398294826936,42096266481000,171538053000001,-6.242,-4.943,-30.5,0
1398294826947,42096276490000,171538053000001,-6.242,-4.943,-30.5,0
1398294826957,42096286500000,171538053000001,-6.242,-4.943,-30.5,0
1398294826966,42096296510000,171538053000001,-6.242,-4.943,-30.5,0
1398294826977,42096306520000,171538053000001,-6.242,-4.943,-30.5,0
1398294826987,42096316499000,171538053000001,-6.242,-4.943,-30.5,0
1398294826997,42096326539000,171538053000001,-6.242,-4.943,-30.5,0
1398294827007,42096336549000,171538053000001,-6.242,-4.943,-30.5,0
1398294827017,42096346559000,171538053000001,-6.242,-4.943,-30.5,0
1398294827028,42096358125000,171538053000001,-6.549,-4.943,-30.5,0
1398294827037,42096366609000,171538053000001,-6.549,-4.943,-30.5,0
1398294827048,42096376618000,171538053000001,-6.549,-4.943,-30.198,0
1398294827060,42096386598000,171538053000001,-6.549,-4.943,-30.198,0
1398294827067,42096396607000,171538053000001,-6.549,-4.943,-30.198,0
1398294827077,42096406800000,171538053000001,-6.549,-4.943,-30.198,0
1398294827086,42096416627000,171538053000001,-6.549,-4.943,-30.198,0
1398294827096,42096426637000,171538053000001,-6.549,-4.943,-30.198,0
1398294827106,42096436647000,171538053000001,-6.549,-4.943,-30.198,0
1398294827116,42096446656000,171538053000001,-6.549,-4.943,-30.198,0
1398294827127,42096456666000,171538053000001,-6.549,-4.943,-30.198,0
1398294827137,42096466676000,171538053000001,-6.549,-4.943,-30.198,0
1398294827147,42096476686000,171538053000001,-6.549,-4.943,-30.198,0
1398294827157,42096486695000,171538053000001,-6.549,-4.943,-30.198,0
1398294827167,42096496736000,171538053000001,-6.549,-4.943,-30.198,0
1398294827177,42096506715000,171538053000001,-6.549,-4.943,-30.198,0
1398294827187,42096516725000,171538053000001,-6.549,-4.943,-30.198,0
1398294827197,42096526765000,171538053000001,-6.549,-4.943,-30.198,0
1398294827209,42096538362000,171538053000001,-6.549,-4.943,-30.198,0
1398294827217,42096546784000,171538053000001,-6.549,-4.943,-30.198,0
1398294827227,42096556733000,171538053000001,-6.549,-4.943,-30.198,0
1398294827237,42096566773000,171538053000001,-6.549,-4.943,-30.198,0
1398294827247,42096576783000,171538053000001,-6.549,-4.943,-30.198,0
1398294827261,42096590577000,171538053000001,-6.549,-4.943,-30.198,0
1398294827267,42096596772000,171538053000001,-6.549,-4.943,-30.198,0
1398294827277,42096606813000,171538053000001,-6.549,-4.943,-30.198,0
1398294827287,42096616822000,171538053000001,-6.549,-4.943,-30.198,0
1398294827297,42096626863000,171538053000001,-6.549,-4.943,-30.198,0
1398294827307,42096636872000,171538053000001,-6.549,-4.943,-30.198,0
1398294827317,42096646882000,171538053000001,-6.549,-4.943,-30.198,0
1398294827327,42096656892000,171538053000001,-6.549,-4.943,-30.198,0
1398294827337,42096666902000,171538053000001,-6.549,-4.943,-30.198,0
1398294827347,42096676911000,171538053000001,-6.549,-4.943,-30.198,0
1398294827357,42096686921000,171538053000001,-6.549,-4.943,-30.198,0
1398294827367,42096696931000,171538053000001,-6.549,-4.943,-30.198,0
1398294827377,42096706941000,171538053000001,-6.549,-4.943,-30.198,0
1398294827389,42096718507000,171538053000001,-6.549,-4.943,-30.198,0
1398294827397,42096727021000,171538053000001,-6.549,-4.943,-30.198,0
1398294827407,42096736970000,171538053000001,-6.549,-4.943,-30.198,0
1398294827417,42096746980000,171538053000001,-6.549,-4.943,-30.198,0
1398294827427,42096756990000,171538053000001,-6.549,-4.943,-30.198,0
1398294827437,42096766999000,171538053000001,-6.549,-4.943,-30.198,0
1398294827447,42096777009000,171538053000001,-6.549,-4.943,-30.52,0
1398294827457,42096787019000,171538053000001,-6.234,-4.943,-30.52,0
1398294827467,42096797029000,171538053000001,-6.234,-4.943,-30.52,0
1398294827477,42096807038000,171538053000001,-6.234,-4.943,-30.52,0
1398294827487,42096817048000,171538053000001,-6.234,-4.943,-30.52,0
1398294827497,42096827058000,171538053000001,-6.234,-4.943,-30.52,0
1398294827507,42096837068000,171538053000001,-6.234,-4.943,-30.52,0
1398294827517,42096847077000,171538053000001,-6.234,-4.943,-30.52,0
1398294827527,42096857087000,171538053000001,-6.234,-4.943,-30.52,0
1398294827537,42096867097000,171538053000001,-6.234,-4.943,-30.52,0
1398294827547,42096877107000,171538053000001,-5.929,-4.943,-30.52,0
1398294827558,42096887086000,171538053000001,-5.929,-4.943,-30.52,0
1398294827574,42096898683000,171538053000001,-5.929,-4.943,-30.52,0
1398294827579,42096907350000,171538053000001,-5.929,-4.943,-30.52,0
1398294827601,42096918580000,171538053000001,-5.929,-4.943,-30.52,0
1398294827608,42096927186000,171538053000001,-5.929,-5.25,-30.52,0
1398294827613,42096937196000,171538053000001,-5.929,-5.25,-30.52,0
1398294827628,42096947206000,171538053000001,-5.929,-5.25,-30.52,0
1398294827630,42096957215000,171538053000001,-5.929,-5.25,-30.52,0
1398294827640,42096967195000,171538053000001,-5.929,-5.25,-30.52,0
1398294827647,42096977296000,171538053000001,-5.929,-5.25,-30.52,0
1398294827658,42096987245000,171538053000001,-5.929,-5.25,-30.52,0
1398294827667,42096997254000,171538053000001,-5.929,-5.25,-30.52,0
1398294827677,42097007234000,171538053000001,-5.929,-5.25,-30.52,0
1398294827687,42097017243000,171538053000001,-5.929,-5.25,-30.52,0
1398294827697,42097027223000,171538053000001,-5.929,-5.25,-30.52,0
1398294827707,42097037232000,171538053000001,-5.929,-5.25,-30.52,0
1398294827717,42097047273000,171538053000001,-5.929,-5.25,-30.52,0
1398294827727,42097057283000,171538053000001,-5.929,-5.25,-30.52,0
1398294827738,42097067292000,171538053000001,-5.929,-5.25,-30.52,0
1398294827749,42097078889000,171538053000001,-5.929,-5.25,-30.52,0
1398294827757,42097087342000,171538053000001,-5.929,-5.25,-30.52,0
1398294827767,42097097291000,171538053000001,-5.929,-5.25,-30.52,0
1398294827777,42097107331000,171538053000001,-5.929,-5.25,-30.52,0
1398294827787,42097117341000,171538053000001,-5.929,-5.25,-30.52,0
1398294827797,42097127351000,171538053000001,-5.929,-5.25,-30.52,0
1398294827807,42097137361000,171538053000001,-5.929,-5.25,-30.52,0
1398294827817,42097147370000,171538053000001,-5.929,-5.25,-30.52,0
1398294827827,42097157380000,171538053000001,-5.929,-5.25,-30.52,0
1398294827837,42097167390000,171538053000001,-5.929,-5.25,-30.52,0
1398294827852,42097177400000,171538053000001,-5.929,-5.25,-30.52,0
1398294827857,42097187409000,171538053000001,-5.929,-5.25,-30.52,0
1398294827867,42097197450000,171538053000001,-5.929,-5.25,-30.52,0
1398294827877,42097207398000,171538053000001,-5.929,-5.25,-30.52,0
1398294827888,42097217408000,171538053000001,-6.289,-5.25,-30.52,0
1398294827898,42097227418000,171538053000001,-6.289,-5.25,-30.52,0
1398294827908,42097237672000,171538053000001,-6.289,-5.25,-30.52,0
1398294827917,42097247407000,171538053000001,-6.289,-5.25,-30.52,0
1398294827929,42097259156000,171538053000001,-6.289,-5.25,-30.52,0
1398294827937,42097267488000,171538053000001,-6.289,-5.25,-30.52,0
1398294827948,42097277467000,171538053000001,-6.289,-5.25,-30.52,0
1398294827958,42097287477000,171538053000001,-6.289,-5.25,-30.52,0
1398294827967,42097297456000,171538053000001,-6.289,-5.25,-30.52,0
1398294827977,42097307466000,171538053000001,-6.289,-5.25,-30.52,0
1398294827987,42097317506000,171538053000001,-6.289,-5.25,-30.52,0
1398294827998,42097327516000,171538053000001,-6.289,-5.25,-30.52,0
1398294828007,42097337525000,171538053000001,-6.289,-5.25,-30.52,0
1398294828017,42097347505000,171538053000001,-6.289,-5.25,-30.52,0
1398294828027,42097357514000,171538053000001,-6.289,-5.25,-30.52,0
1398294828037,42097367524000,171538053000001,-6.289,-5.25,-30.52,0
1398294828047,42097377534000,171538053000001,-6.289,-5.25,-30.52,0
1398294828057,42097387574000,171538053000001,-6.289,-5.25,-30.52,0
1398294828067,42097397553000,171538053000001,-6.289,-4.945,-30.52,0
1398294828078,42097407594000,171538053000001,-6.289,-4.945,-30.52,0
1398294828092,42097417604000,171538053000001,-6.289,-4.945,-30.52,0
1398294828098,42097427613000,171538053000001,-6.593,-4.945,-30.52,0
1398294828109,42097439179000,171538053000001,-6.593,-4.945,-30.52,0
1398294828119,42097447633000,171538053000001,-6.593,-4.945,-30.52,0
1398294828128,42097457643000,171538053000001,-6.593,-4.945,-30.52,0
1398294828138,42097467652000,171538053000001,-6.593,-4.945,-30.52,0
1398294828147,42097477632000,171538053000001,-6.593,-4.945,-30.52,0
1398294828158,42097487672000,171538053000001,-6.593,-4.945,-30.52,0
1398294828168,42097497682000,171538053000001,-6.593,-4.945,-30.52,0
1398294828178,42097507661000,171538053000001,-6.593,-4.945,-30.52,0
1398294828188,42097517671000,171538053000001,-6.593,-4.945,-30.52,0
1398294828198,42097527680000,171538053000001,-6.593,-4.945,-30.52,0
1398294828207,42097537690000,171538053000001,-6.286,-4.945,-30.52,0
1398294828217,42097547700000,171538053000001,-6.286,-4.945,-30.52,0
1398294828227,42097557710000,171538053000001,-6.286,-4.945,-30.52,0
1398294828243,42097567842000,171538053000001,-6.286,-4.945,-30.52,0
1398294828249,42097577760000,171538053000001,-6.286,-4.945,-30.52,0
1398294828258,42097587953000,171538053000001,-6.286,-4.945,-30.52,0
1398294828268,42097597749000,171538053000001,-6.286,-5.267,-30.52,0
1398294828278,42097607759000,171538053000001,-6.286,-5.267,-30.52,0
1398294828289,42097619325000,171538053000001,-6.286,-5.267,-30.52,0
1398294828298,42097627809000,171538053000001,-6.286,-5.267,-30.52,0
1398294828308,42097637788000,171538053000001,-6.286,-5.267,-30.52,0
1398294828318,42097647798000,171538053000001,-6.286,-5.267,-30.52,0
1398294828328,42097657807000,171538053000001,-5.979,-5.267,-30.52,0
1398294828338,42097667817000,171538053000001,-5.979,-5.267,-30.52,0
1398294828348,42097677827000,171538053000001,-5.979,-5.267,-30.52,0
1398294828358,42097687867000,171538053000001,-5.979,-5.586,-30.52,0
1398294828369,42097697846000,171538053000001,-5.979,-5.586,-30.52,0
1398294828378,42097707856000,171538053000001,-5.979,-5.586,-30.52,0
1398294828388,42097717866000,171538053000001,-5.979,-5.586,-30.52,0
1398294828398,42097727906000,171538053000001,-5.979,-5.586,-30.52,0
1398294828408,42097737947000,171538053000001,-5.979,-5.586,-30.52,0
1398294828419,42097747895000,171538053000001,-5.979,-5.586,-30.52,0
1398294828428,42097757905000,171538053000001,-5.979,-5.586,-30.52,0
1398294828438,42097767945000,171538053000001,-5.979,-5.586,-30.174,0
1398294828448,42097777925000,171538053000001,-5.979,-5.586,-30.174,0
1398294828458,42097787934000,171538053000001,-5.979,-5.586,-30.174,0
1398294828470,42097799501000,171538053000001,-5.979,-5.586,-30.174,0
1398294828478,42097808015000,171538053000001,-5.979,-5.586,-30.174,0
1398294828493,42097821107000,171538053000001,-5.979,-5.586,-30.174,0
1398294828498,42097828004000,171538053000001,-5.979,-5.586,-30.174,0
1398294828508,42097838014000,171538053000001,-5.979,-5.586,-30.174,0
1398294828520,42097847993000,171538053000001,-5.979,-5.586,-30.174,0
1398294828528,42097858033000,171538053000001,-5.979,-5.586,-30.174,0
1398294828563,42097868012000,171538053000001,-5.979,-5.586,-30.174,0
1398294828565,42097878022000,171538053000001,-5.979,-5.586,-30.174,0
1398294828568,42097888063000,171538053000001,-5.979,-5.586,-30.174,0
1398294828569,42097898042000,171538053000001,-5.979,-5.586,-30.174,0
1398294828578,42097908052000,171538053000001,-5.979,-5.889,-30.174,0
1398294828588,42097918061000,171538053000001,-5.979,-5.889,-30.174,0
1398294828598,42097928071000,171538053000001,-5.979,-5.889,-30.174,0
1398294828608,42097938081000,171538053000001,-5.979,-5.889,-30.174,0
1398294828618,42097948091000,171538053000001,-5.676,-5.889,-30.174,0
1398294828628,42097958131000,171538053000001,-5.676,-5.889,-30.174,0
1398294828638,42097968110000,171538053000001,-5.676,-5.889,-30.174,0
1398294828651,42097979676000,171538053000001,-5.676,-5.889,-30.174,0
1398294828658,42097988191000,171538053000001,-5.676,-6.204,-30.174,0
1398294828669,42097998139000,171538053000001,-5.676,-6.204,-30.174,0
1398294828678,42098008180000,171538053000001,-5.676,-6.204,-30.174,0
1398294828688,42098018189000,171538053000001,-5.676,-6.204,-30.174,0
1398294828698,42098028169000,171538053000001,-5.374,-6.204,-30.174,0
1398294828708,42098038178000,171538053000001,-5.374,-6.204,-30.174,0
1398294828726,42098048219000,171538053000001,-5.374,-6.546,-30.174,0
1398294828728,42098058229000,171538053000001,-5.374,-6.546,-30.174,0
1398294828741,42098068238000,171538053000001,-5.374,-6.546,-30.174,0
1398294828748,42098078218000,171538053000001,-5.374,-6.546,-30.174,0
1398294828760,42098088258000,171538053000001,-5.374,-6.546,-30.174,0
1398294828768,42098098268000,171538053000001,-5.374,-6.546,-29.864,0
1398294828778,42098108430000,171538053000001,-5.374,-6.546,-29.864,0
1398294828788,42098118257000,171538053000001,-5.374,-6.546,-29.864,0
1398294828798,42098128297000,171538053000001,-5.068,-6.867,-29.864,0
1398294828808,42098138307000,171538053000001,-5.068,-6.867,-29.864,0
1398294828818,42098148316000,171538053000001,-5.068,-6.867,-29.864,0
1398294828830,42098159852000,171538053000001,-5.068,-6.867,-29.864,0
1398294828838,42098168336000,171538053000001,-5.068,-6.867,-29.864,0
1398294828848,42098178315000,171538053000001,-5.068,-6.867,-29.864,0
1398294828858,42098188356000,171538053000001,-5.068,-6.867,-29.864,0
1398294828868,42098198335000,171538053000001,-5.068,-6.867,-29.864,0
1398294828878,42098208375000,171538053000001,-5.068,-6.867,-29.864,0
1398294828888,42098218415000,171538053000001,-5.068,-6.867,-29.547,0
1398294828898,42098228364000,171538053000001,-5.068,-6.867,-29.547,0
1398294828908,42098238374000,171538053000001,-5.068,-6.867,-29.547,0
1398294828918,42098248384000,171538053000001,-5.068,-6.867,-29.547,0
1398294828928,42098258393000,171538053000001,-5.068,-6.867,-29.547,0
1398294828942,42098268434000,171538053000001,-5.068,-6.867,-29.547,0
1398294828949,42098278474000,171538053000001,-5.068,-7.185,-29.547,0
1398294828959,42098288514000,171538053000001,-5.068,-7.185,-29.547,0
1398294828969,42098298463000,171538053000001,-5.068,-7.185,-29.547,0
1398294828979,42098308473000,171538053000001,-5.068,-7.185,-29.547,0
1398294828989,42098318482000,171538053000001,-5.068,-7.185,-29.547,0
1398294828999,42098328492000,171538053000001,-5.068,-7.185,-29.547,0
1398294829014,42098340119000,171538053000001,-5.068,-7.185,-29.547,0
1398294829018,42098348542000,171538053000001,-5.068,-7.185,-29.547,0
1398294829029,42098358491000,171538053000001,-5.068,-7.496,-29.547,0
1398294829048,42098368501000,171538053000001,-5.068,-7.496,-29.547,0
1398294829052,42098378511000,171538053000001,-5.068,-7.496,-29.547,0
1398294829075,42098388551000,171538053000001,-5.068,-7.496,-29.547,0
1398294829081,42098398530000,171538053000001,-5.068,-7.496,-29.547,0
1398294829084,42098408540000,171538053000001,-5.068,-7.496,-29.547,0
1398294829089,42098418580000,171538053000001,-5.068,-7.496,-29.547,0
1398294829101,42098430726000,171538053000001,-5.068,-7.496,-29.547,0
1398294829109,42098438569000,171538053000001,-5.068,-7.496,-29.547,0
1398294829119,42098448579000,171538053000001,-5.068,-7.496,-29.547,0
1398294829135,42098458619000,171538053000001,-5.068,-7.496,-29.547,0
1398294829140,42098468629000,171538053000001,-5.068,-7.496,-29.547,0
1398294829149,42098478608000,171538053000001,-5.068,-7.496,-29.547,0
1398294829159,42098488618000,171538053000001,-5.068,-7.496,-29.547,0
1398294829168,42098498628000,171538053000001,-5.068,-7.496,-29.547,0
1398294829178,42098508637000,171538053000001,-5.068,-7.496,-29.547,0
1398294829190,42098520204000,171538053000001,-5.068,-7.496,-29.547,0
1398294829199,42098528688000,171538053000001,-5.068,-7.145,-29.547,0
1398294829209,42098538697000,171538053000001,-5.068,-7.145,-29.547,0
1398294829223,42098548738000,171538053000001,-5.378,-7.145,-29.547,0
1398294829231,42098558778000,171538053000001,-5.378,-7.145,-29.85,0
1398294829239,42098568757000,171538053000001,-5.378,-7.145,-29.85,0
1398294829252,42098578736000,171538053000001,-5.378,-6.8,-29.85,0
1398294829259,42098588777000,171538053000001,-5.378,-6.8,-29.85,0
1398294829269,42098598786000,171538053000001,-5.378,-6.8,-29.85,0
1398294829279,42098608766000,171538053000001,-5.378,-6.8,-29.85,0
1398294829289,42098618775000,171538053000001,-5.378,-6.8,-29.85,0
1398294829299,42098628785000,171538053000001,-5.378,-6.8,-29.85,0
1398294829309,42098638795000,171538053000001,-5.378,-6.8,-29.85,0
1398294829319,42098648835000,171538053000001,-5.378,-6.8,-29.85,0
1398294829329,42098658845000,171538053000001,-5.378,-6.8,-29.85,0
1398294829339,42098668824000,171538053000001,-5.378,-6.8,-29.85,0
1398294829349,42098678834000,171538053000001,-5.378,-6.8,-29.85,0
1398294829359,42098688844000,171538053000001,-5.378,-6.8,-29.85,0
1398294829371,42098700440000,171538053000001,-5.378,-6.8,-29.85,0
1398294829379,42098708894000,171538053000001,-5.378,-6.8,-29.85,0
1398294829389,42098718873000,171538053000001,-5.378,-6.8,-29.85,0
1398294829399,42098728883000,171538053000001,-5.378,-6.8,-29.85,0
1398294829409,42098738893000,171538053000001,-5.378,-6.8,-29.85,0
1398294829419,42098748902000,171538053000001,-5.378,-6.5,-29.85,0
1398294829429,42098758973000,171538053000001,-5.378,-6.5,-29.85,0
1398294829446,42098768952000,171538053000001,-5.378,-6.5,-29.85,0
1398294829449,42098778932000,171538053000001,-5.378,-6.5,-29.85,0
1398294829459,42098788911000,171538053000001,-5.378,-6.5,-30.166,0
1398294829469,42098798951000,171538053000001,-5.378,-6.5,-30.166,0
1398294829479,42098808930000,171538053000001,-5.378,-6.5,-30.166,0
1398294829489,42098818940000,171538053000001,-5.378,-6.5,-30.166,0
1398294829499,42098828950000,171538053000001,-5.378,-6.5,-30.166,0
1398294829509,42098838960000,171538053000001,-5.378,-6.5,-30.166,0
1398294829519,42098849000000,171538053000001,-5.378,-6.5,-30.166,0
1398294829529,42098859010000,171538053000001,-5.378,-6.5,-30.166,0
1398294829540,42098869020000,171538053000001,-5.378,-6.5,-30.166,0
1398294829551,42098880586000,171538053000001,-5.378,-6.5,-30.166,0
1398294829559,42098889100000,171538053000001,-5.378,-6.193,-30.166,0
1398294829569,42098899079000,171538053000001,-5.378,-6.193,-30.166,0
1398294829579,42098909059000,171538053000001,-5.378,-6.193,-30.166,0
1398294829590,42098919099000,171538053000001,-5.378,-6.193,-30.166,0
1398294829601,42098929109000,171538053000001,-5.378,-6.193,-30.166,0
1398294829609,42098939088000,171538053000001,-5.378,-6.193,-30.166,0
1398294829619,42098949128000,171538053000001,-5.378,-6.193,-30.166,0
1398294829629,42098959291000,171538053000001,-5.378,-6.193,-30.166,0
1398294829640,42098969148000,171538053000001,-5.378,-6.193,-30.166,0
1398294829653,42098979158000,171538053000001,-5.378,-6.193,-30.166,0
1398294829659,42098989167000,171538053000001,-5.378,-6.193,-30.166,0
1398294829669,42098999147000,171538053000001,-5.378,-6.193,-30.166,0
1398294829679,42099009187000,171538053000001,-5.378,-6.193,-30.166,0
1398294829689,42099019166000,171538053000001,-5.378,-6.193,-30.166,0
1398294829699,42099029176000,171538053000001,-5.378,-6.193,-30.166,0
1398294829709,42099039186000,171538053000001,-5.378,-6.193,-30.166,0
1398294829719,42099049165000,171538053000001,-5.378,-6.193,-30.166,0
1398294829732,42099060700000,171538053000001,-5.378,-6.193,-30.166,0
1398294829739,42099069215000,171538053000001,-5.378,-6.193,-30.166,0
1398294829749,42099079164000,171538053000001,-5.378,-6.193,-30.166,0
1398294829759,42099089204000,171538053000001,-5.378,-6.193,-30.166,0
1398294829769,42099099214000,171538053000001,-5.378,-6.193,-30.166,0
1398294829779,42099109223000,171538053000001,-5.378,-6.193,-30.166,0
1398294829789,42099119233000,171538053000001,-5.378,-6.193,-30.166,0
1398294829800,42099129243000,171538053000001,-5.378,-6.193,-30.166,0
1398294829810,42099139314000,171538053000001,-5.378,-6.193,-30.166,0
1398294829819,42099149293000,171538053000001,-5.378,-6.193,-30.166,0
1398294829829,42099159303000,171538053000001,-5.378,-6.193,-30.166,0
1398294829839,42099169343000,171538053000001,-5.378,-6.193,-29.83,0
1398294829849,42099179322000,171538053000001,-5.688,-6.193,-29.83,0
1398294829859,42099189363000,171538053000001,-5.688,-6.193,-29.83,0
1398294829869,42099199372000,171538053000001,-5.688,-6.193,-29.83,0
1398294829879,42099209352000,171538053000001,-5.688,-6.193,-29.83,0
1398294829889,42099219361000,171538053000001,-5.688,-6.524,-29.83,0
1398294829899,42099229371000,171538053000001,-6.053,-6.524,-29.83,0
1398294829911,42099240968000,171538053000001,-6.053,-6.524,-29.83,0
1398294829919,42099249452000,171538053000001,-6.053,-6.524,-29.83,0
1398294829929,42099259400000,171538053000001,-6.053,-6.524,-29.83,0
1398294829940,42099269441000,171538053000001,-6.053,-6.524,-29.83,0
1398294829950,42099279420000,171538053000001,-6.053,-6.524,-29.83,0
1398294829960,42099289430000,171538053000001,-6.369,-6.524,-29.83,0
1398294829970,42099299439000,171538053000001,-6.369,-6.524,-29.83,0
1398294829980,42099309449000,171538053000001,-6.369,-6.524,-29.83,0
1398294829990,42099319459000,171538053000001,-6.369,-6.524,-29.83,0
1398294829999,42099329469000,171538053000001,-6.369,-6.524,-29.83,0
1398294830009,42099339479000,171538053000001,-6.369,-6.524,-29.83,0
1398294830020,42099349488000,171538053000001,-6.369,-6.524,-29.83,0
1398294830029,42099359498000,171538053000001,-6.369,-6.524,-29.83,0
1398294830039,42099369508000,171538053000001,-6.369,-6.524,-29.83,0
1398294830049,42099379518000,171538053000001,-6.369,-6.524,-29.83,0
1398294830059,42099389558000,171538053000001,-6.369,-6.524,-29.83,0
1398294830069,42099399507000,171538053000001,-6.369,-6.524,-29.83,0
1398294830079,42099409516000,171538053000001,-6.369,-6.524,-29.83,0
1398294830091,42099421083000,171538053000001,-6.045,-6.524,-29.83,0
1398294830100,42099429597000,171538053000001,-6.045,-6.524,-29.83,0
1398294830110,42099439546000,171538053000001,-6.045,-6.524,-29.83,0
1398294830120,42099449555000,171538053000001,-6.045,-6.524,-29.83,0
1398294830129,42099459565000,171538053000001,-6.045,-6.524,-29.83,0
1398294830139,42099469575000,171538053000001,-6.045,-6.524,-29.83,0
1398294830149,42099479585000,171538053000001,-6.045,-6.524,-29.83,0
1398294830160,42099489595000,171538053000001,-6.045,-6.524,-29.83,0
1398294830170,42099499604000,171538053000001,-5.734,-6.524,-29.83,0
1398294830180,42099509614000,171538053000001,-5.734,-6.524,-29.83,0
1398294830190,42099519624000,171538053000001,-5.734,-6.524,-29.83,0
1398294830200,42099529634000,171538053000001,-5.734,-6.524,-29.83,0
1398294830210,42099539643000,171538053000001,-5.734,-6.524,-29.83,0
1398294830220,42099549653000,171538053000001,-5.734,-6.524,-29.83,0
1398294830230,42099559663000,171538053000001,-5.734,-6.524,-29.83,0
1398294830240,42099569673000,171538053000001,-5.734,-6.524,-29.83,0
1398294830250,42099579682000,171538053000001,-5.734,-6.524,-29.83,0
1398294830260,42099589692000,171538053000001,-6.094,-6.524,-29.83,0
1398294830271,42099601289000,171538053000001,-6.094,-6.181,-29.83,0
1398294830280,42099609742000,171538053000001,-6.094,-6.181,-29.83,0
1398294830290,42099619721000,171538053000001,-6.094,-6.181,-29.83,0
1398294830300,42099629731000,171538053000001,-6.094,-6.181,-29.83,0
1398294830310,42099639741000,171538053000001,-6.094,-6.181,-29.83,0
1398294830320,42099649751000,171538053000001,-6.411,-6.181,-29.83,0
1398294830330,42099659761000,171538053000001,-6.411,-6.181,-29.83,0
1398294830340,42099669770000,171538053000001,-6.411,-5.831,-29.83,0
1398294830350,42099679780000,171538053000001,-6.411,-5.831,-29.83,0
1398294830363,42099689790000,171538053000001,-6.411,-5.831,-29.83,0
1398294830370,42099699800000,171538053000001,-6.735,-5.831,-29.83,0
1398294830380,42099709870000,171538053000001,-6.735,-5.432,-29.83,0
1398294830390,42099719850000,171538053000001,-6.735,-5.432,-29.83,0
1398294830401,42099729890000,171538053000001,-6.735,-5.432,-29.83,0
1398294830410,42099739900000,171538053000001,-6.735,-5.432,-29.83,0
1398294830420,42099749909000,171538053000001,-6.735,-5.119,-29.83,0
1398294830430,42099759889000,171538053000001,-7.084,-5.119,-29.83,0
1398294830440,42099769898000,171538053000001,-7.084,-5.119,-29.83,0
1398294830451,42099781465000,171538053000001,-7.084,-5.119,-29.83,0
1398294830460,42099789949000,171538053000001,-7.084,-5.119,-29.83,0
1398294830470,42099799897000,171538053000001,-7.084,-5.119,-29.83,0
1398294830480,42099810090000,171538053000001,-7.084,-5.119,-29.83,0
1398294830490,42099819947000,171538053000001,-7.084,-5.119,-29.83,0
1398294830500,42099829957000,171538053000001,-7.084,-5.119,-29.83,0
1398294830510,42099839967000,171538053000001,-7.084,-5.119,-29.83,0
1398294830520,42099849977000,171538053000001,-7.084,-5.119,-29.83,0
1398294830530,42099859986000,171538053000001,-7.084,-5.119,-29.83,0
1398294830540,42099869996000,171538053000001,-7.084,-5.119,-29.83,0
1398294830550,42099880006000,171538053000001,-7.084,-5.119,-29.83,0
1398294830560,42099889985000,171538053000001,-7.084,-5.119,-29.83,0
1398294830570,42099899995000,171538053000001,-6.765,-5.119,-29.83,0
1398294830580,42099910066000,171538053000001,-6.765,-5.119,-29.83,0
1398294830590,42099920075000,171538053000001,-6.765,-5.119,-30.148,0
1398294830600,42099930116000,171538053000001,-6.765,-5.119,-30.148,0
1398294830610,42099940095000,171538053000001,-6.378,-5.119,-30.148,0
1398294830620,42099950105000,171538053000001,-6.378,-5.119,-30.148,0
1398294830632,42099961640000,171538053000001,-6.378,-5.445,-30.148,0
1398294830640,42099970124000,171538053000001,-6.378,-5.445,-30.148,0
1398294830650,42099980104000,171538053000001,-6.004,-5.445,-30.148,0
1398294830662,42099990113000,171538053000001,-6.004,-5.445,-30.148,0
1398294830670,42100000154000,171538053000001,-6.004,-5.445,-30.148,0
1398294830680,42100010133000,171538053000001,-6.004,-5.445,-30.148,0
1398294830690,42100020143000,171538053000001,-5.65,-5.445,-30.148,0
1398294830700,42100030152000,171538053000001,-5.65,-5.445,-30.148,0
1398294830712,42100040162000,171538053000001,-5.65,-5.445,-30.148,0
1398294830720,42100050202000,171538053000001,-5.65,-5.445,-30.148,0
1398294830730,42100060182000,171538053000001,-5.65,-5.445,-30.148,0
1398294830740,42100070191000,171538053000001,-5.65,-5.445,-30.148,0
1398294830751,42100080201000,171538053000001,-5.65,-5.445,-30.148,0
1398294830764,42100090211000,171538053000001,-5.65,-5.746,-30.148,0
1398294830772,42100101930000,171538053000001,-5.335,-5.746,-30.148,0
1398294830782,42100111848000,171538053000001,-5.335,-5.746,-30.148,0
1398294830792,42100121797000,171538053000001,-5.335,-5.746,-30.148,0
1398294830804,42100133271000,171538053000001,-5.335,-5.746,-30.148,0
1398294830814,42100143678000,171538053000001,-5.335,-5.746,-30.148,0
1398294830822,42100151948000,171538053000001,-4.945,-5.746,-30.148,0
1398294830832,42100161897000,171538053000001,-4.945,-6.092,-30.148,0
1398294830842,42100171845000,171538053000001,-4.945,-6.092,-30.148,0
1398294830852,42100182191000,171538053000001,-4.62,-6.092,-30.148,0
1398294830863,42100192750000,171538053000001,-4.62,-6.092,-30.148,0
1398294830874,42100203981000,171538053000001,-4.62,-6.092,-30.148,0
1398294830881,42100210359000,171538053000001,-4.293,-6.092,-30.148,0
1398294830891,42100220429000,171538053000001,-4.293,-6.407,-30.148,0
1398294830904,42100230378000,171538053000001,-4.293,-6.407,-30.148,0
1398294830913,42100240388000,171538053000001,-3.993,-6.407,-30.148,0
1398294830921,42100250398000,171538053000001,-3.993,-6.407,-30.148,0
1398294830938,42100260408000,171538053000001,-3.993,-6.407,-30.148,0
1398294830946,42100270448000,171538053000001,-3.649,-6.735,-30.148,0
1398294830953,42100280427000,171538053000001,-3.649,-6.735,-30.148,0
1398294830967,42100290467000,171538053000001,-3.649,-6.735,-30.148,0
1398294830971,42100300477000,171538053000001,-3.649,-6.735,-30.148,0
1398294830982,42100310548000,171538053000001,-3.649,-6.735,-30.148,0
1398294830995,42100323884000,171538053000001,-3.649,-6.735,-30.148,0
1398294831001,42100330476000,171538053000001,-3.334,-6.735,-30.148,0
1398294831015,42100340455000,171538053000001,-3.334,-6.735,-30.148,0
1398294831025,42100350495000,171538053000001,-3.334,-6.735,-30.148,0
1398294831035,42100360932000,171538053000001,-3.334,-6.735,-30.148,0
1398294831041,42100370515000,171538053000001,-3.334,-6.735,-30.148,0
1398294831051,42100380494000,171538053000001,-3.723,-6.735,-30.148,0
1398294831062,42100390504000,171538053000001,-3.723,-6.735,-30.148,0
1398294831071,42100400514000,171538053000001,-3.723,-6.735,-30.148,0
1398294831082,42100410615000,171538053000001,-4.154,-6.735,-30.148,0
1398294831092,42100420564000,171538053000001,-4.154,-6.735,-30.148,0
1398294831102,42100430543000,171538053000001,-4.154,-6.735,-30.148,0
1398294831113,42100440553000,171538053000001,-4.592,-6.393,-30.148,0
1398294831121,42100450563000,171538053000001,-4.592,-6.393,-30.148,0
1398294831132,42100460786000,171538053000001,-4.954,-6.393,-30.148,0
1398294831145,42100470582000,171538053000001,-4.954,-6.393,-30.148,0
1398294831151,42100480622000,171538053000001,-4.954,-6.393,-30.148,0
1398294831164,42100491365000,171538053000001,-5.38,-6.393,-30.148,0
1398294831174,42100503602000,171538053000001,-5.38,-6.393,-30.148,0
1398294831181,42100510926000,171538053000001,-5.38,-6.393,-30.148,0
1398294831192,42100521668000,171538053000001,-5.722,-6.393,-30.148,0
1398294831208,42100530641000,171538053000001,-5.722,-6.393,-30.148,0
1398294831211,42100540650000,171538053000001,-5.722,-6.393,-30.148,0
1398294831228,42100550691000,171538053000001,-6.06,-6.393,-30.148,0
1398294831231,42100560670000,171538053000001,-6.06,-6.393,-30.148,0
1398294831241,42100570680000,171538053000001,-6.06,-6.393,-30.148,0
1398294831251,42100580689000,171538053000001,-6.06,-6.393,-30.148,0
1398294831262,42100590699000,171538053000001,-6.06,-6.393,-30.148,0
1398294831273,42100601075000,171538053000001,-6.43,-6.393,-30.148,0
1398294831281,42100610719000,171538053000001,-6.43,-6.393,-30.148,0
1398294831291,42100620698000,171538053000001,-6.43,-6.393,-30.148,0
1398294831301,42100630738000,171538053000001,-6.43,-6.393,-30.148,0
1398294831312,42100641175000,171538053000001,-6.43,-6.393,-30.148,0
1398294831322,42100651094000,171538053000001,-6.43,-6.393,-30.148,0
1398294831333,42100660768000,171538053000001,-6.43,-6.393,-30.148,0
1398294831344,42100671784000,171538053000001,-6.752,-6.059,-30.148,0
1398294831353,42100682313000,171538053000001,-6.752,-6.059,-30.148,0
1398294831364,42100691163000,171538053000001,-6.752,-6.059,-30.148,0
1398294831373,42100702027000,171538053000001,-6.752,-6.059,-30.148,0
1398294831382,42100711213000,171538053000001,-6.752,-6.059,-30.148,0
1398294831394,42100722261000,171538053000001,-6.752,-6.059,-30.148,0
1398294831409,42100730866000,171538053000001,-6.752,-6.059,-30.148,0
1398294831418,42100740846000,171538053000001,-6.752,-6.059,-30.148,0
1398294831426,42100750886000,171538053000001,-6.752,-6.059,-30.148,0
1398294831431,42100760896000,171538053000001,-6.752,-6.059,-30.148,0
1398294831441,42100770845000,171538053000001,-6.752,-6.059,-30.148,0
1398294831451,42100780854000,171538053000001,-6.752,-6.059,-30.148,0
1398294831461,42100790895000,171538053000001,-6.752,-6.059,-30.148,0
1398294831471,42100800904000,171538053000001,-6.752,-6.059,-30.148,0
1398294831481,42100810914000,171538053000001,-6.752,-6.059,-30.148,0
1398294831491,42100820893000,171538053000001,-6.752,-6.059,-30.148,0
1398294831501,42100830903000,171538053000001,-6.752,-6.059,-30.148,0
1398294831511,42100840943000,171538053000001,-6.752,-6.059,-30.148,0
1398294831521,42100851106000,171538053000001,-6.752,-6.059,-30.148,0
1398294831535,42100864778000,171538053000001,-6.752,-6.059,-30.148,0
1398294831546,42100876100000,171538053000001,-6.387,-6.059,-30.148,0
1398294831554,42100884492000,171538053000001,-6.387,-6.059,-30.148,0
1398294831563,42100893403000,171538053000001,-6.387,-6.059,-30.148,0
1398294831575,42100904695000,171538053000001,-6.387,-6.059,-30.148,0
1398294831583,42100912995000,171538053000001,-6.387,-6.059,-30.148,0
1398294831595,42100924897000,171538053000001,-6.387,-6.059,-30.148,0
1398294831602,42100931001000,171538053000001,-6.059,-6.059,-30.148,0
1398294831614,42100941041000,171538053000001,-6.059,-6.059,-30.148,0
1398294831623,42100952973000,171538053000001,-6.059,-6.059,-30.148,0
1398294831634,42100961030000,171538053000001,-6.059,-6.059,-30.148,0
1398294831644,42100972016000,171538053000001,-5.735,-6.059,-30.148,0
1398294831653,42100981080000,171538053000001,-5.735,-6.059,-30.148,0
1398294831664,42100991059000,171538053000001,-5.735,-6.059,-30.148,0
1398294831673,42101002442000,171538053000001,-5.735,-6.059,-30.148,0
1398294831682,42101011872000,171538053000001,-5.735,-6.059,-30.148,0
1398294831693,42101023103000,171538053000001,-5.429,-6.059,-30.148,0
1398294831706,42101036042000,171538053000001,-5.429,-6.059,-30.148,0
1398294831719,42101047273000,171538053000001,-5.429,-6.059,-30.148,0
1398294831722,42101051850000,171538053000001,-5.429,-6.059,-30.148,0
1398294831733,42101062501000,171538053000001,-5.429,-5.732,-30.148,0
1398294831749,42101071229000,171538053000001,-5.429,-5.732,-30.148,0
1398294831766,42101081361000,171538053000001,-5.429,-5.732,-30.148,0
1398294831767,42101091188000,171538053000001,-5.429,-5.732,-30.148,0
1398294831785,42101102082000,171538053000001,-5.429,-5.732,-30.487,0
1398294831787,42101111207000,171538053000001,-5.429,-5.732,-30.487,0
1398294831791,42101121186000,171538053000001,-5.429,-5.732,-30.487,0
1398294831801,42101131196000,171538053000001,-5.429,-5.732,-30.487,0
1398294831811,42101141236000,171538053000001,-5.429,-5.732,-30.487,0
1398294831822,42101151216000,171538053000001,-5.429,-5.732,-30.487,0
1398294831832,42101161256000,171538053000001,-5.429,-5.732,-30.487,0
1398294831843,42101171266000,171538053000001,-5.429,-5.732,-30.487,0
1398294831852,42101181245000,171538053000001,-5.429,-5.732,-30.487,0
1398294831862,42101191316000,171538053000001,-5.122,-5.732,-30.487,0
1398294831872,42101201264000,171538053000001,-5.122,-5.732,-30.487,0
1398294831886,42101213716000,171538053000001,-5.122,-5.732,-30.487,0
1398294831894,42101223176000,171538053000001,-5.122,-5.732,-30.487,0
1398294831908,42101231385000,171538053000001,-5.122,-5.732,-30.487,0
1398294831916,42101241334000,171538053000001,-5.122,-5.732,-30.487,0
1398294831927,42101251374000,171538053000001,-5.122,-5.732,-30.487,0
1398294831932,42101261384000,171538053000001,-5.122,-5.732,-30.487,0
1398294831943,42101271394000,171538053000001,-5.122,-5.732,-30.487,0
1398294831952,42101281373000,171538053000001,-5.122,-5.732,-30.487,0
1398294831962,42101291413000,171538053000001,-5.122,-5.732,-30.487,0
1398294831973,42101301667000,171538053000001,-5.122,-5.732,-30.487,0
1398294831982,42101311433000,171538053000001,-5.122,-5.732,-30.487,0
1398294831999,42101321412000,171538053000001,-5.122,-5.732,-30.487,0
1398294832001,42101331452000,171538053000001,-5.122,-5.732,-30.487,0
1398294832011,42101341432000,171538053000001,-5.122,-5.732,-30.487,0
1398294832021,42101351441000,171538053000001,-5.122,-5.732,-30.487,0
1398294832031,42101361451000,171538053000001,-5.122,-5.732,-30.487,0
1398294832041,42101371461000,171538053000001,-5.122,-6.092,-30.487,0
1398294832051,42101381471000,171538053000001,-5.122,-6.092,-30.487,0
1398294832061,42101391450000,171538053000001,-5.122,-6.092,-30.169,0
1398294832073,42101403047000,171538053000001,-5.122,-6.092,-30.169,0
1398294832081,42101411561000,171538053000001,-5.122,-6.445,-30.169,0
1398294832092,42101421540000,171538053000001,-5.122,-6.445,-30.169,0
1398294832102,42101431581000,171538053000001,-5.122,-6.445,-30.169,0
1398294832113,42101441560000,171538053000001,-4.736,-6.445,-30.169,0
1398294832122,42101451570000,171538053000001,-4.736,-6.799,-30.169,0
1398294832132,42101461549000,171538053000001,-4.736,-6.799,-30.169,0
1398294832142,42101471559000,171538053000001,-4.736,-6.799,-29.846,0
1398294832152,42101481629000,171538053000001,-4.33,-6.799,-29.846,0
1398294832162,42101491578000,171538053000001,-4.33,-7.157,-29.846,0
1398294832173,42101502015000,171538053000001,-4.33,-7.157,-29.846,0
1398294832183,42101512483000,171538053000001,-4.028,-7.157,-29.846,0
1398294832192,42101521577000,171538053000001,-4.028,-7.157,-29.846,0
1398294832202,42101531587000,171538053000001,-4.028,-7.157,-29.846,0
1398294832211,42101541596000,171538053000001,-4.028,-7.157,-29.846,0
1398294832229,42101551637000,171538053000001,-3.663,-7.157,-29.846,0
1398294832232,42101561647000,171538053000001,-3.663,-7.157,-29.846,0
1398294832247,42101571626000,171538053000001,-3.663,-7.157,-29.846,0
1398294832254,42101583192000,171538053000001,-3.663,-7.157,-29.846,0
1398294832262,42101591706000,171538053000001,-3.663,-7.157,-29.846,0
1398294832272,42101601686000,171538053000001,-3.663,-7.157,-29.846,0
1398294832282,42101611695000,171538053000001,-3.663,-7.157,-29.846,0
1398294832292,42101621736000,171538053000001,-3.663,-7.157,-29.846,0
1398294832302,42101631715000,171538053000001,-3.663,-7.157,-29.846,0
1398294832312,42101641725000,171538053000001,-3.663,-7.157,-29.846,0
1398294832322,42101651765000,171538053000001,-4.032,-6.826,-29.846,0
1398294832332,42101661744000,171538053000001,-4.032,-6.826,-29.846,0
1398294832342,42101672029000,171538053000001,-4.032,-6.826,-29.846,0
1398294832352,42101681794000,171538053000001,-4.336,-6.826,-29.846,0
1398294832362,42101691835000,171538053000001,-4.336,-6.459,-29.846,0
1398294832372,42101701844000,171538053000001,-4.336,-6.459,-29.846,0
1398294832382,42101711854000,171538053000001,-4.336,-6.459,-29.846,0
1398294832392,42101721833000,171538053000001,-4.638,-6.459,-29.846,0
1398294832402,42101731874000,171538053000001,-4.638,-6.459,-29.846,0
1398294832412,42101741822000,171538053000001,-4.638,-6.14,-29.846,0
1398294832422,42101751802000,171538053000001,-4.638,-6.14,-29.846,0
1398294832433,42101763368000,171538053000001,-4.96,-6.14,-29.846,0
1398294832442,42101771852000,171538053000001,-4.96,-6.14,-30.174,0
1398294832452,42101781831000,171538053000001,-4.96,-6.14,-30.174,0
1398294832462,42101791841000,171538053000001,-4.96,-6.14,-30.174,0
1398294832472,42101801850000,171538053000001,-4.96,-6.14,-30.174,0
1398294832488,42101811860000,171538053000001,-4.96,-6.14,-30.174,0
1398294832492,42101821870000,171538053000001,-4.96,-6.14,-30.174,0
1398294832502,42101831880000,171538053000001,-4.96,-6.14,-30.174,0
1398294832512,42101841859000,171538053000001,-4.96,-6.14,-30.174,0
1398294832522,42101851899000,171538053000001,-4.96,-6.14,-30.174,0
1398294832532,42101861878000,171538053000001,-4.96,-6.14,-30.174,0
1398294832542,42101871888000,171538053000001,-4.96,-6.14,-30.174,0
1398294832552,42101881928000,171538053000001,-4.96,-6.14,-30.174,0
1398294832562,42101891938000,171538053000001,-4.96,-6.14,-30.174,0
1398294832572,42101901948000,171538053000001,-4.96,-6.14,-30.174,0
1398294832582,42101911927000,171538053000001,-4.96,-6.14,-30.174,0
1398294832592,42101922151000,171538053000001,-4.96,-6.14,-30.174,0
1398294832602,42101931977000,171538053000001,-4.96,-6.14,-30.174,0
1398294832614,42101943543000,171538053000001,-4.96,-6.14,-30.174,0
1398294832622,42101952027000,171538053000001,-4.96,-6.14,-30.174,0
1398294832632,42101962007000,171538053000001,-4.96,-6.14,-30.174,0
1398294832642,42101971986000,171538053000001,-4.96,-6.14,-30.174,0
1398294832652,42101981996000,171538053000001,-4.96,-6.14,-30.174,0
1398294832662,42101992005000,171538053000001,-4.96,-6.14,-30.174,0
1398294832672,42102002046000,171538053000001,-4.96,-6.14,-30.174,0
1398294832682,42102012055000,171538053000001,-4.96,-6.14,-30.174,0
1398294832692,42102022065000,171538053000001,-4.96,-6.14,-30.174,0
1398294832702,42102032075000,171538053000001,-4.96,-6.14,-30.174,0
1398294832712,42102042085000,171538053000001,-4.96,-6.14,-30.174,0
1398294832724,42102052156000,171538053000001,-4.96,-6.14,-30.174,0
1398294832735,42102064729000,171538053000001,-4.96,-6.14,-30.174,0
1398294832744,42102072206000,171538053000001,-4.96,-6.14,-30.174,0
1398294832752,42102082124000,171538053000001,-4.96,-6.14,-30.174,0
1398294832762,42102092134000,171538053000001,-4.96,-6.14,-30.174,0
1398294832772,42102102143000,171538053000001,-4.96,-6.14,-30.174,0
1398294832782,42102112153000,171538053000001,-4.96,-6.14,-30.174,0
1398294832794,42102123719000,171538053000001,-4.96,-6.14,-30.174,0
1398294832802,42102132203000,171538053000001,-4.96,-6.14,-30.174,0
1398294832812,42102142182000,171538053000001,-4.96,-6.14,-30.174,0
1398294832822,42102152192000,171538053000001,-4.96,-6.14,-30.174,0
1398294832832,42102162202000,171538053000001,-4.96,-6.14,-30.174,0
1398294832843,42102172792000,171538053000001,-4.96,-6.14,-30.174,0
1398294832855,42102185365000,171538053000001,-4.634,-6.14,-30.174,0
1398294832865,42102194490000,171538053000001,-4.634,-6.14,-30.174,0
1398294832876,42102205537000,171538053000001,-4.634,-6.14,-30.174,0
1398294832885,42102214601000,171538053000001,-4.634,-6.14,-30.174,0
1398294832894,42102224000000,171538053000001,-4.634,-6.14,-30.174,0
1398294832905,42102235383000,171538053000001,-4.634,-6.14,-30.174,0
1398294832919,42102248689000,171538053000001,-4.634,-6.459,-30.174,0
1398294832924,42102253877000,171538053000001,-4.634,-6.459,-30.174,0
1398294832935,42102265412000,171538053000001,-4.634,-6.459,-30.174,0
1398294832944,42102274446000,171538053000001,-4.634,-6.459,-30.174,0
1398294832959,42102288819000,171538053000001,-4.634,-6.459,-30.174,0
1398294832964,42102293672000,171538053000001,-4.634,-6.459,-30.174,0
1398294832980,42102309022000,171538053000001,-4.634,-6.459,-30.174,0
1398294832984,42102313783000,171538053000001,-4.634,-6.459,-30.174,0
1398294832995,42102325410000,171538053000001,-4.634,-6.459,-30.174,0
1398294833005,42102335206000,171538053000001,-4.634,-6.459,-30.174,0
1398294833018,42102348542000,171538053000001,-4.634,-6.459,-30.174,0
1398294833025,42102354524000,171538053000001,-4.634,-6.459,-30.174,0
1398294833039,42102368806000,171538053000001,-4.634,-6.459,-30.174,0
1398294833044,42102373933000,171538053000001,-4.634,-6.459,-30.174,0
1398294833055,42102385377000,171538053000001,-4.634,-6.459,-30.174,0
1398294833065,42102395234000,171538053000001,-4.634,-6.459,-30.174,0
1398294833078,42102408113000,171538053000001,-4.634,-6.459,-30.174,0
1398294833083,42102412416000,171538053000001,-4.634,-6.459,-30.174,0
1398294833096,42102425813000,171538053000001,-4.634,-6.459,-30.174,0
1398294833106,42102435823000,171538053000001,-4.634,-6.459,-30.174,0
1398294833116,42102445741000,171538053000001,-4.634,-6.459,-30.174,0
1398294833125,42102455262000,171538053000001,-4.634,-6.459,-30.174,0
1398294833135,42102465333000,171538053000001,-4.943,-6.459,-30.174,0
1398294833145,42102475221000,171538053000001,-4.943,-6.459,-30.174,0
1398294833157,42102486726000,171538053000001,-4.943,-6.459,-30.174,0
1398294833165,42102495240000,171538053000001,-4.943,-6.459,-30.174,0
1398294833175,42102505250000,171538053000001,-4.943,-6.459,-30.174,0
1398294833185,42102515351000,171538053000001,-4.943,-6.459,-30.174,0
1398294833195,42102524598000,171538053000001,-4.943,-6.459,-30.174,0
1398294833209,42102539002000,171538053000001,-4.943,-6.459,-30.174,0
1398294833214,42102544129000,171538053000001,-4.943,-6.459,-30.174,0
1398294833225,42102555421000,171538053000001,-4.943,-6.459,-30.174,0
1398294833235,42102565278000,171538053000001,-4.943,-6.459,-30.174,0
1398294833251,42102572663000,171538053000001,-4.943,-6.459,-30.174,0
1398294833253,42102582673000,171538053000001,-4.943,-6.459,-30.174,0
1398294833263,42102592683000,171538053000001,-4.943,-6.459,-30.174,0
1398294833274,42102602693000,171538053000001,-4.943,-6.459,-30.174,0
1398294833283,42102612702000,171538053000001,-4.943,-6.459,-30.174,0
1398294833293,42102622682000,171538053000001,-4.943,-6.459,-30.174,0
1398294833303,42102632722000,171538053000001,-4.943,-6.459,-30.174,0
1398294833313,42102642732000,171538053000001,-4.943,-6.459,-30.174,0
1398294833323,42102652741000,171538053000001,-4.943,-6.459,-30.174,0
1398294833334,42102664308000,171538053000001,-4.943,-6.459,-30.174,0
1398294833343,42102672761000,171538053000001,-4.943,-6.459,-30.174,0
1398294833354,42102683473000,171538053000001,-4.943,-6.459,-30.174,0
1398294833365,42102695375000,171538053000001,-4.943,-6.459,-30.174,0
1398294833375,42102705232000,171538053000001,-4.943,-6.459,-30.174,0
1398294833383,42102712800000,171538053000001,-4.943,-6.459,-30.174,0
1398294833399,42102728547000,171538053000001,-4.943,-6.459,-30.174,0
1398294833404,42102733155000,171538053000001,-4.943,-6.459,-30.174,0
1398294833414,42102744386000,171538053000001,-4.943,-6.459,-30.174,0
1398294833426,42102755616000,171538053000001,-4.943,-6.459,-30.174,0
1398294833436,42102765534000,171538053000001,-4.943,-6.459,-30.174,0
1398294833445,42102775270000,171538053000001,-4.943,-6.459,-30.174,0
1398294833454,42102782929000,171538053000001,-4.943,-6.459,-30.174,0
1398294833465,42102795350000,171538053000001,-4.943,-6.459,-30.174,0
1398294833475,42102805268000,171538053000001,-4.943,-6.459,-30.174,0
1398294833485,42102815217000,171538053000001,-4.943,-6.459,-30.174,0
1398294833495,42102825257000,171538053000001,-4.943,-6.459,-30.174,0
1398294833505,42102835481000,171538053000001,-4.943,-6.459,-30.174,0
1398294833523,42102847657000,171538053000001,-4.943,-6.459,-30.174,0
1398294833525,42102852937000,171538053000001,-4.943,-6.459,-30.174,0
1398294833550,42102862916000,171538053000001,-4.943,-6.459,-30.174,0
1398294833552,42102872865000,171538053000001,-4.943,-6.459,-30.174,0
1398294833559,42102882905000,171538053000001,-4.943,-6.459,-30.482,0
1398294833597,42102892945000,171538053000001,-4.943,-6.459,-30.482,0
1398294833601,42102902894000,171538053000001,-4.943,-6.459,-30.482,0
1398294833606,42102912965000,171538053000001,-4.943,-6.459,-30.482,0
1398294833608,42102922975000,171538053000001,-4.943,-6.459,-30.482,0
1398294833611,42102932954000,171538053000001,-4.943,-6.459,-30.482,0
1398294833614,42102942964000,171538053000001,-4.943,-6.459,-30.482,0
1398294833623,42102952973000,171538053000001,-4.943,-6.459,-30.482,0
1398294833633,42102962983000,171538053000001,-4.943,-6.459,-30.482,0
1398294833643,42102972993000,171538053000001,-4.943,-6.459,-30.482,0
1398294833654,42102983430000,171538053000001,-5.256,-6.459,-30.482,0
1398294833663,42102993012000,171538053000001,-5.256,-6.459,-30.482,0
1398294833678,42103003022000,171538053000001,-5.256,-6.459,-30.482,0
1398294833690,42103013032000,171538053000001,-5.256,-6.459,-30.482,0
1398294833695,42103024598000,171538053000001,-5.256,-6.459,-30.482,0
1398294833704,42103033082000,171538053000001,-5.256,-6.459,-30.482,0
1398294833720,42103043611000,171538053000001,-5.256,-6.459,-30.482,0
1398294833729,42103053041000,171538053000001,-5.256,-6.459,-30.482,0
1398294833733,42103063020000,171538053000001,-5.256,-6.459,-30.482,0
1398294833743,42103073030000,171538053000001,-5.256,-6.459,-30.482,0
1398294833753,42103083039000,171538053000001,-5.256,-6.459,-30.482,0
1398294833763,42103093049000,171538053000001,-5.256,-6.459,-30.482,0
1398294833773,42103103059000,171538053000001,-5.256,-6.459,-30.482,0
1398294833783,42103113069000,171538053000001,-5.256,-6.459,-30.482,0
1398294833793,42103123078000,171538053000001,-5.256,-6.459,-30.482,0
1398294833803,42103133088000,171538053000001,-5.256,-6.459,-30.482,0
1398294833813,42103143098000,171538053000001,-5.256,-6.459,-30.482,0
1398294833823,42103153108000,171538053000001,-5.256,-6.459,-30.482,0
1398294833833,42103163117000,171538053000001,-5.256,-6.459,-30.482,0
1398294833843,42103173158000,171538053000001,-5.256,-6.459,-30.482,0
1398294833854,42103183137000,171538053000001,-5.256,-6.459,-30.482,0
1398294833863,42103193330000,171538053000001,-5.256,-6.459,-30.482,0
1398294833875,42103204713000,171538053000001,-5.256,-6.459,-30.482,0
1398294833883,42103213197000,171538053000001,-5.256,-6.459,-30.482,0
1398294833893,42103223176000,171538053000001,-5.256,-6.459,-30.482,0
1398294833903,42103233186000,171538053000001,-5.256,-6.459,-30.482,0
1398294833913,42103243196000,171538053000001,-5.256,-6.459,-30.154,0
1398294833923,42103253205000,171538053000001,-5.256,-6.459,-30.154,0
1398294833933,42103263215000,171538053000001,-5.256,-6.459,-30.154,0
1398294833943,42103273255000,171538053000001,-5.256,-6.459,-30.154,0
1398294833953,42103283296000,171538053000001,-5.256,-6.459,-30.154,0
1398294833963,42103293305000,171538053000001,-5.256,-6.459,-30.154,0
1398294833973,42103303254000,171538053000001,-5.256,-6.459,-30.154,0
1398294833983,42103313264000,171538053000001,-5.256,-6.459,-30.154,0
1398294833993,42103323304000,171538053000001,-5.256,-6.459,-30.154,0
1398294834003,42103333314000,171538053000001,-5.256,-6.459,-30.154,0
1398294834020,42103343598000,171538053000001,-5.256,-6.459,-30.154,0
1398294834024,42103353334000,171538053000001,-5.256,-6.459,-30.154,0
1398294834033,42103363343000,171538053000001,-5.256,-6.459,-30.154,0
1398294834043,42103373323000,171538053000001,-5.256,-6.459,-30.154,0
1398294834055,42103384889000,171538053000001,-5.256,-6.459,-30.154,0
1398294834063,42103393403000,171538053000001,-5.256,-6.459,-30.154,0
1398294834073,42103403352000,171538053000001,-5.256,-6.459,-30.154,0
1398294834083,42103413362000,171538053000001,-5.256,-6.459,-30.154,0
1398294834093,42103423371000,171538053000001,-5.256,-6.459,-30.154,0
1398294834105,42103433656000,171538053000001,-5.256,-6.459,-30.154,0
1398294834126,42103443452000,171538053000001,-5.256,-6.459,-30.154,0
1398294834127,42103453431000,171538053000001,-5.256,-6.459,-30.154,0
1398294834137,42103466950000,171538053000001,-5.256,-6.459,-30.154,0
1398294834147,42103477082000,171538053000001,-5.256,-6.459,-30.154,0
1398294834157,42103487306000,171538053000001,-5.256,-6.459,-30.154,0
1398294834167,42103497071000,171538053000001,-5.256,-6.459,-30.154,0
1398294834177,42103507142000,171538053000001,-5.256,-6.459,-30.154,0
1398294834189,42103519258000,171538053000001,-5.256,-6.459,-30.154,0
1398294834195,42103524720000,171538053000001,-5.256,-6.459,-30.154,0
1398294834206,42103534028000,171538053000001,-5.256,-6.459,-30.154,0
1398294834214,42103543580000,171538053000001,-5.256,-6.459,-30.154,0
1398294834224,42103553590000,171538053000001,-5.256,-6.459,-30.154,0
1398294834235,42103565156000,171538053000001,-5.256,-6.459,-30.154,0
1398294834244,42103573640000,171538053000001,-5.256,-6.459,-30.154,0
1398294834254,42103583619000,171538053000001,-5.256,-6.459,-30.154,0
1398294834264,42103593598000,171538053000001,-5.256,-6.459,-30.154,0
1398294834274,42103603639000,171538053000001,-5.575,-6.459,-30.154,0
1398294834284,42103613648000,171538053000001,-5.575,-6.459,-30.154,0
1398294834294,42103623658000,171538053000001,-5.575,-6.459,-30.154,0
1398294834305,42103633912000,171538053000001,-5.575,-6.459,-30.154,0
1398294834316,42103646424000,171538053000001,-5.575,-6.459,-30.154,0
1398294834330,42103653626000,171538053000001,-5.575,-6.459,-30.154,0
1398294834336,42103664155000,171538053000001,-5.575,-6.459,-30.154,0
1398294834347,42103676637000,171538053000001,-5.575,-6.459,-30.154,0
1398294834358,42103687654000,171538053000001,-5.575,-6.459,-30.154,0
1398294834368,42103697999000,171538053000001,-5.575,-6.459,-30.154,0
1398294834378,42103708222000,171538053000001,-5.575,-6.459,-30.154,0
1398294834388,42103717835000,171538053000001,-5.575,-6.459,-30.154,0
1398294834398,42103728150000,171538053000001,-5.201,-6.459,-30.154,0
1398294834407,42103737367000,171538053000001,-5.201,-6.459,-30.154,0
1398294834419,42103749208000,171538053000001,-5.201,-6.459,-30.154,0
1398294834426,42103756227000,171538053000001,-4.847,-6.845,-30.154,0
1398294834440,42103770234000,171538053000001,-4.847,-6.845,-30.154,0
1398294834446,42103775697000,171538053000001,-4.847,-6.845,-30.154,0
1398294834460,42103790040000,171538053000001,-4.454,-6.845,-30.154,0
1398294834465,42103795381000,171538053000001,-4.454,-7.215,-30.154,0
1398294834478,42103807862000,171538053000001,-4.454,-7.215,-30.154,0
1398294834489,42103819306000,171538053000001,-3.994,-7.215,-30.154,0
1398294834497,42103827394000,171538053000001,-3.994,-7.536,-30.154,0
1398294834507,42103837342000,171538053000001,-3.663,-7.536,-30.154,0
1398294834520,42103849458000,171538053000001,-3.663,-7.536,-30.154,0
1398294834526,42103856477000,171538053000001,-3.297,-7.536,-30.154,0
1398294834541,42103866700000,171538053000001,-3.297,-7.856,-30.154,0
1398294834545,42103875489000,171538053000001,-3.297,-7.856,-30.154,0
1398294834558,42103883851000,171538053000001,-2.94,-7.856,-30.154,0
1398294834565,42103895112000,171538053000001,-2.94,-7.856,-30.154,0
1398294834574,42103903871000,171538053000001,-2.94,-7.856,-30.154,0
1398294834598,42103914643000,171538053000001,-2.94,-7.856,-30.154,0
1398294834602,42103925477000,171538053000001,-2.94,-7.856,-30.154,0
1398294834605,42103933991000,171538053000001,-2.94,-7.856,-30.154,0
1398294834615,42103943971000,171538053000001,-2.94,-7.856,-30.154,0
1398294834626,42103955598000,171538053000001,-2.609,-7.856,-30.154,0
1398294834644,42103969361000,171538053000001,-2.609,-7.856,-30.154,0
1398294834646,42103973939000,171538053000001,-2.609,-7.856,-30.154,0
1398294834662,42103983979000,171538053000001,-2.609,-7.856,-30.154,0
1398294834672,42103993989000,171538053000001,-2.609,-7.856,-30.154,0
1398294834675,42104004090000,171538053000001,-2.609,-7.856,-30.154,0
1398294834686,42104013978000,171538053000001,-2.609,-7.856,-30.154,0
1398294834694,42104023988000,171538053000001,-2.609,-7.856,-30.154,0
1398294834704,42104033998000,171538053000001,-2.94,-7.856,-30.154,0
1398294834714,42104044190000,171538053000001,-2.94,-7.856,-30.154,0
1398294834724,42104054048000,171538053000001,-2.94,-7.856,-30.154,0
1398294834740,42104063996000,171538053000001,-3.289,-7.856,-30.154,0
1398294834744,42104074006000,171538053000001,-3.289,-7.856,-30.154,0
1398294834754,42104084046000,171538053000001,-3.289,-7.531,-30.154,0
1398294834764,42104094026000,171538053000001,-3.289,-7.531,-30.154,0
1398294834776,42104105561000,171538053000001,-3.628,-7.531,-30.154,0
1398294834784,42104114076000,171538053000001,-3.628,-7.531,-30.154,0
1398294834794,42104124055000,171538053000001,-3.628,-7.531,-30.154,0
1398294834808,42104134095000,171538053000001,-3.628,-7.531,-30.154,0
1398294834814,42104144074000,171538053000001,-3.628,-7.531,-30.154,0
1398294834824,42104154084000,171538053000001,-3.967,-7.531,-30.154,0
1398294834834,42104164125000,171538053000001,-3.967,-7.531,-29.853,0
1398294834844,42104174104000,171538053000001,-3.967,-7.531,-29.853,0
1398294834854,42104184114000,171538053000001,-3.967,-7.531,-29.853,0
1398294834865,42104194123000,171538053000001,-3.967,-7.531,-29.853,0
1398294834874,42104204133000,171538053000001,-3.967,-7.531,-29.853,0
1398294834885,42104214143000,171538053000001,-3.967,-7.531,-29.853,0
1398294834894,42104224153000,171538053000001,-3.967,-7.531,-29.853,0
1398294834904,42104234162000,171538053000001,-3.967,-7.531,-29.853,0
1398294834914,42104244172000,171538053000001,-3.967,-7.531,-29.853,0
1398294834924,42104254182000,171538053000001,-3.967,-7.531,-29.853,0
1398294834936,42104264527000,171538053000001,-3.967,-7.531,-29.853,0
1398294834945,42104275331000,171538053000001,-3.967,-7.531,-29.853,0
1398294834956,42104285768000,171538053000001,-3.967,-7.531,-29.853,0
1398294834970,42104294282000,171538053000001,-3.967,-7.531,-29.853,0
1398294834978,42104304261000,171538053000001,-3.656,-7.531,-29.853,0
1398294834988,42104314241000,171538053000001,-3.656,-7.531,-29.853,0
1398294834994,42104324250000,171538053000001,-3.656,-7.531,-29.853,0
1398294835004,42104334260000,171538053000001,-3.656,-7.531,-29.853,0
1398294835014,42104344270000,171538053000001,-3.656,-7.531,-29.853,0
1398294835024,42104354280000,171538053000001,-3.656,-7.531,-29.853,0
1398294835035,42104364320000,171538053000001,-3.656,-7.531,-29.853,0
1398294835044,42104374299000,171538053000001,-3.656,-7.531,-29.853,0
1398294835054,42104384309000,171538053000001,-3.656,-7.531,-29.853,0
1398294835064,42104394319000,171538053000001,-3.656,-7.531,-29.853,0
1398294835074,42104404328000,171538053000001,-3.656,-7.531,-29.853,0
1398294835084,42104414338000,171538053000001,-3.656,-7.221,-29.853,0
1398294835094,42104424348000,171538053000001,-3.656,-7.221,-29.853,0
1398294835104,42104434358000,171538053000001,-3.656,-7.221,-29.853,0
1398294835114,42104444367000,171538053000001,-3.656,-7.221,-29.853,0
1398294835124,42104454377000,171538053000001,-3.656,-6.901,-29.853,0
1398294835136,42104465943000,171538053000001,-3.656,-6.901,-29.853,0
1398294835144,42104474427000,171538053000001,-3.656,-6.901,-29.853,0
1398294835154,42104484407000,171538053000001,-3.656,-6.901,-29.853,0
1398294835164,42104494416000,171538053000001,-3.656,-6.901,-29.853,0
1398294835174,42104504426000,171538053000001,-3.656,-6.55,-29.853,0
1398294835184,42104514436000,171538053000001,-3.656,-6.55,-29.853,0
1398294835194,42104524446000,171538053000001,-3.961,-6.55,-29.853,0
1398294835204,42104534455000,171538053000001,-3.961,-6.55,-29.853,0
1398294835214,42104544465000,171538053000001,-3.961,-6.55,-29.853,0
1398294835224,42104554475000,171538053000001,-3.961,-6.55,-29.853,0
1398294835234,42104564515000,171538053000001,-3.961,-6.55,-29.853,0
1398294835245,42104574769000,171538053000001,-3.961,-6.55,-29.853,0
1398294835254,42104584535000,171538053000001,-3.961,-6.55,-29.853,0
1398294835264,42104594514000,171538053000001,-3.961,-6.55,-29.853,0
1398294835274,42104604524000,171538053000001,-3.961,-6.55,-29.853,0
1398294835284,42104614533000,171538053000001,-3.961,-6.55,-29.853,0
1398294835294,42104624543000,171538053000001,-3.961,-6.55,-29.853,0
1398294835304,42104634553000,171538053000001,-3.961,-6.55,-29.853,0
1398294835316,42104646119000,171538053000001,-3.961,-6.55,-29.853,0
1398294835324,42104654603000,171538053000001,-3.961,-6.55,-29.853,0
1398294835334,42104664582000,171538053000001,-3.961,-6.55,-29.853,0
1398294835344,42104674592000,171538053000001,-3.961,-6.55,-29.853,0
1398294835354,42104684602000,171538053000001,-3.961,-6.55,-30.177,0
1398294835364,42104694612000,171538053000001,-3.961,-6.55,-30.177,0
1398294835374,42104704621000,171538053000001,-3.961,-6.55,-30.177,0
1398294835384,42104714631000,171538053000001,-4.278,-6.55,-30.177,0
1398294835395,42104724641000,171538053000001,-4.278,-6.55,-30.177,0
1398294835406,42104735200000,171538053000001,-4.278,-6.55,-30.177,0
1398294835419,42104748933000,171538053000001,-4.278,-6.55,-30.177,0
1398294835428,42104757936000,171538053000001,-4.278,-6.55,-30.177,0
1398294835440,42104769929000,171538053000001,-4.278,-6.55,-30.177,0
1398294835448,42104778169000,171538053000001,-4.278,-6.55,-30.177,0
1398294835459,42104789369000,171538053000001,-4.278,-6.55,-30.177,0
1398294835468,42104797608000,171538053000001,-4.278,-6.55,-30.177,0
1398294835480,42104810304000,171538053000001,-4.278,-6.55,-30.177,0
1398294835486,42104815003000,171538053000001,-4.278,-6.55,-30.177,0
1398294835497,42104826356000,171538053000001,-4.615,-6.55,-30.177,0
1398294835505,42104834870000,171538053000001,-4.615,-6.55,-30.177,0
1398294835515,42104844819000,171538053000001,-4.615,-6.55,-30.177,0
1398294835525,42104854829000,171538053000001,-4.615,-6.55,-30.177,0
1398294835535,42104865022000,171538053000001,-4.615,-6.55,-30.177,0
1398294835547,42104874848000,171538053000001,-4.615,-6.55,-30.177,0
1398294835558,42104887788000,171538053000001,-4.615,-6.55,-30.177,0
1398294835565,42104895051000,171538053000001,-4.615,-6.55,-30.177,0
1398294835575,42104904878000,171538053000001,-4.615,-6.55,-30.177,0
1398294835589,42104919038000,171538053000001,-4.615,-6.55,-30.177,0
1398294835599,42104929139000,171538053000001,-4.615,-6.55,-30.177,0
1398294835607,42104936677000,171538053000001,-4.615,-6.55,-30.177,0
1398294835620,42104949525000,171538053000001,-4.615,-6.55,-30.177,0
1398294835629,42104958589000,171538053000001,-4.615,-6.55,-30.177,0
1398294835641,42104970704000,171538053000001,-4.615,-6.55,-30.177,0
1398294835647,42104977449000,171538053000001,-4.615,-6.55,-30.177,0
1398294835661,42104991395000,171538053000001,-4.615,-6.55,-30.177,0
1398294835666,42104996278000,171538053000001,-4.615,-6.55,-30.177,0
1398294835682,42105011964000,171538053000001,-4.615,-6.55,-30.177,0
1398294835687,42105016572000,171538053000001,-4.615,-6.55,-30.177,0
1398294835701,42105031251000,171538053000001,-4.615,-6.55,-30.177,0
1398294835707,42105037019000,171538053000001,-4.615,-6.55,-30.177,0
1398294835721,42105051301000,171538053000001,-4.615,-6.55,-30.177,0
1398294835727,42105057252000,171538053000001,-4.615,-6.55,-30.177,0
1398294835742,42105071534000,171538053000001,-4.615,-6.55,-30.177,0
1398294835746,42105076448000,171538053000001,-4.615,-6.55,-30.177,0
1398294835761,42105091310000,171538053000001,-4.615,-6.55,-30.177,0
1398294835767,42105097169000,171538053000001,-4.615,-6.55,-30.177,0
1398294835781,42105111085000,171538053000001,-4.615,-6.55,-30.177,0
1398294835786,42105116120000,171538053000001,-4.615,-6.246,-30.177,0
1398294835797,42105126588000,171538053000001,-4.615,-6.246,-30.177,0
1398294835809,42105138612000,171538053000001,-4.615,-6.246,-30.177,0
1398294835820,42105149476000,171538053000001,-4.615,-6.246,-30.177,0
1398294835826,42105156220000,171538053000001,-4.615,-6.246,-30.177,0
1398294835841,42105170930000,171538053000001,-4.615,-6.246,-30.177,0
1398294835846,42105176423000,171538053000001,-4.615,-6.246,-30.177,0
1398294835870,42105193757000,171538053000001,-4.615,-6.246,-30.177,0
1398294835873,42105202912000,171538053000001,-4.615,-6.246,-30.177,0
1398294835877,42105206422000,171538053000001,-4.615,-6.246,-30.177,0
1398294835888,42105217591000,171538053000001,-4.615,-6.246,-30.177,0
1398294835900,42105229615000,171538053000001,-4.615,-6.246,-30.177,0
1398294835908,42105237519000,171538053000001,-4.615,-6.246,-30.177,0
1398294835920,42105249513000,171538053000001,-4.615,-6.246,-30.177,0
1398294835928,42105258454000,171538053000001,-4.313,-6.246,-30.177,0
1398294835941,42105270448000,171538053000001,-4.313,-6.246,-30.177,0
1398294835949,42105278810000,171538053000001,-4.313,-6.246,-30.177,0
1398294835961,42105290956000,171538053000001,-4.313,-6.568,-30.177,0
1398294835967,42105297486000,171538053000001,-4.313,-6.568,-30.177,0
1398294835981,42105310853000,171538053000001,-4.313,-6.568,-30.177,0
1398294835987,42105315309000,171538053000001,-4.313,-6.568,-30.177,0
1398294835995,42105325257000,171538053000001,-4.313,-6.568,-30.177,0
1398294836005,42105335267000,171538053000001,-4.313,-6.568,-30.177,0
1398294836015,42105345307000,171538053000001,-4.313,-6.568,-30.177,0
1398294836025,42105355317000,171538053000001,-4.313,-6.568,-30.177,0
1398294836038,42105366822000,171538053000001,-4.313,-6.568,-30.177,0
1398294836045,42105375337000,171538053000001,-4.313,-6.568,-30.177,0
1398294836056,42105385346000,171538053000001,-4.313,-6.568,-30.177,0
1398294836066,42105395326000,171538053000001,-4.313,-6.568,-30.177,0
1398294836076,42105405335000,171538053000001,-4.313,-6.568,-30.177,0
1398294836086,42105415345000,171538053000001,-4.313,-6.568,-30.177,0
1398294836098,42105425874000,171538053000001,-4.313,-6.568,-30.177,0
1398294836106,42105435487000,171538053000001,-4.313,-6.568,-30.177,0
1398294836115,42105445436000,171538053000001,-4.313,-6.568,-30.177,0
1398294836129,42105458314000,171538053000001,-4.313,-6.568,-30.177,0
1398294836145,42105465394000,171538053000001,-4.313,-6.568,-30.177,0
1398294836147,42105475434000,171538053000001,-4.313,-6.568,-30.177,0
1398294836162,42105485444000,171538053000001,-4.313,-6.568,-30.177,0
1398294836175,42105497102000,171538053000001,-4.313,-6.568,-30.177,0
1398294836176,42105506501000,171538053000001,-4.313,-6.568,-30.177,0
1398294836185,42105515412000,171538053000001,-4.313,-6.568,-30.177,0
1398294836197,42105525422000,171538053000001,-4.313,-6.568,-30.177,0
1398294836206,42105535462000,171538053000001,-4.313,-6.568,-30.177,0
1398294836218,42105547029000,171538053000001,-4.313,-6.568,-30.177,0
1398294836226,42105555512000,171538053000001,-4.313,-6.568,-30.177,0
1398294836236,42105565492000,171538053000001,-4.623,-6.568,-30.177,0
1398294836249,42105575471000,171538053000001,-4.623,-6.568,-30.177,0
1398294836256,42105585511000,171538053000001,-4.623,-6.568,-30.177,0
1398294836266,42105595552000,171538053000001,-4.623,-6.568,-30.177,0
1398294836276,42105605531000,171538053000001,-4.623,-6.568,-30.177,0
1398294836286,42105615541000,171538053000001,-4.623,-6.568,-30.177,0
1398294836297,42105625550000,171538053000001,-4.623,-6.568,-30.177,0
1398294836306,42105635591000,171538053000001,-4.623,-6.568,-30.177,0
1398294836316,42105645539000,171538053000001,-4.623,-6.568,-30.177,0
1398294836325,42105655549000,171538053000001,-4.623,-6.568,-30.177,0
1398294836335,42105665559000,171538053000001,-4.623,-6.568,-30.177,0
1398294836350,42105675599000,171538053000001,-4.623,-6.568,-30.177,0
1398294836356,42105685609000,171538053000001,-4.623,-6.568,-30.505,0
1398294836368,42105695619000,171538053000001,-4.623,-6.568,-30.505,0
1398294836376,42105705628000,171538053000001,-4.623,-6.568,-30.505,0
1398294836386,42105715638000,171538053000001,-4.623,-6.568,-30.505,0
1398294836397,42105727204000,171538053000001,-4.623,-6.568,-30.505,0
1398294836405,42105735688000,171538053000001,-4.623,-6.568,-30.505,0
1398294836416,42105745820000,171538053000001,-4.623,-6.568,-30.505,0
1398294836426,42105755647000,171538053000001,-4.623,-6.568,-30.505,0
1398294836436,42105765687000,171538053000001,-4.623,-6.568,-30.505,0
1398294836447,42105775666000,171538053000001,-4.623,-6.568,-30.505,0
1398294836456,42105785707000,171538053000001,-4.623,-6.568,-30.505,0
1398294836474,42105803468000,171538053000001,-4.623,-6.568,-30.505,0
1398294836476,42105806184000,171538053000001,-4.96,-6.568,-30.505,0
1398294836486,42105815705000,171538053000001,-4.96,-6.568,-30.505,0
1398294836495,42105825685000,171538053000001,-4.96,-6.568,-30.505,0
1398294836506,42105835694000,171538053000001,-4.96,-6.568,-30.505,0
1398294836516,42105845735000,171538053000001,-5.331,-6.568,-30.505,0
1398294836526,42105855714000,171538053000001,-5.331,-6.568,-30.505,0
1398294836536,42105865724000,171538053000001,-5.331,-6.568,-30.165,0
1398294836548,42105875733000,171538053000001,-5.331,-6.568,-30.165,0
1398294836556,42105885743000,171538053000001,-5.331,-6.568,-30.165,0
1398294836566,42105895783000,171538053000001,-5.653,-6.568,-30.165,0
1398294836577,42105907319000,171538053000001,-5.653,-6.568,-30.165,0
1398294836586,42105915803000,171538053000001,-5.653,-6.568,-30.165,0
1398294836596,42105925782000,171538053000001,-5.653,-6.568,-29.856,0
1398294836607,42105935853000,171538053000001,-5.653,-6.568,-29.856,0
1398294836617,42105945832000,171538053000001,-5.653,-6.568,-29.856,0
1398294836626,42105955812000,171538053000001,-5.653,-6.568,-29.856,0
1398294836636,42105965821000,171538053000001,-5.653,-6.568,-29.856,0
1398294836646,42105975862000,171538053000001,-5.653,-6.568,-29.856,0
1398294836658,42105985871000,171538053000001,-5.653,-6.568,-29.856,0
1398294836666,42105995881000,171538053000001,-5.653,-6.568,-29.856,0
1398294836676,42106005891000,171538053000001,-5.653,-6.568,-29.856,0
1398294836686,42106015901000,171538053000001,-5.653,-6.568,-29.856,0
1398294836696,42106025910000,171538053000001,-5.653,-6.568,-29.856,0
1398294836706,42106035890000,171538053000001,-5.653,-6.568,-29.856,0
1398294836716,42106045899000,171538053000001,-5.653,-6.568,-29.856,0
1398294836726,42106055909000,171538053000001,-5.653,-6.568,-29.856,0
1398294836736,42106065980000,171538053000001,-5.653,-6.568,-29.856,0
1398294836746,42106075990000,171538053000001,-5.653,-6.568,-29.856,0
1398294836758,42106087586000,171538053000001,-5.653,-6.568,-29.856,0
1398294836766,42106096070000,171538053000001,-5.653,-6.568,-29.856,0
1398294836779,42106106050000,171538053000001,-5.653,-6.568,-29.856,0
1398294836792,42106120271000,171538053000001,-5.653,-6.568,-29.856,0
1398294836797,42106126069000,171538053000001,-5.653,-6.568,-29.856,0
1398294836806,42106135987000,171538053000001,-5.653,-6.568,-29.856,0
1398294836816,42106145997000,171538053000001,-5.653,-6.568,-29.856,0
1398294836826,42106156007000,171538053000001,-5.653,-6.568,-29.856,0
1398294836840,42106166047000,171538053000001,-5.653,-6.568,-29.856,0
1398294836848,42106176057000,171538053000001,-5.653,-6.568,-30.169,0
1398294836856,42106186067000,171538053000001,-5.653,-6.568,-30.169,0
1398294836866,42106196046000,171538053000001,-5.653,-6.568,-30.169,0
1398294836876,42106206086000,171538053000001,-5.653,-6.568,-30.169,0
1398294836886,42106216096000,171538053000001,-5.653,-6.568,-30.169,0
1398294836904,42106226106000,171538053000001,-5.653,-6.568,-30.169,0
1398294836906,42106236116000,171538053000001,-5.653,-6.568,-30.169,0
1398294836916,42106246125000,171538053000001,-5.653,-6.568,-30.169,0
1398294836926,42106256105000,171538053000001,-5.653,-6.568,-30.169,0
1398294836938,42106267671000,171538053000001,-5.653,-6.568,-30.169,0
1398294836946,42106276185000,171538053000001,-5.653,-6.568,-30.169,0
1398294836956,42106286134000,171538053000001,-5.653,-6.568,-30.169,0
1398294836966,42106296144000,171538053000001,-5.653,-6.568,-30.169,0
1398294836976,42106306153000,171538053000001,-5.653,-6.568,-30.169,0
1398294836987,42106316194000,171538053000001,-5.653,-6.568,-30.169,0
1398294836997,42106326203000,171538053000001,-5.653,-6.568,-30.169,0
1398294837006,42106336213000,171538053000001,-5.653,-6.568,-30.169,0
1398294837016,42106346192000,171538053000001,-5.653,-6.568,-30.169,0
1398294837026,42106356172000,171538053000001,-5.653,-6.568,-30.169,0
1398294837041,42106366242000,171538053000001,-5.653,-6.568,-30.169,0
1398294837047,42106376313000,171538053000001,-5.653,-6.568,-30.169,0
1398294837057,42106386293000,171538053000001,-5.653,-6.568,-30.169,0
1398294837067,42106396302000,171538053000001,-5.653,-6.568,-30.169,0
1398294837077,42106406373000,171538053000001,-5.653,-6.568,-30.169,0
1398294837094,42106416505000,171538053000001,-5.653,-6.568,-30.169,0
1398294837098,42106427949000,171538053000001,-5.653,-6.568,-30.169,0
1398294837106,42106436280000,171538053000001,-5.653,-6.568,-30.169,0
1398294837118,42106447816000,171538053000001,-5.653,-6.568,-30.169,0
1398294837127,42106456361000,171538053000001,-5.653,-6.568,-30.169,0
1398294837136,42106466310000,171538053000001,-5.653,-6.568,-30.169,0
1398294837146,42106476319000,171538053000001,-5.653,-6.568,-30.169,0
1398294837156,42106486329000,171538053000001,-5.653,-6.568,-30.169,0
1398294837166,42106496308000,171538053000001,-5.653,-6.568,-30.169,0
1398294837176,42106506318000,171538053000001,-5.653,-6.568,-30.169,0
1398294837186,42106516358000,171538053000001,-5.653,-6.568,-30.169,0
1398294837196,42106526368000,171538053000001,-5.653,-6.568,-30.169,0
1398294837206,42106536378000,171538053000001,-5.653,-6.568,-30.169,0
1398294837216,42106546388000,171538053000001,-5.653,-6.568,-30.169,0
1398294837226,42106556397000,171538053000001,-5.653,-6.568,-30.169,0
1398294837236,42106566407000,171538053000001,-5.653,-6.568,-30.169,0
1398294837246,42106576417000,171538053000001,-5.653,-6.568,-30.169,0
1398294837256,42106586427000,171538053000001,-5.653,-6.568,-30.169,0
1398294837266,42106596589000,171538053000001,-5.653,-6.568,-30.169,0
1398294837276,42106606446000,171538053000001,-5.653,-6.568,-30.169,0
1398294837286,42106616487000,171538053000001,-5.653,-6.568,-30.169,0
1398294837298,42106628022000,171538053000001,-5.653,-6.568,-30.169,0
1398294837307,42106636567000,171538053000001,-5.653,-6.568,-30.169,0
1398294837317,42106646516000,171538053000001,-5.653,-6.568,-30.169,0
1398294837326,42106656495000,171538053000001,-5.653,-6.568,-30.169,0
1398294837336,42106666505000,171538053000001,-5.653,-6.568,-30.169,0
1398294837346,42106676515000,171538053000001,-5.653,-6.568,-30.169,0
1398294837356,42106686524000,171538053000001,-5.653,-6.568,-30.169,0
1398294837366,42106696534000,171538053000001,-5.653,-6.568,-30.169,0
1398294837376,42106706544000,171538053000001,-5.653,-6.568,-30.169,0
1398294837386,42106716584000,171538053000001,-5.653,-6.568,-30.169,0
1398294837397,42106726594000,171538053000001,-5.653,-6.568,-30.169,0
1398294837410,42106737702000,171538053000001,-5.653,-6.568,-30.169,0
1398294837424,42106753236000,171538053000001,-5.653,-6.568,-30.169,0
1398294837428,42106758119000,171538053000001,-5.653,-6.568,-30.169,0
1398294837441,42106770570000,171538053000001,-5.284,-6.568,-30.169,0
1398294837451,42106780549000,171538053000001,-5.284,-6.568,-30.169,0
1398294837461,42106790925000,171538053000001,-5.284,-6.568,-30.169,0
1398294837469,42106799073000,171538053000001,-5.284,-6.568,-30.169,0
1398294837484,42106813539000,171538053000001,-4.954,-6.568,-30.169,0
1398294837487,42106816987000,171538053000001,-4.954,-6.568,-30.169,0
1398294837499,42106828584000,171538053000001,-4.954,-6.568,-30.169,0
1398294837519,42106841950000,171538053000001,-4.954,-6.568,-30.169,0
1398294837522,42106847047000,171538053000001,-4.954,-6.568,-30.169,0
1398294837537,42106856782000,171538053000001,-4.624,-6.568,-30.169,0
1398294837539,42106866761000,171538053000001,-4.624,-6.877,-30.169,0
1398294837549,42106876771000,171538053000001,-4.624,-6.877,-30.169,0
1398294837557,42106886781000,171538053000001,-4.624,-6.877,-30.169,0
1398294837570,42106896791000,171538053000001,-4.624,-6.877,-30.169,0
1398294837581,42106906831000,171538053000001,-4.624,-6.877,-30.169,0
1398294837587,42106916841000,171538053000001,-4.624,-6.877,-30.169,0
1398294837597,42106926820000,171538053000001,-4.624,-6.877,-30.169,0
1398294837607,42106936860000,171538053000001,-4.624,-6.877,-30.169,0
1398294837617,42106946839000,171538053000001,-4.624,-6.877,-30.169,0
1398294837639,42106956880000,171538053000001,-4.624,-6.877,-30.169,0
1398294837641,42106966889000,171538053000001,-4.624,-6.877,-30.169,0
1398294837651,42106976899000,171538053000001,-4.624,-6.877,-30.169,0
1398294837661,42106988465000,171538053000001,-4.624,-6.877,-30.169,0
1398294837667,42106996949000,171538053000001,-4.624,-6.568,-30.169,0
1398294837680,42107006898000,171538053000001,-4.624,-6.568,-30.169,0
1398294837687,42107016908000,171538053000001,-4.624,-6.568,-30.169,0
1398294837697,42107026918000,171538053000001,-4.624,-6.568,-30.169,0
1398294837715,42107042604000,171538053000001,-4.624,-6.568,-30.169,0
1398294837718,42107047425000,171538053000001,-4.624,-6.568,-30.169,0
1398294837728,42107056947000,171538053000001,-4.624,-6.568,-30.169,0
1398294837737,42107066957000,171538053000001,-4.624,-6.568,-30.169,0
1398294837747,42107076936000,171538053000001,-4.624,-6.568,-30.169,0
1398294837757,42107086946000,171538053000001,-4.624,-6.568,-30.169,0
1398294837773,42107102845000,171538053000001,-4.624,-6.568,-30.169,0
1398294837781,42107107942000,171538053000001,-4.624,-6.568,-30.169,0
1398294837793,42107121583000,171538053000001,-4.624,-6.568,-30.169,0
1398294837797,42107126985000,171538053000001,-4.624,-6.568,-30.169,0
1398294837811,42107139039000,171538053000001,-4.624,-6.568,-30.169,0
1398294837819,42107147035000,171538053000001,-4.624,-6.568,-30.169,0
1398294837829,42107158448000,171538053000001,-4.624,-6.568,-30.169,0
1398294837840,42107168611000,171538053000001,-4.624,-6.568,-30.169,0
1398294837847,42107177064000,171538053000001,-4.624,-6.568,-30.169,0
1398294837860,42107188081000,171538053000001,-4.624,-6.568,-30.169,0
1398294837869,42107198609000,171538053000001,-4.624,-6.568,-30.169,0
1398294837878,42107207124000,171538053000001,-4.624,-6.568,-30.169,0
1398294837888,42107217683000,171538053000001,-4.624,-6.568,-30.169,0
1398294837908,42107227143000,171538053000001,-4.624,-6.568,-30.169,0
1398294837910,42107237153000,171538053000001,-4.624,-6.568,-30.169,0
1398294837918,42107247438000,171538053000001,-4.624,-6.568,-30.169,0
1398294837928,42107257173000,171538053000001,-4.624,-6.568,-30.169,0
1398294837937,42107267182000,171538053000001,-4.624,-6.568,-30.169,0
1398294837947,42107277162000,171538053000001,-4.624,-6.568,-30.169,0
1398294837957,42107287171000,171538053000001,-4.624,-6.568,-30.169,0
1398294837967,42107297181000,171538053000001,-4.624,-6.568,-30.169,0
1398294837979,42107307221000,171538053000001,-4.624,-6.568,-30.169,0
1398294837991,42107317201000,171538053000001,-4.624,-6.568,-29.84,0
1398294838000,42107327241000,171538053000001,-4.624,-6.568,-29.84,0
1398294838014,42107337525000,171538053000001,-4.624,-6.568,-29.84,0
1398294838019,42107348786000,171538053000001,-4.925,-6.568,-29.84,0
1398294838030,42107357270000,171538053000001,-4.925,-6.568,-29.84,0
1398294838037,42107367280000,171538053000001,-4.925,-6.568,-29.84,0
1398294838047,42107377290000,171538053000001,-4.925,-6.936,-29.84,0
1398294838057,42107387269000,171538053000001,-4.925,-6.936,-29.84,0
1398294838067,42107397279000,171538053000001,-4.925,-6.936,-29.84,0
1398294838078,42107407289000,171538053000001,-4.925,-6.936,-29.84,0
1398294838087,42107417298000,171538053000001,-4.925,-6.936,-29.515,0
1398294838097,42107427308000,171538053000001,-4.925,-6.936,-29.515,0
1398294838107,42107437318000,171538053000001,-4.925,-6.936,-29.515,0
1398294838117,42107447480000,171538053000001,-4.925,-6.936,-29.515,0
1398294838127,42107457307000,171538053000001,-4.925,-7.279,-29.515,0
1398294838137,42107467317000,171538053000001,-4.925,-7.279,-29.515,0
1398294838147,42107477357000,171538053000001,-4.925,-7.279,-29.515,0
1398294838157,42107487367000,171538053000001,-4.925,-7.279,-29.515,0
1398294838167,42107497376000,171538053000001,-4.925,-7.279,-29.515,0
1398294838178,42107507417000,171538053000001,-4.925,-7.279,-29.515,0
1398294838188,42107517427000,171538053000001,-4.925,-7.279,-29.515,0
1398294838199,42107528962000,171538053000001,-4.925,-7.279,-29.515,0
1398294838208,42107537477000,171538053000001,-4.925,-7.279,-29.515,0
1398294838217,42107547425000,171538053000001,-4.925,-7.279,-29.515,0
1398294838227,42107557435000,171538053000001,-4.925,-7.279,-29.515,0
1398294838237,42107567445000,171538053000001,-4.565,-7.279,-29.515,0
1398294838247,42107577455000,171538053000001,-4.565,-7.279,-29.515,0
1398294838257,42107587464000,171538053000001,-4.565,-7.279,-29.515,0
1398294838267,42107597474000,171538053000001,-4.565,-7.279,-29.515,0
1398294838277,42107607484000,171538053000001,-4.26,-7.279,-29.515,0
1398294838287,42107617524000,171538053000001,-4.26,-7.279,-29.515,0
1398294838297,42107627503000,171538053000001,-4.26,-7.279,-29.515,0
1398294838308,42107637544000,171538053000001,-4.26,-7.279,-29.515,0
1398294838318,42107647828000,171538053000001,-4.26,-7.279,-29.515,0
1398294838327,42107657502000,171538053000001,-3.906,-7.279,-29.515,0
1398294838338,42107667512000,171538053000001,-3.906,-7.279,-29.515,0
1398294838347,42107677522000,171538053000001,-3.906,-7.279,-29.515,0
1398294838358,42107687532000,171538053000001,-3.906,-7.279,-29.515,0
1398294838367,42107697541000,171538053000001,-3.906,-7.603,-29.515,0
1398294838379,42107709077000,171538053000001,-3.906,-7.603,-29.515,0
1398294838388,42107717591000,171538053000001,-3.906,-7.603,-29.515,0
1398294838397,42107727571000,171538053000001,-3.906,-7.603,-29.515,0
1398294838410,42107739747000,171538053000001,-3.906,-7.603,-29.515,0
1398294838420,42107749696000,171538053000001,-3.588,-7.603,-29.515,0
1398294838434,42107763917000,171538053000001,-3.588,-7.603,-29.515,0
1398294838439,42107768983000,171538053000001,-3.588,-7.603,-29.515,0
1398294838455,42107784272000,171538053000001,-3.588,-7.603,-29.515,0
1398294838460,42107789369000,171538053000001,-3.588,-7.603,-29.515,0
1398294838474,42107804109000,171538053000001,-3.588,-7.603,-29.515,0
1398294838479,42107809144000,171538053000001,-3.588,-7.603,-29.515,0
1398294838495,42107821870000,171538053000001,-3.588,-7.603,-29.515,0
1398294838498,42107827699000,171538053000001,-3.588,-7.603,-29.515,0
1398294838509,42107837709000,171538053000001,-3.903,-7.603,-29.515,0
1398294838518,42107847688000,171538053000001,-3.903,-7.603,-29.515,0
1398294838528,42107857698000,171538053000001,-3.903,-7.603,-29.515,0
1398294838538,42107867707000,171538053000001,-3.903,-7.603,-29.515,0
1398294838548,42107877870000,171538053000001,-3.903,-7.603,-29.837,0
1398294838575,42107889283000,171538053000001,-3.903,-7.286,-29.837,0
1398294838576,42107897767000,171538053000001,-3.903,-7.286,-29.837,0
1398294838579,42107907746000,171538053000001,-3.903,-7.286,-29.837,0
1398294838588,42107917756000,171538053000001,-4.244,-7.286,-29.837,0
1398294838602,42107931916000,171538053000001,-4.244,-7.286,-29.837,0
1398294838613,42107942597000,171538053000001,-4.244,-6.919,-29.837,0
1398294838626,42107949678000,171538053000001,-4.244,-6.919,-29.837,0
1398294838631,42107959199000,171538053000001,-4.244,-6.919,-29.837,0
1398294838645,42107974458000,171538053000001,-4.244,-6.919,-29.837,0
1398294838650,42107979585000,171538053000001,-4.244,-6.919,-29.837,0
1398294838662,42107991822000,171538053000001,-4.57,-6.549,-29.837,0
1398294838670,42107999940000,171538053000001,-4.57,-6.549,-29.837,0
1398294838685,42108014497000,171538053000001,-4.57,-6.549,-29.837,0
1398294838688,42108018312000,171538053000001,-4.57,-6.549,-29.837,0
1398294838705,42108034394000,171538053000001,-4.57,-6.549,-29.837,0
1398294838710,42108039460000,171538053000001,-4.57,-6.549,-29.837,0
1398294838722,42108051454000,171538053000001,-4.57,-6.549,-29.837,0
1398294838734,42108063661000,171538053000001,-4.57,-6.549,-29.837,0
1398294838742,42108071961000,171538053000001,-4.57,-6.549,-29.837,0
1398294838754,42108083497000,171538053000001,-4.922,-6.549,-29.837,0
1398294838761,42108090455000,171538053000001,-4.922,-6.549,-29.837,0
1398294838773,42108102479000,171538053000001,-4.922,-6.549,-29.837,0
1398294838780,42108109437000,171538053000001,-4.922,-6.549,-29.837,0
1398294838795,42108124330000,171538053000001,-4.922,-6.549,-29.837,0
1398294838800,42108129426000,171538053000001,-4.922,-6.549,-29.837,0
1398294838813,42108143128000,171538053000001,-4.922,-6.549,-29.837,0
1398294838822,42108151521000,171538053000001,-4.922,-6.549,-29.837,0
1398294838834,42108163911000,171538053000001,-4.922,-6.549,-29.837,0
1398294838841,42108170838000,171538053000001,-4.922,-6.549,-29.837,0
1398294838855,42108184358000,171538053000001,-4.922,-6.549,-29.837,0
1398294838860,42108189424000,171538053000001,-4.515,-6.895,-29.837,0
1398294838875,42108204347000,171538053000001,-4.515,-6.895,-29.837,0
1398294838880,42108209382000,171538053000001,-4.515,-6.895,-29.837,0
1398294838899,42108222962000,171538053000001,-4.158,-6.895,-29.837,0
1398294838901,42108228059000,171538053000001,-4.158,-6.895,-29.837,0
1398294838915,42108238526000,171538053000001,-3.817,-6.895,-29.837,0
1398294838921,42108250672000,171538053000001,-3.817,-7.237,-29.837,0
1398294838949,42108258149000,171538053000001,-3.817,-7.237,-29.837,0
1398294838952,42108268098000,171538053000001,-3.817,-7.237,-29.837,0
1398294838955,42108278108000,171538053000001,-3.488,-7.237,-29.837,0
1398294838962,42108288117000,171538053000001,-3.488,-7.237,-29.837,0
1398294838968,42108298127000,171538053000001,-3.488,-7.237,-29.837,0
1398294838979,42108308106000,171538053000001,-3.488,-7.237,-29.837,0
1398294838993,42108319612000,171538053000001,-3.176,-7.237,-29.837,0
1398294838998,42108328187000,171538053000001,-3.176,-7.237,-29.837,0
1398294839015,42108338899000,171538053000001,-3.176,-7.237,-29.837,0
1398294839027,42108348176000,171538053000001,-3.176,-7.237,-29.837,0
1398294839029,42108358186000,171538053000001,-3.176,-7.237,-29.837,0
1398294839041,42108368196000,171538053000001,-3.176,-7.237,-29.837,0
1398294839048,42108378205000,171538053000001,-3.176,-7.237,-29.837,0
1398294839058,42108388185000,171538053000001,-3.176,-7.237,-29.837,0
1398294839068,42108398225000,171538053000001,-3.176,-7.237,-29.837,0
1398294839079,42108408235000,171538053000001,-3.482,-7.237,-29.837,0
1398294839090,42108418214000,171538053000001,-3.482,-7.237,-29.837,0
1398294839100,42108429780000,171538053000001,-3.482,-7.237,-29.837,0
1398294839113,42108438264000,171538053000001,-3.802,-6.9,-29.837,0
1398294839118,42108448243000,171538053000001,-3.802,-6.9,-29.837,0
1398294839128,42108458253000,171538053000001,-3.802,-6.9,-29.837,0
1398294839138,42108468263000,171538053000001,-3.802,-6.9,-29.837,0
1398294839148,42108478272000,171538053000001,-3.802,-6.9,-29.837,0
1398294839158,42108488282000,171538053000001,-3.802,-6.9,-29.837,0
1398294839168,42108498323000,171538053000001,-4.139,-6.9,-29.837,0
1398294839178,42108508332000,171538053000001,-4.139,-6.9,-29.837,0
1398294839189,42108518342000,171538053000001,-4.139,-6.9,-29.837,0
1398294839198,42108528352000,171538053000001,-4.139,-6.9,-29.837,0
1398294839208,42108538331000,171538053000001,-4.139,-6.9,-29.837,0
1398294839219,42108548371000,171538053000001,-4.493,-6.9,-29.837,0
1398294839229,42108558412000,171538053000001,-4.493,-6.9,-29.837,0
1398294839240,42108568391000,171538053000001,-4.493,-6.9,-29.837,0
1398294839249,42108578401000,171538053000001,-4.493,-6.9,-29.837,0
1398294839260,42108588410000,171538053000001,-4.493,-6.9,-29.837,0
1398294839269,42108598390000,171538053000001,-4.493,-6.9,-29.837,0
1398294839280,42108609956000,171538053000001,-4.493,-6.9,-29.837,0
1398294839289,42108618470000,171538053000001,-4.493,-6.9,-29.837,0
1398294839298,42108628419000,171538053000001,-4.493,-6.9,-29.837,0
1398294839309,42108638429000,171538053000001,-4.493,-6.9,-29.837,0
1398294839319,42108648439000,171538053000001,-4.493,-6.9,-29.837,0
1398294839333,42108658479000,171538053000001,-4.493,-6.9,-29.837,0
1398294839344,42108668489000,171538053000001,-4.493,-6.9,-29.837,0
1398294839349,42108678498000,171538053000001,-4.493,-6.9,-29.837,0
1398294839359,42108688478000,171538053000001,-4.493,-6.9,-29.837,0
1398294839369,42108698487000,171538053000001,-4.493,-6.9,-29.837,0
1398294839379,42108708528000,171538053000001,-4.493,-7.215,-29.837,0
1398294839389,42108718507000,171538053000001,-4.493,-7.215,-29.837,0
1398294839401,42108728730000,171538053000001,-4.493,-7.215,-29.837,0
1398294839409,42108738557000,171538053000001,-4.493,-7.215,-29.837,0
1398294839418,42108748536000,171538053000001,-4.493,-7.215,-29.837,0
1398294839429,42108758546000,171538053000001,-4.493,-7.215,-29.837,0
1398294839439,42108768556000,171538053000001,-4.493,-7.215,-29.837,0
1398294839448,42108778565000,171538053000001,-4.493,-7.215,-29.837,0
1398294839460,42108790132000,171538053000001,-4.493,-7.215,-29.837,0
1398294839469,42108798646000,171538053000001,-4.493,-7.215,-29.837,0
1398294839480,42108808625000,171538053000001,-4.493,-7.215,-29.837,0
1398294839492,42108818635000,171538053000001,-4.493,-7.215,-29.837,0
1398294839499,42108828645000,171538053000001,-4.843,-7.215,-29.837,0
1398294839516,42108840821000,171538053000001,-4.843,-6.89,-29.837,0
1398294839528,42108856599000,171538053000001,-4.843,-6.89,-29.837,0
1398294839530,42108858674000,171538053000001,-4.843,-6.89,-29.837,0
1398294839539,42108868653000,171538053000001,-5.165,-6.89,-29.837,0
1398294839549,42108878633000,171538053000001,-5.165,-6.89,-29.837,0
1398294839559,42108888642000,171538053000001,-5.165,-6.89,-29.837,0
1398294839569,42108898652000,171538053000001,-5.165,-6.89,-29.837,0
1398294839579,42108908662000,171538053000001,-5.165,-6.89,-29.837,0
1398294839592,42108918702000,171538053000001,-5.165,-6.89,-29.837,0
1398294839599,42108928681000,171538053000001,-5.165,-6.89,-29.837,0
1398294839609,42108938691000,171538053000001,-4.85,-6.89,-29.837,0
1398294839619,42108948701000,171538053000001,-4.85,-6.89,-29.837,0
1398294839629,42108958711000,171538053000001,-4.85,-6.89,-29.837,0
1398294839643,42108970277000,171538053000001,-4.85,-6.89,-29.837,0
1398294839649,42108978791000,171538053000001,-4.85,-6.89,-29.837,0
1398294839659,42108988740000,171538053000001,-4.85,-6.89,-29.837,0
1398294839669,42108998750000,171538053000001,-4.85,-6.89,-29.837,0
1398294839679,42109008790000,171538053000001,-4.85,-6.89,-29.837,0
1398294839689,42109018769000,171538053000001,-4.85,-6.89,-29.837,0
1398294839699,42109028779000,171538053000001,-4.85,-6.89,-29.837,0
1398294839709,42109038789000,171538053000001,-4.85,-6.89,-29.837,0
1398294839719,42109048799000,171538053000001,-4.85,-6.89,-29.837,0
1398294839729,42109058808000,171538053000001,-4.505,-6.89,-29.837,0
1398294839739,42109068818000,171538053000001,-4.505,-6.89,-29.837,0
1398294839749,42109078828000,171538053000001,-4.505,-6.585,-29.837,0
1398294839759,42109088838000,171538053000001,-4.505,-6.585,-29.837,0
1398294839769,42109098847000,171538053000001,-4.505,-6.585,-29.837,0
1398294839779,42109108857000,171538053000001,-4.505,-6.585,-29.837,0
1398294839791,42109118867000,171538053000001,-4.505,-6.585,-29.837,0
1398294839799,42109128877000,171538053000001,-4.505,-6.585,-29.837,0
1398294839809,42109138887000,171538053000001,-4.505,-6.585,-29.837,0
1398294839821,42109150453000,171538053000001,-4.505,-6.283,-29.837,0
1398294839829,42109159120000,171538053000001,-4.505,-6.283,-29.837,0
1398294839839,42109168946000,171538053000001,-4.505,-6.283,-29.837,0
1398294839849,42109178956000,171538053000001,-4.505,-6.283,-29.837,0
1398294839863,42109192506000,171538053000001,-4.505,-6.283,-29.837,0
1398294839869,42109198945000,171538053000001,-4.505,-6.283,-29.837,0
1398294839879,42109208955000,171538053000001,-4.505,-6.283,-29.837,0
1398294839889,42109218995000,171538053000001,-4.505,-6.283,-29.837,0
1398294839899,42109229005000,171538053000001,-4.505,-6.283,-29.837,0
1398294839909,42109238984000,171538053000001,-4.505,-6.283,-29.837,0
1398294839924,42109249024000,171538053000001,-4.505,-6.283,-29.837,0
1398294839938,42109259095000,171538053000001,-4.505,-6.283,-29.837,0
1398294839940,42109269044000,171538053000001,-4.505,-6.283,-29.837,0
1398294839949,42109278993000,171538053000001,-4.821,-6.283,-29.837,0
1398294839961,42109289033000,171538053000001,-4.821,-6.283,-29.837,0
1398294839971,42109299073000,171538053000001,-4.821,-6.283,-29.837,0
1398294839979,42109309053000,171538053000001,-4.821,-6.283,-29.837,0
1398294839989,42109319062000,171538053000001,-4.821,-6.283,-29.837,0
1398294840004,42109330598000,171538053000001,-4.821,-6.283,-29.837,0
1398294840009,42109339112000,171538053000001,-4.821,-6.283,-29.837,0
1398294840022,42109349092000,171538053000001,-4.821,-6.283,-29.837,0
1398294840030,42109359101000,171538053000001,-4.821,-6.283,-29.837,0
1398294840039,42109369142000,171538053000001,-4.821,-6.283,-29.837,0
1398294840049,42109379182000,171538053000001,-4.821,-6.283,-29.837,0
1398294840060,42109389161000,171538053000001,-4.821,-6.283,-29.837,0
1398294840070,42109399171000,171538053000001,-4.821,-6.283,-29.837,0
1398294840079,42109409181000,171538053000001,-5.142,-6.283,-29.837,0
1398294840089,42109419190000,171538053000001,-5.142,-6.283,-29.837,0
1398294840099,42109429200000,171538053000001,-5.142,-6.283,-29.837,0
1398294840109,42109439179000,171538053000001,-5.142,-6.283,-29.837,0
1398294840120,42109449220000,171538053000001,-5.142,-6.283,-29.837,0
1398294840129,42109459230000,171538053000001,-5.142,-6.283,-29.837,0
1398294840140,42109469300000,171538053000001,-5.142,-6.283,-29.837,0
1398294840149,42109479280000,171538053000001,-5.142,-6.283,-29.837,0
1398294840160,42109489656000,171538053000001,-5.142,-6.283,-29.837,0
1398294840170,42109499940000,171538053000001,-5.142,-6.283,-29.837,0
1398294840181,42109510804000,171538053000001,-5.142,-6.283,-29.837,0
1398294840189,42109519288000,171538053000001,-5.142,-6.283,-29.837,0
1398294840199,42109529267000,171538053000001,-5.142,-6.283,-29.837,0
1398294840209,42109539277000,171538053000001,-5.142,-6.283,-29.837,0
1398294840219,42109549287000,171538053000001,-5.142,-6.283,-29.837,0
1398294840229,42109559297000,171538053000001,-5.142,-6.283,-29.837,0
1398294840239,42109569306000,171538053000001,-5.142,-6.283,-29.837,0
1398294840249,42109579316000,171538053000001,-5.142,-6.283,-29.837,0
1398294840260,42109589509000,171538053000001,-5.142,-6.283,-29.837,0
1398294840269,42109599336000,171538053000001,-5.142,-6.283,-29.837,0
1398294840279,42109609345000,171538053000001,-5.142,-6.283,-29.837,0
1398294840289,42109619355000,171538053000001,-5.142,-6.283,-29.837,0
1398294840299,42109629365000,171538053000001,-5.142,-6.283,-29.837,0
1398294840310,42109639344000,171538053000001,-5.142,-6.283,-29.837,0
1398294840320,42109649385000,171538053000001,-5.142,-6.283,-29.837,0
1398294840330,42109659394000,171538053000001,-5.142,-6.283,-29.837,0
1398294840340,42109669404000,171538053000001,-5.142,-6.283,-29.837,0
1398294840349,42109679414000,171538053000001,-5.142,-6.283,-29.837,0
1398294840361,42109691011000,171538053000001,-5.142,-6.283,-29.837,0
1398294840372,42109699494000,171538053000001,-5.461,-6.283,-29.837,0
1398294840380,42109709443000,171538053000001,-5.461,-6.283,-29.837,0
1398294840390,42109719453000,171538053000001,-5.461,-6.283,-29.837,0
1398294840400,42109729463000,171538053000001,-5.461,-6.283,-29.837,0
1398294840410,42109739472000,171538053000001,-5.461,-6.283,-29.837,0
1398294840420,42109749482000,171538053000001,-5.461,-6.283,-29.837,0
1398294840430,42109759492000,171538053000001,-5.461,-6.283,-29.837,0
1398294840441,42109769715000,171538053000001,-5.461,-6.283,-29.837,0
1398294840451,42109779542000,171538053000001,-5.461,-6.283,-29.837,0
1398294840460,42109789552000,171538053000001,-5.461,-6.587,-29.837,0
1398294840470,42109799562000,171538053000001,-5.461,-6.587,-29.837,0
1398294840480,42109809541000,171538053000001,-5.461,-6.587,-29.837,0
1398294840490,42109819551000,171538053000001,-5.461,-6.587,-29.837,0
1398294840500,42109829530000,171538053000001,-5.461,-6.587,-29.837,0
1398294840510,42109839540000,171538053000001,-5.461,-6.587,-29.837,0
1398294840520,42109849580000,171538053000001,-5.461,-6.587,-29.837,0
1398294840530,42109859590000,171538053000001,-5.461,-6.587,-29.837,0
1398294840541,42109871186000,171538053000001,-5.12,-6.587,-29.837,0
1398294840550,42109879640000,171538053000001,-5.12,-6.587,-29.837,0
1398294840561,42109889619000,171538053000001,-5.12,-6.587,-29.837,0
1398294840570,42109899629000,171538053000001,-5.12,-6.587,-29.837,0
1398294840580,42109909638000,171538053000001,-4.797,-6.587,-29.837,0
1398294840590,42109919648000,171538053000001,-4.797,-6.587,-29.837,0
1398294840600,42109929658000,171538053000001,-4.797,-6.587,-29.837,0
1398294840610,42109939668000,171538053000001,-4.797,-6.587,-29.837,0
1398294840620,42109949678000,171538053000001,-4.797,-6.587,-29.837,0
1398294840631,42109959687000,171538053000001,-4.797,-6.587,-29.837,0
1398294840640,42109969728000,171538053000001,-4.797,-6.587,-29.837,0
1398294840651,42109979737000,171538053000001,-4.797,-6.587,-29.837,0
1398294840664,42109989747000,171538053000001,-4.797,-6.587,-29.837,0
1398294840674,42109999757000,171538053000001,-4.797,-6.587,-29.837,0
1398294840681,42110009767000,171538053000001,-4.797,-6.587,-29.837,0
1398294840690,42110019746000,171538053000001,-4.797,-6.587,-29.837,0
1398294840700,42110029756000,171538053000001,-4.797,-6.587,-29.837,0
1398294840710,42110039765000,171538053000001,-4.797,-6.587,-29.837,0
1398294840721,42110051301000,171538053000001,-4.797,-6.587,-29.837,0
1398294840730,42110059785000,171538053000001,-4.797,-6.587,-29.837,0
1398294840740,42110069795000,171538053000001,-4.797,-6.587,-29.837,0
1398294840750,42110079774000,171538053000001,-4.797,-6.587,-29.837,0
1398294840760,42110089814000,171538053000001,-4.797,-6.587,-29.837,0
1398294840771,42110099793000,171538053000001,-4.797,-6.587,-29.837,0
1398294840780,42110109803000,171538053000001,-4.797,-6.587,-29.837,0
1398294840790,42110119813000,171538053000001,-4.797,-6.587,-29.837,0
1398294840800,42110129823000,171538053000001,-4.797,-6.587,-29.837,0
1398294840810,42110139833000,171538053000001,-4.797,-6.587,-29.837,0
1398294840820,42110149903000,171538053000001,-4.797,-6.587,-29.837,0
1398294840830,42110159852000,171538053000001,-4.797,-6.587,-29.837,0
1398294840840,42110169862000,171538053000001,-4.797,-6.587,-29.837,0
1398294840850,42110179872000,171538053000001,-4.797,-6.587,-29.837,0
1398294840860,42110189912000,171538053000001,-4.797,-6.587,-29.837,0
1398294840870,42110199922000,171538053000001,-4.797,-6.587,-29.837,0
1398294840882,42110209901000,171538053000001,-4.797,-6.587,-29.837,0
1398294840890,42110219941000,171538053000001,-4.797,-6.587,-29.837,0
1398294840904,42110231477000,171538053000001,-4.797,-6.587,-29.837,0
1398294840910,42110239991000,171538053000001,-4.797,-6.587,-29.837,0
1398294840922,42110250032000,171538053000001,-4.797,-6.587,-29.837,0
1398294840932,42110260041000,171538053000001,-4.797,-6.587,-29.837,0
1398294840945,42110270051000,171538053000001,-4.797,-6.587,-29.837,0
1398294840950,42110280061000,171538053000001,-4.797,-6.587,-29.837,0
1398294840960,42110290071000,171538053000001,-4.797,-6.587,-29.837,0
1398294840970,42110300080000,171538053000001,-4.797,-6.587,-29.837,0
1398294840980,42110310060000,171538053000001,-5.155,-6.587,-29.837,0
1398294840990,42110320069000,171538053000001,-5.155,-6.587,-29.837,0
1398294841000,42110330110000,171538053000001,-5.155,-6.587,-29.837,0
1398294841010,42110340119000,171538053000001,-5.155,-6.587,-29.837,0
1398294841020,42110350099000,171538053000001,-5.155,-6.587,-29.837,0
1398294841030,42110360108000,171538053000001,-5.155,-6.587,-29.837,0
1398294841041,42110370149000,171538053000001,-5.155,-6.587,-29.837,0
1398294841050,42110380128000,171538053000001,-5.155,-6.587,-29.837,0
1398294841060,42110390107000,171538053000001,-5.155,-6.587,-29.837,0
1398294841070,42110400147000,171538053000001,-5.155,-6.587,-29.837,0
1398294841087,42110416810000,171538053000001,-5.155,-6.587,-29.837,0
1398294841091,42110420320000,171538053000001,-5.155,-6.587,-29.837,0
1398294841101,42110430146000,171538053000001,-5.155,-6.587,-29.837,0
1398294841111,42110440339000,171538053000001,-5.155,-6.587,-29.837,0
1398294841120,42110450166000,171538053000001,-5.155,-6.587,-29.837,0
1398294841130,42110460176000,171538053000001,-5.155,-6.587,-29.837,0
1398294841140,42110470185000,171538053000001,-5.155,-6.587,-29.837,0
1398294841150,42110480165000,171538053000001,-5.155,-6.587,-29.837,0
1398294841166,42110490205000,171538053000001,-5.155,-6.915,-29.837,0
1398294841175,42110500245000,171538053000001,-5.155,-6.915,-29.837,0
1398294841180,42110510224000,171538053000001,-5.155,-6.915,-29.837,0
1398294841190,42110520234000,171538053000001,-5.155,-6.915,-29.837,0
1398294841200,42110530244000,171538053000001,-5.155,-6.915,-29.837,0
1398294841211,42110540254000,171538053000001,-5.155,-6.915,-29.837,0
1398294841220,42110550294000,171538053000001,-5.155,-6.915,-29.837,0
1398294841230,42110560243000,171538053000001,-5.155,-6.915,-29.837,0
1398294841240,42110570283000,171538053000001,-5.155,-6.915,-29.837,0
1398294841251,42110580262000,171538053000001,-5.155,-6.915,-29.837,0
1398294841262,42110591828000,171538053000001,-5.155,-6.915,-29.837,0
1398294841271,42110600495000,171538053000001,-5.155,-6.915,-29.837,0
1398294841280,42110610292000,171538053000001,-5.155,-6.915,-29.837,0
1398294841290,42110620301000,171538053000001,-5.155,-6.915,-29.837,0
1398294841300,42110630281000,171538053000001,-5.155,-6.915,-29.837,0
1398294841310,42110640321000,171538053000001,-5.155,-6.915,-29.837,0
1398294841320,42110650331000,171538053000001,-5.155,-6.915,-29.837,0
1398294841330,42110660371000,171538053000001,-5.155,-6.915,-29.837,0
1398294841341,42110670381000,171538053000001,-5.155,-6.915,-29.837,0
1398294841355,42110680421000,171538053000001,-5.155,-6.915,-29.837,0
1398294841360,42110690370000,171538053000001,-5.155,-6.915,-29.837,0
1398294841370,42110700410000,171538053000001,-5.155,-6.915,-29.837,0
1398294841380,42110710389000,171538053000001,-5.523,-6.915,-29.837,0
1398294841393,42110723634000,171538053000001,-5.523,-6.915,-29.837,0
1398294841401,42110730409000,171538053000001,-5.523,-6.915,-29.837,0
1398294841410,42110740418000,171538053000001,-5.523,-6.915,-29.837,0
1398294841421,42110750459000,171538053000001,-5.523,-6.61,-29.837,0
1398294841431,42110760438000,171538053000001,-5.523,-6.61,-29.837,0
1398294841442,42110772004000,171538053000001,-5.523,-6.61,-29.837,0
1398294841450,42110780488000,171538053000001,-5.523,-6.61,-29.837,0
1398294841460,42110790467000,171538053000001,-5.523,-6.61,-29.837,0
1398294841470,42110800477000,171538053000001,-5.523,-6.61,-29.837,0
1398294841480,42110810487000,171538053000001,-5.523,-6.61,-29.837,0
1398294841490,42110820497000,171538053000001,-5.523,-6.61,-29.837,0
1398294841500,42110830506000,171538053000001,-5.523,-6.61,-29.837,0
1398294841510,42110840516000,171538053000001,-5.523,-6.61,-29.837,0
1398294841520,42110850526000,171538053000001,-5.117,-6.61,-29.837,0
1398294841531,42110860719000,171538053000001,-5.117,-6.965,-29.837,0
1398294841540,42110870545000,171538053000001,-4.684,-6.965,-29.837,0
1398294841550,42110880555000,171538053000001,-4.684,-6.965,-29.837,0
1398294841560,42110890565000,171538053000001,-4.684,-7.336,-29.837,0
1398294841570,42110900575000,171538053000001,-4.684,-7.336,-29.837,0
1398294841581,42110910585000,171538053000001,-4.211,-7.336,-29.837,0
1398294841590,42110920594000,171538053000001,-4.211,-7.676,-29.536,0
1398294841601,42110930635000,171538053000001,-4.211,-7.676,-29.536,0
1398294841611,42110940614000,171538053000001,-3.767,-7.676,-29.536,0
1398294841623,42110952180000,171538053000001,-3.767,-8.067,-29.536,0
1398294841631,42110960664000,171538053000001,-3.453,-8.067,-29.536,0
1398294841641,42110970643000,171538053000001,-3.453,-8.067,-29.536,0
1398294841652,42110980653000,171538053000001,-3.453,-8.067,-29.536,0
1398294841660,42110990663000,171538053000001,-3.117,-8.407,-29.536,0
1398294841671,42111000672000,171538053000001,-3.117,-8.407,-29.536,0
1398294841683,42111010713000,171538053000001,-3.117,-8.407,-29.536,0
1398294841695,42111020722000,171538053000001,-3.117,-8.407,-29.536,0
1398294841706,42111035707000,171538053000001,-2.815,-8.407,-29.536,0
1398294841710,42111040681000,171538053000001,-2.815,-8.407,-29.536,0
1398294841721,42111050721000,171538053000001,-2.815,-8.407,-29.536,0
1398294841731,42111060731000,171538053000001,-2.815,-8.407,-29.536,0
1398294841741,42111070893000,171538053000001,-2.815,-8.407,-29.536,0
1398294841751,42111080812000,171538053000001,-2.815,-8.407,-29.536,0
1398294841761,42111090760000,171538053000001,-2.815,-8.407,-29.536,0
1398294841771,42111100831000,171538053000001,-2.815,-8.099,-29.536,0
1398294841795,42111111695000,171538053000001,-2.815,-8.099,-29.536,0
1398294841796,42111121125000,171538053000001,-2.815,-8.099,-29.536,0
1398294841803,42111132417000,171538053000001,-2.815,-8.099,-29.536,0
1398294841811,42111140840000,171538053000001,-2.815,-8.099,-29.536,0
1398294841821,42111150819000,171538053000001,-2.815,-7.771,-29.536,0
1398294841831,42111160829000,171538053000001,-2.815,-7.771,-29.835,0
1398294841841,42111170838000,171538053000001,-2.815,-7.771,-29.835,0
1398294841851,42111180848000,171538053000001,-2.815,-7.771,-29.835,0
1398294841861,42111190858000,171538053000001,-2.815,-7.771,-29.835,0
1398294841871,42111200898000,171538053000001,-2.815,-7.469,-29.835,0
1398294841881,42111210877000,171538053000001,-2.815,-7.469,-29.835,0
1398294841891,42111220887000,171538053000001,-2.815,-7.469,-29.835,0
1398294841901,42111230897000,171538053000001,-2.815,-7.469,-29.835,0
1398294841911,42111240907000,171538053000001,-2.815,-7.469,-29.835,0
1398294841921,42111250917000,171538053000001,-2.815,-7.469,-29.835,0
1398294841939,42111260926000,171538053000001,-2.815,-7.469,-29.835,0
1398294841942,42111270967000,171538053000001,-2.815,-7.469,-29.835,0
1398294841953,42111281159000,171538053000001,-2.815,-7.469,-29.835,0
1398294841961,42111290956000,171538053000001,-2.815,-7.469,-29.835,0
1398294841971,42111300996000,171538053000001,-2.815,-7.469,-29.835,0
1398294841983,42111312532000,171538053000001,-2.815,-7.469,-29.835,0
1398294841991,42111321015000,171538053000001,-2.815,-7.469,-29.835,0
1398294842003,42111333039000,171538053000001,-3.126,-7.136,-29.835,0
1398294842011,42111341035000,171538053000001,-3.126,-7.136,-29.835,0
1398294842021,42111351045000,171538053000001,-3.126,-7.136,-29.835,0
1398294842032,42111361024000,171538053000001,-3.126,-7.136,-29.835,0
1398294842041,42111371034000,171538053000001,-3.497,-6.776,-30.157,0
1398294842051,42111381043000,171538053000001,-3.497,-6.776,-30.157,0
1398294842061,42111391053000,171538053000001,-3.497,-6.776,-30.157,0
1398294842071,42111401063000,171538053000001,-3.497,-6.776,-30.157,0
1398294842081,42111411073000,171538053000001,-3.497,-6.431,-30.157,0
1398294842091,42111421083000,171538053000001,-3.829,-6.431,-30.157,0
1398294842101,42111431092000,171538053000001,-3.829,-6.431,-30.157,0
1398294842111,42111441102000,171538053000001,-3.829,-6.431,-30.157,0
1398294842121,42111451112000,171538053000001,-3.829,-6.076,-30.157,0
1398294842131,42111461122000,171538053000001,-4.214,-6.076,-30.157,0
1398294842141,42111471131000,171538053000001,-4.214,-6.076,-30.157,0
1398294842151,42111481141000,171538053000001,-4.214,-6.076,-30.157,0
1398294842163,42111492707000,171538053000001,-4.214,-5.693,-30.157,0
1398294842171,42111501222000,171538053000001,-4.592,-5.693,-30.157,0
1398294842181,42111511170000,171538053000001,-4.592,-5.693,-30.157,0
1398294842191,42111521180000,171538053000001,-4.592,-5.693,-30.157,0
1398294842201,42111531190000,171538053000001,-4.592,-5.32,-30.157,0
1398294842211,42111541200000,171538053000001,-4.592,-5.32,-30.467,0
1398294842221,42111551210000,171538053000001,-4.592,-5.32,-30.467,0
1398294842231,42111561219000,171538053000001,-4.914,-5.32,-30.467,0
1398294842241,42111571229000,171538053000001,-4.914,-5.32,-30.467,0
1398294842251,42111581239000,171538053000001,-4.914,-4.998,-30.467,0
1398294842264,42111591859000,171538053000001,-4.914,-4.998,-30.467,0
1398294842275,42111604920000,171538053000001,-4.914,-4.998,-30.467,0
1398294842284,42111613954000,171538053000001,-4.914,-4.998,-30.467,0
1398294842295,42111624818000,171538053000001,-4.914,-4.998,-30.467,0
1398294842325,42111632844000,171538053000001,-5.233,-4.646,-30.467,0
1398294842327,42111641389000,171538053000001,-5.233,-4.646,-30.467,0
1398294842329,42111651399000,171538053000001,-5.233,-4.646,-30.467,0
1398294842334,42111661408000,171538053000001,-5.233,-4.646,-30.467,0
1398294842343,42111672975000,171538053000001,-5.233,-4.646,-30.789,0
1398294842355,42111684632000,171538053000001,-5.233,-4.299,-30.789,0
1398294842364,42111693421000,171538053000001,-5.233,-4.299,-30.789,0
1398294842375,42111705384000,171538053000001,-5.233,-4.299,-30.789,0
1398294842384,42111714082000,171538053000001,-5.233,-4.299,-30.789,0
1398294842395,42111724977000,171538053000001,-5.233,-4.299,-30.789,0
1398294842403,42111732667000,171538053000001,-5.233,-4.299,-30.789,0
1398294842415,42111745118000,171538053000001,-5.233,-4.299,-30.789,0
1398294842424,42111754090000,171538053000001,-5.233,-4.299,-30.789,0
1398294842434,42111764222000,171538053000001,-5.233,-3.955,-30.789,0
1398294842446,42111775544000,171538053000001,-5.233,-3.955,-30.789,0
1398294842452,42111781770000,171538053000001,-5.233,-3.955,-30.789,0
1398294842462,42111791535000,171538053000001,-5.233,-3.955,-30.789,0
1398294842472,42111801515000,171538053000001,-5.233,-3.955,-30.789,0
1398294842482,42111811555000,171538053000001,-5.233,-3.955,-30.789,0
1398294842492,42111821565000,171538053000001,-5.233,-3.955,-30.789,0
1398294842502,42111831574000,171538053000001,-5.233,-3.955,-30.789,0
1398294842512,42111841584000,171538053000001,-5.233,-3.654,-30.789,0
1398294842523,42111853120000,171538053000001,-5.233,-3.654,-30.789,0
1398294842532,42111861634000,171538053000001,-5.233,-3.654,-30.789,0
1398294842542,42111872102000,171538053000001,-5.233,-3.654,-30.789,0
1398294842553,42111883027000,171538053000001,-5.233,-3.654,-30.789,0
1398294842562,42111891847000,171538053000001,-5.233,-3.654,-30.789,0
1398294842574,42111904176000,171538053000001,-5.233,-3.654,-30.789,0
1398294842585,42111915132000,171538053000001,-5.233,-3.654,-30.789,0
1398294842594,42111924439000,171538053000001,-5.233,-3.654,-30.789,0
1398294842605,42111935151000,171538053000001,-5.233,-3.654,-30.789,0
1398294842614,42111944276000,171538053000001,-5.233,-3.654,-30.789,0
1398294842627,42111955964000,171538053000001,-5.233,-3.654,-30.789,0
1398294842634,42111964295000,171538053000001,-5.233,-3.654,-30.789,0
1398294842644,42111973054000,171538053000001,-5.233,-3.654,-30.789,0
1398294842654,42111983918000,171538053000001,-5.233,-3.654,-30.789,0
1398294842666,42111995668000,171538053000001,-5.233,-3.654,-30.789,0
1398294842674,42112004365000,171538053000001,-5.233,-3.654,-30.789,0
1398294842686,42112015199000,171538053000001,-5.233,-3.654,-30.789,0
1398294842694,42112024171000,171538053000001,-5.233,-3.654,-30.789,0
1398294842705,42112034791000,171538053000001,-5.233,-3.654,-30.789,0
1398294842718,42112043061000,171538053000001,-5.233,-3.654,-30.789,0
1398294842724,42112053926000,171538053000001,-5.233,-3.654,-30.789,0
1398294842738,42112062348000,171538053000001,-5.233,-3.982,-30.789,0
1398294842743,42112072236000,171538053000001,-5.233,-3.982,-30.789,0
1398294842754,42112081849000,171538053000001,-5.233,-3.982,-30.789,0
1398294842775,42112093537000,171538053000001,-5.233,-3.982,-30.789,0
1398294842776,42112101808000,171538053000001,-5.233,-3.982,-30.789,0
1398294842785,42112111817000,171538053000001,-5.233,-3.982,-30.789,0
1398294842797,42112121858000,171538053000001,-5.233,-3.982,-30.789,0
1398294842804,42112131898000,171538053000001,-5.233,-3.982,-30.789,0
1398294842816,42112141847000,171538053000001,-5.233,-3.982,-30.789,0
1398294842822,42112151856000,171538053000001,-5.233,-3.982,-30.789,0
1398294842833,42112161805000,171538053000001,-5.233,-3.982,-30.789,0
1398294842842,42112171815000,171538053000001,-5.233,-3.982,-30.789,0
1398294842852,42112181794000,171538053000001,-5.58,-3.982,-30.789,0
1398294842863,42112191804000,171538053000001,-5.58,-3.982,-30.789,0
1398294842872,42112201844000,171538053000001,-5.58,-4.301,-30.789,0
1398294842883,42112213380000,171538053000001,-5.58,-4.301,-30.789,0
1398294842892,42112221894000,171538053000001,-5.58,-4.301,-30.789,0
1398294842902,42112231874000,171538053000001,-5.58,-4.301,-30.789,0
1398294842912,42112241883000,171538053000001,-5.58,-4.301,-30.789,0
1398294842924,42112254640000,171538053000001,-5.58,-4.301,-30.789,0
1398294842932,42112262055000,171538053000001,-5.58,-4.301,-30.789,0
1398294842942,42112271882000,171538053000001,-5.937,-4.301,-30.789,0
1398294842952,42112281922000,171538053000001,-5.937,-4.623,-30.439,0
1398294842962,42112291932000,171538053000001,-5.937,-4.623,-30.439,0
1398294842972,42112301911000,171538053000001,-5.937,-4.623,-30.439,0
1398294842982,42112311952000,171538053000001,-5.937,-4.623,-30.439,0
1398294842992,42112321961000,171538053000001,-5.937,-4.623,-30.439,0
1398294843002,42112331971000,171538053000001,-5.937,-4.945,-30.439,0
1398294843012,42112341981000,171538053000001,-5.937,-4.945,-30.439,0
1398294843022,42112351991000,171538053000001,-5.937,-4.945,-30.439,0
1398294843032,42112362001000,171538053000001,-5.937,-4.945,-30.439,0
1398294843042,42112372010000,171538053000001,-5.937,-5.255,-30.439,0
1398294843052,42112382020000,171538053000001,-5.937,-5.255,-30.439,0
1398294843066,42112393586000,171538053000001,-5.937,-5.255,-30.439,0
1398294843072,42112402070000,171538053000001,-5.937,-5.255,-30.439,0
1398294843082,42112412049000,171538053000001,-5.937,-5.255,-30.439,0
1398294843093,42112422090000,171538053000001,-5.937,-5.255,-30.439,0
1398294843107,42112432069000,171538053000001,-5.937,-5.255,-30.439,0
1398294843113,42112442079000,171538053000001,-5.937,-5.255,-30.439,0
1398294843122,42112452088000,171538053000001,-5.937,-5.255,-30.439,0
1398294843132,42112462098000,171538053000001,-5.937,-5.255,-30.439,0
1398294843142,42112472108000,171538053000001,-5.937,-5.255,-30.439,0
1398294843152,42112482087000,171538053000001,-5.937,-5.255,-30.439,0
1398294843162,42112492494000,171538053000001,-5.937,-5.255,-30.439,0
1398294843172,42112502107000,171538053000001,-5.937,-5.255,-30.439,0
1398294843182,42112512116000,171538053000001,-5.937,-5.255,-30.439,0
1398294843192,42112522126000,171538053000001,-5.937,-5.255,-30.439,0
1398294843202,42112532136000,171538053000001,-5.937,-5.255,-30.439,0
1398294843212,42112542146000,171538053000001,-5.937,-5.255,-30.439,0
1398294843222,42112552369000,171538053000001,-5.937,-5.255,-30.439,0
1398294843237,42112566896000,171538053000001,-5.937,-5.255,-30.439,0
1398294843244,42112573701000,171538053000001,-5.937,-5.255,-30.439,0
1398294843252,42112582246000,171538053000001,-5.937,-5.255,-30.439,0
1398294843262,42112592225000,171538053000001,-5.937,-5.255,-30.439,0
1398294843272,42112602204000,171538053000001,-5.937,-5.255,-30.439,0
1398294843282,42112612245000,171538053000001,-5.937,-5.255,-30.439,0
1398294843292,42112622254000,171538053000001,-5.937,-5.255,-30.439,0
1398294843302,42112632234000,171538053000001,-5.937,-5.255,-30.439,0
1398294843312,42112642243000,171538053000001,-5.937,-5.255,-30.439,0
1398294843322,42112652253000,171538053000001,-5.937,-5.255,-30.439,0
1398294843332,42112662263000,171538053000001,-5.937,-5.255,-30.439,0
1398294843342,42112672273000,171538053000001,-5.589,-5.255,-30.439,0
1398294843352,42112682313000,171538053000001,-5.589,-5.255,-30.439,0
1398294843362,42112692323000,171538053000001,-5.589,-5.255,-30.439,0
1398294843372,42112702333000,171538053000001,-5.589,-5.255,-30.439,0
1398294843382,42112712312000,171538053000001,-5.589,-5.255,-30.131,0
1398294843394,42112723329000,171538053000001,-5.589,-5.255,-30.131,0
1398294843405,42112735383000,171538053000001,-5.589,-5.566,-30.131,0
1398294843415,42112745271000,171538053000001,-5.589,-5.566,-30.131,0
1398294843427,42112756532000,171538053000001,-5.589,-5.566,-30.131,0
1398294843434,42112764131000,171538053000001,-5.589,-5.566,-30.131,0
1398294843446,42112775575000,171538053000001,-5.589,-5.566,-30.131,0
1398294843455,42112785218000,171538053000001,-5.589,-5.897,-30.131,0
1398294843465,42112795259000,171538053000001,-5.589,-5.897,-30.131,0
1398294843482,42112807954000,171538053000001,-5.589,-5.897,-30.131,0
1398294843485,42112812440000,171538053000001,-5.589,-5.897,-30.131,0
1398294843495,42112822969000,171538053000001,-5.589,-5.897,-30.131,0
1398294843503,42112832490000,171538053000001,-5.589,-5.897,-30.131,0
1398294843513,42112842530000,171538053000001,-5.589,-5.897,-30.131,0
1398294843526,42112855256000,171538053000001,-5.589,-5.897,-30.131,0
1398294843533,42112862519000,171538053000001,-5.589,-6.21,-30.131,0
1398294843546,42112875306000,171538053000001,-5.589,-6.21,-30.131,0
1398294843553,42112882539000,171538053000001,-5.589,-6.21,-30.131,0
1398294843566,42112892549000,171538053000001,-5.589,-6.21,-30.131,0
1398294843611,42112902558000,171538053000001,-5.589,-6.21,-30.131,0
1398294843613,42112912873000,171538053000001,-5.589,-6.21,-30.131,0
1398294843614,42112922547000,171538053000001,-5.589,-6.21,-30.131,0
1398294843615,42112934114000,171538053000001,-5.589,-6.21,-30.131,0
1398294843617,42112942628000,171538053000001,-5.589,-6.21,-30.131,0
1398294843630,42112952607000,171538053000001,-5.589,-6.21,-30.131,0
1398294843645,42112962617000,171538053000001,-5.9,-6.21,-30.131,0
1398294843647,42112973573000,171538053000001,-5.9,-6.21,-30.131,0
1398294843653,42112982606000,171538053000001,-5.9,-6.21,-30.131,0
1398294843663,42112992616000,171538053000001,-5.9,-6.21,-30.131,0
1398294843672,42113002595000,171538053000001,-5.9,-6.21,-30.131,0
1398294843683,42113012605000,171538053000001,-5.9,-6.21,-30.131,0
1398294843693,42113022615000,171538053000001,-5.9,-5.905,-30.131,0
1398294843703,42113032624000,171538053000001,-5.9,-5.905,-30.131,0
1398294843712,42113042634000,171538053000001,-5.9,-5.905,-30.131,0
1398294843722,42113052644000,171538053000001,-5.9,-5.905,-30.131,0
1398294843732,42113062654000,171538053000001,-5.526,-5.905,-30.131,0
1398294843742,42113072663000,171538053000001,-5.526,-5.905,-30.131,0
1398294843753,42113083345000,171538053000001,-5.526,-5.905,-30.131,0
1398294843763,42113092683000,171538053000001,-5.526,-5.905,-30.131,0
1398294843775,42113102723000,171538053000001,-5.146,-5.905,-30.131,0
1398294843786,42113114717000,171538053000001,-5.146,-5.905,-30.131,0
1398294843794,42113122743000,171538053000001,-5.146,-5.905,-30.131,0
1398294843803,42113132752000,171538053000001,-5.146,-5.905,-30.131,0
1398294843813,42113142732000,171538053000001,-5.146,-5.905,-30.131,0
1398294843823,42113152741000,171538053000001,-5.146,-5.905,-30.131,0
1398294843832,42113162751000,171538053000001,-5.146,-5.905,-30.131,0
1398294843843,42113172761000,171538053000001,-4.795,-5.905,-30.131,0
1398294843854,42113182771000,171538053000001,-4.795,-5.905,-30.131,0
1398294843871,42113192811000,171538053000001,-4.795,-6.253,-30.131,0
1398294843879,42113202790000,171538053000001,-4.795,-6.253,-30.131,0
1398294843885,42113212831000,171538053000001,-4.795,-6.253,-30.131,0
1398294843897,42113222810000,171538053000001,-4.795,-6.253,-30.131,0
1398294843903,42113232820000,171538053000001,-4.795,-6.253,-30.131,0
1398294843914,42113242921000,171538053000001,-4.795,-6.253,-30.131,0
1398294843923,42113252931000,171538053000001,-4.795,-6.253,-30.131,0
1398294843933,42113262879000,171538053000001,-4.795,-6.253,-30.131,0
1398294843943,42113272859000,171538053000001,-4.795,-6.253,-30.131,0
1398294843953,42113282868000,171538053000001,-5.169,-6.253,-30.131,0
1398294843964,42113294435000,171538053000001,-5.169,-6.253,-30.131,0
1398294843973,42113302949000,171538053000001,-5.169,-6.253,-29.817,0
1398294843983,42113312959000,171538053000001,-5.169,-6.253,-29.817,0
1398294843994,42113322969000,171538053000001,-5.169,-6.253,-29.817,0
1398294844003,42113333009000,171538053000001,-5.169,-6.253,-29.817,0
1398294844013,42113342958000,171538053000001,-5.169,-6.253,-29.817,0
1398294844023,42113352967000,171538053000001,-5.169,-6.556,-29.817,0
1398294844033,42113363008000,171538053000001,-5.169,-6.556,-29.817,0
1398294844043,42113373017000,171538053000001,-5.169,-6.556,-29.817,0
1398294844053,42113383027000,171538053000001,-5.169,-6.556,-29.817,0
1398294844063,42113393189000,171538053000001,-5.169,-6.556,-29.817,0
1398294844073,42113403016000,171538053000001,-5.169,-6.556,-29.817,0
1398294844083,42113413026000,171538053000001,-5.169,-6.556,-29.817,0
1398294844093,42113423036000,171538053000001,-4.797,-6.556,-29.817,0
1398294844103,42113433045000,171538053000001,-4.797,-6.556,-29.817,0
1398294844119,42113443116000,171538053000001,-4.797,-6.556,-29.817,0
1398294844128,42113453095000,171538053000001,-4.797,-6.556,-29.817,0
1398294844135,42113463136000,171538053000001,-4.406,-6.556,-29.817,0
1398294844145,42113474671000,171538053000001,-4.406,-6.556,-29.817,0
1398294844159,42113488221000,171538053000001,-4.406,-6.556,-29.817,0
1398294844163,42113493074000,171538053000001,-4.06,-6.556,-29.817,0
1398294844173,42113503083000,171538053000001,-4.06,-6.88,-29.817,0
1398294844183,42113513093000,171538053000001,-4.06,-6.88,-29.817,0
1398294844193,42113523103000,171538053000001,-3.759,-6.88,-29.817,0
1398294844203,42113533113000,171538053000001,-3.759,-6.88,-29.817,0
1398294844213,42113543122000,171538053000001,-3.759,-6.88,-29.817,0
1398294844223,42113553132000,171538053000001,-3.759,-6.88,-29.817,0
1398294844233,42113563172000,171538053000001,-3.759,-6.88,-29.817,0
1398294844243,42113573182000,171538053000001,-3.759,-7.203,-29.817,0
1398294844253,42113583192000,171538053000001,-3.759,-7.203,-29.817,0
1398294844263,42113593202000,171538053000001,-3.443,-7.203,-29.817,0
1398294844273,42113603181000,171538053000001,-3.443,-7.203,-29.817,0
1398294844283,42113613221000,171538053000001,-3.443,-7.203,-29.817,0
1398294844293,42113623231000,171538053000001,-3.443,-7.511,-29.817,0
1398294844303,42113633210000,171538053000001,-3.443,-7.511,-29.817,0
1398294844313,42113643251000,171538053000001,-3.443,-7.511,-29.817,0
1398294844327,42113654756000,171538053000001,-3.443,-7.511,-29.817,0
1398294844333,42113663301000,171538053000001,-3.443,-7.82,-29.817,0
1398294844345,42113673249000,171538053000001,-3.443,-7.82,-29.817,0
1398294844353,42113683259000,171538053000001,-3.443,-7.82,-29.817,0
1398294844363,42113693269000,171538053000001,-3.443,-7.82,-29.817,0
1398294844373,42113703279000,171538053000001,-3.443,-7.82,-29.817,0
1398294844383,42113713288000,171538053000001,-3.443,-7.82,-29.817,0
1398294844393,42113723298000,171538053000001,-3.443,-7.82,-29.817,0
1398294844403,42113733308000,171538053000001,-3.443,-7.82,-29.817,0
1398294844419,42113743348000,171538053000001,-3.443,-7.82,-29.817,0
1398294844423,42113753358000,171538053000001,-3.443,-7.82,-29.817,0
1398294844434,42113763337000,171538053000001,-3.443,-7.82,-29.817,0
1398294844444,42113773347000,171538053000001,-3.443,-7.82,-29.817,0
1398294844453,42113783357000,171538053000001,-3.443,-7.82,-29.817,0
1398294844466,42113796601000,171538053000001,-3.443,-7.82,-29.507,0
1398294844473,42113803376000,171538053000001,-3.443,-7.82,-29.507,0
1398294844483,42113813356000,171538053000001,-3.443,-7.82,-29.507,0
1398294844494,42113823396000,171538053000001,-3.443,-7.82,-29.507,0
1398294844505,42113834962000,171538053000001,-3.779,-7.82,-29.507,0
1398294844514,42113843446000,171538053000001,-3.779,-7.82,-29.507,0
1398294844523,42113853425000,171538053000001,-3.779,-7.455,-29.507,0
1398294844533,42113863435000,171538053000001,-3.779,-7.455,-29.507,0
1398294844543,42113873445000,171538053000001,-3.779,-7.455,-29.507,0
1398294844553,42113883454000,171538053000001,-3.779,-7.455,-29.507,0
1398294844563,42113893464000,171538053000001,-3.779,-7.147,-29.823,0
1398294844573,42113903474000,171538053000001,-3.779,-7.147,-29.823,0
1398294844583,42113913484000,171538053000001,-3.779,-7.147,-29.823,0
1398294844594,42113923493000,171538053000001,-3.779,-7.147,-29.823,0
1398294844612,42113933503000,171538053000001,-3.779,-7.147,-29.823,0
1398294844614,42113943513000,171538053000001,-3.779,-6.831,-29.823,0
1398294844623,42113953523000,171538053000001,-3.779,-6.831,-29.823,0
1398294844633,42113963533000,171538053000001,-3.779,-6.831,-29.823,0
1398294844643,42113973542000,171538053000001,-3.779,-6.831,-29.823,0
1398294844653,42113983552000,171538053000001,-3.779,-6.831,-29.823,0
1398294844663,42113993562000,171538053000001,-3.779,-6.831,-29.823,0
1398294844673,42114003572000,171538053000001,-3.779,-6.831,-29.823,0
1398294844685,42114015138000,171538053000001,-3.779,-6.831,-29.823,0
1398294844694,42114023683000,171538053000001,-3.779,-6.831,-29.823,0
1398294844710,42114033631000,171538053000001,-3.779,-6.831,-29.823,0
1398294844714,42114043641000,171538053000001,-3.779,-6.831,-29.823,0
1398294844724,42114053620000,171538053000001,-3.779,-6.831,-29.823,0
1398294844734,42114063630000,171538053000001,-3.779,-6.831,-29.823,0
1398294844744,42114073670000,171538053000001,-3.779,-6.831,-29.823,0
1398294844754,42114083650000,171538053000001,-3.779,-6.831,-29.823,0
1398294844764,42114093659000,171538053000001,-3.779,-6.831,-29.823,0
1398294844774,42114103639000,171538053000001,-3.779,-6.831,-29.823,0
1398294844784,42114113679000,171538053000001,-3.779,-6.831,-29.823,0
1398294844794,42114123689000,171538053000001,-3.779,-6.831,-29.823,0
1398294844807,42114133699000,171538053000001,-3.779,-6.831,-29.823,0
1398294844822,42114143708000,171538053000001,-3.779,-6.831,-30.168,0
1398294844825,42114153718000,171538053000001,-3.779,-6.831,-30.168,0
1398294844834,42114163728000,171538053000001,-3.779,-6.831,-30.168,0
1398294844844,42114173738000,171538053000001,-3.779,-6.831,-30.168,0
1398294844854,42114183747000,171538053000001,-3.779,-6.831,-30.168,0
1398294844867,42114195344000,171538053000001,-3.779,-6.831,-30.168,0
1398294844874,42114203828000,171538053000001,-3.779,-6.831,-30.168,0
1398294844884,42114213807000,171538053000001,-3.779,-6.831,-30.168,0
1398294844894,42114223786000,171538053000001,-3.779,-6.831,-30.168,0
1398294844904,42114233796000,171538053000001,-3.779,-6.831,-30.168,0
1398294844914,42114243806000,171538053000001,-3.779,-6.831,-30.168,0
1398294844924,42114253816000,171538053000001,-3.779,-6.831,-30.168,0
1398294844934,42114263825000,171538053000001,-3.779,-6.831,-30.168,0
1398294844944,42114273835000,171538053000001,-3.779,-6.831,-30.168,0
1398294844954,42114283845000,171538053000001,-3.779,-6.831,-30.168,0
1398294844964,42114293855000,171538053000001,-3.779,-6.831,-30.168,0
1398294844974,42114303865000,171538053000001,-3.779,-6.831,-30.168,0
1398294844984,42114313874000,171538053000001,-3.779,-6.831,-30.168,0
1398294844994,42114323884000,171538053000001,-3.779,-6.831,-30.168,0
1398294845004,42114333894000,171538053000001,-3.779,-6.831,-30.168,0
1398294845014,42114343904000,171538053000001,-3.779,-6.831,-30.168,0
1398294845024,42114353913000,171538053000001,-3.779,-6.831,-30.168,0
1398294845034,42114363923000,171538053000001,-3.779,-6.831,-30.168,0
1398294845046,42114375489000,171538053000001,-3.779,-6.831,-30.168,0
1398294845054,42114383973000,171538053000001,-3.779,-6.513,-30.168,0
1398294845064,42114393952000,171538053000001,-3.779,-6.513,-30.168,0
1398294845075,42114405061000,171538053000001,-4.133,-6.513,-30.168,0
1398294845084,42114413972000,171538053000001,-4.133,-6.513,-30.168,0
1398294845094,42114423982000,171538053000001,-4.133,-6.513,-30.168,0
1398294845104,42114433991000,171538053000001,-4.133,-6.513,-30.168,0
1398294845114,42114444001000,171538053000001,-4.133,-6.143,-30.168,0
1398294845124,42114454011000,171538053000001,-4.133,-6.143,-30.168,0
1398294845134,42114464021000,171538053000001,-4.487,-6.143,-30.168,0
1398294845144,42114474031000,171538053000001,-4.487,-6.143,-30.168,0
1398294845154,42114484040000,171538053000001,-4.487,-6.143,-30.168,0
1398294845164,42114494050000,171538053000001,-4.487,-5.836,-30.168,0
1398294845174,42114504060000,171538053000001,-4.487,-5.836,-30.168,0
1398294845186,42114514955000,171538053000001,-4.487,-5.836,-30.168,0
1398294845199,42114528993000,171538053000001,-4.487,-5.836,-30.168,0
1398294845208,42114537721000,171538053000001,-4.487,-5.836,-30.168,0
1398294845218,42114548188000,171538053000001,-4.487,-5.836,-30.168,0
1398294845231,42114561128000,171538053000001,-4.487,-5.836,-30.168,0
1398294845236,42114565827000,171538053000001,-4.487,-5.529,-30.48,0
1398294845247,42114574189000,171538053000001,-4.487,-5.529,-30.48,0
1398294845254,42114584168000,171538053000001,-4.827,-5.529,-30.48,0
1398294845270,42114594178000,171538053000001,-4.827,-5.529,-30.48,0
1398294845275,42114604188000,171538053000001,-4.827,-5.529,-30.48,0
1398294845284,42114614198000,171538053000001,-4.827,-5.529,-30.48,0
1398294845295,42114624208000,171538053000001,-4.827,-5.529,-30.48,0
1398294845309,42114634217000,171538053000001,-4.827,-5.529,-30.48,0
1398294845314,42114644227000,171538053000001,-4.827,-5.529,-30.48,0
1398294845326,42114654267000,171538053000001,-4.827,-5.529,-30.48,0
1398294845335,42114664460000,171538053000001,-4.827,-5.529,-30.48,0
1398294845345,42114674256000,171538053000001,-4.827,-5.529,-30.48,0
1398294845356,42114684327000,171538053000001,-4.827,-5.529,-30.48,0
1398294845364,42114694276000,171538053000001,-4.827,-5.529,-30.48,0
1398294845375,42114704652000,171538053000001,-4.827,-5.529,-30.48,0
1398294845392,42114719819000,171538053000001,-4.827,-5.529,-30.48,0
1398294845394,42114724275000,171538053000001,-4.827,-5.529,-30.48,0
1398294845406,42114735841000,171538053000001,-4.827,-5.529,-30.48,0
1398294845414,42114744355000,171538053000001,-4.827,-5.529,-30.48,0
1398294845424,42114754304000,171538053000001,-4.827,-5.529,-30.48,0
1398294845434,42114764344000,171538053000001,-4.827,-5.529,-30.48,0
1398294845445,42114774354000,171538053000001,-4.827,-5.529,-30.48,0
1398294845457,42114784364000,171538053000001,-4.827,-5.216,-30.48,0
1398294845469,42114794374000,171538053000001,-4.827,-5.216,-30.48,0
1398294845478,42114804444000,171538053000001,-5.131,-5.216,-30.48,0
1398294845485,42114814393000,171538053000001,-5.131,-5.216,-30.48,0
1398294845496,42114824403000,171538053000001,-5.131,-5.216,-30.48,0
1398294845508,42114834443000,171538053000001,-5.131,-5.216,-30.48,0
1398294845514,42114844422000,171538053000001,-5.131,-5.216,-30.48,0
1398294845525,42114854432000,171538053000001,-5.131,-5.216,-30.48,0
1398294845534,42114864442000,171538053000001,-5.131,-5.216,-30.48,0
1398294845544,42114874421000,171538053000001,-5.43,-5.216,-30.48,0
1398294845554,42114884431000,171538053000001,-5.43,-5.216,-30.48,0
1398294845564,42114894471000,171538053000001,-5.43,-5.216,-30.48,0
1398294845574,42114904481000,171538053000001,-5.43,-5.216,-30.48,0
1398294845586,42114916047000,171538053000001,-5.43,-5.216,-30.48,0
1398294845594,42114924531000,171538053000001,-5.43,-5.216,-30.48,0
1398294845604,42114934510000,171538053000001,-5.43,-5.216,-30.48,0
1398294845614,42114944490000,171538053000001,-5.43,-5.216,-30.177,0
1398294845624,42114954530000,171538053000001,-5.43,-5.216,-30.177,0
1398294845634,42114964540000,171538053000001,-5.43,-5.216,-30.177,0
1398294845645,42114974549000,171538053000001,-5.43,-5.216,-30.177,0
1398294845656,42114984559000,171538053000001,-5.43,-5.216,-30.177,0
1398294845664,42114994569000,171538053000001,-5.43,-5.216,-30.177,0
1398294845674,42115004579000,171538053000001,-5.43,-5.534,-30.177,0
1398294845685,42115014649000,171538053000001,-5.107,-5.534,-30.177,0
1398294845698,42115024781000,171538053000001,-5.107,-5.534,-30.177,0
1398294845707,42115034608000,171538053000001,-5.107,-5.534,-30.177,0
1398294845715,42115044587000,171538053000001,-5.107,-5.534,-30.177,0
1398294845726,42115054597000,171538053000001,-5.107,-5.844,-30.177,0
1398294845741,42115064607000,171538053000001,-4.71,-5.844,-30.177,0
1398294845745,42115074616000,171538053000001,-4.71,-5.844,-30.177,0
1398294845758,42115084596000,171538053000001,-4.71,-5.844,-30.177,0
1398294845766,42115096162000,171538053000001,-4.71,-5.844,-30.177,0
1398294845778,42115104646000,171538053000001,-4.71,-6.163,-30.177,0
1398294845786,42115114625000,171538053000001,-4.383,-6.163,-30.177,0
1398294845795,42115124665000,171538053000001,-4.383,-6.163,-30.177,0
1398294845805,42115134706000,171538053000001,-4.383,-6.163,-30.177,0
1398294845815,42115144715000,171538053000001,-4.383,-6.163,-30.177,0
1398294845825,42115154725000,171538053000001,-4.383,-6.163,-30.177,0
1398294845840,42115164765000,171538053000001,-4.383,-6.163,-30.177,0
1398294845849,42115174836000,171538053000001,-4.383,-6.163,-30.177,0
1398294845856,42115184754000,171538053000001,-4.383,-6.163,-30.177,0
1398294845865,42115194764000,171538053000001,-4.383,-6.163,-30.177,0
1398294845875,42115204774000,171538053000001,-4.383,-6.163,-30.177,0
1398294845885,42115214784000,171538053000001,-4.383,-6.163,-30.177,0
1398294845896,42115224793000,171538053000001,-4.066,-6.163,-30.177,0
1398294845906,42115234803000,171538053000001,-4.066,-6.163,-30.177,0
1398294845915,42115244813000,171538053000001,-4.066,-6.163,-30.177,0
1398294845925,42115254823000,171538053000001,-4.066,-6.163,-30.177,0
1398294845935,42115264833000,171538053000001,-4.066,-6.163,-30.177,0
1398294845946,42115276368000,171538053000001,-4.066,-6.163,-30.177,0
1398294845955,42115284913000,171538053000001,-4.066,-6.163,-30.177,0
1398294845965,42115294862000,171538053000001,-4.066,-6.163,-30.177,0
1398294845975,42115304872000,171538053000001,-4.066,-6.163,-30.177,0
1398294845991,42115314912000,171538053000001,-4.066,-6.163,-30.177,0
1398294846004,42115324922000,171538053000001,-4.066,-6.163,-30.177,0
1398294846006,42115334840000,171538053000001,-4.066,-6.163,-30.177,0
1398294846015,42115344880000,171538053000001,-4.066,-6.163,-30.177,0
1398294846025,42115354890000,171538053000001,-4.066,-6.163,-30.177,0
1398294846035,42115364869000,171538053000001,-4.066,-6.163,-30.177,0
1398294846045,42115374879000,171538053000001,-4.066,-6.163,-30.177,0
1398294846055,42115384919000,171538053000001,-4.066,-6.163,-30.177,0
1398294846065,42115394898000,171538053000001,-4.066,-6.163,-30.177,0
1398294846075,42115404939000,171538053000001,-4.066,-6.163,-30.177,0
1398294846085,42115414918000,171538053000001,-4.066,-6.163,-30.177,0
1398294846095,42115424958000,171538053000001,-4.066,-6.163,-30.177,0
1398294846105,42115434938000,171538053000001,-4.066,-6.163,-30.177,0
1398294846115,42115444947000,171538053000001,-4.066,-6.163,-30.177,0
1398294846127,42115456513000,171538053000001,-4.066,-6.163,-30.177,0
1398294846135,42115465028000,171538053000001,-4.066,-6.163,-30.177,0
1398294846145,42115474977000,171538053000001,-4.066,-5.86,-30.177,0
1398294846155,42115484986000,171538053000001,-4.367,-5.86,-30.177,0
1398294846165,42115495027000,171538053000001,-4.367,-5.86,-30.177,0
1398294846175,42115505036000,171538053000001,-4.367,-5.86,-30.177,0
1398294846185,42115515046000,171538053000001,-4.367,-5.86,-30.177,0
1398294846195,42115525056000,171538053000001,-4.367,-5.86,-30.177,0
1398294846205,42115535066000,171538053000001,-4.367,-5.86,-30.177,0
1398294846215,42115545045000,171538053000001,-4.367,-5.86,-30.177,0
1398294846225,42115555055000,171538053000001,-4.367,-5.86,-30.177,0
1398294846239,42115565064000,171538053000001,-4.367,-5.86,-30.177,0
1398294846250,42115575074000,171538053000001,-4.367,-5.86,-30.177,0
1398294846256,42115585145000,171538053000001,-4.367,-5.86,-30.177,0
1398294846265,42115595124000,171538053000001,-4.367,-5.86,-30.177,0
1398294846275,42115605134000,171538053000001,-4.692,-5.86,-30.177,0
1398294846287,42115615144000,171538053000001,-4.692,-5.86,-30.177,0
1398294846295,42115625154000,171538053000001,-4.692,-5.86,-30.177,0
1398294846308,42115636689000,171538053000001,-4.692,-5.86,-30.177,0
1398294846315,42115645173000,171538053000001,-5.052,-5.86,-30.177,0
1398294846325,42115655152000,171538053000001,-5.052,-5.86,-30.177,0
1398294846335,42115665162000,171538053000001,-5.052,-5.86,-30.177,0
1398294846345,42115675202000,171538053000001,-5.052,-5.86,-30.177,0
1398294846355,42115685212000,171538053000001,-5.052,-5.86,-30.177,0
1398294846366,42115695252000,171538053000001,-5.052,-5.86,-30.177,0
1398294846375,42115705262000,171538053000001,-5.052,-5.86,-30.177,0
1398294846385,42115715241000,171538053000001,-5.052,-5.86,-30.177,0
1398294846395,42115725251000,171538053000001,-5.052,-5.86,-30.177,0
1398294846405,42115735261000,171538053000001,-5.052,-5.86,-30.177,0
1398294846415,42115745271000,171538053000001,-5.052,-5.86,-30.177,0
1398294846425,42115755311000,171538053000001,-5.052,-5.86,-30.177,0
1398294846435,42115765321000,171538053000001,-5.052,-5.86,-30.177,0
1398294846445,42115775331000,171538053000001,-5.052,-5.86,-30.177,0
1398294846456,42115785340000,171538053000001,-5.052,-5.86,-30.177,0
1398294846465,42115795381000,171538053000001,-5.052,-5.535,-30.177,0
1398294846475,42115805390000,171538053000001,-5.052,-5.535,-30.177,0
1398294846487,42115816926000,171538053000001,-5.052,-5.535,-30.177,0
1398294846495,42115825410000,171538053000001,-5.052,-5.535,-30.177,0
1398294846505,42115835389000,171538053000001,-5.052,-5.535,-30.177,0
1398294846515,42115845368000,171538053000001,-4.724,-5.535,-30.177,0
1398294846525,42115855409000,171538053000001,-4.724,-5.535,-30.177,0
1398294846535,42115865418000,171538053000001,-4.724,-5.535,-30.177,0
1398294846545,42115875398000,171538053000001,-4.724,-5.535,-30.177,0
1398294846555,42115885408000,171538053000001,-4.724,-5.203,-30.177,0
1398294846565,42115895417000,171538053000001,-4.724,-5.203,-30.177,0
1398294846575,42115905458000,171538053000001,-4.724,-5.203,-30.177,0
1398294846589,42115917848000,171538053000001,-4.724,-5.203,-30.177,0
1398294846601,42115930604000,171538053000001,-4.724,-4.846,-30.177,0
1398294846615,42115938325000,171538053000001,-4.724,-4.846,-30.177,0
1398294846618,42115947724000,171538053000001,-4.724,-4.846,-30.493,0
1398294846631,42115960328000,171538053000001,-4.724,-4.846,-30.493,0
1398294846638,42115967988000,171538053000001,-4.724,-4.473,-30.493,0
1398294846653,42115982301000,171538053000001,-4.724,-4.473,-30.493,0
1398294846657,42115986909000,171538053000001,-4.724,-4.473,-30.493,0
1398294846671,42116000245000,171538053000001,-4.724,-4.473,-30.493,0
1398294846678,42116008210000,171538053000001,-4.724,-4.473,-30.493,0
1398294846691,42116020936000,171538053000001,-4.724,-4.473,-30.493,0
1398294846698,42116027955000,171538053000001,-4.724,-4.13,-30.493,0
1398294846711,42116040925000,171538053000001,-4.724,-4.13,-30.493,0
1398294846718,42116048127000,171538053000001,-4.724,-4.13,-30.493,0
1398294846729,42116058808000,171538053000001,-4.724,-4.13,-30.493,0
1398294846738,42116067720000,171538053000001,-4.724,-4.13,-30.493,0
1398294846751,42116080415000,171538053000001,-4.724,-4.13,-30.493,0
1398294846757,42116085664000,171538053000001,-4.724,-4.13,-30.493,0
1398294846766,42116095643000,171538053000001,-4.724,-4.13,-30.493,0
1398294846776,42116105653000,171538053000001,-4.724,-4.13,-30.493,0
1398294846786,42116115663000,171538053000001,-4.724,-4.13,-30.493,0
1398294846796,42116125672000,171538053000001,-4.724,-4.13,-30.493,0
1398294846806,42116135682000,171538053000001,-4.724,-4.13,-30.493,0
1398294846816,42116145722000,171538053000001,-4.724,-4.13,-30.493,0
1398294846826,42116155702000,171538053000001,-4.724,-4.476,-30.493,0
1398294846836,42116165711000,171538053000001,-4.724,-4.476,-30.493,0
1398294846848,42116177278000,171538053000001,-4.724,-4.476,-30.493,0
1398294846860,42116189363000,171538053000001,-4.724,-4.476,-30.493,0
1398294846874,42116199372000,171538053000001,-4.724,-4.476,-30.493,0
1398294846876,42116205751000,171538053000001,-4.724,-4.476,-30.493,0
1398294846892,42116216004000,171538053000001,-4.724,-4.476,-30.493,0
1398294846898,42116228120000,171538053000001,-4.724,-4.476,-30.493,0
1398294846908,42116235780000,171538053000001,-4.724,-4.476,-30.493,0
1398294846938,42116252778000,171538053000001,-4.724,-4.788,-30.493,0
1398294846942,42116255860000,171538053000001,-4.724,-4.788,-30.493,0
1398294846945,42116265840000,171538053000001,-4.724,-4.788,-30.493,0
1398294846956,42116275849000,171538053000001,-4.724,-4.788,-30.493,0
1398294846960,42116285890000,171538053000001,-4.724,-4.788,-30.493,0
1398294846970,42116296388000,171538053000001,-4.724,-4.788,-30.493,0
1398294846977,42116306520000,171538053000001,-4.724,-4.788,-30.493,0
1398294846994,42116315858000,171538053000001,-4.724,-4.788,-30.493,0
1398294846997,42116325868000,171538053000001,-4.724,-4.788,-30.493,0
1398294847009,42116335877000,171538053000001,-4.724,-4.788,-30.493,0
1398294847016,42116345857000,171538053000001,-5.068,-4.788,-30.493,0
1398294847028,42116357606000,171538053000001,-5.068,-4.788,-30.493,0
1398294847036,42116365968000,171538053000001,-5.068,-4.788,-30.493,0
1398294847046,42116375886000,171538053000001,-5.068,-4.788,-30.493,0
1398294847056,42116385865000,171538053000001,-5.068,-4.788,-30.493,0
1398294847066,42116395906000,171538053000001,-5.415,-4.788,-30.493,0
1398294847076,42116405915000,171538053000001,-5.415,-4.788,-30.493,0
1398294847086,42116415956000,171538053000001,-5.415,-4.788,-30.493,0
1398294847096,42116425935000,171538053000001,-5.415,-4.788,-30.493,0
1398294847106,42116435975000,171538053000001,-5.77,-4.788,-30.493,0
1398294847116,42116445954000,171538053000001,-5.77,-4.788,-30.493,0
1398294847127,42116455964000,171538053000001,-5.77,-4.788,-30.493,0
1398294847136,42116465974000,171538053000001,-5.77,-4.788,-30.493,0
1398294847146,42116475984000,171538053000001,-5.77,-4.788,-30.493,0
1398294847156,42116485993000,171538053000001,-5.77,-4.788,-30.493,0
1398294847172,42116496034000,171538053000001,-5.77,-4.788,-30.493,0
1398294847178,42116506043000,171538053000001,-5.77,-4.788,-30.493,0
1398294847191,42116516053000,171538053000001,-6.072,-4.788,-30.493,0
1398294847196,42116526063000,171538053000001,-6.072,-4.788,-30.493,0
1398294847208,42116537599000,171538053000001,-6.072,-4.788,-30.493,0
1398294847217,42116546083000,171538053000001,-6.072,-4.788,-30.493,0
1398294847231,42116560914000,171538053000001,-6.072,-4.788,-30.493,0
1398294847237,42116566011000,171538053000001,-6.072,-4.788,-30.493,0
1398294847247,42116576051000,171538053000001,-6.072,-4.788,-30.493,0
1398294847256,42116586061000,171538053000001,-6.072,-4.788,-30.493,0
1398294847266,42116596070000,171538053000001,-6.072,-4.788,-30.493,0
1398294847276,42116606080000,171538053000001,-5.744,-4.788,-30.493,0
1398294847286,42116616090000,171538053000001,-5.744,-4.788,-30.493,0
1398294847296,42116626100000,171538053000001,-5.744,-4.788,-30.493,0
1398294847306,42116636140000,171538053000001,-5.744,-4.788,-30.493,0
1398294847316,42116646119000,171538053000001,-5.744,-4.788,-30.493,0
1398294847326,42116656129000,171538053000001,-5.744,-4.788,-30.493,0
1398294847336,42116666139000,171538053000001,-5.744,-4.788,-30.493,0
1398294847346,42116676148000,171538053000001,-5.744,-4.788,-30.493,0
1398294847356,42116686189000,171538053000001,-5.744,-4.788,-30.493,0
1398294847366,42116696168000,171538053000001,-5.744,-4.788,-30.493,0
1398294847376,42116706178000,171538053000001,-5.744,-4.788,-30.493,0
1398294847388,42116717744000,171538053000001,-5.744,-4.788,-30.493,0
1398294847396,42116726258000,171538053000001,-5.744,-4.788,-30.493,0
1398294847406,42116736207000,171538053000001,-5.439,-4.788,-30.493,0
1398294847416,42116746247000,171538053000001,-5.439,-4.788,-30.493,0
1398294847426,42116756227000,171538053000001,-5.439,-4.788,-30.493,0
1398294847436,42116766236000,171538053000001,-5.439,-4.788,-30.493,0
1398294847446,42116776246000,171538053000001,-5.439,-4.788,-30.493,0
1398294847462,42116787202000,171538053000001,-5.439,-4.788,-30.493,0
1398294847474,42116797059000,171538053000001,-5.439,-4.788,-30.493,0
1398294847477,42116806794000,171538053000001,-5.439,-4.788,-30.493,0
1398294847492,42116816377000,171538053000001,-5.439,-4.788,-30.493,0
1398294847497,42116827210000,171538053000001,-5.439,-4.788,-30.493,0
1398294847507,42116836335000,171538053000001,-5.439,-4.788,-30.493,0
1398294847521,42116847016000,171538053000001,-5.439,-5.111,-30.493,0
1398294847529,42116858613000,171538053000001,-5.439,-5.111,-30.493,0
1398294847541,42116870484000,171538053000001,-5.439,-5.111,-30.493,0
1398294847551,42116878694000,171538053000001,-5.439,-5.111,-30.493,0
1398294847560,42116888551000,171538053000001,-5.439,-5.111,-30.493,0
1398294847573,42116899354000,171538053000001,-5.439,-5.111,-30.493,0
1398294847587,42116906465000,171538053000001,-5.439,-5.111,-30.493,0
1398294847588,42116916413000,171538053000001,-5.757,-5.111,-30.493,0
1398294847605,42116926454000,171538053000001,-5.757,-5.111,-30.493,0
1398294847607,42116936463000,171538053000001,-5.757,-5.111,-30.493,0
1398294847618,42116946473000,171538053000001,-5.757,-5.111,-30.493,0
1398294847626,42116956452000,171538053000001,-5.757,-5.111,-30.493,0
1398294847637,42116966462000,171538053000001,-6.057,-5.111,-30.493,0
1398294847647,42116976472000,171538053000001,-6.057,-5.111,-30.493,0
1398294847657,42116986512000,171538053000001,-6.057,-5.111,-30.493,0
1398294847667,42116996491000,171538053000001,-6.057,-5.111,-30.493,0
1398294847676,42117006532000,171538053000001,-6.057,-5.111,-30.493,0
1398294847686,42117016511000,171538053000001,-6.057,-5.111,-30.493,0
1398294847696,42117026521000,171538053000001,-6.057,-5.111,-30.493,0
1398294847706,42117036531000,171538053000001,-6.057,-5.111,-30.493,0
1398294847716,42117046540000,171538053000001,-6.057,-5.111,-30.493,0
1398294847726,42117056550000,171538053000001,-6.057,-5.111,-30.493,0
1398294847736,42117066560000,171538053000001,-6.369,-5.111,-30.493,0
1398294847748,42117078126000,171538053000001,-6.369,-5.111,-30.493,0
1398294847756,42117086610000,171538053000001,-6.369,-5.111,-30.493,0
1398294847766,42117096589000,171538053000001,-6.369,-5.111,-30.493,0
1398294847776,42117106599000,171538053000001,-6.369,-5.111,-30.493,0
1398294847786,42117116609000,171538053000001,-6.369,-5.111,-30.493,0
1398294847796,42117126618000,171538053000001,-6.369,-5.111,-30.192,0
1398294847806,42117136628000,171538053000001,-6.369,-5.111,-30.192,0
1398294847816,42117146638000,171538053000001,-5.987,-5.111,-30.192,0
1398294847826,42117156648000,171538053000001,-5.987,-5.111,-30.192,0
1398294847836,42117166658000,171538053000001,-5.987,-5.111,-30.192,0
1398294847846,42117176667000,171538053000001,-5.987,-5.111,-30.192,0
1398294847857,42117186677000,171538053000001,-5.987,-5.111,-30.192,0
1398294847870,42117196717000,171538053000001,-5.683,-5.111,-30.192,0
1398294847878,42117206758000,171538053000001,-5.683,-5.111,-30.192,0
1398294847895,42117216737000,171538053000001,-5.683,-5.111,-30.192,0
1398294847900,42117226777000,171538053000001,-5.683,-5.111,-30.192,0
1398294847907,42117236726000,171538053000001,-5.683,-5.111,-30.192,0
1398294847919,42117246766000,171538053000001,-5.683,-5.111,-30.192,0
1398294847929,42117258332000,171538053000001,-5.683,-5.111,-30.192,0
1398294847937,42117266938000,171538053000001,-5.683,-5.111,-30.192,0
1398294847947,42117276795000,171538053000001,-5.683,-5.111,-30.192,0
1398294847957,42117286805000,171538053000001,-5.683,-5.111,-30.192,0
1398294847967,42117296845000,171538053000001,-5.683,-5.111,-30.192,0
1398294847977,42117306855000,171538053000001,-6.05,-4.801,-30.192,0
1398294847987,42117316835000,171538053000001,-6.05,-4.801,-30.192,0
1398294847998,42117326875000,171538053000001,-6.05,-4.801,-30.5,0
1398294848007,42117336824000,171538053000001,-6.05,-4.801,-30.5,0
1398294848017,42117346833000,171538053000001,-6.352,-4.801,-30.5,0
1398294848027,42117356843000,171538053000001,-6.352,-4.801,-30.5,0
1398294848038,42117366853000,171538053000001,-6.352,-4.801,-30.5,0
1398294848047,42117376863000,171538053000001,-6.352,-4.801,-30.5,0
1398294848057,42117386872000,171538053000001,-6.352,-4.801,-30.5,0
1398294848068,42117396882000,171538053000001,-6.352,-4.801,-30.5,0
1398294848077,42117406892000,171538053000001,-6.694,-4.801,-30.5,0
1398294848087,42117416902000,171538053000001,-6.694,-4.801,-30.5,0
1398294848098,42117426911000,171538053000001,-6.694,-4.801,-30.5,0
1398294848109,42117438478000,171538053000001,-6.694,-4.801,-30.5,0
1398294848117,42117446961000,171538053000001,-6.694,-4.801,-30.5,0
1398294848127,42117456941000,171538053000001,-6.694,-4.801,-30.5,0
1398294848137,42117466950000,171538053000001,-6.694,-4.801,-30.5,0
1398294848152,42117481813000,171538053000001,-6.694,-4.801,-30.5,0
1398294848157,42117486878000,171538053000001,-6.694,-4.801,-30.5,0
1398294848167,42117496919000,171538053000001,-6.694,-4.801,-30.5,0
1398294848177,42117506928000,171538053000001,-6.694,-4.801,-30.5,0
1398294848187,42117516938000,171538053000001,-6.694,-4.801,-30.5,0
1398294848197,42117526948000,171538053000001,-6.694,-4.801,-30.5,0
1398294848210,42117536988000,171538053000001,-6.356,-4.801,-30.5,0
1398294848222,42117546998000,171538053000001,-6.356,-4.801,-30.5,0
1398294848227,42117557008000,171538053000001,-6.356,-4.801,-30.5,0
1398294848237,42117567048000,171538053000001,-6.356,-4.801,-30.5,0
1398294848248,42117577058000,171538053000001,-6.356,-4.801,-30.5,0
1398294848257,42117587098000,171538053000001,-6.356,-4.801,-30.5,0
1398294848267,42117597108000,171538053000001,-6.356,-4.801,-30.5,0
1398294848277,42117607087000,171538053000001,-6.356,-4.801,-30.5,0
1398294848289,42117618653000,171538053000001,-6.356,-4.801,-30.5,0
1398294848297,42117627137000,171538053000001,-6.036,-4.801,-30.5,0
1398294848307,42117637116000,171538053000001,-6.036,-4.801,-30.5,0
1398294848317,42117647096000,171538053000001,-6.036,-4.801,-30.5,0
1398294848327,42117657106000,171538053000001,-6.036,-4.801,-30.5,0
1398294848337,42117667146000,171538053000001,-6.036,-4.801,-30.5,0
1398294848348,42117677156000,171538053000001,-6.036,-4.801,-30.5,0
1398294848357,42117687165000,171538053000001,-6.036,-4.801,-30.5,0
1398294848367,42117697175000,171538053000001,-6.036,-4.801,-30.5,0
1398294848377,42117707185000,171538053000001,-6.036,-4.801,-30.5,0
1398294848387,42117717164000,171538053000001,-6.036,-4.801,-30.5,0
1398294848397,42117727174000,171538053000001,-6.036,-4.801,-30.5,0
1398294848407,42117737214000,171538053000001,-6.036,-5.102,-30.5,0
1398294848417,42117747224000,171538053000001,-6.036,-5.102,-30.5,0
1398294848427,42117757264000,171538053000001,-6.036,-5.102,-30.5,0
1398294848437,42117767274000,171538053000001,-6.036,-5.102,-30.5,0
1398294848447,42117777253000,171538053000001,-6.036,-5.102,-30.5,0
1398294848458,42117787263000,171538053000001,-6.036,-5.102,-30.5,0
1398294848469,42117798829000,171538053000001,-6.036,-5.102,-30.5,0
1398294848478,42117807313000,171538053000001,-6.036,-5.102,-30.5,0
1398294848487,42117817292000,171538053000001,-6.036,-5.102,-30.5,0
1398294848497,42117827302000,171538053000001,-6.036,-5.102,-30.5,0
1398294848507,42117837373000,171538053000001,-6.036,-5.102,-30.5,0
1398294848527,42117847383000,171538053000001,-6.036,-5.102,-30.5,0
1398294848529,42117857362000,171538053000001,-6.036,-5.102,-30.5,0
1398294848537,42117867372000,171538053000001,-6.036,-5.102,-30.5,0
1398294848547,42117877351000,171538053000001,-6.036,-5.102,-30.5,0
1398294848557,42117887361000,171538053000001,-6.036,-5.102,-30.195,0
1398294848567,42117897370000,171538053000001,-6.036,-5.102,-30.195,0
1398294848577,42117907380000,171538053000001,-6.036,-5.102,-30.195,0
1398294848598,42117917420000,171538053000001,-6.036,-5.102,-30.195,0
1398294848601,42117927369000,171538053000001,-6.347,-4.791,-30.195,0
1398294848608,42117937409000,171538053000001,-6.347,-4.791,-30.195,0
1398294848619,42117947389000,171538053000001,-6.347,-4.791,-30.195,0
1398294848628,42117957368000,171538053000001,-6.347,-4.791,-30.195,0
1398294848638,42117967408000,171538053000001,-6.347,-4.791,-30.195,0
1398294848651,42117978944000,171538053000001,-6.347,-4.791,-30.195,0
1398294848658,42117987458000,171538053000001,-6.347,-4.791,-30.195,0
1398294848667,42117997407000,171538053000001,-6.347,-4.791,-30.195,0
1398294848677,42118007417000,171538053000001,-6.347,-4.791,-30.195,0
1398294848688,42118017488000,171538053000001,-6.347,-4.791,-30.195,0
1398294848700,42118027467000,171538053000001,-6.347,-4.791,-30.195,0
1398294848713,42118037538000,171538053000001,-6.347,-4.791,-30.195,0
1398294848725,42118047700000,171538053000001,-6.347,-4.791,-30.195,0
1398294848728,42118057557000,171538053000001,-6.347,-4.791,-30.195,0
1398294848738,42118067536000,171538053000001,-6.347,-4.791,-30.195,0
1398294848750,42118077546000,171538053000001,-6.347,-5.12,-30.195,0
1398294848758,42118087556000,171538053000001,-6.347,-5.12,-30.195,0
1398294848768,42118097535000,171538053000001,-6.347,-5.12,-30.195,0
1398294848778,42118107545000,171538053000001,-6.347,-5.12,-30.195,0
1398294848788,42118117524000,171538053000001,-6.347,-5.12,-30.195,0
1398294848798,42118127564000,171538053000001,-6.347,-5.12,-30.195,0
1398294848808,42118137544000,171538053000001,-6.347,-5.12,-30.195,0
1398294848818,42118147553000,171538053000001,-6.347,-5.12,-30.195,0
1398294848831,42118159120000,171538053000001,-6.347,-5.12,-30.195,0
1398294848837,42118167604000,171538053000001,-6.347,-5.12,-30.195,0
1398294848848,42118177583000,171538053000001,-6.347,-5.12,-30.195,0
1398294848858,42118187623000,171538053000001,-6.347,-5.12,-30.195,0
1398294848868,42118197602000,171538053000001,-6.347,-5.12,-30.195,0
1398294848878,42118207612000,171538053000001,-6.347,-5.12,-30.195,0
1398294848893,42118217652000,171538053000001,-6.347,-5.12,-30.195,0
1398294848901,42118227662000,171538053000001,-6.347,-5.12,-30.195,0
1398294848908,42118237672000,171538053000001,-6.347,-5.12,-30.195,0
1398294848918,42118247682000,171538053000001,-6.347,-5.12,-30.195,0
1398294848928,42118257661000,171538053000001,-6.347,-5.12,-30.195,0
1398294848938,42118267671000,171538053000001,-6.347,-5.12,-30.195,0
1398294848948,42118277680000,171538053000001,-6.347,-5.12,-30.195,0
1398294848958,42118287690000,171538053000001,-6.347,-5.12,-30.195,0
1398294848968,42118297731000,171538053000001,-6.347,-5.12,-30.195,0
1398294848978,42118307740000,171538053000001,-6.347,-5.12,-30.195,0
1398294848988,42118317750000,171538053000001,-6.347,-5.12,-30.195,0
1398294848998,42118327729000,171538053000001,-6.347,-5.12,-30.195,0
1398294849010,42118339295000,171538053000001,-6.347,-5.12,-30.195,0
1398294849018,42118347779000,171538053000001,-6.347,-5.12,-30.195,0
1398294849028,42118357789000,171538053000001,-6.347,-5.12,-30.195,0
1398294849038,42118367799000,171538053000001,-6.347,-5.12,-30.195,0
1398294849048,42118377809000,171538053000001,-6.347,-5.12,-30.195,0
1398294849058,42118387818000,171538053000001,-6.347,-5.12,-30.195,0
1398294849070,42118399507000,171538053000001,-6.729,-5.12,-30.195,0
1398294849078,42118407838000,171538053000001,-6.729,-5.12,-30.195,0
1398294849088,42118417848000,171538053000001,-6.729,-5.12,-30.195,0
1398294849098,42118427827000,171538053000001,-6.729,-5.12,-30.195,0
1398294849108,42118437837000,171538053000001,-6.729,-5.12,-30.195,0
1398294849118,42118447846000,171538053000001,-7.072,-5.12,-30.195,0
1398294849130,42118457856000,171538053000001,-7.072,-5.12,-30.195,0
1398294849139,42118468049000,171538053000001,-7.072,-5.12,-30.195,0
1398294849148,42118477876000,171538053000001,-7.072,-5.12,-30.195,0
1398294849158,42118487947000,171538053000001,-7.072,-5.12,-30.195,0
1398294849168,42118497926000,171538053000001,-7.072,-5.12,-30.195,0
1398294849178,42118507966000,171538053000001,-7.072,-5.12,-30.195,0
1398294849190,42118519502000,171538053000001,-7.072,-5.12,-30.195,0
1398294849198,42118527986000,171538053000001,-7.072,-5.12,-30.195,0
1398294849215,42118538026000,171538053000001,-7.42,-5.12,-30.195,0
1398294849223,42118548005000,171538053000001,-7.42,-5.12,-30.195,0
1398294849228,42118558015000,171538053000001,-7.42,-5.12,-30.195,0
1398294849238,42118568025000,171538053000001,-7.42,-5.12,-30.195,0
1398294849248,42118578034000,171538053000001,-7.42,-5.12,-30.195,0
1398294849258,42118588044000,171538053000001,-7.42,-5.12,-30.195,0
1398294849268,42118598023000,171538053000001,-7.42,-5.12,-30.195,0
1398294849280,42118608033000,171538053000001,-7.42,-5.12,-30.195,0
1398294849288,42118618074000,171538053000001,-7.42,-5.12,-30.195,0
1398294849298,42118628053000,171538053000001,-7.073,-5.12,-30.195,0
1398294849308,42118638063000,171538053000001,-7.073,-5.12,-30.195,0
1398294849318,42118648072000,171538053000001,-7.073,-5.12,-30.195,0
1398294849328,42118658113000,171538053000001,-7.073,-5.12,-30.195,0
1398294849338,42118668092000,171538053000001,-7.073,-5.12,-30.195,0
1398294849348,42118678132000,171538053000001,-6.71,-5.12,-30.195,0
1398294849358,42118688142000,171538053000001,-6.71,-5.12,-30.195,0
1398294849370,42118699678000,171538053000001,-6.71,-5.424,-30.195,0
1398294849381,42118711091000,171538053000001,-6.71,-5.424,-30.195,0
1398294849388,42118718110000,171538053000001,-6.71,-5.424,-30.195,0
1398294849398,42118728150000,171538053000001,-6.356,-5.424,-30.195,0
1398294849408,42118738130000,171538053000001,-6.356,-5.424,-30.195,0
1398294849418,42118748139000,171538053000001,-6.356,-5.743,-30.195,0
1398294849430,42118758149000,171538053000001,-6.356,-5.743,-30.195,0
1398294849439,42118768189000,171538053000001,-6.356,-5.743,-30.195,0
1398294849449,42118778230000,171538053000001,-5.978,-5.743,-30.195,0
1398294849459,42118788240000,171538053000001,-5.978,-5.743,-30.195,0
1398294849470,42118798219000,171538053000001,-5.978,-5.743,-30.195,0
1398294849478,42118808198000,171538053000001,-5.978,-5.743,-30.195,0
1398294849488,42118818208000,171538053000001,-5.978,-5.743,-30.195,0
1398294849504,42118828248000,171538053000001,-5.978,-5.743,-30.195,0
1398294849508,42118838258000,171538053000001,-5.978,-5.743,-30.195,0
1398294849518,42118848237000,171538053000001,-5.978,-5.743,-30.195,0
1398294849529,42118858247000,171538053000001,-5.978,-5.743,-30.195,0
1398294849539,42118868287000,171538053000001,-5.978,-5.743,-30.195,0
1398294849550,42118879823000,171538053000001,-5.978,-5.743,-30.195,0
1398294849559,42118888520000,171538053000001,-5.978,-5.743,-30.195,0
1398294849568,42118898316000,171538053000001,-5.978,-5.743,-30.195,0
1398294849579,42118908296000,171538053000001,-5.978,-5.743,-30.195,0
1398294849588,42118918305000,171538053000001,-5.978,-5.743,-30.195,0
1398294849606,42118928315000,171538053000001,-5.978,-5.743,-30.195,0
1398294849608,42118938325000,171538053000001,-5.978,-5.743,-30.195,0
1398294849618,42118948335000,171538053000001,-5.978,-5.743,-30.195,0
1398294849628,42118958345000,171538053000001,-5.978,-5.743,-30.195,0
1398294849638,42118968354000,171538053000001,-5.978,-5.743,-30.195,0
1398294849648,42118978364000,171538053000001,-5.978,-5.743,-30.195,0
1398294849658,42118988374000,171538053000001,-5.978,-5.743,-30.195,0
1398294849668,42118998414000,171538053000001,-5.978,-5.743,-30.195,0
1398294849683,42119013185000,171538053000001,-5.978,-5.743,-30.195,0
1398294849688,42119018373000,171538053000001,-5.978,-5.429,-30.195,0
1398294849702,42119028413000,171538053000001,-5.978,-5.429,-30.195,0
1398294849708,42119038423000,171538053000001,-5.978,-5.429,-30.195,0
1398294849720,42119048432000,171538053000001,-5.978,-5.429,-30.195,0
1398294849730,42119059999000,171538053000001,-5.978,-5.429,-30.195,0
1398294849738,42119068482000,171538053000001,-5.978,-5.429,-30.195,0
1398294849749,42119078462000,171538053000001,-5.978,-5.429,-30.195,0
1398294849759,42119088471000,171538053000001,-5.978,-5.429,-30.195,0
1398294849768,42119098481000,171538053000001,-5.978,-5.429,-30.195,0
1398294849779,42119108522000,171538053000001,-5.978,-5.429,-30.195,0
1398294849794,42119118562000,171538053000001,-5.978,-5.429,-30.195,0
1398294849805,42119128572000,171538053000001,-5.978,-5.429,-30.195,0
1398294849808,42119138581000,171538053000001,-5.978,-5.429,-30.195,0
1398294849819,42119148561000,171538053000001,-5.978,-5.429,-30.195,0
1398294849829,42119158570000,171538053000001,-5.978,-5.429,-30.195,0
1398294849839,42119168611000,171538053000001,-5.978,-5.429,-30.195,0
1398294849849,42119178590000,171538053000001,-5.978,-5.429,-30.195,0
1398294849859,42119188630000,171538053000001,-5.978,-5.429,-30.195,0
1398294849869,42119198640000,171538053000001,-5.978,-5.429,-30.195,0
1398294849879,42119208650000,171538053000001,-5.978,-5.429,-30.195,0
1398294849889,42119218659000,171538053000001,-5.978,-5.429,-30.195,0
1398294849900,42119228669000,171538053000001,-5.978,-5.429,-30.195,0
1398294849912,42119240205000,171538053000001,-5.978,-5.429,-30.195,0
1398294849920,42119248719000,171538053000001,-5.978,-5.429,-30.195,0
1398294849930,42119258699000,171538053000001,-5.978,-5.429,-30.195,0
1398294849939,42119268678000,171538053000001,-5.978,-5.429,-30.195,0
1398294849949,42119278688000,171538053000001,-5.978,-5.429,-30.195,0
1398294849959,42119288697000,171538053000001,-5.978,-5.429,-30.195,0
1398294849974,42119298738000,171538053000001,-5.978,-5.429,-30.195,0
1398294849981,42119308900000,171538053000001,-5.978,-5.429,-30.195,0
1398294849995,42119318757000,171538053000001,-6.278,-5.429,-30.195,0
1398294850002,42119328736000,171538053000001,-6.278,-5.429,-30.195,0
1398294850009,42119338777000,171538053000001,-6.278,-5.429,-30.195,0
1398294850019,42119348786000,171538053000001,-6.278,-5.429,-30.195,0
1398294850029,42119358766000,171538053000001,-6.278,-5.429,-30.195,0
1398294850039,42119368775000,171538053000001,-6.278,-5.429,-30.195,0
1398294850049,42119378816000,171538053000001,-6.278,-5.429,-30.195,0
1398294850058,42119388795000,171538053000001,-6.278,-5.429,-30.195,0
1398294850069,42119398805000,171538053000001,-6.278,-5.429,-30.195,0
1398294850079,42119408845000,171538053000001,-6.278,-5.429,-30.195,0
1398294850090,42119420381000,171538053000001,-6.278,-5.429,-30.195,0
1398294850099,42119428895000,171538053000001,-6.278,-5.097,-30.195,0
1398294850109,42119438844000,171538053000001,-6.278,-5.097,-30.195,0
1398294850119,42119448854000,171538053000001,-6.278,-5.097,-30.195,0
1398294850129,42119458863000,171538053000001,-6.278,-5.097,-30.195,0
1398294850139,42119468873000,171538053000001,-6.278,-5.097,-30.195,0
1398294850149,42119478913000,171538053000001,-6.278,-5.097,-30.195,0
1398294850160,42119488893000,171538053000001,-6.278,-5.097,-30.195,0
1398294850169,42119498933000,171538053000001,-6.278,-5.097,-30.195,0
1398294850179,42119508912000,171538053000001,-6.278,-5.097,-30.195,0
1398294850189,42119518922000,171538053000001,-6.278,-5.097,-30.195,0
1398294850199,42119528932000,171538053000001,-6.278,-5.097,-30.195,0
1398294850209,42119538941000,171538053000001,-6.278,-5.097,-30.195,0
1398294850223,42119548982000,171538053000001,-6.278,-5.097,-30.195,0
1398294850230,42119558991000,171538053000001,-6.278,-5.097,-30.195,0
1398294850239,42119568971000,171538053000001,-6.278,-5.097,-30.195,0
1398294850249,42119579011000,171538053000001,-6.278,-5.097,-30.195,0
1398294850260,42119589021000,171538053000001,-6.278,-5.097,-30.195,0
1398294850271,42119600587000,171538053000001,-6.278,-5.097,-30.195,0
1398294850279,42119609071000,171538053000001,-6.278,-5.097,-30.195,0
1398294850289,42119619050000,171538053000001,-6.278,-5.097,-30.195,0
1398294850303,42119632722000,171538053000001,-6.278,-5.097,-30.195,0
1398294850309,42119638978000,171538053000001,-6.278,-5.097,-30.195,0
1398294850319,42119649049000,171538053000001,-6.278,-5.097,-30.195,0
1398294850329,42119659028000,171538053000001,-6.278,-5.097,-30.195,0
1398294850339,42119669038000,171538053000001,-6.278,-5.097,-30.195,0
1398294850349,42119679017000,171538053000001,-6.278,-5.097,-30.195,0
1398294850359,42119689057000,171538053000001,-6.278,-5.097,-30.195,0
1398294850369,42119699067000,171538053000001,-6.278,-5.097,-30.195,0
1398294850379,42119709077000,171538053000001,-6.278,-5.097,-30.195,0
1398294850389,42119719087000,171538053000001,-6.278,-5.416,-30.195,0
1398294850399,42119729096000,171538053000001,-6.278,-5.416,-30.195,0
1398294850409,42119739106000,171538053000001,-6.278,-5.416,-30.195,0
1398294850419,42119749116000,171538053000001,-6.585,-5.416,-30.195,0
1398294850429,42119759156000,171538053000001,-6.585,-5.416,-30.195,0
1398294850439,42119769105000,171538053000001,-6.585,-5.416,-30.195,0
1398294850451,42119780671000,171538053000001,-6.585,-5.416,-30.195,0
1398294850459,42119789186000,171538053000001,-6.585,-5.416,-29.862,0
1398294850469,42119799165000,171538053000001,-6.585,-5.416,-29.862,0
1398294850479,42119809175000,171538053000001,-6.585,-5.416,-29.862,0
1398294850489,42119819184000,171538053000001,-6.585,-5.416,-29.862,0
1398294850499,42119829164000,171538053000001,-6.585,-5.416,-29.862,0
1398294850509,42119839204000,171538053000001,-6.585,-5.416,-29.862,0
1398294850519,42119849183000,171538053000001,-6.585,-5.416,-29.862,0
1398294850529,42119859193000,171538053000001,-6.585,-5.416,-29.862,0
1398294850539,42119869203000,171538053000001,-6.585,-5.416,-29.862,0
1398294850549,42119879212000,171538053000001,-6.585,-5.416,-29.862,0
1398294850559,42119889253000,171538053000001,-6.585,-5.72,-29.862,0
1398294850569,42119899232000,171538053000001,-6.585,-5.72,-29.862,0
1398294850579,42119909272000,171538053000001,-6.585,-5.72,-29.862,0
1398294850597,42119919313000,171538053000001,-6.585,-5.72,-29.862,0
1398294850599,42119929292000,171538053000001,-6.585,-5.72,-29.862,0
1398294850613,42119939790000,171538053000001,-6.585,-5.72,-29.862,0
1398294850619,42119949311000,171538053000001,-6.585,-5.72,-29.862,0
1398294850631,42119960877000,171538053000001,-6.585,-5.72,-29.862,0
1398294850639,42119969361000,171538053000001,-6.585,-5.72,-29.862,0
1398294850649,42119979341000,171538053000001,-6.585,-5.72,-29.862,0
1398294850660,42119989350000,171538053000001,-6.585,-5.72,-29.862,0
1398294850670,42119999391000,171538053000001,-6.585,-5.72,-29.862,0
1398294850680,42120009400000,171538053000001,-6.585,-5.72,-29.862,0
1398294850689,42120019380000,171538053000001,-6.585,-5.72,-29.862,0
1398294850699,42120029389000,171538053000001,-6.585,-5.72,-29.862,0
1398294850710,42120039430000,171538053000001,-6.585,-5.72,-29.862,0
1398294850720,42120049439000,171538053000001,-6.585,-5.72,-29.862,0
1398294850730,42120059449000,171538053000001,-6.585,-5.72,-29.862,0
1398294850739,42120069428000,171538053000001,-6.585,-5.72,-29.862,0
1398294850749,42120079438000,171538053000001,-6.585,-5.72,-29.862,0
1398294850759,42120089448000,171538053000001,-6.585,-5.72,-29.862,0
1398294850769,42120099458000,171538053000001,-6.585,-5.72,-29.862,0
1398294850779,42120109468000,171538053000001,-6.585,-5.72,-29.862,0
1398294850789,42120119477000,171538053000001,-6.585,-5.72,-29.862,0
1398294850799,42120129487000,171538053000001,-6.585,-5.72,-29.862,0
1398294850811,42120141053000,171538053000001,-6.585,-5.72,-29.862,0
1398294850819,42120149537000,171538053000001,-6.585,-5.72,-29.862,0
1398294850829,42120159516000,171538053000001,-6.227,-5.72,-29.862,0
1398294850839,42120169526000,171538053000001,-6.227,-5.72,-29.862,0
1398294850849,42120179536000,171538053000001,-6.227,-5.72,-29.862,0
1398294850859,42120189546000,171538053000001,-6.227,-5.72,-29.862,0
1398294850870,42120199555000,171538053000001,-5.816,-6.027,-29.862,0
1398294850879,42120209565000,171538053000001,-5.816,-6.027,-29.862,0
1398294850889,42120219575000,171538053000001,-5.816,-6.027,-29.862,0
1398294850899,42120229585000,171538053000001,-5.346,-6.027,-29.862,0
1398294850910,42120239595000,171538053000001,-4.788,-6.027,-29.862,0
1398294850920,42120249604000,171538053000001,-4.173,-6.369,-29.862,0
1398294850929,42120259614000,171538053000001,-4.173,-6.369,-29.862,0
1398294850940,42120269624000,171538053000001,-3.579,-6.369,-29.862,0
1398294850949,42120279634000,171538053000001,-3.579,-6.369,-29.862,0
1398294850960,42120289643000,171538053000001,-3.161,-6.684,-29.862,0
1398294850970,42120299653000,171538053000001,-3.161,-6.684,-29.862,0
1398294850980,42120309663000,171538053000001,-3.161,-6.684,-29.862,0
1398294850991,42120321199000,171538053000001,-2.604,-6.684,-29.862,0
1398294851000,42120329713000,171538053000001,-2.604,-6.684,-29.862,0
1398294851012,42120339692000,171538053000001,-2.604,-6.684,-29.862,0
1398294851020,42120349732000,171538053000001,-2.604,-6.684,-29.862,0
1398294851030,42120359712000,171538053000001,-2.604,-6.99,-29.862,0
1398294851042,42120369721000,171538053000001,-2.604,-6.99,-29.862,0
1398294851050,42120379701000,171538053000001,-2.604,-6.99,-29.862,0
1398294851060,42120389710000,171538053000001,-2.227,-6.99,-29.862,0
1398294851070,42120399720000,171538053000001,-2.227,-6.99,-29.862,0
1398294851080,42120409791000,171538053000001,-2.227,-6.99,-29.862,0
1398294851090,42120419740000,171538053000001,-2.227,-6.99,-29.862,0
1398294851102,42120429780000,171538053000001,-2.227,-6.99,-29.862,0
1398294851110,42120439820000,171538053000001,-1.924,-6.99,-29.862,0
1398294851120,42120449800000,171538053000001,-1.924,-6.99,-29.862,0
1398294851130,42120459840000,171538053000001,-1.924,-6.99,-29.862,0
1398294851140,42120469789000,171538053000001,-1.924,-6.652,-29.862,0
1398294851152,42120479829000,171538053000001,-1.924,-6.652,-30.177,0
1398294851168,42120489839000,171538053000001,-2.238,-6.652,-30.177,0
1398294851172,42120501435000,171538053000001,-2.238,-6.652,-30.177,0
1398294851180,42120509919000,171538053000001,-2.238,-6.269,-30.177,0
1398294851191,42120519898000,171538053000001,-2.584,-6.269,-30.177,0
1398294851200,42120529908000,171538053000001,-2.584,-6.269,-30.177,0
1398294851210,42120539918000,171538053000001,-2.584,-6.269,-30.177,0
1398294851225,42120554902000,171538053000001,-2.886,-5.9,-30.177,0
1398294851230,42120559907000,171538053000001,-2.886,-5.9,-30.177,0
1398294851240,42120569978000,171538053000001,-2.886,-5.9,-30.177,0
1398294851250,42120579988000,171538053000001,-3.265,-5.9,-30.177,0
1398294851260,42120589997000,171538053000001,-3.265,-5.552,-30.177,0
1398294851270,42120599977000,171538053000001,-3.572,-5.552,-30.177,0
1398294851288,42120609986000,171538053000001,-3.572,-5.552,-30.177,0
1398294851290,42120619966000,171538053000001,-3.933,-5.552,-30.177,0
1398294851300,42120629975000,171538053000001,-3.933,-5.212,-30.177,0
1398294851310,42120639955000,171538053000001,-4.313,-5.212,-30.177,0
1398294851320,42120649995000,171538053000001,-4.313,-5.212,-30.177,0
1398294851330,42120660035000,171538053000001,-4.313,-5.212,-30.177,0
1398294851340,42120670045000,171538053000001,-4.62,-5.212,-30.177,0
1398294851352,42120681550000,171538053000001,-4.62,-5.212,-30.177,0
1398294851360,42120690095000,171538053000001,-4.62,-5.212,-30.177,0
1398294851370,42120700013000,171538053000001,-4.62,-5.212,-30.177,0
1398294851380,42120710023000,171538053000001,-4.62,-5.212,-30.177,0
1398294851390,42120720033000,171538053000001,-4.62,-5.212,-30.177,0
1398294851400,42120730104000,171538053000001,-4.62,-5.212,-30.177,0
1398294851410,42120740083000,171538053000001,-4.62,-5.212,-30.177,0
1398294851420,42120750093000,171538053000001,-4.62,-5.212,-30.177,0
1398294851430,42120760072000,171538053000001,-4.62,-5.212,-30.177,0
1398294851440,42120770082000,171538053000001,-4.62,-5.212,-30.177,0
1398294851450,42120780091000,171538053000001,-4.62,-5.212,-30.177,0
1398294851460,42120790101000,171538053000001,-4.62,-5.555,-30.177,0
1398294851470,42120800141000,171538053000001,-4.62,-5.555,-30.177,0
1398294851480,42120810151000,171538053000001,-4.62,-5.555,-30.177,0
1398294851490,42120820161000,171538053000001,-4.62,-5.555,-30.177,0
1398294851500,42120830171000,171538053000001,-4.62,-5.871,-30.177,0
1398294851510,42120840180000,171538053000001,-4.295,-5.871,-30.177,0
1398294851520,42120850160000,171538053000001,-4.295,-5.871,-30.177,0
1398294851532,42120861939000,171538053000001,-4.295,-5.871,-30.177,0
1398294851540,42120870240000,171538053000001,-4.295,-5.871,-30.177,0
1398294851550,42120880189000,171538053000001,-4.295,-5.871,-30.177,0
1398294851560,42120890199000,171538053000001,-4.295,-6.175,-30.177,0
1398294851570,42120900209000,171538053000001,-4.617,-6.175,-30.177,0
1398294851580,42120910249000,171538053000001,-4.617,-6.175,-30.177,0
1398294851590,42120920228000,171538053000001,-4.617,-6.175,-30.177,0
1398294851602,42120930238000,171538053000001,-4.985,-6.175,-30.177,0
1398294851612,42120941590000,171538053000001,-4.985,-6.175,-30.177,0
1398294851624,42120954408000,171538053000001,-4.985,-6.175,-29.856,0
1398294851634,42120964295000,171538053000001,-4.985,-6.498,-29.856,0
1398294851644,42120973939000,171538053000001,-5.386,-6.498,-29.856,0
1398294851655,42120981324000,171538053000001,-5.386,-6.498,-29.856,0
1398294851663,42120991548000,171538053000001,-5.386,-6.498,-29.856,0
1398294851679,42121001496000,171538053000001,-5.726,-6.498,-29.856,0
1398294851681,42121010408000,171538053000001,-5.726,-6.498,-29.856,0
1398294851692,42121021699000,171538053000001,-5.726,-6.498,-29.856,0
1398294851703,42121031709000,171538053000001,-5.726,-6.498,-29.548,0
1398294851713,42121041932000,171538053000001,-6.036,-6.498,-29.548,0
1398294851727,42121050447000,171538053000001,-6.036,-6.498,-29.548,0
1398294851730,42121060426000,171538053000001,-6.036,-6.498,-29.548,0
1398294851741,42121070436000,171538053000001,-6.036,-6.498,-29.548,0
1398294851753,42121082917000,171538053000001,-6.036,-6.498,-29.548,0
1398294851763,42121092744000,171538053000001,-6.036,-6.498,-29.548,0
1398294851771,42121101136000,171538053000001,-6.036,-6.498,-29.548,0
1398294851782,42121111421000,171538053000001,-6.036,-6.498,-29.548,0
1398294851805,42121121400000,171538053000001,-6.036,-6.498,-29.548,0
1398294851807,42121130525000,171538053000001,-6.036,-6.498,-29.548,0
1398294851821,42121140534000,171538053000001,-6.036,-6.498,-29.548,0
1398294851822,42121150544000,171538053000001,-6.036,-6.498,-29.548,0
1398294851841,42121164704000,171538053000001,-6.036,-6.498,-29.548,0
1398294851842,42121170533000,171538053000001,-6.036,-6.498,-29.548,0
1398294851851,42121180604000,171538053000001,-6.036,-6.498,-29.548,0
1398294851861,42121190583000,171538053000001,-6.036,-6.498,-29.548,0
1398294851872,42121200593000,171538053000001,-6.036,-6.498,-29.548,0
1398294851881,42121210572000,171538053000001,-6.372,-6.498,-29.548,0
1398294851892,42121222138000,171538053000001,-6.372,-6.498,-29.548,0
1398294851901,42121230622000,171538053000001,-6.372,-6.498,-29.548,0
1398294851911,42121240602000,171538053000001,-6.372,-6.498,-29.548,0
1398294851921,42121250611000,171538053000001,-6.372,-6.498,-29.548,0
1398294851930,42121260621000,171538053000001,-6.372,-6.498,-29.548,0
1398294851940,42121270631000,171538053000001,-6.372,-6.498,-29.548,0
1398294851951,42121280885000,171538053000001,-6.372,-6.498,-29.548,0
1398294851964,42121294221000,171538053000001,-6.372,-6.498,-29.548,0
1398294851973,42121302888000,171538053000001,-6.372,-6.498,-29.548,0
1398294851984,42121314179000,171538053000001,-6.372,-6.498,-29.548,0
1398294851994,42121323762000,171538053000001,-6.372,-6.498,-29.548,0
1398294852004,42121333711000,171538053000001,-6.372,-6.498,-29.548,0
1398294852014,42121344178000,171538053000001,-6.372,-6.498,-29.856,0
1398294852024,42121354158000,171538053000001,-6.04,-6.498,-29.856,0
1398294852037,42121367097000,171538053000001,-6.04,-6.498,-29.856,0
1398294852043,42121373536000,171538053000001,-6.04,-6.498,-29.856,0
1398294852057,42121387178000,171538053000001,-6.04,-6.498,-29.856,0
1398294852063,42121393556000,171538053000001,-5.738,-6.498,-29.856,0
1398294852077,42121407350000,171538053000001,-5.738,-6.498,-29.856,0
1398294852083,42121412751000,171538053000001,-5.738,-6.498,-29.856,0
1398294852094,42121423860000,171538053000001,-5.738,-6.498,-29.856,0
1398294852107,42121436891000,171538053000001,-5.738,-6.498,-29.856,0
1398294852113,42121443269000,171538053000001,-5.407,-6.498,-29.856,0
1398294852127,42121457246000,171538053000001,-5.407,-6.498,-29.856,0
1398294852133,42121463624000,171538053000001,-5.407,-6.498,-29.856,0
1398294852152,42121482209000,171538053000001,-5.407,-6.498,-29.856,0
1398294852157,42121487153000,171538053000001,-5.407,-6.498,-29.856,0
1398294852164,42121493501000,171538053000001,-5.407,-6.498,-30.18,0
1398294852174,42121504304000,171538053000001,-5.407,-6.498,-30.18,0
1398294852185,42121514741000,171538053000001,-5.407,-6.498,-30.18,0
1398294852194,42121524140000,171538053000001,-5.407,-6.498,-30.18,0
1398294852205,42121534425000,171538053000001,-5.407,-6.498,-30.18,0
1398294852215,42121544587000,171538053000001,-5.407,-6.498,-30.18,0
1398294852224,42121554414000,171538053000001,-5.055,-6.498,-30.18,0
1398294852233,42121562989000,171538053000001,-5.055,-6.498,-30.18,0
1398294852245,42121574800000,171538053000001,-5.055,-6.498,-30.18,0
1398294852254,42121583863000,171538053000001,-5.055,-6.498,-30.18,0
1398294852265,42121594728000,171538053000001,-5.055,-6.498,-30.18,0
1398294852274,42121604432000,171538053000001,-5.055,-6.498,-30.18,0
1398294852284,42121614472000,171538053000001,-5.055,-6.498,-30.18,0
1398294852294,42121624208000,171538053000001,-5.055,-6.498,-30.18,0
1398294852305,42121634584000,171538053000001,-5.055,-6.498,-30.18,0
1398294852321,42121641053000,171538053000001,-5.055,-6.498,-30.18,0
1398294852322,42121651033000,171538053000001,-5.055,-6.498,-30.18,0
1398294852332,42121661073000,171538053000001,-5.055,-6.498,-30.18,0
1398294852342,42121671266000,171538053000001,-5.055,-6.498,-30.18,0
1398294852351,42121681092000,171538053000001,-5.055,-6.196,-30.18,0
1398294852361,42121691072000,171538053000001,-5.055,-6.196,-30.18,0
1398294852371,42121701051000,171538053000001,-5.055,-6.196,-30.18,0
1398294852381,42121711061000,171538053000001,-5.055,-6.196,-30.18,0
1398294852391,42121721101000,171538053000001,-5.055,-6.196,-30.18,0
1398294852401,42121731111000,171538053000001,-5.055,-6.196,-30.18,0
1398294852411,42121741120000,171538053000001,-5.055,-6.196,-30.18,0
1398294852421,42121751100000,171538053000001,-5.055,-6.196,-30.18,0
1398294852437,42121762666000,171538053000001,-5.055,-6.196,-30.18,0
1398294852449,42121778352000,171538053000001,-5.055,-6.196,-30.18,0
1398294852458,42121781098000,171538053000001,-5.055,-6.196,-30.18,0
1398294852462,42121791444000,171538053000001,-5.055,-6.196,-30.18,0
1398294852481,42121802339000,171538053000001,-5.055,-6.52,-30.18,0
1398294852483,42121812470000,171538053000001,-5.055,-6.52,-30.18,0
1398294852496,42121821595000,171538053000001,-5.055,-6.52,-30.18,0
1398294852507,42121831636000,171538053000001,-5.055,-6.52,-30.18,0
1398294852511,42121841371000,171538053000001,-5.055,-6.52,-30.18,0
1398294852526,42121851777000,171538053000001,-5.055,-6.52,-30.18,0
1398294852534,42121863893000,171538053000001,-5.055,-6.52,-30.18,0
1398294852552,42121871186000,171538053000001,-5.055,-6.52,-30.18,0
1398294852553,42121881196000,171538053000001,-5.055,-6.52,-30.18,0
1398294852566,42121891236000,171538053000001,-5.055,-6.52,-30.18,0
1398294852584,42121901246000,171538053000001,-5.055,-6.52,-30.18,0
1398294852587,42121911256000,171538053000001,-5.055,-6.52,-30.18,0
1398294852591,42121921266000,171538053000001,-5.055,-6.52,-30.18,0
1398294852605,42121931245000,171538053000001,-5.055,-6.52,-30.18,0
1398294852613,42121942811000,171538053000001,-5.055,-6.52,-30.18,0
1398294852622,42121951295000,171538053000001,-5.055,-6.52,-30.18,0
1398294852633,42121961305000,171538053000001,-5.055,-6.52,-30.18,0
1398294852642,42121971314000,171538053000001,-5.055,-6.52,-30.18,0
1398294852654,42121981294000,171538053000001,-5.055,-6.52,-30.18,0
1398294852662,42121991334000,171538053000001,-5.055,-6.52,-30.18,0
1398294852671,42122001344000,171538053000001,-5.055,-6.52,-30.18,0
1398294852682,42122012269000,171538053000001,-5.055,-6.52,-30.18,0
1398294852693,42122022828000,171538053000001,-5.055,-6.52,-30.18,0
1398294852702,42122031983000,171538053000001,-5.055,-6.52,-30.18,0
1398294852711,42122041505000,171538053000001,-5.055,-6.52,-30.18,0
1398294852721,42122051362000,171538053000001,-5.055,-6.52,-30.18,0
1398294852732,42122061860000,171538053000001,-5.055,-6.52,-30.18,0
1398294852748,42122071412000,171538053000001,-5.055,-6.52,-30.18,0
1398294852752,42122081910000,171538053000001,-5.369,-6.52,-30.18,0
1398294852766,42122091859000,171538053000001,-5.369,-6.52,-30.18,0
1398294852780,42122101472000,171538053000001,-5.369,-6.52,-30.18,0
1398294852782,42122111482000,171538053000001,-5.369,-6.52,-30.18,0
1398294852793,42122123017000,171538053000001,-5.369,-6.52,-30.18,0
1398294852803,42122131501000,171538053000001,-5.369,-6.52,-30.18,0
1398294852812,42122141480000,171538053000001,-5.369,-6.52,-30.18,0
1398294852822,42122151521000,171538053000001,-5.369,-6.52,-30.18,0
1398294852832,42122161805000,171538053000001,-5.369,-6.52,-30.18,0
1398294852842,42122171571000,171538053000001,-5.369,-6.52,-30.18,0
1398294852852,42122181550000,171538053000001,-5.369,-6.52,-30.18,0
1398294852863,42122192628000,171538053000001,-5.369,-6.52,-30.18,0
1398294852875,42122204469000,171538053000001,-5.369,-6.52,-30.18,0
1398294852885,42122215058000,171538053000001,-5.369,-6.52,-30.18,0
1398294852894,42122224153000,171538053000001,-5.369,-6.52,-30.18,0
1398294852906,42122233949000,171538053000001,-5.369,-6.52,-30.18,0
1398294852914,42122244172000,171538053000001,-5.369,-6.52,-30.18,0
1398294852927,42122253602000,171538053000001,-5.369,-6.52,-30.18,0
1398294852934,42122261628000,171538053000001,-5.369,-6.52,-30.18,0
1398294852946,42122271821000,171538053000001,-5.369,-6.52,-30.18,0
1398294852957,42122281648000,171538053000001,-5.369,-6.52,-30.18,0
1398294852983,42122291658000,171538053000001,-5.369,-6.52,-30.18,0
1398294852992,42122303193000,171538053000001,-5.062,-6.52,-30.18,0
1398294852995,42122311677000,171538053000001,-5.062,-6.52,-30.18,0
1398294852997,42122321656000,171538053000001,-5.062,-6.52,-30.18,0
1398294853004,42122331666000,171538053000001,-5.062,-6.52,-30.18,0
1398294853012,42122341676000,171538053000001,-5.062,-6.52,-30.18,0
1398294853022,42122351655000,171538053000001,-5.062,-6.52,-30.18,0
1398294853032,42122361665000,171538053000001,-5.062,-6.52,-30.18,0
1398294853042,42122371705000,171538053000001,-5.062,-6.52,-30.18,0
1398294853066,42122381715000,171538053000001,-4.73,-6.52,-30.18,0
1398294853068,42122396699000,171538053000001,-4.73,-6.52,-30.18,0
1398294853073,42122402833000,171538053000001,-4.73,-6.52,-30.18,0
1398294853085,42122414430000,171538053000001,-4.73,-6.52,-30.18,0
1398294853094,42122424348000,171538053000001,-4.73,-6.52,-30.18,0
1398294853106,42122435578000,171538053000001,-4.73,-6.52,-30.18,0
1398294853115,42122444337000,171538053000001,-4.73,-6.52,-30.18,0
1398294853124,42122454194000,171538053000001,-4.73,-6.52,-30.18,0
1398294853138,42122464234000,171538053000001,-4.73,-6.52,-30.18,0
1398294853145,42122474824000,171538053000001,-4.73,-6.52,-30.18,0
1398294853155,42122484407000,171538053000001,-4.73,-6.52,-30.18,0
1398294853165,42122495301000,171538053000001,-4.73,-6.52,-30.18,0
1398294853173,42122502809000,171538053000001,-4.73,-6.52,-30.18,0
1398294853185,42122515321000,171538053000001,-4.73,-6.52,-30.18,0
1398294853194,42122524446000,171538053000001,-4.73,-6.52,-30.18,0
1398294853206,42122535493000,171538053000001,-4.73,-6.52,-30.18,0
1398294853216,42122546235000,171538053000001,-4.73,-6.52,-30.18,0
1398294853226,42122554780000,171538053000001,-4.73,-6.52,-30.18,0
1398294853240,42122566072000,171538053000001,-4.73,-6.52,-30.18,0
1398294853243,42122572724000,171538053000001,-4.73,-6.52,-30.18,0
1398294853260,42122583253000,171538053000001,-4.73,-6.52,-30.18,0
1398294853263,42122592683000,171538053000001,-4.354,-6.52,-30.18,0
1398294853273,42122601899000,171538053000001,-4.354,-6.52,-30.18,0
1398294853292,42122613343000,171538053000001,-4.354,-6.52,-30.18,0
1398294853295,42122621919000,171538053000001,-4.354,-6.52,-30.18,0
1398294853302,42122631928000,171538053000001,-4.354,-6.52,-30.18,0
1398294853312,42122641938000,171538053000001,-3.982,-6.52,-30.18,0
1398294853323,42122651979000,171538053000001,-3.982,-6.52,-30.18,0
1398294853336,42122663514000,171538053000001,-3.982,-6.52,-30.18,0
1398294853342,42122672120000,171538053000001,-3.982,-6.823,-30.18,0
1398294853354,42122682008000,171538053000001,-3.982,-6.823,-30.18,0
1398294853362,42122692170000,171538053000001,-3.982,-6.823,-30.18,0
1398294853386,42122706117000,171538053000001,-3.982,-6.823,-30.18,0
1398294853388,42122712007000,171538053000001,-3.982,-6.823,-30.18,0
1398294853399,42122722016000,171538053000001,-3.982,-6.823,-30.18,0
1398294853402,42122732026000,171538053000001,-3.982,-6.823,-30.18,0
1398294853412,42122742036000,171538053000001,-3.982,-6.823,-30.18,0
1398294853422,42122752046000,171538053000001,-3.982,-6.823,-30.18,0
1398294853432,42122762025000,171538053000001,-3.982,-6.823,-30.18,0
1398294853442,42122772065000,171538053000001,-3.982,-6.823,-30.18,0
1398294853452,42122782044000,171538053000001,-3.982,-6.823,-30.18,0
1398294853462,42122792054000,171538053000001,-3.982,-6.823,-30.18,0
1398294853472,42122802095000,171538053000001,-3.982,-6.471,-30.18,0
1398294853482,42122812501000,171538053000001,-3.982,-6.471,-30.18,0
1398294853492,42122822053000,171538053000001,-4.351,-6.471,-30.18,0
1398294853502,42122832063000,171538053000001,-4.351,-6.471,-30.18,0
1398294853516,42122843629000,171538053000001,-4.351,-6.471,-30.18,0
1398294853523,42122852143000,171538053000001,-4.351,-6.471,-30.18,0
1398294853532,42122862092000,171538053000001,-4.669,-6.471,-30.18,0
1398294853542,42122872132000,171538053000001,-4.669,-6.149,-30.18,0
1398294853552,42122882142000,171538053000001,-4.669,-6.149,-30.18,0
1398294853562,42122892152000,171538053000001,-4.669,-6.149,-30.18,0
1398294853572,42122902162000,171538053000001,-4.971,-6.149,-30.18,0
1398294853582,42122912141000,171538053000001,-4.971,-6.149,-30.18,0
1398294853609,42122922181000,171538053000001,-4.971,-6.149,-30.18,0
1398294853612,42122932191000,171538053000001,-4.971,-6.149,-30.18,0
1398294853616,42122942201000,171538053000001,-4.971,-6.149,-30.18,0
1398294853627,42122952210000,171538053000001,-4.971,-6.149,-30.18,0
1398294853638,42122962220000,171538053000001,-4.971,-6.149,-30.18,0
1398294853643,42122972230000,171538053000001,-4.971,-6.149,-30.18,0
1398294853652,42122982240000,171538053000001,-5.271,-6.149,-30.18,0
1398294853663,42122992250000,171538053000001,-5.271,-6.149,-30.18,0
1398294853672,42123002259000,171538053000001,-5.271,-6.149,-30.18,0
1398294853684,42123014192000,171538053000001,-5.271,-6.149,-30.18,0
1398294853694,42123023835000,171538053000001,-5.271,-6.149,-30.18,0
1398294853702,42123032350000,171538053000001,-5.271,-6.149,-30.18,0
1398294853712,42123042298000,171538053000001,-5.271,-6.149,-30.18,0
1398294853722,42123052308000,171538053000001,-5.271,-6.149,-30.18,0
1398294853742,42123062318000,171538053000001,-5.271,-6.149,-30.18,0
1398294853743,42123072328000,171538053000001,-5.271,-6.149,-30.18,0
1398294853756,42123082826000,171538053000001,-5.271,-6.149,-30.18,0
1398294853762,42123092317000,171538053000001,-5.271,-6.449,-30.18,0
1398294853772,42123102357000,171538053000001,-5.271,-6.449,-30.18,0
1398294853783,42123112519000,171538053000001,-5.271,-6.449,-30.18,0
1398294853792,42123122346000,171538053000001,-5.271,-6.449,-30.18,0
1398294853802,42123132356000,171538053000001,-5.271,-6.449,-30.18,0
1398294853812,42123142366000,171538053000001,-5.271,-6.449,-30.18,0
1398294853822,42123152406000,171538053000001,-5.271,-6.449,-30.18,0
1398294853834,42123162385000,171538053000001,-5.271,-6.449,-30.18,0
1398294853842,42123172425000,171538053000001,-5.271,-6.449,-30.18,0
1398294853853,42123182771000,171538053000001,-4.969,-6.449,-30.18,0
1398294853862,42123192414000,171538053000001,-4.969,-6.449,-30.18,0
1398294853874,42123203981000,171538053000001,-4.969,-6.449,-30.18,0
1398294853882,42123212495000,171538053000001,-4.969,-6.449,-30.18,0
1398294853892,42123222474000,171538053000001,-4.969,-6.449,-30.18,0
1398294853902,42123232484000,171538053000001,-4.969,-6.449,-30.18,0
1398294853912,42123242494000,171538053000001,-4.969,-6.449,-30.18,0
1398294853922,42123252503000,171538053000001,-4.969,-6.449,-30.18,0
1398294853933,42123262513000,171538053000001,-4.969,-6.449,-30.18,0
1398294853942,42123272523000,171538053000001,-4.969,-6.449,-30.18,0
1398294853952,42123282533000,171538053000001,-4.666,-6.449,-30.18,0
1398294853962,42123292543000,171538053000001,-4.666,-6.449,-30.18,0
1398294853973,42123302552000,171538053000001,-4.666,-6.449,-30.18,0
1398294853994,42123317262000,171538053000001,-4.666,-6.449,-30.18,0
1398294853995,42123322602000,171538053000001,-4.666,-6.449,-30.18,0
1398294854009,42123332643000,171538053000001,-4.666,-6.449,-30.18,0
1398294854012,42123342591000,171538053000001,-4.666,-6.449,-30.18,0
1398294854023,42123352632000,171538053000001,-4.666,-6.449,-30.18,0
1398294854034,42123362611000,171538053000001,-4.666,-6.449,-30.18,0
1398294854043,42123372621000,171538053000001,-4.666,-6.449,-30.18,0
1398294854054,42123384156000,171538053000001,-4.666,-6.449,-30.18,0
1398294854064,42123392640000,171538053000001,-4.666,-6.449,-30.18,0
1398294854073,42123402650000,171538053000001,-4.666,-6.449,-30.18,0
1398294854083,42123412629000,171538053000001,-4.666,-6.449,-30.18,0
1398294854093,42123422639000,171538053000001,-4.666,-6.449,-30.18,0
1398294854103,42123432649000,171538053000001,-4.666,-6.449,-30.18,0
1398294854113,42123442811000,171538053000001,-4.666,-6.449,-30.18,0
1398294854123,42123452668000,171538053000001,-4.666,-6.449,-30.18,0
1398294854132,42123462678000,171538053000001,-4.666,-6.449,-30.18,0
1398294854143,42123472688000,171538053000001,-4.666,-6.449,-30.18,0
1398294854153,42123482698000,171538053000001,-4.666,-6.449,-30.18,0
1398294854163,42123492707000,171538053000001,-4.666,-6.449,-30.18,0
1398294854173,42123502748000,171538053000001,-4.666,-6.449,-30.18,0
1398294854184,42123512757000,171538053000001,-4.666,-6.449,-30.18,0
1398294854193,42123522798000,171538053000001,-4.666,-6.449,-30.18,0
1398294854203,42123532777000,171538053000001,-4.666,-6.449,-30.18,0
1398294854213,42123542756000,171538053000001,-4.666,-6.449,-30.18,0
1398294854223,42123552796000,171538053000001,-4.666,-6.449,-30.18,0
1398294854234,42123564332000,171538053000001,-4.666,-6.449,-30.18,0
1398294854243,42123572816000,171538053000001,-4.666,-6.449,-30.18,0
1398294854253,42123582826000,171538053000001,-4.362,-6.449,-30.18,0
1398294854263,42123592835000,171538053000001,-4.362,-6.449,-30.18,0
1398294854273,42123602876000,171538053000001,-4.362,-6.449,-30.18,0
1398294854283,42123612855000,171538053000001,-4.362,-6.449,-30.18,0
1398294854297,42123626222000,171538053000001,-4.362,-6.449,-30.18,0
1398294854303,42123632844000,171538053000001,-4.362,-6.449,-30.18,0
1398294854313,42123642854000,171538053000001,-4.362,-6.449,-30.18,0
1398294854330,42123652894000,171538053000001,-4.362,-6.449,-30.18,0
1398294854337,42123662904000,171538053000001,-4.362,-6.449,-30.18,0
1398294854344,42123672914000,171538053000001,-4.362,-6.449,-30.18,0
1398294854353,42123682893000,171538053000001,-4.362,-6.449,-30.18,0
1398294854363,42123692903000,171538053000001,-4.362,-6.449,-30.18,0
1398294854373,42123702912000,171538053000001,-4.362,-6.449,-30.18,0
1398294854383,42123712922000,171538053000001,-4.362,-6.146,-30.18,0
1398294854393,42123722932000,171538053000001,-4.362,-6.146,-30.18,0
1398294854403,42123732942000,171538053000001,-4.362,-6.146,-30.18,0
1398294854415,42123744508000,171538053000001,-4.362,-6.146,-30.18,0
1398294854423,42123753022000,171538053000001,-4.362,-6.146,-30.18,0
1398294854434,42123763001000,171538053000001,-4.362,-6.146,-30.18,0
1398294854443,42123772981000,171538053000001,-4.362,-6.146,-30.18,0
1398294854453,42123783021000,171538053000001,-4.685,-6.146,-30.18,0
1398294854463,42123793000000,171538053000001,-4.685,-6.146,-30.18,0
1398294854473,42123803041000,171538053000001,-4.685,-6.146,-30.18,0
1398294854484,42123813020000,171538053000001,-4.685,-6.146,-30.18,0
1398294854493,42123823030000,171538053000001,-4.685,-6.146,-30.18,0
1398294854503,42123833039000,171538053000001,-4.685,-6.146,-30.18,0
1398294854523,42123843049000,171538053000001,-4.685,-6.146,-30.18,0
1398294854524,42123853089000,171538053000001,-4.685,-6.146,-30.18,0
1398294854536,42123863099000,171538053000001,-4.685,-6.146,-30.18,0
1398294854543,42123873078000,171538053000001,-4.685,-6.146,-30.18,0
1398294854553,42123883119000,171538053000001,-4.685,-6.146,-30.18,0
1398294854563,42123893128000,171538053000001,-4.685,-6.146,-30.18,0
1398294854573,42123903138000,171538053000001,-4.989,-6.448,-30.18,0
1398294854583,42123913117000,171538053000001,-4.989,-6.448,-30.18,0
1398294854599,42123928895000,171538053000001,-4.989,-6.448,-30.18,0
1398294854615,42123933137000,171538053000001,-4.989,-6.448,-30.18,0
1398294854617,42123943147000,171538053000001,-4.989,-6.448,-30.18,0
1398294854623,42123953157000,171538053000001,-4.989,-6.448,-30.18,0
1398294854633,42123963166000,171538053000001,-4.989,-6.448,-30.18,0
1398294854643,42123973176000,171538053000001,-4.989,-6.448,-30.18,0
1398294854653,42123983186000,171538053000001,-4.989,-6.448,-30.18,0
1398294854663,42123993196000,171538053000001,-4.989,-6.448,-30.18,0
1398294854673,42124003205000,171538053000001,-4.989,-6.448,-30.18,0
1398294854683,42124013215000,171538053000001,-4.989,-6.448,-30.18,0
1398294854693,42124023225000,171538053000001,-5.308,-6.448,-30.18,0
1398294854703,42124033235000,171538053000001,-5.308,-6.448,-30.18,0
1398294854713,42124043244000,171538053000001,-5.308,-6.14,-30.18,0
1398294854723,42124053254000,171538053000001,-5.308,-6.14,-30.18,0
1398294854733,42124063264000,171538053000001,-5.615,-6.14,-30.18,0
1398294854743,42124073274000,171538053000001,-5.615,-6.14,-30.18,0
1398294854753,42124083283000,171538053000001,-5.615,-6.14,-30.18,0
1398294854763,42124093293000,171538053000001,-5.615,-6.14,-30.18,0
1398294854775,42124104859000,171538053000001,-5.615,-6.14,-30.18,0
1398294854783,42124113343000,171538053000001,-5.615,-6.14,-30.18,0
1398294854793,42124123323000,171538053000001,-5.615,-6.14,-29.875,0
1398294854803,42124133332000,171538053000001,-5.615,-6.14,-29.875,0
1398294854815,42124143373000,171538053000001,-5.615,-6.14,-29.875,0
1398294854824,42124153352000,171538053000001,-5.931,-6.14,-29.875,0
1398294854834,42124163362000,171538053000001,-5.931,-6.14,-29.875,0
1398294854843,42124173371000,171538053000001,-5.931,-6.14,-29.875,0
1398294854854,42124183381000,171538053000001,-5.931,-6.14,-29.875,0
1398294854863,42124193391000,171538053000001,-5.931,-6.14,-29.875,0
1398294854873,42124203431000,171538053000001,-5.931,-6.14,-29.875,0
1398294854884,42124213441000,171538053000001,-5.931,-6.14,-29.875,0
1398294854893,42124223420000,171538053000001,-5.931,-6.14,-29.875,0
1398294854906,42124235566000,171538053000001,-5.931,-6.14,-29.875,0
1398294854914,42124243440000,171538053000001,-5.931,-6.14,-29.875,0
1398294854923,42124253449000,171538053000001,-5.931,-6.14,-29.875,0
1398294854933,42124263459000,171538053000001,-5.931,-6.14,-29.875,0
1398294854943,42124273469000,171538053000001,-5.931,-6.14,-29.875,0
1398294854955,42124285035000,171538053000001,-5.931,-6.14,-29.875,0
1398294854963,42124293519000,171538053000001,-5.931,-6.14,-29.875,0
1398294854973,42124303498000,171538053000001,-5.931,-6.14,-29.875,0
1398294854983,42124313508000,171538053000001,-5.931,-6.14,-29.875,0
1398294854993,42124323518000,171538053000001,-5.931,-6.14,-30.181,0
1398294855004,42124333528000,171538053000001,-5.931,-6.14,-30.181,0
1398294855014,42124343537000,171538053000001,-5.931,-6.14,-30.181,0
1398294855024,42124353547000,171538053000001,-5.931,-6.14,-30.181,0
1398294855034,42124363557000,171538053000001,-5.931,-6.14,-30.181,0
1398294855043,42124373536000,171538053000001,-5.931,-6.14,-30.181,0
1398294855054,42124383576000,171538053000001,-5.931,-6.14,-30.181,0
1398294855064,42124393586000,171538053000001,-5.931,-6.14,-30.181,0
1398294855074,42124403596000,171538053000001,-5.931,-6.14,-30.181,0
1398294855084,42124413636000,171538053000001,-5.931,-6.14,-30.181,0
1398294855094,42124423616000,171538053000001,-5.931,-6.14,-30.181,0
1398294855104,42124433625000,171538053000001,-5.615,-6.457,-30.181,0
1398294855114,42124443696000,171538053000001,-5.615,-6.457,-30.181,0
1398294855124,42124453706000,171538053000001,-5.615,-6.457,-30.181,0
1398294855135,42124465241000,171538053000001,-5.615,-6.457,-30.181,0
1398294855147,42124473756000,171538053000001,-5.615,-6.457,-30.181,0
1398294855156,42124483766000,171538053000001,-5.615,-6.457,-30.181,0
1398294855164,42124493745000,171538053000001,-5.615,-6.457,-30.181,0
1398294855174,42124503724000,171538053000001,-5.615,-6.457,-30.181,0
1398294855184,42124513734000,171538053000001,-5.615,-6.457,-30.181,0
1398294855194,42124523744000,171538053000001,-5.615,-6.457,-30.181,0
1398294855204,42124533753000,171538053000001,-5.615,-6.457,-30.181,0
1398294855218,42124547822000,171538053000001,-5.615,-6.457,-30.181,0
1398294855224,42124553803000,171538053000001,-5.615,-6.457,-30.181,0
1398294855234,42124563752000,171538053000001,-5.615,-6.457,-30.181,0
1398294855244,42124573762000,171538053000001,-5.615,-6.457,-30.181,0
1398294855254,42124583772000,171538053000001,-5.311,-6.457,-30.181,0
1398294855264,42124593782000,171538053000001,-5.311,-6.457,-30.181,0
1398294855274,42124603791000,171538053000001,-5.311,-6.457,-30.181,0
1398294855284,42124613801000,171538053000001,-5.311,-6.457,-30.181,0
1398294855294,42124623811000,171538053000001,-5.311,-6.457,-29.878,0
1398294855304,42124633821000,171538053000001,-5.311,-6.457,-29.878,0
1398294855316,42124645387000,171538053000001,-5.311,-6.457,-29.878,0
1398294855324,42124653871000,171538053000001,-5.311,-6.457,-29.878,0
1398294855334,42124663880000,171538053000001,-5.311,-6.863,-29.878,0
1398294855344,42124673860000,171538053000001,-5.311,-6.863,-29.878,0
1398294855354,42124683869000,171538053000001,-5.311,-6.863,-29.878,0
1398294855364,42124693879000,171538053000001,-4.981,-6.863,-29.878,0
1398294855384,42124703889000,171538053000001,-4.981,-7.261,-29.519,0
1398294855386,42124713899000,171538053000001,-4.981,-7.261,-29.519,0
1398294855394,42124723908000,171538053000001,-4.981,-7.261,-29.519,0
1398294855404,42124733918000,171538053000001,-4.981,-7.261,-29.519,0
1398294855414,42124743928000,171538053000001,-4.981,-7.585,-29.519,0
1398294855425,42124753938000,171538053000001,-4.981,-7.585,-29.519,0
1398294855437,42124763948000,171538053000001,-4.981,-7.585,-29.519,0
1398294855446,42124773988000,171538053000001,-4.981,-7.585,-29.519,0
1398294855454,42124783967000,171538053000001,-4.981,-7.914,-29.519,0
1398294855464,42124793977000,171538053000001,-4.981,-7.914,-29.519,0
1398294855474,42124804139000,171538053000001,-5.334,-7.914,-29.519,0
1398294855484,42124813966000,171538053000001,-5.334,-7.914,-29.519,0
1398294855495,42124825532000,171538053000001,-5.334,-7.914,-29.519,0
1398294855504,42124834046000,171538053000001,-5.334,-7.914,-29.519,0
1398294855514,42124844056000,171538053000001,-5.334,-7.914,-29.519,0
1398294855527,42124857118000,171538053000001,-5.334,-7.914,-29.519,0
1398294855540,42124864045000,171538053000001,-5.334,-7.914,-29.519,0
1398294855549,42124874085000,171538053000001,-5.334,-7.914,-29.519,0
1398294855557,42124884065000,171538053000001,-5.645,-7.914,-29.519,0
1398294855564,42124894074000,171538053000001,-5.645,-7.914,-29.519,0
1398294855574,42124904084000,171538053000001,-5.645,-7.914,-29.519,0
1398294855588,42124914094000,171538053000001,-5.645,-7.914,-29.519,0
1398294855595,42124924104000,171538053000001,-5.645,-7.914,-29.519,0
1398294855604,42124934114000,171538053000001,-5.645,-7.914,-29.519,0
1398294855614,42124944123000,171538053000001,-5.645,-7.914,-29.519,0
1398294855624,42124954133000,171538053000001,-5.645,-7.589,-29.519,0
1398294855634,42124964143000,171538053000001,-5.645,-7.589,-29.519,0
1398294855644,42124974153000,171538053000001,-5.645,-7.589,-29.519,0
1398294855654,42124984162000,171538053000001,-5.645,-7.589,-29.519,0
1398294855664,42124994172000,171538053000001,-5.645,-7.589,-29.519,0
1398294855676,42125005738000,171538053000001,-5.645,-7.589,-29.519,0
1398294855684,42125014222000,171538053000001,-5.645,-7.589,-29.519,0
1398294855694,42125024201000,171538053000001,-5.645,-7.589,-29.519,0
1398294855704,42125034211000,171538053000001,-5.645,-7.589,-29.519,0
1398294855714,42125044221000,171538053000001,-5.645,-7.589,-29.519,0
1398294855726,42125054231000,171538053000001,-5.645,-7.589,-29.519,0
1398294855735,42125064302000,171538053000001,-5.645,-7.589,-29.162,0
1398294855746,42125074281000,171538053000001,-5.645,-7.913,-29.162,0
1398294855754,42125084321000,171538053000001,-5.645,-7.913,-29.162,0
1398294855767,42125094331000,171538053000001,-5.645,-7.913,-29.162,0
1398294855774,42125104341000,171538053000001,-5.645,-7.913,-29.162,0
1398294855784,42125114320000,171538053000001,-5.645,-7.913,-29.162,0
1398294855796,42125124330000,171538053000001,-5.645,-8.23,-29.162,0
1398294855804,42125134339000,171538053000001,-5.645,-8.23,-29.162,0
1398294855815,42125144654000,171538053000001,-5.645,-8.23,-29.162,0
1398294855824,42125154359000,171538053000001,-5.645,-8.23,-29.162,0
1398294855838,42125168214000,171538053000001,-5.645,-8.23,-28.855,0
1398294855849,42125174348000,171538053000001,-5.645,-8.23,-28.855,0
1398294855856,42125185914000,171538053000001,-5.645,-8.551,-28.855,0
1398294855867,42125194428000,171538053000001,-5.645,-8.551,-28.855,0
1398294855875,42125204377000,171538053000001,-5.995,-8.551,-28.855,0
1398294855885,42125214387000,171538053000001,-5.995,-8.551,-28.855,0
1398294855895,42125224397000,171538053000001,-5.995,-8.551,-28.855,0
1398294855904,42125234376000,171538053000001,-5.995,-8.551,-28.855,0
1398294855915,42125244416000,171538053000001,-5.995,-8.551,-28.855,0
1398294855924,42125254426000,171538053000001,-6.359,-8.551,-28.855,0
1398294855934,42125264436000,171538053000001,-6.359,-8.551,-28.855,0
1398294855944,42125274446000,171538053000001,-6.359,-8.551,-28.855,0
1398294855954,42125284455000,171538053000001,-6.359,-8.551,-28.855,0
1398294855964,42125294465000,171538053000001,-6.675,-8.227,-28.855,0
1398294855974,42125304475000,171538053000001,-6.675,-8.227,-28.855,0
1398294855984,42125314485000,171538053000001,-6.675,-8.227,-28.855,0
1398294855994,42125324494000,171538053000001,-6.675,-8.227,-28.855,0
1398294856004,42125334474000,171538053000001,-6.675,-8.227,-28.855,0
1398294856015,42125344514000,171538053000001,-6.675,-8.227,-28.855,0
1398294856025,42125354493000,171538053000001,-6.675,-8.227,-28.855,0
1398294856036,42125366059000,171538053000001,-6.675,-8.227,-28.855,0
1398294856046,42125374604000,171538053000001,-6.675,-8.227,-28.855,0
1398294856055,42125384584000,171538053000001,-6.675,-8.227,-28.855,0
1398294856065,42125394593000,171538053000001,-6.675,-8.227,-28.855,0
1398294856074,42125404573000,171538053000001,-6.675,-8.227,-28.855,0
1398294856085,42125414613000,171538053000001,-6.675,-8.227,-28.855,0
1398294856095,42125424623000,171538053000001,-6.675,-8.227,-28.855,0
1398294856105,42125434602000,171538053000001,-6.675,-8.227,-28.855,0
1398294856115,42125444642000,171538053000001,-6.675,-8.227,-28.855,0
1398294856146,42125454652000,171538053000001,-6.675,-8.227,-28.855,0
1398294856148,42125465272000,171538053000001,-6.675,-8.227,-28.855,0
1398294856158,42125476441000,171538053000001,-6.332,-8.227,-28.855,0
1398294856161,42125484651000,171538053000001,-6.332,-8.227,-28.855,0
1398294856175,42125494660000,171538053000001,-6.332,-8.227,-28.855,0
1398294856177,42125504701000,171538053000001,-6.332,-8.227,-28.855,0
1398294856184,42125514649000,171538053000001,-6.332,-8.227,-28.855,0
1398294856195,42125524690000,171538053000001,-5.961,-8.227,-28.855,0
1398294856205,42125534669000,171538053000001,-5.961,-8.227,-28.855,0
1398294856217,42125546235000,171538053000001,-5.961,-8.227,-29.168,0
1398294856225,42125554750000,171538053000001,-5.961,-8.227,-29.168,0
1398294856235,42125564729000,171538053000001,-5.961,-7.858,-29.168,0
1398294856245,42125574708000,171538053000001,-5.645,-7.858,-29.168,0
1398294856255,42125584718000,171538053000001,-5.645,-7.858,-29.168,0
1398294856265,42125594728000,171538053000001,-5.645,-7.858,-29.168,0
1398294856276,42125604798000,171538053000001,-5.645,-7.858,-29.168,0
1398294856286,42125614839000,171538053000001,-5.645,-7.533,-29.168,0
1398294856296,42125624848000,171538053000001,-5.331,-7.533,-29.168,0
1398294856305,42125634828000,171538053000001,-5.331,-7.533,-29.168,0
1398294856315,42125644807000,171538053000001,-5.331,-7.533,-29.487,0
1398294856325,42125654817000,171538053000001,-5.331,-7.533,-29.487,0
1398294856336,42125664826000,171538053000001,-5.331,-7.226,-29.487,0
1398294856345,42125674867000,171538053000001,-5.331,-7.226,-29.487,0
1398294856355,42125684876000,171538053000001,-5.331,-7.226,-29.487,0
1398294856365,42125694886000,171538053000001,-5.331,-7.226,-29.487,0
1398294856376,42125704866000,171538053000001,-5.331,-7.226,-29.487,0
1398294856387,42125714936000,171538053000001,-5.331,-7.226,-29.487,0
1398294856397,42125726472000,171538053000001,-5.331,-7.226,-29.487,0
1398294856405,42125734925000,171538053000001,-5.331,-6.907,-29.487,0
1398294856415,42125744935000,171538053000001,-5.331,-6.907,-29.487,0
1398294856425,42125754945000,171538053000001,-5.331,-6.907,-29.487,0
1398294856444,42125764955000,171538053000001,-5.331,-6.907,-29.487,0
1398294856446,42125774995000,171538053000001,-5.331,-6.907,-29.487,0
1398294856455,42125785005000,171538053000001,-5.331,-6.907,-29.487,0
1398294856465,42125795014000,171538053000001,-5.331,-6.907,-29.487,0
1398294856475,42125805024000,171538053000001,-5.331,-6.907,-29.487,0
1398294856485,42125815034000,171538053000001,-5.331,-6.907,-29.487,0
1398294856495,42125825013000,171538053000001,-5.641,-6.907,-29.487,0
1398294856505,42125835023000,171538053000001,-5.641,-6.907,-29.487,0
1398294856515,42125845063000,171538053000001,-5.641,-6.907,-29.487,0
1398294856525,42125855043000,171538053000001,-5.641,-6.907,-29.487,0
1398294856535,42125865083000,171538053000001,-5.641,-6.907,-29.487,0
1398294856545,42125875062000,171538053000001,-5.641,-6.907,-29.487,0
1398294856555,42125885072000,171538053000001,-5.641,-6.907,-29.487,0
1398294856565,42125895112000,171538053000001,-5.641,-6.907,-29.487,0
1398294856577,42125906648000,171538053000001,-5.641,-6.907,-29.487,0
1398294856585,42125915162000,171538053000001,-5.641,-6.907,-29.487,0
1398294856595,42125925141000,171538053000001,-5.641,-6.907,-29.487,0
1398294856607,42125935151000,171538053000001,-5.641,-6.907,-29.487,0
1398294856615,42125945161000,171538053000001,-5.641,-6.907,-29.487,0
1398294856627,42125955140000,171538053000001,-5.641,-6.907,-29.487,0
1398294856636,42125965180000,171538053000001,-5.641,-6.907,-29.487,0
1398294856645,42125975160000,171538053000001,-5.641,-6.907,-29.487,0
1398294856655,42125985169000,171538053000001,-5.641,-6.907,-29.487,0
1398294856665,42125995179000,171538053000001,-5.31,-7.26,-29.487,0
1398294856675,42126005189000,171538053000001,-5.31,-7.26,-29.487,0
1398294856686,42126015229000,171538053000001,-5.31,-7.26,-29.487,0
1398294856696,42126025209000,171538053000001,-5.31,-7.26,-29.487,0
1398294856705,42126035218000,171538053000001,-5.31,-7.26,-29.487,0
1398294856715,42126045228000,171538053000001,-5.31,-7.26,-29.487,0
1398294856725,42126055238000,171538053000001,-5.31,-7.26,-29.487,0
1398294856735,42126065248000,171538053000001,-5.31,-7.26,-29.487,0
1398294856745,42126075257000,171538053000001,-5.31,-7.26,-29.487,0
1398294856759,42126089265000,171538053000001,-5.31,-7.26,-29.487,0
1398294856765,42126095277000,171538053000001,-5.31,-7.26,-29.487,0
1398294856775,42126105226000,171538053000001,-5.31,-7.26,-29.487,0
1398294856786,42126115235000,171538053000001,-5.31,-7.26,-29.487,0
1398294856796,42126125306000,171538053000001,-5.31,-7.26,-29.487,0
1398294856806,42126135316000,171538053000001,-5.31,-7.26,-29.161,0
1398294856816,42126145326000,171538053000001,-5.31,-7.26,-29.161,0
1398294856826,42126155305000,171538053000001,-5.31,-7.26,-29.161,0
1398294856836,42126165345000,171538053000001,-5.31,-7.585,-29.161,0
1398294856845,42126175386000,171538053000001,-5.31,-7.585,-29.161,0
1398294856855,42126185334000,171538053000001,-5.31,-7.585,-29.161,0
1398294856865,42126195344000,171538053000001,-5.31,-7.585,-29.161,0
1398294856875,42126205354000,171538053000001,-5.31,-7.585,-29.161,0
1398294856885,42126215364000,171538053000001,-5.31,-7.585,-29.161,0
1398294856895,42126225404000,171538053000001,-5.31,-7.585,-29.161,0
1398294856906,42126235414000,171538053000001,-5.31,-7.585,-29.161,0
1398294856920,42126245423000,171538053000001,-5.004,-7.585,-29.161,0
1398294856929,42126255464000,171538053000001,-5.004,-7.891,-29.161,0
1398294856937,42126266999000,171538053000001,-5.004,-7.891,-29.161,0
1398294856945,42126275483000,171538053000001,-5.004,-7.891,-29.161,0
1398294856955,42126285462000,171538053000001,-5.004,-7.891,-29.161,0
1398294856965,42126295472000,171538053000001,-5.004,-7.891,-29.161,0
1398294856975,42126305451000,171538053000001,-4.666,-7.891,-29.161,0
1398294856985,42126315461000,171538053000001,-4.666,-7.891,-29.161,0
1398294856995,42126325471000,171538053000001,-4.666,-7.891,-29.161,0
1398294857005,42126335481000,171538053000001,-4.666,-7.891,-29.161,0
1398294857015,42126345491000,171538053000001,-4.666,-7.891,-29.161,0
1398294857025,42126355500000,171538053000001,-4.666,-7.891,-29.161,0
1398294857036,42126365785000,171538053000001,-4.666,-7.891,-29.161,0
1398294857045,42126375520000,171538053000001,-4.666,-7.891,-29.161,0
1398294857056,42126385865000,171538053000001,-4.666,-7.891,-29.161,0
1398294857066,42126395692000,171538053000001,-4.666,-7.891,-29.161,0
1398294857076,42126405549000,171538053000001,-4.666,-7.891,-29.161,0
1398294857090,42126415559000,171538053000001,-4.666,-7.891,-29.161,0
1398294857100,42126425630000,171538053000001,-4.666,-7.891,-29.161,0
1398294857106,42126435609000,171538053000001,-4.666,-7.891,-29.161,0
1398294857117,42126447145000,171538053000001,-4.666,-7.891,-29.161,0
1398294857126,42126455659000,171538053000001,-4.666,-7.891,-29.161,0
1398294857136,42126465638000,171538053000001,-4.666,-7.891,-29.161,0
1398294857146,42126475648000,171538053000001,-4.666,-7.891,-29.161,0
1398294857156,42126485688000,171538053000001,-4.666,-7.891,-29.161,0
1398294857166,42126495851000,171538053000001,-4.666,-7.891,-29.464,0
1398294857176,42126505677000,171538053000001,-4.666,-7.891,-29.464,0
1398294857186,42126515687000,171538053000001,-4.666,-7.569,-29.464,0
1398294857196,42126525666000,171538053000001,-4.666,-7.569,-29.464,0
1398294857206,42126535676000,171538053000001,-4.666,-7.569,-29.464,0
1398294857216,42126545686000,171538053000001,-4.666,-7.569,-29.464,0
1398294857226,42126555696000,171538053000001,-4.666,-7.569,-29.464,0
1398294857236,42126565705000,171538053000001,-4.666,-7.569,-29.464,0
1398294857246,42126575715000,171538053000001,-4.666,-7.569,-29.464,0
1398294857256,42126585725000,171538053000001,-4.983,-7.569,-29.464,0
1398294857266,42126595735000,171538053000001,-4.983,-7.569,-29.464,0
1398294857276,42126605744000,171538053000001,-4.983,-7.255,-29.464,0
1398294857286,42126615785000,171538053000001,-4.983,-7.255,-29.464,0
1398294857297,42126627320000,171538053000001,-4.983,-7.255,-29.464,0
1398294857306,42126635835000,171538053000001,-4.983,-7.255,-29.464,0
1398294857316,42126645783000,171538053000001,-4.983,-7.255,-29.464,0
1398294857326,42126655793000,171538053000001,-4.983,-7.255,-29.464,0
1398294857336,42126665803000,171538053000001,-4.983,-7.255,-29.464,0
1398294857346,42126675843000,171538053000001,-4.983,-7.255,-29.464,0
1398294857356,42126685853000,171538053000001,-4.983,-7.255,-29.464,0
1398294857366,42126696076000,171538053000001,-4.983,-7.255,-29.464,0
1398294857378,42126705812000,171538053000001,-4.983,-7.255,-29.464,0
1398294857386,42126715852000,171538053000001,-4.983,-7.255,-29.464,0
1398294857396,42126725862000,171538053000001,-4.983,-7.255,-29.464,0
1398294857406,42126735871000,171538053000001,-4.983,-7.255,-29.464,0
1398294857416,42126745881000,171538053000001,-4.983,-7.255,-29.464,0
1398294857426,42126755891000,171538053000001,-5.284,-7.255,-29.464,0
1398294857436,42126765870000,171538053000001,-5.284,-6.948,-29.464,0
1398294857446,42126775880000,171538053000001,-5.284,-6.948,-29.464,0
1398294857456,42126785890000,171538053000001,-5.284,-6.948,-29.464,0
1398294857466,42126795899000,171538053000001,-5.284,-6.948,-29.464,0
1398294857477,42126807466000,171538053000001,-5.284,-6.948,-29.774,0
1398294857486,42126815949000,171538053000001,-5.284,-6.948,-29.774,0
1398294857499,42126825929000,171538053000001,-5.284,-6.948,-29.774,0
1398294857511,42126835969000,171538053000001,-5.284,-6.948,-29.774,0
1398294857519,42126846009000,171538053000001,-5.284,-6.645,-29.774,0
1398294857526,42126856050000,171538053000001,-5.284,-6.645,-29.774,0
1398294857536,42126865998000,171538053000001,-5.284,-6.645,-29.774,0
1398294857547,42126876039000,171538053000001,-5.592,-6.645,-29.774,0
1398294857558,42126886048000,171538053000001,-5.592,-6.645,-29.774,0
1398294857566,42126896028000,171538053000001,-5.592,-6.645,-29.774,0
1398294857576,42126906037000,171538053000001,-5.592,-6.645,-29.774,0
1398294857586,42126916230000,171538053000001,-5.592,-6.324,-29.774,0
1398294857596,42126926087000,171538053000001,-5.592,-6.324,-29.774,0
1398294857606,42126936067000,171538053000001,-5.592,-6.324,-29.774,0
1398294857616,42126946076000,171538053000001,-5.592,-6.324,-29.774,0
1398294857626,42126956086000,171538053000001,-5.592,-6.324,-29.774,0
1398294857636,42126966096000,171538053000001,-5.592,-6.324,-29.774,0
1398294857646,42126976106000,171538053000001,-5.592,-6.324,-29.774,0
1398294857657,42126987672000,171538053000001,-5.592,-6.324,-29.774,0
1398294857666,42126996553000,171538053000001,-5.592,-6.324,-29.774,0
1398294857677,42127006105000,171538053000001,-5.592,-6.324,-29.774,0
1398294857687,42127016114000,171538053000001,-5.592,-6.324,-29.774,0
1398294857696,42127026124000,171538053000001,-5.592,-6.324,-29.774,0
1398294857706,42127036134000,171538053000001,-5.592,-6.637,-29.774,0
1398294857716,42127046113000,171538053000001,-5.592,-6.637,-29.774,0
1398294857726,42127056153000,171538053000001,-5.592,-6.637,-29.774,0
1398294857736,42127066163000,171538053000001,-5.592,-6.637,-29.774,0
1398294857746,42127076173000,171538053000001,-5.592,-6.637,-29.774,0
1398294857756,42127086183000,171538053000001,-5.592,-6.637,-29.774,0
1398294857769,42127096192000,171538053000001,-5.249,-6.997,-29.774,0
1398294857776,42127106172000,171538053000001,-5.249,-6.997,-29.774,0
1398294857786,42127116242000,171538053000001,-5.249,-6.997,-29.774,0
1398294857796,42127126252000,171538053000001,-5.249,-6.997,-29.774,0
1398294857807,42127136262000,171538053000001,-5.249,-6.997,-29.774,0
1398294857817,42127146302000,171538053000001,-5.249,-7.298,-29.774,0
1398294857827,42127156312000,171538053000001,-5.249,-7.298,-29.774,0
1398294857839,42127167848000,171538053000001,-5.249,-7.298,-29.774,0
1398294857854,42127176393000,171538053000001,-5.249,-7.298,-29.774,0
1398294857857,42127186311000,171538053000001,-5.249,-7.298,-29.774,0
1398294857867,42127196382000,171538053000001,-5.249,-7.298,-29.774,0
1398294857876,42127206330000,171538053000001,-5.249,-7.298,-29.774,0
1398294857886,42127216340000,171538053000001,-5.249,-7.298,-29.774,0
1398294857896,42127226350000,171538053000001,-5.249,-7.298,-29.774,0
1398294857906,42127236360000,171538053000001,-5.249,-7.298,-29.774,0
1398294857917,42127246369000,171538053000001,-5.249,-7.298,-29.774,0
1398294857926,42127256379000,171538053000001,-5.249,-7.298,-29.774,0
1398294857936,42127266389000,171538053000001,-5.249,-7.298,-29.774,0
1398294857947,42127276399000,171538053000001,-5.249,-7.298,-29.774,0
1398294857957,42127286408000,171538053000001,-5.249,-7.298,-29.774,0
1398294857966,42127296449000,171538053000001,-5.249,-7.298,-29.774,0
1398294857981,42127310456000,171538053000001,-5.249,-7.298,-29.774,0
1398294857986,42127316377000,171538053000001,-5.249,-7.298,-29.774,0
1398294857996,42127326417000,171538053000001,-5.249,-7.298,-29.774,0
1398294858006,42127336427000,171538053000001,-5.249,-7.298,-29.774,0
1398294858018,42127347962000,171538053000001,-5.249,-7.298,-29.774,0
1398294858035,42127356507000,171538053000001,-5.249,-7.298,-29.774,0
1398294858036,42127366456000,171538053000001,-5.249,-7.298,-29.774,0
1398294858050,42127376466000,171538053000001,-5.249,-7.298,-29.774,0
1398294858056,42127386476000,171538053000001,-5.249,-7.298,-29.774,0
1398294858066,42127396485000,171538053000001,-5.249,-7.298,-29.774,0
1398294858076,42127406495000,171538053000001,-5.249,-7.298,-29.774,0
1398294858086,42127416505000,171538053000001,-5.249,-7.298,-29.774,0
1398294858096,42127426515000,171538053000001,-5.249,-6.996,-29.774,0
1398294858107,42127436524000,171538053000001,-5.249,-6.996,-29.774,0
1398294858116,42127446534000,171538053000001,-5.249,-6.996,-29.774,0
1398294858127,42127456544000,171538053000001,-5.249,-6.996,-29.774,0
1398294858136,42127466554000,171538053000001,-5.249,-6.996,-29.774,0
1398294858146,42127476564000,171538053000001,-5.249,-6.996,-29.774,0
1398294858156,42127486573000,171538053000001,-5.249,-6.996,-29.774,0
1398294858166,42127496583000,171538053000001,-5.249,-6.996,-29.774,0
1398294858176,42127506593000,171538053000001,-5.249,-6.996,-29.774,0
1398294858186,42127516603000,171538053000001,-5.249,-6.996,-29.774,0
1398294858198,42127528169000,171538053000001,-5.249,-6.996,-29.774,0
1398294858207,42127536653000,171538053000001,-5.249,-6.996,-29.774,0
1398294858217,42127546632000,171538053000001,-5.249,-6.996,-29.774,0
1398294858227,42127556642000,171538053000001,-5.249,-6.996,-29.774,0
1398294858237,42127566651000,171538053000001,-4.888,-6.996,-29.774,0
1398294858247,42127576661000,171538053000001,-4.888,-6.996,-29.774,0
1398294858258,42127586732000,171538053000001,-4.888,-6.996,-29.774,0
1398294858267,42127596742000,171538053000001,-4.888,-6.996,-29.774,0
1398294858278,42127606751000,171538053000001,-4.888,-6.996,-29.774,0
1398294858287,42127616731000,171538053000001,-4.888,-6.996,-29.774,0
1398294858297,42127626741000,171538053000001,-4.888,-6.996,-29.774,0
1398294858307,42127636750000,171538053000001,-4.888,-6.996,-29.774,0
1398294858317,42127646760000,171538053000001,-4.888,-6.996,-29.774,0
1398294858327,42127656770000,171538053000001,-4.888,-6.996,-29.774,0
1398294858345,42127666810000,171538053000001,-4.888,-6.996,-29.774,0
1398294858347,42127676820000,171538053000001,-4.888,-6.996,-29.774,0
1398294858359,42127686830000,171538053000001,-4.888,-6.996,-29.774,0
1398294858367,42127696809000,171538053000001,-4.888,-6.996,-29.774,0
1398294858379,42127708406000,171538053000001,-4.888,-6.996,-29.774,0
1398294858387,42127716859000,171538053000001,-4.888,-6.996,-29.774,0
1398294858397,42127726869000,171538053000001,-4.888,-6.996,-29.774,0
1398294858407,42127736878000,171538053000001,-4.888,-6.996,-29.774,0
1398294858417,42127746858000,171538053000001,-4.888,-6.996,-29.774,0
1398294858427,42127756867000,171538053000001,-4.888,-6.996,-29.774,0
1398294858438,42127767030000,171538053000001,-5.215,-6.996,-29.774,0
1398294858447,42127776887000,171538053000001,-5.215,-6.996,-29.774,0
1398294858457,42127786897000,171538053000001,-5.215,-6.996,-29.774,0
1398294858467,42127796876000,171538053000001,-5.215,-6.996,-29.774,0
1398294858477,42127806916000,171538053000001,-5.215,-6.996,-29.774,0
1398294858487,42127816926000,171538053000001,-5.215,-6.996,-29.774,0
1398294858497,42127826936000,171538053000001,-5.215,-6.996,-29.774,0
1398294858507,42127836946000,171538053000001,-5.215,-6.996,-29.774,0
1398294858517,42127846955000,171538053000001,-5.215,-6.996,-29.774,0
1398294858527,42127856965000,171538053000001,-5.215,-6.996,-29.774,0
1398294858537,42127866975000,171538053000001,-5.215,-6.996,-29.774,0
1398294858547,42127877015000,171538053000001,-5.215,-6.996,-29.774,0
1398294858563,42127888551000,171538053000001,-5.215,-6.996,-29.774,0
1398294858572,42127897065000,171538053000001,-5.215,-7.315,-29.774,0
1398294858577,42127907044000,171538053000001,-5.215,-7.315,-29.774,0
1398294858589,42127917024000,171538053000001,-5.215,-7.315,-29.774,0
1398294858604,42127931977000,171538053000001,-5.215,-7.315,-29.774,0
1398294858608,42127936982000,171538053000001,-5.215,-7.315,-29.774,0
1398294858635,42127947022000,171538053000001,-5.215,-7.315,-29.774,0
1398294858636,42127957002000,171538053000001,-5.215,-7.315,-29.774,0
1398294858638,42127967042000,171538053000001,-5.215,-7.315,-29.472,0
1398294858647,42127977021000,171538053000001,-5.215,-7.315,-29.472,0
1398294858657,42127987031000,171538053000001,-5.215,-7.315,-29.472,0
1398294858667,42127997071000,171538053000001,-5.215,-7.315,-29.472,0
1398294858677,42128007081000,171538053000001,-5.215,-7.315,-29.472,0
1398294858687,42128017060000,171538053000001,-5.215,-7.315,-29.472,0
1398294858697,42128027070000,171538053000001,-5.215,-7.315,-29.472,0
1398294858707,42128037080000,171538053000001,-5.215,-7.315,-29.472,0
1398294858717,42128047090000,171538053000001,-5.215,-7.315,-29.472,0
1398294858727,42128057099000,171538053000001,-5.215,-7.315,-29.472,0
1398294858738,42128068666000,171538053000001,-5.215,-7.315,-29.472,0
1398294858747,42128077180000,171538053000001,-5.215,-7.315,-29.472,0
1398294858759,42128087159000,171538053000001,-5.215,-7.315,-29.472,0
1398294858767,42128097138000,171538053000001,-5.215,-7.315,-29.472,0
1398294858777,42128107179000,171538053000001,-5.215,-7.315,-29.472,0
1398294858788,42128117158000,171538053000001,-4.826,-7.618,-29.472,0
1398294858797,42128127198000,171538053000001,-4.826,-7.618,-29.472,0
1398294858807,42128137208000,171538053000001,-4.826,-7.618,-29.472,0
1398294858817,42128147187000,171538053000001,-4.826,-7.618,-29.472,0
1398294858827,42128157197000,171538053000001,-4.826,-7.618,-29.472,0
1398294858837,42128167207000,171538053000001,-4.826,-7.618,-29.472,0
1398294858852,42128177247000,171538053000001,-4.466,-7.618,-29.472,0
1398294858862,42128187257000,171538053000001,-4.466,-7.618,-29.472,0
1398294858867,42128197267000,171538053000001,-4.466,-7.618,-29.472,0
1398294858877,42128207276000,171538053000001,-4.466,-7.618,-29.472,0
1398294858887,42128217286000,171538053000001,-4.466,-7.618,-29.472,0
1398294858897,42128227296000,171538053000001,-4.466,-7.618,-29.472,0
1398294858909,42128239137000,171538053000001,-4.466,-7.618,-29.472,0
1398294858919,42128248841000,171538053000001,-4.153,-7.618,-29.472,0
1398294858927,42128257356000,171538053000001,-4.153,-7.618,-29.472,0
1398294858937,42128267335000,171538053000001,-4.153,-7.618,-29.472,0
1398294858947,42128277314000,171538053000001,-4.153,-7.618,-29.472,0
1398294858957,42128287324000,171538053000001,-4.153,-7.618,-29.472,0
1398294858967,42128297334000,171538053000001,-4.153,-7.618,-29.472,0
1398294858977,42128307374000,171538053000001,-4.153,-7.261,-29.472,0
1398294858987,42128317384000,171538053000001,-4.153,-7.261,-29.472,0
1398294858997,42128327394000,171538053000001,-4.153,-7.261,-29.472,0
1398294859007,42128337403000,171538053000001,-4.153,-7.261,-29.472,0
1398294859017,42128347413000,171538053000001,-4.153,-6.93,-29.472,0
1398294859027,42128357423000,171538053000001,-4.153,-6.93,-29.472,0
1398294859037,42128367433000,171538053000001,-4.153,-6.93,-29.472,0
1398294859047,42128377442000,171538053000001,-4.153,-6.93,-29.806,0
1398294859057,42128387452000,171538053000001,-4.153,-6.93,-29.806,0
1398294859067,42128397431000,171538053000001,-4.153,-6.585,-29.806,0
1398294859078,42128407472000,171538053000001,-4.153,-6.585,-29.806,0
1398294859090,42128417481000,171538053000001,-4.153,-6.585,-29.806,0
1398294859099,42128429017000,171538053000001,-4.153,-6.585,-29.806,0
1398294859107,42128437501000,171538053000001,-4.153,-6.585,-29.806,0
1398294859117,42128447480000,171538053000001,-4.153,-6.585,-29.806,0
1398294859127,42128457490000,171538053000001,-4.153,-6.585,-29.806,0
1398294859137,42128467500000,171538053000001,-4.153,-6.585,-29.806,0
1398294859147,42128477510000,171538053000001,-4.153,-6.585,-29.806,0
1398294859162,42128487519000,171538053000001,-4.153,-6.585,-29.806,0
1398294859168,42128497560000,171538053000001,-4.153,-6.585,-29.806,0
1398294859178,42128507569000,171538053000001,-4.153,-6.585,-29.806,0
1398294859188,42128517549000,171538053000001,-4.153,-6.585,-29.806,0
1398294859198,42128527589000,171538053000001,-4.463,-6.585,-29.806,0
1398294859208,42128538056000,171538053000001,-4.463,-6.585,-29.806,0
1398294859218,42128547578000,171538053000001,-4.463,-6.585,-29.806,0
1398294859227,42128557588000,171538053000001,-4.463,-6.585,-29.806,0
1398294859238,42128567628000,171538053000001,-4.463,-6.585,-29.806,0
1398294859248,42128577638000,171538053000001,-4.463,-6.585,-29.806,0
1398294859258,42128587617000,171538053000001,-4.463,-6.585,-29.806,0
1398294859268,42128597627000,171538053000001,-4.463,-6.585,-29.806,0
1398294859279,42128609193000,171538053000001,-4.463,-6.585,-29.806,0
1398294859288,42128617707000,171538053000001,-4.463,-6.585,-29.806,0
1398294859300,42128627656000,171538053000001,-4.463,-6.585,-29.806,0
1398294859314,42128637757000,171538053000001,-4.463,-6.585,-29.806,0
1398294859318,42128647737000,171538053000001,-4.463,-6.585,-29.806,0
1398294859328,42128657777000,171538053000001,-4.463,-6.585,-29.806,0
1398294859338,42128667756000,171538053000001,-4.463,-6.585,-29.806,0
1398294859348,42128677796000,171538053000001,-4.463,-6.585,-29.806,0
1398294859358,42128687806000,171538053000001,-4.463,-6.585,-29.806,0
1398294859368,42128697755000,171538053000001,-4.463,-6.585,-29.806,0
1398294859378,42128707795000,171538053000001,-4.463,-6.585,-29.806,0
1398294859388,42128717774000,171538053000001,-4.463,-6.585,-29.806,0
1398294859398,42128727784000,171538053000001,-4.463,-6.585,-29.806,0
1398294859408,42128737794000,171538053000001,-4.463,-6.585,-29.806,0
1398294859418,42128747804000,171538053000001,-4.463,-6.585,-29.806,0
1398294859428,42128757844000,171538053000001,-4.463,-6.585,-29.806,0
1398294859438,42128767854000,171538053000001,-4.463,-6.585,-29.806,0
1398294859448,42128777833000,171538053000001,-4.463,-6.585,-29.806,0
1398294859459,42128789399000,171538053000001,-4.463,-6.585,-29.806,0
1398294859468,42128797883000,171538053000001,-4.463,-6.585,-29.806,0
1398294859478,42128807862000,171538053000001,-4.463,-6.585,-29.806,0
1398294859488,42128817872000,171538053000001,-4.463,-6.585,-29.806,0
1398294859498,42128827912000,171538053000001,-4.463,-6.585,-29.806,0
1398294859508,42128837953000,171538053000001,-4.463,-6.585,-29.806,0
1398294859523,42128851564000,171538053000001,-4.463,-6.585,-29.806,0
1398294859528,42128857881000,171538053000001,-4.463,-6.585,-29.806,0
1398294859538,42128867890000,171538053000001,-4.463,-6.585,-29.806,0
1398294859548,42128877900000,171538053000001,-4.463,-6.585,-29.806,0
1398294859558,42128887910000,171538053000001,-4.463,-6.585,-29.806,0
1398294859568,42128897950000,171538053000001,-4.463,-6.585,-29.806,0
1398294859578,42128907960000,171538053000001,-4.463,-6.585,-29.806,0
1398294859588,42128917970000,171538053000001,-4.463,-6.585,-29.806,0
1398294859598,42128927980000,171538053000001,-4.463,-6.585,-29.806,0
1398294859614,42128937989000,171538053000001,-4.463,-6.282,-29.806,0
1398294859618,42128947999000,171538053000001,-4.463,-6.282,-29.806,0
1398294859628,42128957978000,171538053000001,-4.463,-6.282,-29.806,0
1398294859640,42128969544000,171538053000001,-4.463,-6.282,-29.806,0
1398294859648,42128978059000,171538053000001,-4.463,-6.282,-30.133,0
1398294859658,42128988008000,171538053000001,-4.463,-6.282,-30.133,0
1398294859668,42128998017000,171538053000001,-4.463,-6.282,-30.133,0
1398294859678,42129008027000,171538053000001,-4.463,-5.941,-30.133,0
1398294859688,42129018037000,171538053000001,-4.463,-5.941,-30.133,0
1398294859698,42129028077000,171538053000001,-4.463,-5.941,-30.133,0
1398294859708,42129038240000,171538053000001,-4.463,-5.941,-30.133,0
1398294859718,42129048066000,171538053000001,-4.463,-5.941,-30.133,0
1398294859728,42129058076000,171538053000001,-4.463,-5.941,-30.133,0
1398294859738,42129068086000,171538053000001,-4.463,-5.941,-30.133,0
1398294859748,42129078095000,171538053000001,-4.463,-5.941,-30.133,0
1398294859758,42129088105000,171538053000001,-4.463,-5.941,-30.133,0
1398294859768,42129098115000,171538053000001,-4.463,-5.941,-30.133,0
1398294859778,42129108125000,171538053000001,-4.463,-5.941,-30.133,0
1398294859788,42129118135000,171538053000001,-4.463,-5.941,-30.133,0
1398294859798,42129128144000,171538053000001,-4.463,-5.941,-30.133,0
1398294859808,42129138185000,171538053000001,-4.463,-5.941,-30.133,0
1398294859821,42129150209000,171538053000001,-4.463,-5.941,-30.133,0
1398294859832,42129161561000,171538053000001,-4.463,-5.941,-30.133,0
1398294859838,42129168183000,171538053000001,-4.463,-5.941,-30.133,0
1398294859850,42129178712000,171538053000001,-4.463,-5.941,-30.133,0
1398294859858,42129188233000,171538053000001,-4.463,-5.941,-30.133,0
1398294859868,42129198243000,171538053000001,-4.463,-5.941,-30.133,0
1398294859878,42129208253000,171538053000001,-4.463,-5.941,-30.133,0
1398294859888,42129218263000,171538053000001,-4.463,-5.941,-30.133,0
1398294859898,42129228272000,171538053000001,-4.463,-5.941,-30.133,0
1398294859909,42129238282000,171538053000001,-4.463,-5.941,-30.133,0
1398294859918,42129248292000,171538053000001,-4.463,-5.941,-30.133,0
1398294859946,42129264649000,171538053000001,-4.463,-5.941,-30.133,0
1398294859949,42129268800000,171538053000001,-4.463,-5.941,-30.133,0
1398294859950,42129278382000,171538053000001,-4.463,-5.941,-30.133,0
1398294859959,42129288453000,171538053000001,-4.463,-5.941,-30.133,0
1398294859969,42129298432000,171538053000001,-4.463,-5.941,-30.133,0
1398294859985,42129314759000,171538053000001,-4.463,-5.941,-30.133,0
1398294859989,42129318849000,171538053000001,-4.463,-5.941,-30.133,0
1398294860005,42129334840000,171538053000001,-4.463,-5.941,-30.133,0
1398294860009,42129338868000,171538053000001,-4.124,-5.941,-30.133,0
1398294860024,42129353761000,171538053000001,-4.124,-5.941,-30.133,0
1398294860032,42129362001000,171538053000001,-4.124,-5.941,-30.133,0
1398294860044,42129374147000,171538053000001,-3.804,-5.941,-30.133,0
1398294860051,42129380952000,171538053000001,-3.804,-5.941,-30.133,0
1398294860065,42129394990000,171538053000001,-3.804,-5.941,-30.133,0
1398294860069,42129398866000,171538053000001,-3.39,-6.301,-30.133,0
1398294860081,42129410554000,171538053000001,-3.39,-6.301,-30.133,0
1398294860090,42129418458000,171538053000001,-3.39,-6.301,-30.133,0
1398294860106,42129431031000,171538053000001,-3.027,-6.301,-30.133,0
1398294860109,42129438996000,171538053000001,-3.027,-6.301,-30.133,0
1398294860130,42129448518000,171538053000001,-3.027,-6.61,-30.133,0
1398294860141,42129459992000,171538053000001,-2.709,-6.61,-30.133,0
1398294860143,42129469239000,171538053000001,-2.709,-6.61,-30.438,0
1398294860156,42129478578000,171538053000001,-2.709,-6.61,-30.438,0
1398294860159,42129488984000,171538053000001,-2.709,-6.61,-30.438,0
1398294860169,42129498567000,171538053000001,-2.709,-6.61,-30.438,0
1398294860187,42129510133000,171538053000001,-2.709,-6.61,-30.438,0
1398294860189,42129518586000,171538053000001,-2.709,-6.61,-30.438,0
1398294860201,42129528596000,171538053000001,-2.709,-6.61,-30.438,0
1398294860209,42129538606000,171538053000001,-2.709,-6.61,-30.438,0
1398294860219,42129548585000,171538053000001,-2.709,-6.61,-30.438,0
1398294860229,42129558625000,171538053000001,-2.709,-6.61,-30.438,0
1398294860239,42129568605000,171538053000001,-2.709,-6.61,-30.438,0
1398294860249,42129578614000,171538053000001,-2.709,-6.286,-30.438,0
1398294860259,42129588655000,171538053000001,-3.01,-6.286,-30.438,0
1398294860268,42129598634000,171538053000001,-3.01,-6.286,-30.438,0
1398294860278,42129608644000,171538053000001,-3.01,-6.286,-30.438,0
1398294860288,42129618623000,171538053000001,-3.01,-6.286,-30.438,0
1398294860299,42129628663000,171538053000001,-3.01,-6.286,-30.438,0
1398294860309,42129638673000,171538053000001,-3.413,-5.935,-30.438,0
1398294860320,42129648652000,171538053000001,-3.413,-5.935,-30.438,0
1398294860329,42129658692000,171538053000001,-3.413,-5.935,-30.438,0
1398294860339,42129668733000,171538053000001,-3.744,-5.935,-30.438,0
1398294860349,42129678681000,171538053000001,-3.744,-5.935,-30.438,0
1398294860360,42129690278000,171538053000001,-3.744,-5.935,-30.438,0
1398294860369,42129698793000,171538053000001,-3.744,-5.935,-30.438,0
1398294860379,42129708741000,171538053000001,-4.063,-5.935,-30.438,0
1398294860389,42129718751000,171538053000001,-4.063,-5.935,-30.438,0
1398294860399,42129728761000,171538053000001,-4.063,-5.625,-30.438,0
1398294860412,42129738801000,171538053000001,-4.063,-5.625,-30.438,0
1398294860420,42129748811000,171538053000001,-4.063,-5.625,-30.438,0
1398294860429,42129758821000,171538053000001,-4.063,-5.625,-30.438,0
1398294860443,42129773164000,171538053000001,-4.367,-5.625,-30.438,0
1398294860449,42129778901000,171538053000001,-4.367,-5.625,-30.438,0
1398294860459,42129788758000,171538053000001,-4.367,-5.625,-30.438,0
1398294860469,42129798799000,171538053000001,-4.367,-5.625,-30.438,0
1398294860479,42129808808000,171538053000001,-4.367,-5.625,-30.438,0
1398294860489,42129818818000,171538053000001,-4.367,-5.625,-30.438,0
1398294860499,42129828828000,171538053000001,-4.367,-5.625,-30.438,0
1398294860509,42129838838000,171538053000001,-4.367,-5.625,-30.438,0
1398294860519,42129848817000,171538053000001,-4.367,-5.625,-30.438,0
1398294860529,42129858857000,171538053000001,-4.367,-5.625,-30.438,0
1398294860540,42129870393000,171538053000001,-4.367,-5.625,-30.438,0
1398294860549,42129878907000,171538053000001,-4.367,-5.625,-30.438,0
1398294860559,42129889100000,171538053000001,-4.367,-5.625,-30.438,0
1398294860569,42129898957000,171538053000001,-4.367,-5.625,-30.438,0
1398294860579,42129908967000,171538053000001,-4.367,-5.625,-30.438,0
1398294860589,42129918946000,171538053000001,-4.367,-5.625,-30.438,0
1398294860599,42129928956000,171538053000001,-4.367,-5.926,-30.438,0
1398294860609,42129938966000,171538053000001,-4.367,-5.926,-30.438,0
1398294860619,42129948976000,171538053000001,-4.673,-5.926,-30.438,0
1398294860635,42129959016000,171538053000001,-4.673,-5.926,-30.438,0
1398294860642,42129969026000,171538053000001,-4.673,-5.926,-30.438,0
1398294860656,42129979005000,171538053000001,-4.673,-5.926,-30.438,0
1398294860659,42129989045000,171538053000001,-4.673,-5.926,-30.438,0
1398294860669,42129999024000,171538053000001,-4.673,-5.926,-30.438,0
1398294860679,42130009034000,171538053000001,-4.988,-5.926,-30.438,0
1398294860689,42130019044000,171538053000001,-4.988,-5.926,-30.438,0
1398294860702,42130031892000,171538053000001,-4.988,-5.926,-30.104,0
1398294860717,42130046784000,171538053000001,-4.988,-5.926,-30.104,0
1398294860721,42130050630000,171538053000001,-5.316,-5.926,-30.104,0
1398294860729,42130059083000,171538053000001,-5.316,-5.926,-30.104,0
1398294860739,42130069093000,171538053000001,-5.316,-5.926,-30.104,0
1398294860749,42130079072000,171538053000001,-5.316,-5.926,-30.104,0
1398294860759,42130089082000,171538053000001,-5.316,-5.926,-30.104,0
1398294860769,42130099092000,171538053000001,-5.316,-5.926,-30.104,0
1398294860779,42130109071000,171538053000001,-5.316,-5.926,-30.104,0
1398294860789,42130119111000,171538053000001,-5.316,-6.291,-30.104,0
1398294860799,42130129090000,171538053000001,-5.316,-6.291,-29.788,0
1398294860809,42130139131000,171538053000001,-5.316,-6.291,-29.788,0
1398294860819,42130149140000,171538053000001,-5.316,-6.291,-29.788,0
1398294860829,42130159120000,171538053000001,-5.316,-6.291,-29.788,0
1398294860839,42130169129000,171538053000001,-5.316,-6.652,-29.788,0
1398294860849,42130179139000,171538053000001,-5.316,-6.652,-29.788,0
1398294860859,42130189149000,171538053000001,-5.316,-6.652,-29.788,0
1398294860869,42130199189000,171538053000001,-5.316,-6.652,-29.788,0
1398294860882,42130209230000,171538053000001,-5.316,-6.652,-29.788,0
1398294860890,42130219544000,171538053000001,-5.316,-6.973,-29.788,0
1398294860901,42130230775000,171538053000001,-5.316,-6.973,-29.788,0
1398294860910,42130239259000,171538053000001,-5.316,-6.973,-29.788,0
1398294860919,42130249238000,171538053000001,-5.316,-6.973,-29.788,0
1398294860929,42130259248000,171538053000001,-5.316,-6.973,-29.788,0
1398294860939,42130269258000,171538053000001,-5.316,-6.973,-29.788,0
1398294860950,42130279267000,171538053000001,-5.316,-6.973,-29.788,0
1398294860959,42130289277000,171538053000001,-5.316,-6.973,-29.788,0
1398294860970,42130299287000,171538053000001,-5.316,-6.973,-29.788,0
1398294860980,42130309480000,171538053000001,-5.316,-6.973,-29.788,0
1398294860989,42130319306000,171538053000001,-5.316,-6.973,-29.788,0
1398294860999,42130329316000,171538053000001,-5.316,-6.973,-29.788,0
1398294861009,42130339326000,171538053000001,-5.316,-6.973,-29.788,0
1398294861019,42130349366000,171538053000001,-5.316,-6.973,-29.788,0
1398294861029,42130359376000,171538053000001,-5.316,-6.973,-29.788,0
1398294861039,42130369386000,171538053000001,-5.316,-6.973,-29.788,0
1398294861054,42130384217000,171538053000001,-5.316,-6.973,-29.788,0
1398294861060,42130389344000,171538053000001,-5.003,-6.649,-29.788,0
1398294861070,42130399385000,171538053000001,-5.003,-6.649,-29.788,0
1398294861081,42130410951000,171538053000001,-5.003,-6.649,-29.788,0
1398294861089,42130419435000,171538053000001,-5.003,-6.649,-29.788,0
1398294861099,42130429414000,171538053000001,-5.003,-6.649,-29.788,0
1398294861109,42130439424000,171538053000001,-5.003,-6.649,-29.788,0
1398294861120,42130449433000,171538053000001,-5.003,-6.649,-29.788,0
1398294861129,42130459443000,171538053000001,-5.003,-6.649,-29.788,0
1398294861139,42130469422000,171538053000001,-5.003,-6.649,-29.788,0
1398294861149,42130479463000,171538053000001,-5.003,-6.649,-29.788,0
1398294861159,42130489472000,171538053000001,-5.003,-6.341,-29.788,0
1398294861170,42130499482000,171538053000001,-5.003,-6.341,-29.788,0
1398294861179,42130509492000,171538053000001,-5.003,-6.341,-29.788,0
1398294861189,42130519502000,171538053000001,-5.003,-6.341,-29.788,0
1398294861199,42130529512000,171538053000001,-5.003,-6.341,-29.788,0
1398294861209,42130539521000,171538053000001,-5.003,-6.341,-29.788,0
1398294861220,42130549531000,171538053000001,-5.003,-6.341,-29.788,0
1398294861229,42130559541000,171538053000001,-5.003,-6.341,-29.788,0
1398294861239,42130569551000,171538053000001,-5.003,-6.341,-29.788,0
1398294861249,42130579560000,171538053000001,-5.003,-6.341,-29.788,0
1398294861261,42130591096000,171538053000001,-4.69,-6.341,-29.788,0
1398294861273,42130599610000,171538053000001,-4.69,-6.341,-29.788,0
1398294861283,42130612733000,171538053000001,-4.69,-6.341,-29.788,0
1398294861293,42130622804000,171538053000001,-4.69,-6.341,-29.788,0
1398294861303,42130632783000,171538053000001,-4.69,-6.341,-29.788,0
1398294861313,42130642762000,171538053000001,-4.69,-6.341,-29.788,0
1398294861321,42130650575000,171538053000001,-4.69,-6.341,-30.126,0
1398294861335,42130665345000,171538053000001,-4.69,-6.341,-30.126,0
1398294861341,42130670564000,171538053000001,-4.69,-6.341,-30.126,0
1398294861358,42130687348000,171538053000001,-4.69,-6.341,-30.126,0
1398294861366,42130689668000,171538053000001,-4.69,-6.341,-30.126,0
1398294861373,42130702088000,171538053000001,-4.69,-6.341,-30.126,0
1398294861382,42130711366000,171538053000001,-4.69,-6.341,-30.126,0
1398294861393,42130722779000,171538053000001,-4.69,-6.341,-30.126,0
1398294861401,42130730348000,171538053000001,-4.69,-6.341,-30.126,0
1398294861410,42130739747000,171538053000001,-4.69,-6.341,-30.126,0
1398294861420,42130749757000,171538053000001,-4.69,-6.341,-30.126,0
1398294861430,42130759797000,171538053000001,-4.69,-6.031,-30.126,0
1398294861442,42130771333000,171538053000001,-4.69,-6.031,-30.126,0
1398294861450,42130779847000,171538053000001,-4.69,-6.031,-30.126,0
1398294861460,42130789826000,171538053000001,-4.69,-6.031,-30.126,0
1398294861470,42130799806000,171538053000001,-4.69,-6.031,-30.126,0
1398294861487,42130809815000,171538053000001,-4.69,-6.031,-30.126,0
1398294861497,42130819825000,171538053000001,-4.69,-6.031,-30.126,0
1398294861505,42130829866000,171538053000001,-4.69,-6.031,-30.126,0
1398294861528,42130841004000,171538053000001,-4.69,-6.031,-30.126,0
1398294861531,42130849855000,171538053000001,-4.69,-6.031,-30.126,0
1398294861536,42130859864000,171538053000001,-4.69,-6.031,-30.126,0
1398294861541,42130869874000,171538053000001,-5.0,-6.031,-30.126,0
1398294861550,42130879884000,171538053000001,-5.0,-6.031,-30.126,0
1398294861560,42130889924000,171538053000001,-5.0,-6.031,-30.126,0
1398294861570,42130899903000,171538053000001,-5.0,-6.031,-30.126,0
1398294861580,42130909913000,171538053000001,-5.0,-6.031,-30.126,0
1398294861590,42130919892000,171538053000001,-5.0,-6.031,-30.126,0
1398294861600,42130929902000,171538053000001,-5.0,-6.031,-30.126,0
1398294861610,42130939912000,171538053000001,-5.0,-6.031,-30.126,0
1398294861621,42130951478000,171538053000001,-5.0,-6.031,-30.126,0
1398294861631,42130959992000,171538053000001,-5.0,-6.031,-30.126,0
1398294861640,42130969972000,171538053000001,-5.0,-6.031,-30.126,0
1398294861650,42130979981000,171538053000001,-5.0,-6.031,-30.126,0
1398294861660,42130989991000,171538053000001,-5.31,-6.031,-30.126,0
1398294861674,42131004060000,171538053000001,-5.31,-6.031,-30.126,0
1398294861680,42131009950000,171538053000001,-5.31,-6.031,-30.126,0
1398294861690,42131019960000,171538053000001,-5.31,-6.031,-30.126,0
1398294861700,42131029969000,171538053000001,-5.31,-6.031,-30.126,0
1398294861710,42131039979000,171538053000001,-5.31,-6.031,-30.126,0
1398294861720,42131049989000,171538053000001,-5.31,-6.031,-30.126,0
1398294861730,42131059999000,171538053000001,-5.31,-6.031,-30.126,0
1398294861740,42131070039000,171538053000001,-5.31,-6.031,-30.126,0
1398294861750,42131080018000,171538053000001,-5.31,-6.031,-30.126,0
1398294861760,42131090211000,171538053000001,-5.31,-6.031,-30.126,0
1398294861770,42131100099000,171538053000001,-5.31,-6.031,-30.126,0
1398294861780,42131110047000,171538053000001,-5.31,-6.031,-30.126,0
1398294861790,42131120057000,171538053000001,-5.31,-6.031,-30.126,0
1398294861814,42131132447000,171538053000001,-5.31,-6.031,-30.126,0
1398294861815,42131140107000,171538053000001,-5.31,-6.031,-30.126,0
1398294861822,42131150270000,171538053000001,-5.31,-6.031,-30.126,0
1398294861831,42131160127000,171538053000001,-5.31,-6.031,-30.126,0
1398294861840,42131170106000,171538053000001,-5.31,-6.031,-30.126,0
1398294861851,42131180116000,171538053000001,-5.31,-6.031,-30.126,0
1398294861860,42131190156000,171538053000001,-5.616,-6.031,-30.126,0
1398294861870,42131200135000,171538053000001,-5.616,-6.031,-30.126,0
1398294861880,42131210145000,171538053000001,-5.616,-6.031,-30.126,0
1398294861890,42131220155000,171538053000001,-5.616,-6.031,-30.126,0
1398294861900,42131230165000,171538053000001,-5.616,-6.031,-30.126,0
1398294861911,42131240174000,171538053000001,-5.616,-6.031,-30.126,0
1398294861930,42131250215000,171538053000001,-5.616,-6.031,-30.126,0
1398294861931,42131260194000,171538053000001,-5.616,-6.031,-30.126,0
1398294861940,42131270234000,171538053000001,-5.616,-6.031,-30.126,0
1398294861950,42131280213000,171538053000001,-5.616,-6.031,-30.126,0
1398294861962,42131290223000,171538053000001,-5.616,-6.031,-30.126,0
1398294861970,42131300263000,171538053000001,-5.616,-6.031,-30.126,0
1398294861982,42131311799000,171538053000001,-5.616,-6.031,-30.126,0
1398294861990,42131320314000,171538053000001,-5.616,-6.031,-30.126,0
1398294862000,42131330293000,171538053000001,-5.616,-6.031,-30.126,0
1398294862011,42131340272000,171538053000001,-5.616,-6.031,-30.126,0
1398294862020,42131350312000,171538053000001,-5.616,-6.031,-30.126,0
1398294862030,42131360292000,171538053000001,-5.616,-6.031,-30.126,0
1398294862041,42131370576000,171538053000001,-5.616,-6.031,-30.126,0
1398294862050,42131380342000,171538053000001,-5.616,-6.031,-30.126,0
1398294862060,42131390351000,171538053000001,-5.616,-6.031,-30.126,0
1398294862070,42131400361000,171538053000001,-5.616,-6.031,-30.126,0
1398294862080,42131410371000,171538053000001,-5.616,-5.72,-30.126,0
1398294862090,42131420381000,171538053000001,-5.616,-5.72,-30.126,0
1398294862100,42131430390000,171538053000001,-5.616,-5.72,-30.126,0
1398294862110,42131440370000,171538053000001,-5.616,-5.72,-30.126,0
1398294862120,42131450410000,171538053000001,-5.616,-5.72,-30.126,0
1398294862131,42131460420000,171538053000001,-5.616,-5.72,-30.126,0
1398294862140,42131470399000,171538053000001,-5.616,-5.72,-30.126,0
1398294862151,42131480409000,171538053000001,-5.616,-5.72,-30.126,0
1398294862162,42131491975000,171538053000001,-5.616,-5.72,-30.126,0
1398294862171,42131500489000,171538053000001,-5.967,-5.72,-30.126,0
1398294862183,42131510438000,171538053000001,-5.967,-5.72,-30.126,0
1398294862191,42131520478000,171538053000001,-5.967,-5.72,-30.126,0
1398294862201,42131530488000,171538053000001,-5.967,-5.72,-30.126,0
1398294862211,42131540467000,171538053000001,-5.967,-5.415,-30.126,0
1398294862220,42131550508000,171538053000001,-5.967,-5.415,-30.126,0
1398294862236,42131560517000,171538053000001,-5.967,-5.415,-30.126,0
1398294862240,42131570527000,171538053000001,-5.967,-5.415,-30.126,0
1398294862251,42131580537000,171538053000001,-5.967,-5.415,-30.126,0
1398294862260,42131590516000,171538053000001,-5.967,-5.415,-30.126,0
1398294862271,42131600556000,171538053000001,-5.967,-5.415,-30.126,0
1398294862283,42131613343000,171538053000001,-5.967,-5.415,-30.126,0
1398294862290,42131620545000,171538053000001,-5.967,-5.415,-30.126,0
1398294862300,42131630555000,171538053000001,-5.967,-5.415,-30.126,0
1398294862310,42131640565000,171538053000001,-5.967,-5.415,-30.126,0
1398294862321,42131650605000,171538053000001,-5.967,-5.415,-30.126,0
1398294862331,42131660585000,171538053000001,-5.967,-5.743,-30.126,0
1398294862342,42131672120000,171538053000001,-5.967,-5.743,-30.126,0
1398294862351,42131680848000,171538053000001,-5.967,-5.743,-30.126,0
1398294862360,42131690614000,171538053000001,-5.967,-5.743,-30.126,0
1398294862371,42131700624000,171538053000001,-6.283,-5.743,-30.126,0
1398294862380,42131710633000,171538053000001,-6.283,-5.743,-30.126,0
1398294862391,42131720643000,171538053000001,-6.283,-5.743,-30.126,0
1398294862401,42131730653000,171538053000001,-6.283,-5.743,-30.126,0
1398294862410,42131740663000,171538053000001,-6.283,-6.077,-30.126,0
1398294862421,42131750672000,171538053000001,-6.283,-6.077,-30.126,0
1398294862431,42131760713000,171538053000001,-6.283,-6.077,-30.126,0
1398294862441,42131770722000,171538053000001,-6.283,-6.077,-30.126,0
1398294862451,42131780702000,171538053000001,-6.283,-6.077,-30.126,0
1398294862463,42131790711000,171538053000001,-6.283,-6.077,-29.792,0
1398294862471,42131800721000,171538053000001,-6.283,-6.414,-29.792,0
1398294862481,42131810731000,171538053000001,-6.283,-6.414,-29.792,0
1398294862491,42131820741000,171538053000001,-6.283,-6.414,-29.792,0
1398294862501,42131830751000,171538053000001,-6.283,-6.414,-29.792,0
1398294862511,42131840760000,171538053000001,-6.283,-6.414,-29.792,0
1398294862523,42131852326000,171538053000001,-6.283,-6.414,-29.792,0
1398294862531,42131860810000,171538053000001,-6.283,-6.414,-29.792,0
1398294862548,42131870820000,171538053000001,-6.283,-6.414,-29.792,0
1398294862556,42131880860000,171538053000001,-6.6,-6.414,-29.792,0
1398294862573,42131890870000,171538053000001,-6.6,-6.414,-29.792,0
1398294862576,42131900849000,171538053000001,-6.6,-6.414,-29.792,0
1398294862581,42131910859000,171538053000001,-6.6,-6.414,-29.792,0
1398294862591,42131920838000,171538053000001,-6.6,-6.414,-29.792,0
1398294862601,42131930848000,171538053000001,-6.6,-6.414,-29.792,0
1398294862612,42131940858000,171538053000001,-6.6,-6.414,-29.792,0
1398294862621,42131950868000,171538053000001,-6.6,-6.414,-29.792,0
1398294862631,42131960877000,171538053000001,-6.6,-6.414,-29.792,0
1398294862641,42131970887000,171538053000001,-6.6,-6.414,-29.792,0
1398294862651,42131980897000,171538053000001,-6.6,-6.414,-29.792,0
1398294862661,42131990907000,171538053000001,-6.6,-6.414,-29.792,0
1398294862671,42132001130000,171538053000001,-6.6,-6.414,-29.792,0
1398294862681,42132010926000,171538053000001,-6.6,-6.414,-29.492,0
1398294862693,42132020967000,171538053000001,-6.6,-6.414,-29.492,0
1398294862703,42132032502000,171538053000001,-6.6,-6.414,-29.492,0
1398294862711,42132041017000,171538053000001,-6.6,-6.414,-29.492,0
1398294862721,42132050965000,171538053000001,-6.6,-6.414,-29.492,0
1398294862731,42132060975000,171538053000001,-6.6,-6.414,-29.492,0
1398294862751,42132070985000,171538053000001,-6.6,-6.414,-29.492,0
1398294862753,42132080995000,171538053000001,-6.6,-6.414,-29.492,0
1398294862764,42132091035000,171538053000001,-6.6,-6.414,-29.492,0
1398294862771,42132101014000,171538053000001,-6.6,-6.414,-29.492,0
1398294862781,42132111024000,171538053000001,-6.6,-6.414,-29.492,0
1398294862791,42132121034000,171538053000001,-6.6,-6.414,-29.492,0
1398294862801,42132131043000,171538053000001,-6.6,-6.414,-29.492,0
1398294862811,42132141053000,171538053000001,-6.6,-6.414,-29.492,0
1398294862821,42132151063000,171538053000001,-6.6,-6.414,-29.492,0
1398294862831,42132161073000,171538053000001,-6.6,-6.414,-29.492,0
1398294862842,42132171083000,171538053000001,-6.6,-6.414,-29.492,0
1398294862851,42132181092000,171538053000001,-6.6,-6.414,-29.492,0
1398294862861,42132191072000,171538053000001,-6.6,-6.414,-29.492,0
1398294862871,42132201112000,171538053000001,-6.297,-6.108,-29.849,0
1398294862883,42132212678000,171538053000001,-6.297,-6.108,-29.849,0
1398294862891,42132221192000,171538053000001,-6.297,-6.108,-29.849,0
1398294862902,42132231385000,171538053000001,-6.297,-6.108,-29.849,0
1398294862913,42132241151000,171538053000001,-6.297,-6.108,-29.849,0
1398294862921,42132251161000,171538053000001,-6.297,-6.108,-29.849,0
1398294862931,42132261170000,171538053000001,-6.297,-6.108,-29.849,0
1398294862947,42132271180000,171538053000001,-6.297,-5.793,-29.849,0
1398294862955,42132281190000,171538053000001,-6.297,-5.793,-29.849,0
1398294862963,42132291200000,171538053000001,-6.297,-5.793,-29.849,0
1398294862971,42132301210000,171538053000001,-6.297,-5.793,-29.849,0
1398294862981,42132311250000,171538053000001,-6.297,-5.793,-29.849,0
1398294862992,42132321229000,171538053000001,-6.297,-5.793,-29.849,0
1398294863001,42132331239000,171538053000001,-6.297,-5.793,-29.849,0
1398294863011,42132341249000,171538053000001,-6.297,-5.793,-29.849,0
1398294863021,42132351258000,171538053000001,-6.297,-5.793,-29.849,0
1398294863031,42132361268000,171538053000001,-5.984,-5.793,-29.849,0
1398294863041,42132371278000,171538053000001,-5.984,-5.793,-29.849,0
1398294863051,42132381288000,171538053000001,-5.984,-5.793,-29.849,0
1398294863063,42132392823000,171538053000001,-5.984,-5.793,-29.849,0
1398294863071,42132401338000,171538053000001,-5.984,-5.793,-29.849,0
1398294863081,42132411500000,171538053000001,-5.984,-5.793,-29.849,0
1398294863091,42132421296000,171538053000001,-5.984,-5.793,-29.849,0
1398294863101,42132431306000,171538053000001,-5.984,-5.793,-29.849,0
1398294863111,42132441346000,171538053000001,-5.984,-5.793,-29.849,0
1398294863121,42132451356000,171538053000001,-5.984,-5.793,-29.849,0
1398294863131,42132461366000,171538053000001,-5.984,-5.793,-29.849,0
1398294863142,42132471376000,171538053000001,-5.984,-5.793,-29.849,0
1398294863151,42132481385000,171538053000001,-5.984,-5.793,-29.849,0
1398294863162,42132491395000,171538053000001,-5.984,-5.793,-29.849,0
1398294863171,42132501405000,171538053000001,-5.984,-5.793,-29.849,0
1398294863181,42132511415000,171538053000001,-5.984,-5.793,-29.849,0
1398294863192,42132521424000,171538053000001,-5.984,-5.793,-29.849,0
1398294863205,42132534577000,171538053000001,-5.984,-5.793,-29.849,0
1398294863212,42132541505000,171538053000001,-5.984,-5.793,-29.849,0
1398294863222,42132551423000,171538053000001,-5.984,-5.793,-29.849,0
1398294863232,42132561463000,171538053000001,-5.984,-5.793,-29.849,0
1398294863243,42132572999000,171538053000001,-5.984,-5.793,-29.849,0
1398294863252,42132581544000,171538053000001,-5.984,-5.793,-29.849,0
1398294863261,42132591493000,171538053000001,-5.984,-5.793,-29.849,0
1398294863275,42132601564000,171538053000001,-5.984,-5.793,-29.849,0
1398294863285,42132611543000,171538053000001,-5.984,-5.793,-29.849,0
1398294863291,42132621553000,171538053000001,-6.292,-5.793,-29.849,0
1398294863301,42132631532000,171538053000001,-6.292,-5.793,-29.849,0
1398294863311,42132641542000,171538053000001,-6.292,-6.12,-29.849,0
1398294863321,42132651551000,171538053000001,-6.292,-6.12,-29.849,0
1398294863331,42132661531000,171538053000001,-6.292,-6.12,-29.849,0
1398294863343,42132671571000,171538053000001,-6.292,-6.12,-29.849,0
1398294863352,42132681611000,171538053000001,-6.292,-6.12,-29.849,0
1398294863362,42132691590000,171538053000001,-6.292,-6.12,-29.849,0
1398294863371,42132701600000,171538053000001,-6.292,-6.12,-29.547,0
1398294863382,42132711793000,171538053000001,-6.292,-6.442,-29.547,0
1398294863392,42132721620000,171538053000001,-6.292,-6.442,-29.547,0
1398294863402,42132731629000,171538053000001,-6.292,-6.442,-29.547,0
1398294863412,42132741639000,171538053000001,-6.292,-6.442,-29.547,0
1398294863425,42132753175000,171538053000001,-6.292,-6.442,-29.547,0
1398294863433,42132761689000,171538053000001,-6.292,-6.442,-29.547,0
1398294863443,42132771668000,171538053000001,-6.292,-6.442,-29.547,0
1398294863452,42132781678000,171538053000001,-6.292,-6.442,-29.547,0
1398294863462,42132791688000,171538053000001,-6.292,-6.442,-29.547,0
1398294863472,42132801667000,171538053000001,-6.292,-6.442,-29.547,0
1398294863482,42132811708000,171538053000001,-6.292,-6.442,-29.547,0
1398294863492,42132821717000,171538053000001,-6.292,-6.442,-29.547,0
1398294863502,42132831758000,171538053000001,-6.292,-6.442,-29.547,0
1398294863519,42132845429000,171538053000001,-6.292,-6.442,-29.547,0
1398294863522,42132851747000,171538053000001,-6.292,-6.442,-29.547,0
1398294863532,42132861756000,171538053000001,-6.292,-6.442,-29.547,0
1398294863542,42132871766000,171538053000001,-6.292,-6.442,-29.547,0
1398294863552,42132881806000,171538053000001,-6.292,-6.442,-29.547,0
1398294863561,42132891786000,171538053000001,-6.292,-6.442,-29.547,0
1398294863572,42132901795000,171538053000001,-6.292,-6.442,-29.547,0
1398294863582,42132911805000,171538053000001,-6.292,-6.126,-29.547,0
1398294863592,42132921815000,171538053000001,-6.292,-6.126,-29.547,0
1398294863603,42132933381000,171538053000001,-6.292,-6.126,-29.547,0
1398294863612,42132941865000,171538053000001,-6.292,-6.126,-29.547,0
1398294863655,42132951875000,171538053000001,-6.292,-6.126,-29.547,0
1398294863656,42132961854000,171538053000001,-6.292,-6.126,-29.547,0
1398294863658,42132971864000,171538053000001,-6.292,-6.126,-29.547,0
1398294863660,42132981874000,171538053000001,-6.292,-6.126,-29.547,0
1398294863662,42132991883000,171538053000001,-5.981,-6.126,-29.547,0
1398294863672,42133001924000,171538053000001,-5.981,-5.816,-29.547,0
1398294863686,42133011903000,171538053000001,-5.981,-5.816,-29.859,0
1398294863698,42133021913000,171538053000001,-5.981,-5.816,-29.859,0
1398294863702,42133031922000,171538053000001,-5.981,-5.816,-29.859,0
1398294863712,42133041932000,171538053000001,-5.618,-5.816,-29.859,0
1398294863722,42133051911000,171538053000001,-5.618,-5.816,-29.859,0
1398294863736,42133061952000,171538053000001,-5.618,-5.816,-29.859,0
1398294863744,42133071961000,171538053000001,-5.618,-5.816,-29.859,0
1398294863752,42133081971000,171538053000001,-5.307,-5.816,-29.859,0
1398294863762,42133091981000,171538053000001,-5.307,-5.816,-29.859,0
1398294863776,42133101991000,171538053000001,-5.307,-6.149,-29.859,0
1398294863784,42133113526000,171538053000001,-5.307,-6.149,-29.859,0
1398294863793,42133122529000,171538053000001,-4.96,-6.149,-29.859,0
1398294863802,42133131990000,171538053000001,-4.96,-6.149,-29.859,0
1398294863812,42133141999000,171538053000001,-4.96,-6.149,-29.859,0
1398294863822,42133152009000,171538053000001,-4.655,-6.149,-29.859,0
1398294863832,42133162019000,171538053000001,-4.655,-6.149,-29.859,0
1398294863842,42133172029000,171538053000001,-4.655,-6.504,-29.859,0
1398294863852,42133182038000,171538053000001,-4.28,-6.504,-29.859,0
1398294863862,42133192079000,171538053000001,-4.28,-6.504,-30.172,0
1398294863874,42133202058000,171538053000001,-4.28,-6.504,-30.172,0
1398294863882,42133212098000,171538053000001,-3.945,-6.504,-30.172,0
1398294863892,42133222230000,171538053000001,-3.945,-6.504,-30.172,0
1398294863902,42133232118000,171538053000001,-3.945,-6.828,-30.172,0
1398294863912,42133242127000,171538053000001,-3.945,-6.828,-30.172,0
1398294863925,42133252107000,171538053000001,-3.575,-6.828,-30.172,0
1398294863932,42133262147000,171538053000001,-3.575,-6.828,-30.172,0
1398294863942,42133272157000,171538053000001,-3.575,-6.828,-30.172,0
1398294863952,42133282136000,171538053000001,-3.575,-6.828,-30.172,0
1398294863964,42133293702000,171538053000001,-3.575,-6.828,-30.172,0
1398294863972,42133302186000,171538053000001,-3.575,-6.828,-30.172,0
1398294863982,42133312165000,171538053000001,-3.575,-6.828,-30.479,0
1398294863998,42133322236000,171538053000001,-3.575,-6.828,-30.479,0
1398294864010,42133332246000,171538053000001,-3.575,-6.828,-30.479,0
1398294864017,42133342225000,171538053000001,-3.575,-6.828,-30.479,0
1398294864035,42133352235000,171538053000001,-3.575,-6.828,-30.479,0
1398294864036,42133362245000,171538053000001,-3.575,-6.828,-30.479,0
1398294864043,42133372254000,171538053000001,-3.939,-6.828,-30.479,0
1398294864053,42133382295000,171538053000001,-3.939,-6.475,-30.479,0
1398294864063,42133392304000,171538053000001,-3.939,-6.475,-30.479,0
1398294864076,42133402284000,171538053000001,-3.939,-6.475,-30.479,0
1398294864083,42133412293000,171538053000001,-4.252,-6.475,-30.479,0
1398294864093,42133422303000,171538053000001,-4.252,-6.475,-30.479,0
1398294864102,42133432252000,171538053000001,-4.252,-6.475,-30.479,0
1398294864112,42133442292000,171538053000001,-4.252,-6.475,-30.479,0
1398294864123,42133452912000,171538053000001,-4.252,-6.132,-30.479,0
1398294864132,42133462312000,171538053000001,-4.252,-6.132,-30.479,0
1398294864147,42133473878000,171538053000001,-4.252,-6.132,-30.479,0
1398294864152,42133482392000,171538053000001,-4.252,-6.132,-30.479,0
1398294864162,42133492372000,171538053000001,-4.252,-6.132,-30.479,0
1398294864173,42133502351000,171538053000001,-4.252,-6.132,-30.479,0
1398294864182,42133512391000,171538053000001,-4.252,-6.132,-30.479,0
1398294864195,42133522401000,171538053000001,-4.252,-6.132,-30.479,0
1398294864202,42133532411000,171538053000001,-4.252,-6.132,-30.479,0
1398294864212,42133542390000,171538053000001,-4.252,-6.132,-30.479,0
1398294864223,42133552400000,171538053000001,-4.252,-6.132,-30.479,0
1398294864232,42133562409000,171538053000001,-4.252,-6.132,-30.479,0
1398294864242,42133572419000,171538053000001,-4.252,-6.132,-30.479,0
1398294864252,42133582460000,171538053000001,-4.252,-6.132,-30.479,0
1398294864264,42133592469000,171538053000001,-4.252,-6.132,-30.479,0
1398294864279,42133602479000,171538053000001,-4.252,-6.132,-30.479,0
1398294864282,42133612489000,171538053000001,-4.252,-6.132,-30.479,0
1398294864292,42133622468000,171538053000001,-4.252,-6.132,-30.479,0
1398294864302,42133632478000,171538053000001,-4.252,-6.132,-30.479,0
1398294864312,42133642488000,171538053000001,-4.252,-6.132,-30.479,0
1398294864325,42133654084000,171538053000001,-4.252,-6.132,-30.479,0
1398294864333,42133662629000,171538053000001,-4.252,-6.132,-30.479,0
1398294864343,42133672578000,171538053000001,-4.252,-6.132,-30.479,0
1398294864352,42133682557000,171538053000001,-4.252,-6.132,-30.479,0
1398294864362,42133692567000,171538053000001,-4.252,-6.132,-30.479,0
1398294864372,42133702607000,171538053000001,-4.252,-6.132,-30.479,0
1398294864383,42133712831000,171538053000001,-4.252,-6.132,-30.479,0
1398294864392,42133722596000,171538053000001,-4.252,-6.132,-30.479,0
1398294864402,42133732606000,171538053000001,-4.566,-6.132,-30.479,0
1398294864412,42133742646000,171538053000001,-4.566,-6.132,-30.177,0
1398294864422,42133752656000,171538053000001,-4.566,-5.749,-30.177,0
1398294864435,42133763948000,171538053000001,-4.876,-5.749,-30.177,0
1398294864447,42133772889000,171538053000001,-4.876,-5.749,-30.177,0
1398294864453,42133782655000,171538053000001,-4.876,-5.749,-30.177,0
1398294864465,42133792634000,171538053000001,-5.2,-5.419,-30.177,0
1398294864473,42133802644000,171538053000001,-5.2,-5.419,-30.177,0
1398294864483,42133812654000,171538053000001,-5.2,-5.419,-30.177,0
1398294864492,42133822663000,171538053000001,-5.2,-5.419,-30.177,0
1398294864504,42133834199000,171538053000001,-5.2,-5.419,-30.177,0
1398294864513,42133842744000,171538053000001,-5.5,-5.082,-30.177,0
1398294864523,42133852723000,171538053000001,-5.5,-5.082,-30.177,0
1398294864533,42133862733000,171538053000001,-5.5,-5.082,-30.177,0
1398294864543,42133872895000,171538053000001,-5.5,-5.082,-30.177,0
1398294864553,42133882722000,171538053000001,-5.5,-5.082,-30.177,0
1398294864563,42133892732000,171538053000001,-5.5,-5.082,-30.177,0
1398294864573,42133902741000,171538053000001,-5.5,-5.082,-30.177,0
1398294864583,42133912751000,171538053000001,-5.5,-5.082,-30.177,0
1398294864593,42133922761000,171538053000001,-5.5,-5.082,-30.177,0
1398294864603,42133932771000,171538053000001,-5.5,-5.082,-30.177,0
1398294864613,42133942781000,171538053000001,-5.5,-5.082,-30.177,0
1398294864623,42133952790000,171538053000001,-5.5,-5.082,-30.177,0
1398294864633,42133962800000,171538053000001,-5.5,-5.082,-30.177,0
1398294864643,42133972810000,171538053000001,-5.5,-5.082,-30.177,0
1398294864654,42133982820000,171538053000001,-5.5,-5.082,-30.177,0
1398294864663,42133992829000,171538053000001,-5.5,-5.082,-30.177,0
1398294864673,42134002870000,171538053000001,-5.5,-5.082,-30.177,0
1398294864684,42134014405000,171538053000001,-5.5,-5.082,-30.177,0
1398294864693,42134022889000,171538053000001,-5.5,-5.082,-30.177,0
1398294864703,42134032868000,171538053000001,-5.5,-5.082,-30.177,0
1398294864713,42134042878000,171538053000001,-5.5,-5.082,-30.177,0
1398294864723,42134052888000,171538053000001,-5.5,-5.082,-30.177,0
1398294864738,42134062959000,171538053000001,-5.5,-5.082,-30.177,0
1398294864750,42134072969000,171538053000001,-5.5,-5.082,-30.177,0
1398294864758,42134082978000,171538053000001,-5.5,-5.082,-30.177,0
1398294864765,42134093019000,171538053000001,-5.5,-5.082,-30.177,0
1398294864773,42134102937000,171538053000001,-5.5,-5.082,-30.505,0
1398294864783,42134112947000,171538053000001,-5.5,-5.082,-30.505,0
1398294864793,42134122956000,171538053000001,-5.5,-5.082,-30.505,0
1398294864803,42134132966000,171538053000001,-5.5,-5.082,-30.505,0
1398294864813,42134142976000,171538053000001,-5.5,-5.082,-30.505,0
1398294864823,42134152986000,171538053000001,-5.5,-5.082,-30.505,0
1398294864833,42134162995000,171538053000001,-5.5,-5.082,-30.505,0
1398294864843,42134173005000,171538053000001,-5.5,-5.082,-30.505,0
1398294864853,42134183015000,171538053000001,-5.5,-5.082,-30.505,0
1398294864865,42134194581000,171538053000001,-5.5,-4.757,-30.505,0
1398294864873,42134203095000,171538053000001,-5.5,-4.757,-30.505,0
1398294864883,42134213044000,171538053000001,-5.5,-4.757,-30.505,0
1398294864893,42134223054000,171538053000001,-5.5,-4.757,-30.505,0
1398294864903,42134233064000,171538053000001,-5.812,-4.757,-30.505,0
1398294864913,42134243074000,171538053000001,-5.812,-4.757,-30.505,0
1398294864923,42134253144000,171538053000001,-5.812,-4.757,-30.505,0
1398294864933,42134263124000,171538053000001,-5.812,-4.434,-30.505,0
1398294864943,42134273164000,171538053000001,-5.812,-4.434,-30.505,0
1398294864954,42134283143000,171538053000001,-5.812,-4.434,-30.505,0
1398294864963,42134293183000,171538053000001,-5.812,-4.434,-30.505,0
1398294864975,42134303193000,171538053000001,-5.812,-4.434,-30.505,0
1398294864983,42134313172000,171538053000001,-5.812,-4.434,-30.505,0
1398294864993,42134323182000,171538053000001,-5.812,-4.434,-30.505,0
1398294865003,42134333192000,171538053000001,-5.812,-4.434,-30.505,0
1398294865016,42134343232000,171538053000001,-5.812,-4.434,-30.505,0
1398294865028,42134353272000,171538053000001,-5.812,-4.434,-30.505,0
1398294865033,42134363252000,171538053000001,-5.812,-4.434,-30.505,0
1398294865049,42134378846000,171538053000001,-5.812,-4.434,-30.505,0
1398294865053,42134383088000,171538053000001,-5.493,-4.434,-30.505,0
1398294865063,42134393220000,171538053000001,-5.493,-4.434,-30.505,0
1398294865073,42134403230000,171538053000001,-5.493,-4.434,-30.505,0
1398294865083,42134413240000,171538053000001,-5.493,-4.434,-30.505,0
1398294865093,42134423249000,171538053000001,-5.493,-4.434,-30.505,0
1398294865103,42134433259000,171538053000001,-5.493,-4.434,-30.505,0
1398294865113,42134443269000,171538053000001,-5.493,-4.434,-30.821,0
1398294865123,42134453279000,171538053000001,-5.171,-4.434,-30.821,0
1398294865133,42134463288000,171538053000001,-5.171,-4.434,-30.821,0
1398294865143,42134473298000,171538053000001,-5.171,-4.434,-30.821,0
1398294865153,42134483308000,171538053000001,-5.171,-4.434,-30.821,0
1398294865163,42134493318000,171538053000001,-5.171,-4.434,-30.821,0
1398294865173,42134503327000,171538053000001,-5.171,-4.434,-30.821,0
1398294865183,42134513337000,171538053000001,-5.171,-4.434,-30.821,0
1398294865193,42134523347000,171538053000001,-5.171,-4.434,-30.821,0
1398294865203,42134533357000,171538053000001,-5.171,-4.434,-30.821,0
1398294865213,42134543366000,171538053000001,-5.171,-4.434,-30.821,0
1398294865225,42134554933000,171538053000001,-5.171,-4.434,-30.821,0
1398294865233,42134563417000,171538053000001,-4.859,-4.434,-30.821,0
1398294865243,42134573396000,171538053000001,-4.859,-4.434,-30.821,0
1398294865253,42134583406000,171538053000001,-4.859,-4.434,-30.821,0
1398294865263,42134593415000,171538053000001,-4.859,-4.434,-30.821,0
1398294865274,42134603639000,171538053000001,-4.859,-4.434,-30.821,0
1398294865286,42134616181000,171538053000001,-4.859,-4.434,-30.821,0
1398294865297,42134627107000,171538053000001,-4.859,-4.434,-30.821,0
1398294865307,42134637055000,171538053000001,-4.859,-4.434,-30.821,0
1398294865317,42134647096000,171538053000001,-4.859,-4.434,-30.821,0
1398294865327,42134657350000,171538053000001,-4.859,-4.434,-30.821,0
1398294865337,42134667085000,171538053000001,-4.859,-4.434,-30.821,0
1398294865347,42134677125000,171538053000001,-4.859,-4.434,-30.821,0
1398294865360,42134688050000,171538053000001,-4.859,-4.434,-30.821,0
1398294865366,42134695130000,171538053000001,-4.859,-4.434,-30.821,0
1398294865377,42134706361000,171538053000001,-4.859,-4.434,-30.821,0
1398294865388,42134717134000,171538053000001,-4.859,-4.434,-30.821,0
1398294865398,42134728334000,171538053000001,-4.859,-4.434,-30.821,0
1398294865409,42134738954000,171538053000001,-5.206,-4.434,-30.821,0
1398294865415,42134744599000,171538053000001,-5.206,-4.434,-30.821,0
1398294865426,42134756379000,171538053000001,-5.206,-4.434,-30.821,0
1398294865437,42134767335000,171538053000001,-5.206,-4.434,-30.821,0
1398294865447,42134777284000,171538053000001,-5.514,-4.434,-30.821,0
1398294865457,42134787232000,171538053000001,-5.514,-4.434,-30.821,0
1398294865470,42134799378000,171538053000001,-5.514,-4.434,-30.821,0
1398294865476,42134806367000,171538053000001,-5.514,-4.434,-30.821,0
1398294865488,42134817781000,171538053000001,-5.868,-4.434,-30.821,0
1398294865499,42134829255000,171538053000001,-5.868,-4.434,-30.821,0
1398294865507,42134837373000,171538053000001,-5.868,-4.754,-30.821,0
1398294865516,42134845857000,171538053000001,-6.298,-4.754,-30.439,0
1398294865530,42134860261000,171538053000001,-6.298,-4.754,-30.439,0
1398294865534,42134864167000,171538053000001,-6.298,-4.754,-30.439,0
1398294865544,42134873780000,171538053000001,-6.681,-4.754,-30.439,0
1398294865554,42134883790000,171538053000001,-6.681,-5.065,-30.439,0
1398294865564,42134893769000,171538053000001,-6.681,-5.065,-30.094,0
1398294865574,42134903810000,171538053000001,-7.058,-5.065,-30.094,0
1398294865586,42134915376000,171538053000001,-7.058,-5.065,-30.094,0
1398294865594,42134923860000,171538053000001,-7.058,-5.065,-30.094,0
1398294865604,42134934022000,171538053000001,-7.388,-5.065,-30.094,0
1398294865614,42134943849000,171538053000001,-7.388,-5.065,-30.094,0
1398294865624,42134953858000,171538053000001,-7.388,-5.065,-30.094,0
1398294865634,42134963838000,171538053000001,-7.388,-5.065,-29.762,0
1398294865646,42134976258000,171538053000001,-7.772,-5.065,-29.762,0
1398294865655,42134984559000,171538053000001,-7.772,-5.065,-29.762,0
1398294865670,42134999757000,171538053000001,-7.772,-5.065,-29.762,0
1398294865676,42135005647000,171538053000001,-7.772,-5.065,-29.762,0
1398294865688,42135017915000,171538053000001,-8.085,-5.065,-29.762,0
1398294865699,42135028779000,171538053000001,-8.085,-5.065,-29.762,0
1398294865708,42135037538000,171538053000001,-8.085,-5.065,-29.762,0
1398294865715,42135044465000,171538053000001,-8.085,-5.065,-29.762,0
1398294865727,42135056642000,171538053000001,-8.085,-5.065,-29.762,0
1398294865738,42135066987000,171538053000001,-8.085,-5.065,-29.762,0
1398294865747,42135076539000,171538053000001,-8.085,-5.065,-29.762,0
1398294865758,42135087525000,171538053000001,-8.085,-5.065,-29.762,0
1398294865768,42135097779000,171538053000001,-8.085,-5.065,-29.762,0
1398294865776,42135106263000,171538053000001,-8.085,-5.065,-29.762,0
1398294865794,42135113984000,171538053000001,-8.085,-5.065,-29.762,0
1398294865796,42135124024000,171538053000001,-8.085,-5.065,-29.762,0
1398294865827,42135134004000,171538053000001,-8.085,-5.065,-29.762,0
1398294865828,42135146394000,171538053000001,-8.085,-5.065,-29.762,0
1398294865830,42135153993000,171538053000001,-8.085,-5.065,-29.762,0
1398294865865,42135164033000,171538053000001,-8.085,-5.065,-29.762,0
1398294865870,42135174043000,171538053000001,-8.085,-5.065,-29.762,0
1398294865872,42135184022000,171538053000001,-8.085,-4.707,-29.762,0
1398294865874,42135194062000,171538053000001,-8.085,-4.707,-29.762,0
1398294865875,42135204072000,171538053000001,-8.085,-4.707,-29.762,0
1398294865896,42135214051000,171538053000001,-8.085,-4.707,-29.762,0
1398294865898,42135224061000,171538053000001,-8.085,-4.707,-29.762,0
1398294865913,42135234101000,171538053000001,-8.085,-4.707,-29.762,0
1398294865914,42135244081000,171538053000001,-8.085,-4.399,-29.762,0
1398294865924,42135254090000,171538053000001,-8.085,-4.399,-29.762,0
1398294865934,42135264070000,171538053000001,-8.085,-4.399,-29.762,0
1398294865945,42135275666000,171538053000001,-8.085,-4.399,-29.762,0
1398294865954,42135284181000,171538053000001,-8.085,-4.399,-29.762,0
1398294865965,42135295014000,171538053000001,-8.425,-4.399,-29.762,0
1398294865974,42135304109000,171538053000001,-8.425,-4.399,-29.762,0
1398294865985,42135314118000,171538053000001,-8.425,-4.399,-29.762,0
1398294865994,42135324128000,171538053000001,-8.425,-4.399,-29.762,0
1398294866004,42135334138000,171538053000001,-8.425,-4.399,-29.762,0
1398294866014,42135344148000,171538053000001,-8.425,-4.399,-29.762,0
1398294866024,42135354158000,171538053000001,-8.425,-4.399,-29.762,0
1398294866034,42135364167000,171538053000001,-8.425,-4.089,-29.762,0
1398294866044,42135374177000,171538053000001,-8.425,-4.089,-29.762,0
1398294866054,42135384187000,171538053000001,-8.425,-4.089,-29.762,0
1398294866064,42135394166000,171538053000001,-8.425,-4.089,-29.762,0
1398294866074,42135404206000,171538053000001,-8.425,-4.089,-29.762,0
1398294866084,42135414216000,171538053000001,-8.425,-4.089,-29.762,0
1398294866094,42135424226000,171538053000001,-8.425,-4.089,-29.762,0
1398294866104,42135434266000,171538053000001,-8.425,-4.089,-29.762,0
1398294866114,42135444245000,171538053000001,-8.425,-4.089,-29.762,0
1398294866126,42135455812000,171538053000001,-8.425,-4.089,-29.762,0
1398294866134,42135464295000,171538053000001,-8.425,-4.089,-29.762,0
1398294866144,42135474275000,171538053000001,-8.425,-4.089,-29.762,0
1398294866154,42135484284000,171538053000001,-8.425,-4.089,-29.762,0
1398294866164,42135494294000,171538053000001,-8.425,-4.089,-29.762,0
1398294866174,42135504304000,171538053000001,-8.425,-4.089,-29.762,0
1398294866184,42135514314000,171538053000001,-8.425,-4.089,-29.762,0
1398294866194,42135524324000,171538053000001,-8.425,-4.089,-29.762,0
1398294866204,42135534333000,171538053000001,-8.425,-4.089,-29.762,0
1398294866214,42135544343000,171538053000001,-8.425,-4.089,-29.762,0
1398294866224,42135554353000,171538053000001,-8.425,-4.089,-29.762,0
1398294866234,42135564363000,171538053000001,-8.425,-4.089,-29.762,0
1398294866244,42135574372000,171538053000001,-8.425,-4.089,-29.762,0
1398294866254,42135584382000,171538053000001,-8.425,-3.779,-29.762,0
1398294866264,42135594392000,171538053000001,-8.425,-3.779,-29.762,0
1398294866277,42135607453000,171538053000001,-8.425,-3.779,-29.762,0
1398294866284,42135614411000,171538053000001,-8.425,-3.779,-29.762,0
1398294866294,42135624421000,171538053000001,-8.425,-3.779,-29.762,0
1398294866306,42135635987000,171538053000001,-8.425,-3.779,-29.762,0
1398294866315,42135644471000,171538053000001,-8.103,-3.779,-29.762,0
1398294866324,42135654450000,171538053000001,-8.103,-3.466,-29.762,0
1398294866334,42135664460000,171538053000001,-8.103,-3.466,-29.762,0
1398294866344,42135674470000,171538053000001,-8.103,-3.466,-29.762,0
1398294866354,42135684480000,171538053000001,-8.103,-3.466,-29.762,0
1398294866365,42135694520000,171538053000001,-7.795,-3.466,-29.762,0
1398294866374,42135704499000,171538053000001,-7.795,-3.466,-29.762,0
1398294866384,42135714509000,171538053000001,-7.795,-3.466,-30.094,0
1398294866397,42135726167000,171538053000001,-7.795,-3.126,-30.094,0
1398294866409,42135738679000,171538053000001,-7.795,-3.126,-30.094,0
1398294866419,42135748841000,171538053000001,-7.795,-3.126,-30.094,0
1398294866429,42135759004000,171538053000001,-7.795,-3.126,-30.094,0
1398294866439,42135769227000,171538053000001,-7.464,-3.126,-30.094,0
1398294866447,42135776979000,171538053000001,-7.464,-3.126,-30.094,0
1398294866459,42135788606000,171538053000001,-7.464,-2.796,-30.094,0
1398294866470,42135799806000,171538053000001,-7.464,-2.796,-30.416,0
1398294866478,42135808503000,171538053000001,-7.464,-2.796,-30.416,0
1398294866491,42135820436000,171538053000001,-7.142,-2.796,-30.416,0
1398294866497,42135827455000,171538053000001,-7.142,-2.796,-30.416,0
1398294866509,42135838594000,171538053000001,-7.142,-2.796,-30.416,0
1398294866519,42135848725000,171538053000001,-7.142,-2.796,-30.416,0
1398294866529,42135858827000,171538053000001,-6.799,-2.796,-30.416,0
1398294866539,42135868928000,171538053000001,-6.799,-2.796,-30.416,0
1398294866547,42135877320000,171538053000001,-6.799,-2.796,-30.416,0
1398294866559,42135888642000,171538053000001,-6.799,-2.796,-30.416,0
1398294866570,42135899873000,171538053000001,-6.799,-2.796,-30.416,0
1398294866585,42135914796000,171538053000001,-6.799,-2.796,-30.416,0
1398294866589,42135916566000,171538053000001,-6.799,-2.796,-30.728,0
1398294866599,42135928865000,171538053000001,-6.799,-2.796,-30.728,0
1398294866607,42135936311000,171538053000001,-6.799,-2.796,-30.728,0
1398294866617,42135946687000,171538053000001,-6.799,-2.796,-30.728,0
1398294866627,42135957124000,171538053000001,-6.799,-2.796,-30.728,0
1398294866636,42135965730000,171538053000001,-6.799,-2.796,-30.728,0
1398294866645,42135975190000,171538053000001,-6.799,-2.796,-30.728,0
